NNstart
14 8
neuron 1 1.000000000000000000 0.000000000000000000 0.000000000000000000 0.000000000000000000 11 0.000000000000000000
neuron 1 1.000000000000000000 0.000000000000000000 0.000000000000000000 0.000000000000000000 11 0.000000000000000000
neuron 1 1.000000000000000000 0.000000000000000000 0.000000000000000000 0.000000000000000000 11 0.000000000000000000
neuron 1 1.000000000000000000 0.000000000000000000 0.000000000000000000 0.000000000000000000 11 0.000000000000000000
neuron 1 1.000000000000000000 0.000000000000000000 0.000000000000000000 0.000000000000000000 11 0.000000000000000000
neuron 1 1.000000000000000000 0.000000000000000000 0.000000000000000000 0.000000000000000000 11 0.000000000000000000
neuron 1 1.000000000000000000 0.000000000000000000 0.000000000000000000 0.000000000000000000 11 0.000000000000000000
neuron 1 1.000000000000000000 0.000000000000000000 0.000000000000000000 0.000000000000000000 11 0.000000000000000000
neuron 1 1.000000000000000000 0.000000000000000000 0.000000000000000000 0.000000000000000000 11 0.000000000000000000
neuron 1 1.000000000000000000 0.000000000000000000 0.000000000000000000 0.000000000000000000 11 0.000000000000000000
neuron 1 1.000000000000000000 0.000000000000000000 0.000000000000000000 0.000000000000000000 11 0.000000000000000000
neuron 1 1.000000000000000000 0.000000000000000000 0.000000000000000000 0.000000000000000000 11 0.000000000000000000
neuron 1 1.000000000000000000 0.000000000000000000 0.000000000000000000 0.000000000000000000 11 0.000000000000000000
neuron 2 1.000000000000000000 0.000000000000000000 0.000000000000000000 0.000000000000000000 11 0.000000000000000000
neuron 4 1.000000000000000000 0.000000000000000000 0.000000000000000000 0.000000000000000000 1 0.000000000000000000
neuron 4 1.000000000000000000 0.000000000000000000 0.000000000000000000 0.000000000000000000 1 0.000000000000000000
neuron 4 1.000000000000000000 0.000000000000000000 0.000000000000000000 0.000000000000000000 1 0.000000000000000000
neuron 4 1.000000000000000000 0.000000000000000000 0.000000000000000000 0.000000000000000000 1 0.000000000000000000
neuron 4 1.000000000000000000 0.000000000000000000 0.000000000000000000 0.000000000000000000 1 0.000000000000000000
neuron 4 1.000000000000000000 0.000000000000000000 0.000000000000000000 0.000000000000000000 1 0.000000000000000000
neuron 4 1.000000000000000000 0.000000000000000000 0.000000000000000000 0.000000000000000000 1 0.000000000000000000
neuron 4 1.000000000000000000 0.000000000000000000 0.000000000000000000 0.000000000000000000 1 0.000000000000000000
neuron 3 1.000000000000000000 0.000000000000000000 0.000000000000000000 0.000000000000000000 0 0.000000000000000000
neuron 3 1.000000000000000000 0.000000000000000000 0.000000000000000000 0.000000000000000000 0 0.000000000000000000
neuron 3 1.000000000000000000 0.000000000000000000 0.000000000000000000 0.000000000000000000 0 0.000000000000000000
neuron 3 1.000000000000000000 0.000000000000000000 0.000000000000000000 0.000000000000000000 0 0.000000000000000000
neuron 3 1.000000000000000000 0.000000000000000000 0.000000000000000000 0.000000000000000000 0 0.000000000000000000
neuron 3 1.000000000000000000 0.000000000000000000 0.000000000000000000 0.000000000000000000 0 0.000000000000000000
neuron 3 1.000000000000000000 0.000000000000000000 0.000000000000000000 0.000000000000000000 0 0.000000000000000000
neuron 3 1.000000000000000000 0.000000000000000000 0.000000000000000000 0.000000000000000000 0 0.000000000000000000
neuron 3 1.000000000000000000 0.000000000000000000 0.000000000000000000 0.000000000000000000 0 0.000000000000000000
neuron 3 1.000000000000000000 0.000000000000000000 0.000000000000000000 0.000000000000000000 0 0.000000000000000000
neuron 3 1.000000000000000000 0.000000000000000000 0.000000000000000000 0.000000000000000000 0 0.000000000000000000
neuron 3 1.000000000000000000 0.000000000000000000 0.000000000000000000 0.000000000000000000 0 0.000000000000000000
neuron 3 1.000000000000000000 0.000000000000000000 0.000000000000000000 0.000000000000000000 0 0.000000000000000000
neuron 3 1.000000000000000000 0.000000000000000000 0.000000000000000000 0.000000000000000000 0 0.000000000000000000
neuron 3 1.000000000000000000 0.000000000000000000 0.000000000000000000 0.000000000000000000 0 0.000000000000000000
neuron 3 1.000000000000000000 0.000000000000000000 0.000000000000000000 0.000000000000000000 0 0.000000000000000000
neuron 3 1.000000000000000000 0.000000000000000000 0.000000000000000000 0.000000000000000000 0 0.000000000000000000
neuron 3 1.000000000000000000 0.000000000000000000 0.000000000000000000 0.000000000000000000 0 0.000000000000000000
neuron 3 1.000000000000000000 0.000000000000000000 0.000000000000000000 0.000000000000000000 0 0.000000000000000000
neuron 3 1.000000000000000000 0.000000000000000000 0.000000000000000000 0.000000000000000000 0 0.000000000000000000
neuron 3 1.000000000000000000 0.000000000000000000 0.000000000000000000 0.000000000000000000 0 0.000000000000000000
neuron 3 1.000000000000000000 0.000000000000000000 0.000000000000000000 0.000000000000000000 0 0.000000000000000000
neuron 3 1.000000000000000000 0.000000000000000000 0.000000000000000000 0.000000000000000000 0 0.000000000000000000
neuron 3 1.000000000000000000 0.000000000000000000 0.000000000000000000 0.000000000000000000 0 0.000000000000000000
neuron 3 1.000000000000000000 0.000000000000000000 0.000000000000000000 0.000000000000000000 0 0.000000000000000000
neuron 3 1.000000000000000000 0.000000000000000000 0.000000000000000000 0.000000000000000000 0 0.000000000000000000
neuron 3 1.000000000000000000 0.000000000000000000 0.000000000000000000 0.000000000000000000 0 0.000000000000000000
neuron 3 1.000000000000000000 0.000000000000000000 0.000000000000000000 0.000000000000000000 0 0.000000000000000000
neuron 3 1.000000000000000000 0.000000000000000000 0.000000000000000000 0.000000000000000000 0 0.000000000000000000
neuron 3 1.000000000000000000 0.000000000000000000 0.000000000000000000 0.000000000000000000 0 0.000000000000000000
neuron 3 1.000000000000000000 0.000000000000000000 0.000000000000000000 0.000000000000000000 0 0.000000000000000000
neuron 3 1.000000000000000000 0.000000000000000000 0.000000000000000000 0.000000000000000000 0 0.000000000000000000
neuron 3 1.000000000000000000 0.000000000000000000 0.000000000000000000 0.000000000000000000 0 0.000000000000000000
neuron 3 1.000000000000000000 0.000000000000000000 0.000000000000000000 0.000000000000000000 0 0.000000000000000000
neuron 3 1.000000000000000000 0.000000000000000000 0.000000000000000000 0.000000000000000000 0 0.000000000000000000
neuron 3 1.000000000000000000 0.000000000000000000 0.000000000000000000 0.000000000000000000 0 0.000000000000000000
neuron 3 1.000000000000000000 0.000000000000000000 0.000000000000000000 0.000000000000000000 0 0.000000000000000000
neuron 3 1.000000000000000000 0.000000000000000000 0.000000000000000000 0.000000000000000000 0 0.000000000000000000
neuron 3 1.000000000000000000 0.000000000000000000 0.000000000000000000 0.000000000000000000 0 0.000000000000000000
neuron 3 1.000000000000000000 0.000000000000000000 0.000000000000000000 0.000000000000000000 0 0.000000000000000000
neuron 3 1.000000000000000000 0.000000000000000000 0.000000000000000000 0.000000000000000000 0 0.000000000000000000
neuron 3 1.000000000000000000 0.000000000000000000 0.000000000000000000 0.000000000000000000 0 0.000000000000000000
neuron 3 1.000000000000000000 0.000000000000000000 0.000000000000000000 0.000000000000000000 0 0.000000000000000000
neuron 3 1.000000000000000000 0.000000000000000000 0.000000000000000000 0.000000000000000000 0 0.000000000000000000
neuron 3 1.000000000000000000 0.000000000000000000 0.000000000000000000 0.000000000000000000 0 0.000000000000000000
connection 0 22 0.664379994043498678 0 0.000000000000000000 0.000000000000000000
connection 0 23 0.685289654692224026 0 0.000000000000000000 0.000000000000000000
connection 0 24 0.610245393131879310 0 0.000000000000000000 0.000000000000000000
connection 0 25 0.429652849220441058 0 0.000000000000000000 0.000000000000000000
connection 0 26 -0.269834139215937407 0 0.000000000000000000 0.000000000000000000
connection 0 27 -0.786347944636963558 0 0.000000000000000000 0.000000000000000000
connection 0 28 -1.400039139274232403 0 0.000000000000000000 0.000000000000000000
connection 1 22 0.893637784949972702 0 0.000000000000000000 0.000000000000000000
connection 1 23 0.977632200183871869 0 0.000000000000000000 0.000000000000000000
connection 1 24 0.972427488231761949 0 0.000000000000000000 0.000000000000000000
connection 1 25 0.867117524488712266 0 0.000000000000000000 0.000000000000000000
connection 1 29 -7.997333943358202468 0 0.000000000000000000 0.000000000000000000
connection 1 30 -4.205843402426658884 0 0.000000000000000000 0.000000000000000000
connection 1 31 0.652895735907156216 0 0.000000000000000000 0.000000000000000000
connection 1 26 0.324262839055450780 0 0.000000000000000000 0.000000000000000000
connection 1 28 -0.671629967802827910 0 0.000000000000000000 0.000000000000000000
connection 2 22 1.083764458981415046 0 0.000000000000000000 0.000000000000000000
connection 2 23 1.225798368987575104 0 0.000000000000000000 0.000000000000000000
connection 2 32 -2.581561237620225491 0 0.000000000000000000 0.000000000000000000
connection 2 24 1.285896250722920353 0 0.000000000000000000 0.000000000000000000
connection 2 25 1.252404876433657055 0 0.000000000000000000 0.000000000000000000
connection 2 33 -3.031886709805778679 0 0.000000000000000000 0.000000000000000000
connection 2 29 -7.929538415949306973 0 0.000000000000000000 0.000000000000000000
connection 2 30 -3.561608197439868562 0 0.000000000000000000 0.000000000000000000
connection 2 31 1.115060747185607770 0 0.000000000000000000 0.000000000000000000
connection 2 26 0.865876142737608157 0 0.000000000000000000 0.000000000000000000
connection 2 34 -4.149503574107829884 0 0.000000000000000000 0.000000000000000000
connection 2 35 -4.766591585958436461 0 0.000000000000000000 0.000000000000000000
connection 2 27 0.500457201043838062 0 0.000000000000000000 0.000000000000000000
connection 3 22 1.238150879237145841 0 0.000000000000000000 0.000000000000000000
connection 3 23 1.433003160770342843 0 0.000000000000000000 0.000000000000000000
connection 3 32 -2.056956093582116729 0 0.000000000000000000 0.000000000000000000
connection 3 24 1.553360954471318500 0 0.000000000000000000 0.000000000000000000
connection 3 25 1.587234230044463734 0 0.000000000000000000 0.000000000000000000
connection 3 33 -2.445895272066118675 0 0.000000000000000000 0.000000000000000000
connection 3 29 -7.769807593480782870 0 0.000000000000000000 0.000000000000000000
connection 3 30 -2.926843784783229818 0 0.000000000000000000 0.000000000000000000
connection 3 31 1.523525414033058301 0 0.000000000000000000 0.000000000000000000
connection 3 26 1.352629777968028080 0 0.000000000000000000 0.000000000000000000
connection 3 34 -3.484800132443472531 0 0.000000000000000000 0.000000000000000000
connection 3 35 -4.096196966814471985 0 0.000000000000000000 0.000000000000000000
connection 3 27 1.067401719715747044 0 0.000000000000000000 0.000000000000000000
connection 3 28 0.664607063472222759 0 0.000000000000000000 0.000000000000000000
connection 3 36 -4.730055564587671846 0 0.000000000000000000 0.000000000000000000
connection 4 22 1.360238352561531583 0 0.000000000000000000 0.000000000000000000
connection 4 23 1.602702647164955252 0 0.000000000000000000 0.000000000000000000
connection 4 37 -1.354102900829131206 0 0.000000000000000000 0.000000000000000000
connection 4 32 -1.573163438530767344 0 0.000000000000000000 0.000000000000000000
connection 4 24 1.778058390642008213 0 0.000000000000000000 0.000000000000000000
connection 4 25 1.874258696296668525 0 0.000000000000000000 0.000000000000000000
connection 4 33 -1.893817574861463848 0 0.000000000000000000 0.000000000000000000
connection 4 30 -2.314557804013358311 0 0.000000000000000000 0.000000000000000000
connection 4 31 1.879825301087963974 0 0.000000000000000000 0.000000000000000000
connection 4 26 1.784227269935093174 0 0.000000000000000000 0.000000000000000000
connection 4 34 -2.826514761167879364 0 0.000000000000000000 0.000000000000000000
connection 4 35 -3.412334207456306334 0 0.000000000000000000 0.000000000000000000
connection 4 27 1.578520166736231189 0 0.000000000000000000 0.000000000000000000
connection 4 28 1.256420574990112726 0 0.000000000000000000 0.000000000000000000
connection 4 36 -4.046116789674539582 0 0.000000000000000000 0.000000000000000000
connection 5 38 0.469615225390614011 0 0.000000000000000000 0.000000000000000000
connection 5 32 -1.133968084824939160 0 0.000000000000000000 0.000000000000000000
connection 5 24 1.963510479171224565 0 0.000000000000000000 0.000000000000000000
connection 5 25 2.116733350905855904 0 0.000000000000000000 0.000000000000000000
connection 5 33 -1.382537411267288574 0 0.000000000000000000 0.000000000000000000
connection 5 30 -1.735151709869733772 0 0.000000000000000000 0.000000000000000000
connection 5 31 2.186543653318213210 0 0.000000000000000000 0.000000000000000000
connection 5 26 2.161990575117455737 0 0.000000000000000000 0.000000000000000000
connection 5 34 -2.188517479413587985 0 0.000000000000000000 0.000000000000000000
connection 5 35 -2.731586109453391753 0 0.000000000000000000 0.000000000000000000
connection 5 27 2.033099744945114473 0 0.000000000000000000 0.000000000000000000
connection 5 28 1.791577922192532313 0 0.000000000000000000 0.000000000000000000
connection 5 36 -3.344598405335612590 0 0.000000000000000000 0.000000000000000000
connection 6 39 -1.928233092985832231 0 0.000000000000000000 0.000000000000000000
connection 6 40 -4.648745129763435457 0 0.000000000000000000 0.000000000000000000
connection 6 41 -3.721889722694544211 0 0.000000000000000000 0.000000000000000000
connection 6 38 0.645974605887539521 0 0.000000000000000000 0.000000000000000000
connection 6 32 -0.741154839778644159 0 0.000000000000000000 0.000000000000000000
connection 6 24 2.113339943201702820 0 0.000000000000000000 0.000000000000000000
connection 6 25 2.318247657818671037 0 0.000000000000000000 0.000000000000000000
connection 6 33 -0.916485915386989203 0 0.000000000000000000 0.000000000000000000
connection 6 30 -1.196322422841988642 0 0.000000000000000000 0.000000000000000000
connection 6 31 2.446949475572581356 0 0.000000000000000000 0.000000000000000000
connection 6 26 2.488415913220609177 0 0.000000000000000000 0.000000000000000000
connection 6 34 -1.582110354132447938 0 0.000000000000000000 0.000000000000000000
connection 6 35 -2.068659005116030958 0 0.000000000000000000 0.000000000000000000
connection 6 27 2.432213101653768472 0 0.000000000000000000 0.000000000000000000
connection 6 28 2.268894933009529602 0 0.000000000000000000 0.000000000000000000
connection 6 36 -2.642648313656898562 0 0.000000000000000000 0.000000000000000000
connection 7 39 -1.694686625422032522 0 0.000000000000000000 0.000000000000000000
connection 7 41 -3.206834633459499706 0 0.000000000000000000 0.000000000000000000
connection 7 38 0.788169676488318593 0 0.000000000000000000 0.000000000000000000
connection 7 32 -0.394875794639997502 0 0.000000000000000000 0.000000000000000000
connection 7 24 2.231136560428764959 0 0.000000000000000000 0.000000000000000000
connection 7 25 2.482520688574308743 0 0.000000000000000000 0.000000000000000000
connection 7 33 -0.497948486440547344 0 0.000000000000000000 0.000000000000000000
connection 7 30 -0.703190880877102353 0 0.000000000000000000 0.000000000000000000
connection 7 31 2.664702044284418037 0 0.000000000000000000 0.000000000000000000
connection 7 26 2.766780085616496798 0 0.000000000000000000 0.000000000000000000
connection 7 34 -1.015838591641719413 0 0.000000000000000000 0.000000000000000000
connection 7 35 -1.435763839110989482 0 0.000000000000000000 0.000000000000000000
connection 7 27 2.778247653539916318 0 0.000000000000000000 0.000000000000000000
connection 7 28 2.689152411906963636 0 0.000000000000000000 0.000000000000000000
connection 7 36 -1.955771490223700448 0 0.000000000000000000 0.000000000000000000
connection 8 39 -1.572864122854739310 0 0.000000000000000000 0.000000000000000000
connection 8 41 -2.769296937427816907 0 0.000000000000000000 0.000000000000000000
connection 8 38 0.899540750358828745 0 0.000000000000000000 0.000000000000000000
connection 8 42 1.341913576098961336 0 0.000000000000000000 0.000000000000000000
connection 8 30 -0.258585170184836288 0 0.000000000000000000 0.000000000000000000
connection 8 31 2.843622849684740217 0 0.000000000000000000 0.000000000000000000
connection 8 26 3.000814326338376414 0 0.000000000000000000 0.000000000000000000
connection 8 34 -0.495557366608137373 0 0.000000000000000000 0.000000000000000000
connection 8 35 -0.842326377794313963 0 0.000000000000000000 0.000000000000000000
connection 8 27 3.074478985025062894 0 0.000000000000000000 0.000000000000000000
connection 8 28 3.054601356468990669 0 0.000000000000000000 0.000000000000000000
connection 8 36 -1.297087817153335099 0 0.000000000000000000 0.000000000000000000
connection 9 39 -1.565261761536736795 0 0.000000000000000000 0.000000000000000000
connection 9 41 -2.423987975926074068 0 0.000000000000000000 0.000000000000000000
connection 9 38 0.983367459957397716 0 0.000000000000000000 0.000000000000000000
connection 9 42 1.514523689573055165 0 0.000000000000000000 0.000000000000000000
connection 9 31 2.987528954983106111 0 0.000000000000000000 0.000000000000000000
connection 9 26 3.194449882706318355 0 0.000000000000000000 0.000000000000000000
connection 9 35 -0.294980993729999752 0 0.000000000000000000 0.000000000000000000
connection 9 27 3.324711401681179179 0 0.000000000000000000 0.000000000000000000
connection 9 28 3.368502992480406188 0 0.000000000000000000 0.000000000000000000
connection 9 36 -0.676931885147100898 0 0.000000000000000000 0.000000000000000000
connection 10 39 -1.671382120492116652 0 0.000000000000000000 0.000000000000000000
connection 10 41 -2.181417077172046248 0 0.000000000000000000 0.000000000000000000
connection 10 38 1.042796620738177138 0 0.000000000000000000 0.000000000000000000
connection 10 42 1.652897836135086562 0 0.000000000000000000 0.000000000000000000
connection 10 30 0.482961998195815700 0 0.000000000000000000 0.000000000000000000
connection 10 31 3.100118110851703523 0 0.000000000000000000 0.000000000000000000
connection 10 26 3.351630816355635645 0 0.000000000000000000 0.000000000000000000
connection 10 34 0.395450181887186114 0 0.000000000000000000 0.000000000000000000
connection 10 35 0.202221581300646214 0 0.000000000000000000 0.000000000000000000
connection 10 27 3.532993882032489541 0 0.000000000000000000 0.000000000000000000
connection 10 28 3.634733673294478606 0 0.000000000000000000 0.000000000000000000
connection 11 39 -1.887790481837827050 0 0.000000000000000000 0.000000000000000000
connection 11 41 -2.048197453443524996 0 0.000000000000000000 0.000000000000000000
connection 11 38 1.080794021517161196 0 0.000000000000000000 0.000000000000000000
connection 11 42 1.760516593348083081 0 0.000000000000000000 0.000000000000000000
connection 11 43 2.227346983144900872 0 0.000000000000000000 0.000000000000000000
connection 11 35 0.647469100525960850 0 0.000000000000000000 0.000000000000000000
connection 11 27 3.703409082427219445 0 0.000000000000000000 0.000000000000000000
connection 11 28 3.857467863231916816 0 0.000000000000000000 0.000000000000000000
connection 11 36 0.420685311493381120 0 0.000000000000000000 0.000000000000000000
connection 12 39 -2.207973164835594027 0 0.000000000000000000 0.000000000000000000
connection 12 41 -2.027399930941880868 0 0.000000000000000000 0.000000000000000000
connection 12 38 1.100114432174469581 0 0.000000000000000000 0.000000000000000000
connection 12 42 1.840741116782707465 0 0.000000000000000000 0.000000000000000000
connection 12 43 2.394650092104455563 0 0.000000000000000000 0.000000000000000000
connection 12 35 1.040775710018153610 0 0.000000000000000000 0.000000000000000000
connection 12 27 3.839926605126782633 0 0.000000000000000000 0.000000000000000000
connection 12 28 4.040939795809970647 0 0.000000000000000000 0.000000000000000000
connection 12 36 0.891075181323862875 0 0.000000000000000000 0.000000000000000000
connection 12 44 -3.790558737108534082 0 0.000000000000000000 0.000000000000000000
connection 12 45 -2.979059254951405666 0 0.000000000000000000 0.000000000000000000
connection 13 46 -1.482810967378857425 0 0.000000000000000000 0.000000000000000000
connection 13 47 -4.800372192341773925 0 0.000000000000000000 0.000000000000000000
connection 13 48 -4.094168152064103339 0 0.000000000000000000 0.000000000000000000
connection 13 49 -1.363073045622933854 0 0.000000000000000000 0.000000000000000000
connection 13 41 -2.118813964282509676 0 0.000000000000000000 0.000000000000000000
connection 13 38 1.103285253051701442 0 0.000000000000000000 0.000000000000000000
connection 13 42 1.896755224966200082 0 0.000000000000000000 0.000000000000000000
connection 13 43 2.528099392939067602 0 0.000000000000000000 0.000000000000000000
connection 13 50 2.908573283408740551 0 0.000000000000000000 0.000000000000000000
connection 13 51 -2.672356462037865921 0 0.000000000000000000 0.000000000000000000
connection 13 44 -3.159501271719648674 0 0.000000000000000000 0.000000000000000000
connection 13 45 -2.730265226977463655 0 0.000000000000000000 0.000000000000000000
connection 22 48 -4.430295498932300902 0 0.000000000000000000 0.000000000000000000
connection 22 49 -2.100748307695885497 0 0.000000000000000000 0.000000000000000000
connection 22 52 -6.994635071210196564 0 0.000000000000000000 0.000000000000000000
connection 22 53 -2.572440280152294534 0 0.000000000000000000 0.000000000000000000
connection 24 54 -4.465787088093336799 0 0.000000000000000000 0.000000000000000000
connection 24 41 -1.782765460954876646 0 0.000000000000000000 0.000000000000000000
connection 24 52 -7.944815130567644879 0 0.000000000000000000 0.000000000000000000
connection 24 55 -3.161835754477973381 0 0.000000000000000000 0.000000000000000000
connection 24 45 -0.208930629113919519 0 0.000000000000000000 0.000000000000000000
connection 24 53 -2.702426171152914502 0 0.000000000000000000 0.000000000000000000
connection 25 54 -4.282242721931016405 0 0.000000000000000000 0.000000000000000000
connection 25 41 -1.847775864245731370 0 0.000000000000000000 0.000000000000000000
connection 25 52 -7.968490256694435558 0 0.000000000000000000 0.000000000000000000
connection 25 55 -2.884151067951713721 0 0.000000000000000000 0.000000000000000000
connection 25 45 -0.322363022748154038 0 0.000000000000000000 0.000000000000000000
connection 25 53 -2.765691765535482460 0 0.000000000000000000 0.000000000000000000
connection 26 42 -5.967507219817961506 0 0.000000000000000000 0.000000000000000000
connection 26 29 -4.284819277553782335 0 0.000000000000000000 0.000000000000000000
connection 26 55 -2.454912412040654690 0 0.000000000000000000 0.000000000000000000
connection 26 45 -0.546081946761492909 0 0.000000000000000000 0.000000000000000000
connection 26 57 -3.552114633739717142 0 0.000000000000000000 0.000000000000000000
connection 26 53 -2.887338182762990257 0 0.000000000000000000 0.000000000000000000
connection 27 38 -7.992108559916879962 0 0.000000000000000000 0.000000000000000000
connection 27 32 -5.566667673419236628 0 0.000000000000000000 0.000000000000000000
connection 27 29 -3.734528287614932385 0 0.000000000000000000 0.000000000000000000
connection 27 55 -2.287083603528668352 0 0.000000000000000000 0.000000000000000000
connection 27 45 -0.655967490165684897 0 0.000000000000000000 0.000000000000000000
connection 27 57 -3.574471939081708349 0 0.000000000000000000 0.000000000000000000
connection 27 53 -2.945424153588200866 0 0.000000000000000000 0.000000000000000000
connection 29 52 -6.620133133542678294 0 0.000000000000000000 0.000000000000000000
connection 29 43 -6.714789869686692114 0 0.000000000000000000 0.000000000000000000
connection 29 50 -2.526786945843400467 0 0.000000000000000000 0.000000000000000000
connection 29 58 -3.692101167203888590 0 0.000000000000000000 0.000000000000000000
connection 29 45 -1.314207075793751622 0 0.000000000000000000 0.000000000000000000
connection 29 53 -3.276781529420171868 0 0.000000000000000000 0.000000000000000000
connection 29 59 0.315406409918919495 0 0.000000000000000000 0.000000000000000000
connection 30 54 -4.430639024620677269 0 0.000000000000000000 0.000000000000000000
connection 30 41 -2.272608832590315320 0 0.000000000000000000 0.000000000000000000
connection 30 52 -7.999113473549500419 0 0.000000000000000000 0.000000000000000000
connection 30 45 -0.857466476710208703 0 0.000000000000000000 0.000000000000000000
connection 30 53 -3.049970623796820046 0 0.000000000000000000 0.000000000000000000
connection 30 59 0.843957303505810996 0 0.000000000000000000 0.000000000000000000
connection 28 38 -7.928667102111561782 0 0.000000000000000000 0.000000000000000000
connection 28 32 -4.456425800855281061 0 0.000000000000000000 0.000000000000000000
connection 28 43 -0.341543536569129558 0 0.000000000000000000 0.000000000000000000
connection 28 50 -0.826623347198071179 0 0.000000000000000000 0.000000000000000000
connection 28 45 -0.764364419135975970 0 0.000000000000000000 0.000000000000000000
connection 28 57 -3.597179317660498032 0 0.000000000000000000 0.000000000000000000
connection 28 53 -3.001575670967597809 0 0.000000000000000000 0.000000000000000000
connection 32 52 -7.427136864793483007 0 0.000000000000000000 0.000000000000000000
connection 32 45 -0.646443119993498128 0 0.000000000000000000 0.000000000000000000
connection 32 53 -2.943296823850358734 0 0.000000000000000000 0.000000000000000000
connection 46 47 -1.702082140559244339 0 0.000000000000000000 0.000000000000000000
connection 46 60 -2.963097268857615596 0 0.000000000000000000 0.000000000000000000
connection 46 37 -2.940578529324335832 0 0.000000000000000000 0.000000000000000000
connection 46 32 -7.316824057067117693 0 0.000000000000000000 0.000000000000000000
connection 46 24 -0.977115853228410214 0 0.000000000000000000 0.000000000000000000
connection 46 25 -6.279265318490455883 0 0.000000000000000000 0.000000000000000000
connection 46 33 -7.678578097490010634 0 0.000000000000000000 0.000000000000000000
connection 46 29 -4.264575819912034937 0 0.000000000000000000 0.000000000000000000
connection 46 55 -7.532666538382033927 0 0.000000000000000000 0.000000000000000000
connection 46 61 -3.970311339628969094 0 0.000000000000000000 0.000000000000000000
connection 46 62 -1.734539291809202632 0 0.000000000000000000 0.000000000000000000
connection 46 53 -4.631912744583533303 0 0.000000000000000000 0.000000000000000000
connection 46 59 -1.424866385423745774 0 0.000000000000000000 0.000000000000000000
connection 33 54 -4.662591488748291546 0 0.000000000000000000 0.000000000000000000
connection 33 41 -2.225117887073825518 0 0.000000000000000000 0.000000000000000000
connection 33 52 -7.858670303754487385 0 0.000000000000000000 0.000000000000000000
connection 33 45 -0.752204710136763710 0 0.000000000000000000 0.000000000000000000
connection 33 53 -2.997132671312004337 0 0.000000000000000000 0.000000000000000000
connection 33 59 0.970323791529115631 0 0.000000000000000000 0.000000000000000000
connection 34 54 -4.245983063175118311 0 0.000000000000000000 0.000000000000000000
connection 34 41 -2.328377598371360602 0 0.000000000000000000 0.000000000000000000
connection 34 52 -7.802907640633396369 0 0.000000000000000000 0.000000000000000000
connection 34 45 -0.961785510482196293 0 0.000000000000000000 0.000000000000000000
connection 34 53 -3.101437207144625230 0 0.000000000000000000 0.000000000000000000
connection 34 59 0.718525224400660578 0 0.000000000000000000 0.000000000000000000
connection 35 63 -4.036284430005658841 0 0.000000000000000000 0.000000000000000000
connection 35 42 -6.272700445477097375 0 0.000000000000000000 0.000000000000000000
connection 35 45 -1.064858059517210576 0 0.000000000000000000 0.000000000000000000
connection 35 53 -3.151287088782944501 0 0.000000000000000000 0.000000000000000000
connection 35 59 0.594099772266062587 0 0.000000000000000000 0.000000000000000000
connection 43 54 -4.195690181108176375 0 0.000000000000000000 0.000000000000000000
connection 43 41 -2.128970271751735588 0 0.000000000000000000 0.000000000000000000
connection 43 45 -0.703038175770622220 0 0.000000000000000000 0.000000000000000000
connection 43 53 -2.970379554021640001 0 0.000000000000000000 0.000000000000000000
connection 43 59 1.024066463416197337 0 0.000000000000000000 0.000000000000000000
connection 37 52 -6.794158488131214924 0 0.000000000000000000 0.000000000000000000
connection 37 45 -0.540822220081288774 0 0.000000000000000000 0.000000000000000000
connection 37 57 -3.720527669461032971 0 0.000000000000000000 0.000000000000000000
connection 37 53 -2.889020071559611047 0 0.000000000000000000 0.000000000000000000
connection 37 64 -0.478316080251197651 0 0.000000000000000000 0.000000000000000000
connection 38 48 -4.681042498243876082 0 0.000000000000000000 0.000000000000000000
connection 38 49 -2.389726777152528125 0 0.000000000000000000 0.000000000000000000
connection 38 52 -6.888098451209270223 0 0.000000000000000000 0.000000000000000000
connection 38 45 -0.264845776598536919 0 0.000000000000000000 0.000000000000000000
connection 38 53 -2.736569809354389093 0 0.000000000000000000 0.000000000000000000
connection 38 64 -0.202340615905724497 0 0.000000000000000000 0.000000000000000000
connection 36 63 -3.948311470405632573 0 0.000000000000000000 0.000000000000000000
connection 36 29 -3.720972083922122753 0 0.000000000000000000 0.000000000000000000
connection 36 45 -1.166476489327164634 0 0.000000000000000000 0.000000000000000000
connection 36 57 -3.691530594771707641 0 0.000000000000000000 0.000000000000000000
connection 36 53 -3.199362562614564975 0 0.000000000000000000 0.000000000000000000
connection 36 59 0.470747220115561305 0 0.000000000000000000 0.000000000000000000
connection 39 47 -3.006451711398882232 0 0.000000000000000000 0.000000000000000000
connection 39 37 -4.903474190209625050 0 0.000000000000000000 0.000000000000000000
connection 39 32 -7.926831139568401241 0 0.000000000000000000 0.000000000000000000
connection 39 24 -3.161696559057075362 0 0.000000000000000000 0.000000000000000000
connection 39 25 -7.407873258271393091 0 0.000000000000000000 0.000000000000000000
connection 39 33 -7.151970128367998392 0 0.000000000000000000 0.000000000000000000
connection 39 29 -4.217652781473962165 0 0.000000000000000000 0.000000000000000000
connection 39 55 -7.957773007366088613 0 0.000000000000000000 0.000000000000000000
connection 39 53 -4.295644779686510262 0 0.000000000000000000 0.000000000000000000
connection 39 59 -1.238351786466686866 0 0.000000000000000000 0.000000000000000000
connection 40 65 -7.927997062838271880 0 0.000000000000000000 0.000000000000000000
connection 40 66 -3.221971896543923020 0 0.000000000000000000 0.000000000000000000
connection 40 23 -1.279698141465454020 0 0.000000000000000000 0.000000000000000000
connection 40 37 -7.439315082094877241 0 0.000000000000000000 0.000000000000000000
connection 40 59 -0.536183748542263916 0 0.000000000000000000 0.000000000000000000
connection 41 66 -1.774535949545806623 0 0.000000000000000000 0.000000000000000000
connection 41 23 0.237342231593489883 0 0.000000000000000000 0.000000000000000000
connection 41 37 -6.744900696788766581 0 0.000000000000000000 0.000000000000000000
connection 41 42 -7.999556976461893676 0 0.000000000000000000 0.000000000000000000
connection 41 59 -1.402278139274763413 0 0.000000000000000000 0.000000000000000000
connection 42 54 -4.565395693970299540 0 0.000000000000000000 0.000000000000000000
connection 42 41 -2.008811900202696510 0 0.000000000000000000 0.000000000000000000
connection 42 52 -7.905393418019389884 0 0.000000000000000000 0.000000000000000000
connection 42 45 -0.485023272966780772 0 0.000000000000000000 0.000000000000000000
connection 42 53 -2.855709754510066034 0 0.000000000000000000 0.000000000000000000
connection 48 66 -1.465444311288522483 0 0.000000000000000000 0.000000000000000000
connection 48 23 0.558739189405403125 0 0.000000000000000000 0.000000000000000000
connection 48 37 -6.521550916626329020 0 0.000000000000000000 0.000000000000000000
connection 48 42 -7.999696927359461363 0 0.000000000000000000 0.000000000000000000
connection 48 59 -1.066506337541428096 0 0.000000000000000000 0.000000000000000000
connection 44 63 -4.207812245301760790 0 0.000000000000000000 0.000000000000000000
connection 44 42 -6.565937723194266162 0 0.000000000000000000 0.000000000000000000
connection 44 55 -1.805358316083736092 0 0.000000000000000000 0.000000000000000000
connection 44 45 -1.542992360238917060 0 0.000000000000000000 0.000000000000000000
connection 44 53 -3.367625572824895386 0 0.000000000000000000 0.000000000000000000
connection 31 39 -3.349322078164653771 0 0.000000000000000000 0.000000000000000000
connection 31 41 -1.918824941978775289 0 0.000000000000000000 0.000000000000000000
connection 31 55 -2.651330142087445996 0 0.000000000000000000 0.000000000000000000
connection 31 45 -0.434825410034932913 0 0.000000000000000000 0.000000000000000000
connection 31 53 -2.827389151386073163 0 0.000000000000000000 0.000000000000000000
connection 45 66 -4.225750613936077649 0 0.000000000000000000 0.000000000000000000
connection 45 23 -2.395353103045851473 0 0.000000000000000000 0.000000000000000000
connection 45 37 -7.753578694792894410 0 0.000000000000000000 0.000000000000000000
connection 45 29 -6.857052848718371507 0 0.000000000000000000 0.000000000000000000
connection 45 43 -7.981592265803167052 0 0.000000000000000000 0.000000000000000000
connection 51 54 -4.334357032920095776 0 0.000000000000000000 0.000000000000000000
connection 51 41 -2.694915598247926702 0 0.000000000000000000 0.000000000000000000
connection 51 52 -7.907605677790481735 0 0.000000000000000000 0.000000000000000000
connection 51 55 -2.093098567429868329 0 0.000000000000000000 0.000000000000000000
connection 51 45 -1.448966065526357649 0 0.000000000000000000 0.000000000000000000
connection 51 53 -3.327908260765011672 0 0.000000000000000000 0.000000000000000000
connection 47 47 -3.408856212565674948 0 0.000000000000000000 0.000000000000000000
connection 47 37 -5.629961462929033544 0 0.000000000000000000 0.000000000000000000
connection 47 32 -7.997921092642256369 0 0.000000000000000000 0.000000000000000000
connection 47 24 -4.028274050670857420 0 0.000000000000000000 0.000000000000000000
connection 47 25 -7.702453337125594324 0 0.000000000000000000 0.000000000000000000
connection 47 29 -4.096798834492152430 0 0.000000000000000000 0.000000000000000000
connection 47 55 -7.984732643846613520 0 0.000000000000000000 0.000000000000000000
connection 47 53 -4.176692286256761477 0 0.000000000000000000 0.000000000000000000
connection 47 59 -0.979880273517276357 0 0.000000000000000000 0.000000000000000000
connection 23 54 -4.698603710323829397 0 0.000000000000000000 0.000000000000000000
connection 23 41 -1.727012184548245122 0 0.000000000000000000 0.000000000000000000
connection 23 52 -7.598569872852857898 0 0.000000000000000000 0.000000000000000000
connection 23 53 -2.637869565868970145 0 0.000000000000000000 0.000000000000000000
connection 49 47 -2.636151717519106263 0 0.000000000000000000 0.000000000000000000
connection 49 37 -4.109821616312856030 0 0.000000000000000000 0.000000000000000000
connection 49 32 -7.750180099247204524 0 0.000000000000000000 0.000000000000000000
connection 49 24 -2.255202978572524497 0 0.000000000000000000 0.000000000000000000
connection 49 25 -7.008478414672348222 0 0.000000000000000000 0.000000000000000000
connection 49 33 -7.420935760179372842 0 0.000000000000000000 0.000000000000000000
connection 49 29 -4.383279459744428230 0 0.000000000000000000 0.000000000000000000
connection 49 55 -7.919020521623392206 0 0.000000000000000000 0.000000000000000000
connection 49 53 -4.410433832687010280 0 0.000000000000000000 0.000000000000000000
connection 49 59 -1.487727961944058430 0 0.000000000000000000 0.000000000000000000
connection 50 38 -7.987499241081188472 0 0.000000000000000000 0.000000000000000000
connection 50 29 -3.724640062152511533 0 0.000000000000000000 0.000000000000000000
connection 50 45 -0.916184098851789308 0 0.000000000000000000 0.000000000000000000
connection 50 57 -3.638610780283559887 0 0.000000000000000000 0.000000000000000000
connection 50 53 -3.078366351975695636 0 0.000000000000000000 0.000000000000000000
connection 50 59 0.771408885790872412 0 0.000000000000000000 0.000000000000000000
connection 65 14 2.138553187526053723 0 0.000000000000000000 0.000000000000000000
connection 66 14 -0.889079005774876641 0 0.000000000000000000 0.000000000000000000
connection 22 14 -3.988667423781310450 0 0.000000000000000000 0.000000000000000000
connection 23 14 -5.114976251536530683 0 0.000000000000000000 0.000000000000000000
connection 37 14 -2.202899842635351213 0 0.000000000000000000 0.000000000000000000
connection 42 14 -5.404221260998951948 0 0.000000000000000000 0.000000000000000000
connection 43 14 -6.921434037324309507 0 0.000000000000000000 0.000000000000000000
connection 50 14 -7.621873171885290787 0 0.000000000000000000 0.000000000000000000
connection 51 14 -5.240084923580264231 0 0.000000000000000000 0.000000000000000000
connection 44 14 -6.073420418506964680 0 0.000000000000000000 0.000000000000000000
connection 57 14 4.027811889273910317 0 0.000000000000000000 0.000000000000000000
connection 60 15 -0.880410351492100451 0 0.000000000000000000 0.000000000000000000
connection 65 15 -4.482301092666358677 0 0.000000000000000000 0.000000000000000000
connection 38 15 -7.627174647032292754 0 0.000000000000000000 0.000000000000000000
connection 42 15 -7.971035048440166193 0 0.000000000000000000 0.000000000000000000
connection 29 15 -5.803204970537477081 0 0.000000000000000000 0.000000000000000000
connection 55 15 -7.944381081915388165 0 0.000000000000000000 0.000000000000000000
connection 61 15 1.549681607003609463 0 0.000000000000000000 0.000000000000000000
connection 53 15 -4.950984071216161020 0 0.000000000000000000 0.000000000000000000
connection 64 15 0.215368388695779123 0 0.000000000000000000 0.000000000000000000
connection 47 16 1.131639241152240904 0 0.000000000000000000 0.000000000000000000
connection 49 16 2.840434902740439860 0 0.000000000000000000 0.000000000000000000
connection 40 16 -2.001387868133157166 0 0.000000000000000000 0.000000000000000000
connection 54 16 -6.167925474620049364 0 0.000000000000000000 0.000000000000000000
connection 52 16 -7.951250217821300481 0 0.000000000000000000 0.000000000000000000
connection 55 16 -7.999220250559422318 0 0.000000000000000000 0.000000000000000000
connection 61 16 -5.101139437309071489 0 0.000000000000000000 0.000000000000000000
connection 62 16 -2.248136984941445427 0 0.000000000000000000 0.000000000000000000
connection 57 16 -7.338969270436201064 0 0.000000000000000000 0.000000000000000000
connection 53 16 -7.789045578811047754 0 0.000000000000000000 0.000000000000000000
connection 59 16 -5.358416068077667127 0 0.000000000000000000 0.000000000000000000
connection 63 17 -7.369584601160598325 0 0.000000000000000000 0.000000000000000000
connection 63 18 -7.889526664682228407 0 0.000000000000000000 0.000000000000000000
connection 52 18 -7.907883667646747661 0 0.000000000000000000 0.000000000000000000
connection 50 18 -1.473861486909322505 0 0.000000000000000000 0.000000000000000000
connection 58 18 -4.835004412923018080 0 0.000000000000000000 0.000000000000000000
connection 43 19 -1.021204399128837981 0 0.000000000000000000 0.000000000000000000
connection 50 19 0.797882843321109592 0 0.000000000000000000 0.000000000000000000
connection 58 19 -1.204077291072536138 0 0.000000000000000000 0.000000000000000000
connection 63 20 -7.759489939110259193 0 0.000000000000000000 0.000000000000000000
connection 42 20 -0.972037151783042286 0 0.000000000000000000 0.000000000000000000
connection 55 20 0.664974602098922563 0 0.000000000000000000 0.000000000000000000
connection 53 20 -0.946258424728717906 0 0.000000000000000000 0.000000000000000000
connection 59 20 -4.200813666068451191 0 0.000000000000000000 0.000000000000000000
connection 52 21 -1.031148989662039162 0 0.000000000000000000 0.000000000000000000
connection 55 21 0.860215412049810113 0 0.000000000000000000 0.000000000000000000
connection 57 21 -0.647104795785395148 0 0.000000000000000000 0.000000000000000000
connection 53 21 1.008437041776549137 0 0.000000000000000000 0.000000000000000000
connection 59 21 -0.701035745816260047 0 0.000000000000000000 0.000000000000000000
NNend

