NNstart
14 8
neuron 1 1.000000000000000000 0.000000000000000000 0.000000000000000000 -0.000000000000000000 11 0.000000000000000000
neuron 1 1.000000000000000000 0.000000000000000000 0.000000000000000000 -0.000000000000000000 11 0.000000000000000000
neuron 1 1.000000000000000000 0.000000000000000000 0.000000000000000000 -0.000000000000000000 11 0.000000000000000000
neuron 1 1.000000000000000000 0.000000000000000000 0.000000000000000000 -0.000000000000000000 11 0.000000000000000000
neuron 1 1.000000000000000000 0.000000000000000000 0.000000000000000000 -0.000000000000000000 11 0.000000000000000000
neuron 1 1.000000000000000000 0.000000000000000000 0.000000000000000000 -0.000000000000000000 11 0.000000000000000000
neuron 1 1.000000000000000000 0.000000000000000000 0.000000000000000000 -0.000000000000000000 11 0.000000000000000000
neuron 1 1.000000000000000000 0.000000000000000000 0.000000000000000000 -0.000000000000000000 11 0.000000000000000000
neuron 1 1.000000000000000000 0.000000000000000000 0.000000000000000000 -0.000000000000000000 11 0.000000000000000000
neuron 1 1.000000000000000000 0.000000000000000000 0.000000000000000000 -0.000000000000000000 11 0.000000000000000000
neuron 1 1.000000000000000000 0.000000000000000000 0.000000000000000000 -0.000000000000000000 11 0.000000000000000000
neuron 1 1.000000000000000000 0.000000000000000000 0.000000000000000000 -0.000000000000000000 11 0.000000000000000000
neuron 1 1.000000000000000000 0.000000000000000000 0.000000000000000000 -0.000000000000000000 11 0.000000000000000000
neuron 2 1.000000000000000000 0.000000000000000000 0.000000000000000000 0.000000000000000000 11 0.000000000000000000
neuron 4 1.000000000000000000 0.000000000000000000 0.000000000000000000 -0.000000000000000000 1 0.000000000000000000
neuron 4 1.000000000000000000 0.000000000000000000 0.000000000000000000 -0.000000000000000000 1 0.000000000000000000
neuron 4 1.000000000000000000 0.000000000000000000 0.000000000000000000 -0.000000000000000000 1 0.000000000000000000
neuron 4 1.000000000000000000 0.000000000000000000 0.000000000000000000 -0.000000000000000000 1 0.000000000000000000
neuron 4 1.000000000000000000 0.000000000000000000 0.000000000000000000 -0.000000000000000000 1 0.000000000000000000
neuron 4 1.000000000000000000 0.000000000000000000 0.000000000000000000 -0.000000000000000000 1 0.000000000000000000
neuron 4 1.000000000000000000 0.000000000000000000 0.000000000000000000 -0.000000000000000000 1 0.000000000000000000
neuron 4 1.000000000000000000 0.000000000000000000 0.000000000000000000 -0.000000000000000000 1 0.000000000000000000
neuron 3 1.000000000000000000 0.000000000000000000 0.000000000000000000 -0.000000000000000000 0 0.000000000000000000
neuron 3 1.000000000000000000 0.000000000000000000 0.000000000000000000 -0.000000000000000000 0 0.000000000000000000
neuron 3 1.000000000000000000 0.000000000000000000 0.000000000000000000 -0.000000000000000000 0 0.000000000000000000
neuron 3 1.000000000000000000 0.000000000000000000 0.000000000000000000 -0.000000000000000000 0 0.000000000000000000
neuron 3 1.000000000000000000 0.000000000000000000 0.000000000000000000 -0.000000000000000000 0 0.000000000000000000
neuron 3 1.000000000000000000 0.000000000000000000 0.000000000000000000 -0.000000000000000000 0 0.000000000000000000
neuron 3 1.000000000000000000 0.000000000000000000 0.000000000000000000 -0.000000000000000000 0 0.000000000000000000
neuron 3 1.000000000000000000 0.000000000000000000 0.000000000000000000 -0.000000000000000000 0 0.000000000000000000
neuron 3 1.000000000000000000 0.000000000000000000 0.000000000000000000 -0.000000000000000000 0 0.000000000000000000
neuron 3 1.000000000000000000 0.000000000000000000 0.000000000000000000 -0.000000000000000000 0 0.000000000000000000
neuron 3 1.000000000000000000 0.000000000000000000 0.000000000000000000 -0.000000000000000000 0 0.000000000000000000
neuron 3 1.000000000000000000 0.000000000000000000 0.000000000000000000 -0.000000000000000000 0 0.000000000000000000
neuron 3 1.000000000000000000 0.000000000000000000 0.000000000000000000 -0.000000000000000000 0 0.000000000000000000
neuron 3 1.000000000000000000 0.000000000000000000 0.000000000000000000 -0.000000000000000000 0 0.000000000000000000
neuron 3 1.000000000000000000 0.000000000000000000 0.000000000000000000 -0.000000000000000000 0 0.000000000000000000
neuron 3 1.000000000000000000 0.000000000000000000 0.000000000000000000 -0.000000000000000000 0 0.000000000000000000
neuron 3 1.000000000000000000 0.000000000000000000 0.000000000000000000 -0.000000000000000000 0 0.000000000000000000
neuron 3 1.000000000000000000 0.000000000000000000 0.000000000000000000 -0.000000000000000000 0 0.000000000000000000
neuron 3 1.000000000000000000 0.000000000000000000 0.000000000000000000 -0.000000000000000000 0 0.000000000000000000
neuron 3 1.000000000000000000 0.000000000000000000 0.000000000000000000 -0.000000000000000000 0 0.000000000000000000
neuron 3 1.000000000000000000 0.000000000000000000 0.000000000000000000 -0.000000000000000000 0 0.000000000000000000
neuron 3 1.000000000000000000 0.000000000000000000 0.000000000000000000 -0.000000000000000000 0 0.000000000000000000
neuron 3 1.000000000000000000 0.000000000000000000 0.000000000000000000 -0.000000000000000000 0 0.000000000000000000
neuron 3 1.000000000000000000 0.000000000000000000 0.000000000000000000 -0.000000000000000000 0 0.000000000000000000
neuron 3 1.000000000000000000 0.000000000000000000 0.000000000000000000 -0.000000000000000000 0 0.000000000000000000
neuron 3 1.000000000000000000 0.000000000000000000 0.000000000000000000 -0.000000000000000000 0 0.000000000000000000
neuron 3 1.000000000000000000 0.000000000000000000 0.000000000000000000 -0.000000000000000000 0 0.000000000000000000
neuron 3 1.000000000000000000 0.000000000000000000 0.000000000000000000 -0.000000000000000000 0 0.000000000000000000
neuron 3 1.000000000000000000 0.000000000000000000 0.000000000000000000 -0.000000000000000000 0 0.000000000000000000
neuron 3 1.000000000000000000 0.000000000000000000 0.000000000000000000 -0.000000000000000000 0 0.000000000000000000
neuron 3 1.000000000000000000 0.000000000000000000 0.000000000000000000 -0.000000000000000000 0 0.000000000000000000
neuron 3 1.000000000000000000 0.000000000000000000 0.000000000000000000 -0.000000000000000000 0 0.000000000000000000
neuron 3 1.000000000000000000 0.000000000000000000 0.000000000000000000 -0.000000000000000000 0 0.000000000000000000
neuron 3 1.000000000000000000 0.000000000000000000 0.000000000000000000 -0.000000000000000000 0 0.000000000000000000
neuron 3 1.000000000000000000 0.000000000000000000 0.000000000000000000 -0.000000000000000000 0 0.000000000000000000
neuron 3 1.000000000000000000 0.000000000000000000 0.000000000000000000 -0.000000000000000000 0 0.000000000000000000
neuron 3 1.000000000000000000 0.000000000000000000 0.000000000000000000 -0.000000000000000000 0 0.000000000000000000
neuron 3 1.000000000000000000 0.000000000000000000 0.000000000000000000 -0.000000000000000000 0 0.000000000000000000
neuron 3 1.000000000000000000 0.000000000000000000 0.000000000000000000 -0.000000000000000000 0 0.000000000000000000
neuron 3 1.000000000000000000 0.000000000000000000 0.000000000000000000 -0.000000000000000000 0 0.000000000000000000
neuron 3 1.000000000000000000 0.000000000000000000 0.000000000000000000 -0.000000000000000000 0 0.000000000000000000
neuron 3 1.000000000000000000 0.000000000000000000 0.000000000000000000 -0.000000000000000000 0 0.000000000000000000
neuron 3 1.000000000000000000 0.000000000000000000 0.000000000000000000 -0.000000000000000000 0 0.000000000000000000
neuron 3 1.000000000000000000 0.000000000000000000 0.000000000000000000 -0.000000000000000000 0 0.000000000000000000
neuron 3 1.000000000000000000 0.000000000000000000 0.000000000000000000 -0.000000000000000000 0 0.000000000000000000
neuron 3 1.000000000000000000 0.000000000000000000 0.000000000000000000 -0.000000000000000000 0 0.000000000000000000
neuron 3 1.000000000000000000 0.000000000000000000 0.000000000000000000 -0.000000000000000000 0 0.000000000000000000
neuron 3 1.000000000000000000 0.000000000000000000 0.000000000000000000 -0.000000000000000000 0 0.000000000000000000
neuron 3 1.000000000000000000 0.000000000000000000 0.000000000000000000 -0.000000000000000000 0 0.000000000000000000
neuron 3 1.000000000000000000 0.000000000000000000 0.000000000000000000 -0.000000000000000000 0 0.000000000000000000
connection 0 22 6.630814856307806870 0 0.000000000000000000 -0.000000000000000000
connection 0 23 2.204873440803668760 0 0.000000000000000000 -0.000000000000000000
connection 0 24 -3.443876116314182223 0 0.000000000000000000 -0.000000000000000000
connection 0 25 -2.604673813002314375 0 0.000000000000000000 -0.000000000000000000
connection 0 26 3.055641898067258833 0 0.000000000000000000 -0.000000000000000000
connection 0 27 3.804445694776376286 0 0.000000000000000000 -0.000000000000000000
connection 0 28 -1.681310847658061158 0 0.000000000000000000 -0.000000000000000000
connection 0 29 -0.701286847680441472 0 0.000000000000000000 -0.000000000000000000
connection 0 30 4.443904494053377618 0 0.000000000000000000 -0.000000000000000000
connection 0 31 6.786309955932947169 0 0.000000000000000000 -0.000000000000000000
connection 0 32 6.811030460936202680 0 0.000000000000000000 -0.000000000000000000
connection 0 33 4.976030766525544990 0 0.000000000000000000 -0.000000000000000000
connection 0 34 0.298995355153720832 0 0.000000000000000000 -0.000000000000000000
connection 0 35 1.279505054832271504 0 0.000000000000000000 -0.000000000000000000
connection 0 36 5.409093438803650677 0 0.000000000000000000 -0.000000000000000000
connection 0 37 5.754533925209756262 0 0.000000000000000000 -0.000000000000000000
connection 0 38 2.203091657083640520 0 0.000000000000000000 -0.000000000000000000
connection 0 39 3.041029177187480670 0 0.000000000000000000 -0.000000000000000000
connection 0 40 6.024559850521863602 0 0.000000000000000000 -0.000000000000000000
connection 0 41 6.710765225817940660 0 0.000000000000000000 -0.000000000000000000
connection 1 22 6.529987369258643426 0 0.000000000000000000 -0.000000000000000000
connection 1 23 1.913176100325760132 0 0.000000000000000000 -0.000000000000000000
connection 1 24 -3.655092939944128982 0 0.000000000000000000 -0.000000000000000000
connection 1 25 -2.838982810188322770 0 0.000000000000000000 -0.000000000000000000
connection 1 26 2.787223869340569760 0 0.000000000000000000 -0.000000000000000000
connection 1 27 3.563242250359580865 0 0.000000000000000000 -0.000000000000000000
connection 1 28 -1.933988358415129838 0 0.000000000000000000 -0.000000000000000000
connection 1 29 -0.965181872955004350 0 0.000000000000000000 -0.000000000000000000
connection 1 30 4.230983256530530312 0 0.000000000000000000 -0.000000000000000000
connection 1 31 6.701678870298563240 0 0.000000000000000000 -0.000000000000000000
connection 1 32 6.733836473731195760 0 0.000000000000000000 -0.000000000000000000
connection 1 33 4.790237984589471587 0 0.000000000000000000 -0.000000000000000000
connection 1 35 1.019707850037864239 0 0.000000000000000000 -0.000000000000000000
connection 1 36 5.247857183785357371 0 0.000000000000000000 -0.000000000000000000
connection 1 37 5.614584249294002127 0 0.000000000000000000 -0.000000000000000000
connection 1 38 1.957726654427461854 0 0.000000000000000000 -0.000000000000000000
connection 1 39 2.815769106318399384 0 0.000000000000000000 -0.000000000000000000
connection 1 40 5.902455500239617514 0 0.000000000000000000 -0.000000000000000000
connection 1 41 6.633849089299901358 0 0.000000000000000000 -0.000000000000000000
connection 2 22 6.427486909958629369 0 0.000000000000000000 -0.000000000000000000
connection 2 23 1.637552978772669032 0 0.000000000000000000 -0.000000000000000000
connection 2 24 -3.839160198472788998 0 0.000000000000000000 -0.000000000000000000
connection 2 25 -3.044684075890531805 0 0.000000000000000000 -0.000000000000000000
connection 2 26 2.531641722819792495 0 0.000000000000000000 -0.000000000000000000
connection 2 27 3.332125806797814782 0 0.000000000000000000 -0.000000000000000000
connection 2 28 -2.157580806545065233 0 0.000000000000000000 -0.000000000000000000
connection 2 29 -1.200627959731757288 0 0.000000000000000000 -0.000000000000000000
connection 2 30 4.025997162232221704 0 0.000000000000000000 -0.000000000000000000
connection 2 31 6.616083122374448067 0 0.000000000000000000 -0.000000000000000000
connection 2 32 6.656337373285881931 0 0.000000000000000000 -0.000000000000000000
connection 2 33 4.610802483358424908 0 0.000000000000000000 -0.000000000000000000
connection 2 34 -0.206951192431127001 0 0.000000000000000000 -0.000000000000000000
connection 2 35 0.784223958083705264 0 0.000000000000000000 -0.000000000000000000
connection 2 36 5.091882255399271529 0 0.000000000000000000 -0.000000000000000000
connection 2 37 5.479171860046156084 0 0.000000000000000000 -0.000000000000000000
connection 2 38 1.733813984670028230 0 0.000000000000000000 -0.000000000000000000
connection 2 39 2.609062749062517117 0 0.000000000000000000 -0.000000000000000000
connection 2 40 5.784438111411677852 0 0.000000000000000000 -0.000000000000000000
connection 2 41 6.557327426616357258 0 0.000000000000000000 -0.000000000000000000
connection 3 22 6.324913015407464201 0 0.000000000000000000 -0.000000000000000000
connection 3 23 1.381801763563903274 0 0.000000000000000000 -0.000000000000000000
connection 3 24 -3.996465022742469397 0 0.000000000000000000 -0.000000000000000000
connection 3 25 -3.221687079355053385 0 0.000000000000000000 -0.000000000000000000
connection 3 26 2.292795971423601475 0 0.000000000000000000 -0.000000000000000000
connection 3 27 3.114898162768017009 0 0.000000000000000000 -0.000000000000000000
connection 3 28 -2.351382062382457949 0 0.000000000000000000 -0.000000000000000000
connection 3 29 -1.406228829387642154 0 0.000000000000000000 -0.000000000000000000
connection 3 30 3.832513973296483023 0 0.000000000000000000 -0.000000000000000000
connection 3 31 6.530933443930239335 0 0.000000000000000000 -0.000000000000000000
connection 3 32 6.579893373189086958 0 0.000000000000000000 -0.000000000000000000
connection 3 33 4.440988903121096953 0 0.000000000000000000 -0.000000000000000000
connection 3 34 -0.417702417243343727 0 0.000000000000000000 -0.000000000000000000
connection 3 35 0.575675436250853045 0 0.000000000000000000 -0.000000000000000000
connection 3 36 4.944112975781850494 0 0.000000000000000000 -0.000000000000000000
connection 3 37 5.350937403977892970 0 0.000000000000000000 -0.000000000000000000
connection 3 38 1.534348935419570736 0 0.000000000000000000 -0.000000000000000000
connection 3 39 2.424077480769917248 0 0.000000000000000000 -0.000000000000000000
connection 3 40 5.672879708929890796 0 0.000000000000000000 -0.000000000000000000
connection 3 41 6.482631515445753223 0 0.000000000000000000 -0.000000000000000000
connection 4 22 6.224072356860017585 0 0.000000000000000000 -0.000000000000000000
connection 4 23 1.149255087272317732 0 0.000000000000000000 -0.000000000000000000
connection 4 24 -4.127611008226998557 0 0.000000000000000000 -0.000000000000000000
connection 4 25 -3.370227332140050880 0 0.000000000000000000 -0.000000000000000000
connection 4 26 2.074234581019449575 0 0.000000000000000000 -0.000000000000000000
connection 4 27 2.915116887350291730 0 0.000000000000000000 -0.000000000000000000
connection 4 28 -2.515120682130728813 0 0.000000000000000000 -0.000000000000000000
connection 4 29 -1.581110959600179111 0 0.000000000000000000 -0.000000000000000000
connection 4 30 3.653946781619072492 0 0.000000000000000000 -0.000000000000000000
connection 4 31 6.447812139911622609 0 0.000000000000000000 -0.000000000000000000
connection 4 32 6.506010397949668622 0 0.000000000000000000 -0.000000000000000000
connection 4 33 4.283972753752528284 0 0.000000000000000000 -0.000000000000000000
connection 4 34 -0.598122862712466841 0 0.000000000000000000 -0.000000000000000000
connection 4 35 0.396105602264841539 0 0.000000000000000000 -0.000000000000000000
connection 4 36 4.807447474705890400 0 0.000000000000000000 -0.000000000000000000
connection 4 37 5.232500242726772832 0 0.000000000000000000 -0.000000000000000000
connection 4 38 1.361782085432511114 0 0.000000000000000000 -0.000000000000000000
connection 4 39 2.263495443593933398 0 0.000000000000000000 -0.000000000000000000
connection 4 40 5.570143017059195678 0 0.000000000000000000 -0.000000000000000000
connection 4 41 6.411319987289258115 0 0.000000000000000000 -0.000000000000000000
connection 5 22 6.126923074651177359 0 0.000000000000000000 -0.000000000000000000
connection 5 23 0.942710111026951902 0 0.000000000000000000 -0.000000000000000000
connection 5 24 -4.233335681491969815 0 0.000000000000000000 -0.000000000000000000
connection 5 25 -3.490776096988206678 0 0.000000000000000000 -0.000000000000000000
connection 5 26 1.879051330282781374 0 0.000000000000000000 -0.000000000000000000
connection 5 27 2.735975481836616208 0 0.000000000000000000 -0.000000000000000000
connection 5 28 -2.648871737245475533 0 0.000000000000000000 -0.000000000000000000
connection 5 29 -1.724850398805397811 0 0.000000000000000000 -0.000000000000000000
connection 5 30 3.493427574842322691 0 0.000000000000000000 -0.000000000000000000
connection 5 31 6.368423627663842623 0 0.000000000000000000 -0.000000000000000000
connection 5 32 6.436291121496261702 0 0.000000000000000000 -0.000000000000000000
connection 5 33 4.142715628905361491 0 0.000000000000000000 -0.000000000000000000
connection 5 34 -0.747246064203117899 0 0.000000000000000000 -0.000000000000000000
connection 5 35 0.246989849436908160 0 0.000000000000000000 -0.000000000000000000
connection 5 36 4.684619281546080316 0 0.000000000000000000 -0.000000000000000000
connection 5 37 5.126348411978932873 0 0.000000000000000000 -0.000000000000000000
connection 5 38 1.217994094135402161 0 0.000000000000000000 -0.000000000000000000
connection 5 39 2.129457533445538342 0 0.000000000000000000 -0.000000000000000000
connection 5 40 5.478479999094818531 0 0.000000000000000000 -0.000000000000000000
connection 5 41 6.345025788769835806 0 0.000000000000000000 -0.000000000000000000
connection 6 22 6.035503184864875692 0 0.000000000000000000 -0.000000000000000000
connection 6 23 0.764394319160367153 0 0.000000000000000000 -0.000000000000000000
connection 6 24 -4.314442678961929900 0 0.000000000000000000 -0.000000000000000000
connection 6 25 -3.583961745972957580 0 0.000000000000000000 -0.000000000000000000
connection 6 26 1.709816550656397149 0 0.000000000000000000 -0.000000000000000000
connection 6 27 2.580209344155258933 0 0.000000000000000000 -0.000000000000000000
connection 6 28 -2.752974210729801197 0 0.000000000000000000 -0.000000000000000000
connection 6 29 -1.837396613521119715 0 0.000000000000000000 -0.000000000000000000
connection 6 30 3.353699380225608540 0 0.000000000000000000 -0.000000000000000000
connection 6 31 6.294531031325090176 0 0.000000000000000000 -0.000000000000000000
connection 6 32 6.372373580235433543 0 0.000000000000000000 -0.000000000000000000
connection 6 33 4.019852595310370091 0 0.000000000000000000 -0.000000000000000000
connection 6 34 -0.864574690084365716 0 0.000000000000000000 -0.000000000000000000
connection 6 36 4.578086165995591372 0 0.000000000000000000 -0.000000000000000000
connection 6 37 5.034732432448135953 0 0.000000000000000000 -0.000000000000000000
connection 6 38 1.104295741273831233 0 0.000000000000000000 -0.000000000000000000
connection 6 39 2.023534286961738538 0 0.000000000000000000 -0.000000000000000000
connection 6 40 5.399932134615172963 0 0.000000000000000000 -0.000000000000000000
connection 6 41 6.285391794205521521 0 0.000000000000000000 -0.000000000000000000
connection 7 22 5.951847166274188972 0 0.000000000000000000 -0.000000000000000000
connection 7 23 0.615962052483274070 0 0.000000000000000000 -0.000000000000000000
connection 7 24 -4.371750510880711538 0 0.000000000000000000 -0.000000000000000000
connection 7 25 -3.650506808899350197 0 0.000000000000000000 -0.000000000000000000
connection 7 26 1.568538919649710150 0 0.000000000000000000 -0.000000000000000000
connection 7 27 2.450029790451494272 0 0.000000000000000000 -0.000000000000000000
connection 7 28 -2.827960491689866629 0 0.000000000000000000 -0.000000000000000000
connection 7 29 -1.919002069202707661 0 0.000000000000000000 -0.000000000000000000
connection 7 30 3.237031775450542437 0 0.000000000000000000 -0.000000000000000000
connection 7 31 6.227882308277996160 0 0.000000000000000000 -0.000000000000000000
connection 7 32 6.315860746292724315 0 0.000000000000000000 -0.000000000000000000
connection 7 33 3.917598017591704451 0 0.000000000000000000 -0.000000000000000000
connection 7 34 -0.950019889963636399 0 0.000000000000000000 -0.000000000000000000
connection 7 36 4.489933135395062003 0 0.000000000000000000 -0.000000000000000000
connection 7 37 4.959569998696937709 0 0.000000000000000000 -0.000000000000000000
connection 7 38 1.021445710473722457 0 0.000000000000000000 -0.000000000000000000
connection 7 39 1.946718879566687210 0 0.000000000000000000 -0.000000000000000000
connection 7 40 5.336239291662339568 0 0.000000000000000000 -0.000000000000000000
connection 7 41 6.233998724670565927 0 0.000000000000000000 -0.000000000000000000
connection 8 22 5.877896245827428423 0 0.000000000000000000 -0.000000000000000000
connection 8 23 0.498513745011392784 0 0.000000000000000000 -0.000000000000000000
connection 8 24 -4.406058225915577609 0 0.000000000000000000 -0.000000000000000000
connection 8 25 -3.691182601889074988 0 0.000000000000000000 -0.000000000000000000
connection 8 26 1.456653628167116077 0 0.000000000000000000 -0.000000000000000000
connection 8 27 2.347084912240699150 0 0.000000000000000000 -0.000000000000000000
connection 8 28 -2.874501928344982193 0 0.000000000000000000 -0.000000000000000000
connection 8 29 -1.970163653853148400 0 0.000000000000000000 -0.000000000000000000
connection 8 30 3.145161443211844432 0 0.000000000000000000 -0.000000000000000000
connection 8 31 6.170130694142934580 0 0.000000000000000000 -0.000000000000000000
connection 8 32 6.268245626523516911 0 0.000000000000000000 -0.000000000000000000
connection 8 33 3.837673560457794952 0 0.000000000000000000 -0.000000000000000000
connection 8 34 -1.003845866061237935 0 0.000000000000000000 -0.000000000000000000
connection 8 36 4.421794594970361203 0 0.000000000000000000 -0.000000000000000000
connection 8 37 4.902367196777569269 0 0.000000000000000000 -0.000000000000000000
connection 8 38 0.969678693649595247 0 0.000000000000000000 -0.000000000000000000
connection 8 39 1.899436588410170712 0 0.000000000000000000 -0.000000000000000000
connection 8 40 5.288763075310074946 0 0.000000000000000000 -0.000000000000000000
connection 8 41 6.192290070930730472 0 0.000000000000000000 -0.000000000000000000
connection 9 22 5.815408694022544012 0 0.000000000000000000 -0.000000000000000000
connection 9 23 0.412629043091841008 0 0.000000000000000000 -0.000000000000000000
connection 9 24 -4.418127228956471697 0 0.000000000000000000 -0.000000000000000000
connection 9 25 -3.706781658722122952 0 0.000000000000000000 -0.000000000000000000
connection 9 26 1.375030389655089058 0 0.000000000000000000 -0.000000000000000000
connection 9 27 2.272443603591890682 0 0.000000000000000000 -0.000000000000000000
connection 9 28 -2.893372147784267767 0 0.000000000000000000 -0.000000000000000000
connection 9 29 -1.991579438047250017 0 0.000000000000000000 -0.000000000000000000
connection 9 30 3.079256874516236753 0 0.000000000000000000 -0.000000000000000000
connection 9 31 6.122755074208511061 0 0.000000000000000000 -0.000000000000000000
connection 9 32 6.230837188580651720 0 0.000000000000000000 -0.000000000000000000
connection 9 33 3.781259723109150261 0 0.000000000000000000 -0.000000000000000000
connection 9 34 -1.026624798736645694 0 0.000000000000000000 -0.000000000000000000
connection 9 36 4.374798617176795190 0 0.000000000000000000 -0.000000000000000000
connection 9 37 4.864160186175706002 0 0.000000000000000000 -0.000000000000000000
connection 9 38 0.948737677312893823 0 0.000000000000000000 -0.000000000000000000
connection 9 39 1.881565463638963598 0 0.000000000000000000 -0.000000000000000000
connection 9 40 5.258429115326233472 0 0.000000000000000000 -0.000000000000000000
connection 9 41 6.161499310759193548 0 0.000000000000000000 -0.000000000000000000
connection 10 22 5.765876530889790352 0 0.000000000000000000 -0.000000000000000000
connection 10 23 0.358405718862440992 0 0.000000000000000000 -0.000000000000000000
connection 10 24 -4.408677838070492960 0 0.000000000000000000 -0.000000000000000000
connection 10 25 -3.698106980007801248 0 0.000000000000000000 -0.000000000000000000
connection 10 26 1.323994429992626953 0 0.000000000000000000 -0.000000000000000000
connection 10 27 2.226597931575718725 0 0.000000000000000000 -0.000000000000000000
connection 10 28 -2.885428027139139928 0 0.000000000000000000 -0.000000000000000000
connection 10 29 -1.984121903370984041 0 0.000000000000000000 -0.000000000000000000
connection 10 30 3.039904669468033838 0 0.000000000000000000 -0.000000000000000000
connection 10 31 6.086986116902350474 0 0.000000000000000000 -0.000000000000000000
connection 10 32 6.204692610717085444 0 0.000000000000000000 -0.000000000000000000
connection 10 33 3.748970412379013073 0 0.000000000000000000 -0.000000000000000000
connection 10 34 -1.019204623225036910 0 0.000000000000000000 -0.000000000000000000
connection 10 36 4.349534426793576714 0 0.000000000000000000 -0.000000000000000000
connection 10 37 4.845479550171910788 0 0.000000000000000000 -0.000000000000000000
connection 10 38 0.957906287657204425 0 0.000000000000000000 -0.000000000000000000
connection 10 39 1.892464230586104801 0 0.000000000000000000 -0.000000000000000000
connection 10 40 5.245691160893438010 0 0.000000000000000000 -0.000000000000000000
connection 10 41 6.142584785597375863 0 0.000000000000000000 -0.000000000000000000
connection 11 22 5.730454474068443993 0 0.000000000000000000 -0.000000000000000000
connection 11 23 0.335498087303841952 0 0.000000000000000000 -0.000000000000000000
connection 11 24 -4.378398763327913557 0 0.000000000000000000 -0.000000000000000000
connection 11 25 -3.665976266649412452 0 0.000000000000000000 -0.000000000000000000
connection 11 26 1.303354521957260648 0 0.000000000000000000 -0.000000000000000000
connection 11 27 2.209479076362328431 0 0.000000000000000000 -0.000000000000000000
connection 11 28 -2.851606789784315144 0 0.000000000000000000 -0.000000000000000000
connection 11 29 -1.948826785794970151 0 0.000000000000000000 -0.000000000000000000
connection 11 30 3.027114235268189013 0 0.000000000000000000 -0.000000000000000000
connection 11 31 6.063743635736059900 0 0.000000000000000000 -0.000000000000000000
connection 11 32 6.190560997316514324 0 0.000000000000000000 -0.000000000000000000
connection 11 33 3.740848938108491062 0 0.000000000000000000 -0.000000000000000000
connection 11 34 -0.982689746500410410 0 0.000000000000000000 -0.000000000000000000
connection 11 36 4.346042815107987067 0 0.000000000000000000 -0.000000000000000000
connection 11 37 4.846338000005525615 0 0.000000000000000000 -0.000000000000000000
connection 11 38 0.996039345797348430 0 0.000000000000000000 -0.000000000000000000
connection 11 39 1.931005165230520904 0 0.000000000000000000 -0.000000000000000000
connection 11 40 5.250518293155931104 0 0.000000000000000000 -0.000000000000000000
connection 11 41 6.136177164871444489 0 0.000000000000000000 -0.000000000000000000
connection 12 22 5.709905878962469039 0 0.000000000000000000 -0.000000000000000000
connection 12 23 0.343150996695636146 0 0.000000000000000000 -0.000000000000000000
connection 12 24 -4.327967420400006482 0 0.000000000000000000 -0.000000000000000000
connection 12 25 -3.611238690393083761 0 0.000000000000000000 -0.000000000000000000
connection 12 26 1.312433874332627814 0 0.000000000000000000 -0.000000000000000000
connection 12 27 2.220483033608302570 0 0.000000000000000000 -0.000000000000000000
connection 12 28 -2.792936624695743664 0 0.000000000000000000 -0.000000000000000000
connection 12 29 -1.886895092819373509 0 0.000000000000000000 -0.000000000000000000
connection 12 30 3.040337880684582661 0 0.000000000000000000 -0.000000000000000000
connection 12 31 6.053589764106397375 0 0.000000000000000000 -0.000000000000000000
connection 12 32 6.188842861836542752 0 0.000000000000000000 -0.000000000000000000
connection 12 33 3.756383376833016818 0 0.000000000000000000 -0.000000000000000000
connection 12 34 -0.918432771562748385 0 0.000000000000000000 -0.000000000000000000
connection 12 36 4.363828292247381668 0 0.000000000000000000 -0.000000000000000000
connection 12 37 4.866240904706305770 0 0.000000000000000000 -0.000000000000000000
connection 12 38 1.061591910475749856 0 0.000000000000000000 -0.000000000000000000
connection 12 39 1.995611404104166153 0 0.000000000000000000 -0.000000000000000000
connection 12 40 5.272405165807123595 0 0.000000000000000000 -0.000000000000000000
connection 12 41 6.142543546659363862 0 0.000000000000000000 -0.000000000000000000
connection 13 22 5.704569019893966697 0 0.000000000000000000 -0.000000000000000000
connection 13 23 0.380227938161983192 0 0.000000000000000000 -0.000000000000000000
connection 13 24 -4.258078753329490596 0 0.000000000000000000 -0.000000000000000000
connection 13 25 -3.534801268778831940 0 0.000000000000000000 -0.000000000000000000
connection 13 26 1.350101779996125906 0 0.000000000000000000 -0.000000000000000000
connection 13 27 2.258503730054772785 0 0.000000000000000000 -0.000000000000000000
connection 13 28 -2.710557403626715711 0 0.000000000000000000 -0.000000000000000000
connection 13 29 -1.799704643899606049 0 0.000000000000000000 -0.000000000000000000
connection 13 30 3.078504032494718157 0 0.000000000000000000 -0.000000000000000000
connection 13 31 6.056701268585669595 0 0.000000000000000000 -0.000000000000000000
connection 13 32 6.199568464404542567 0 0.000000000000000000 -0.000000000000000000
connection 13 33 3.794539287601315536 0 0.000000000000000000 -0.000000000000000000
connection 13 34 -0.828033746349971844 0 0.000000000000000000 -0.000000000000000000
connection 13 36 4.401891261135382649 0 0.000000000000000000 -0.000000000000000000
connection 13 37 4.904218178721255761 0 0.000000000000000000 -0.000000000000000000
connection 13 38 1.152648750336098260 0 0.000000000000000000 -0.000000000000000000
connection 13 39 2.084299500246907133 0 0.000000000000000000 -0.000000000000000000
connection 13 40 5.310403965781188340 0 0.000000000000000000 -0.000000000000000000
connection 13 41 6.161571022905638628 0 0.000000000000000000 -0.000000000000000000
connection 23 42 5.306596313960768363 0 0.000000000000000000 -0.000000000000000000
connection 23 43 1.673647406792002190 0 0.000000000000000000 -0.000000000000000000
connection 23 25 -1.122792760829901093 0 0.000000000000000000 -0.000000000000000000
connection 23 26 -1.147090505459098742 0 0.000000000000000000 -0.000000000000000000
connection 23 44 -6.393362757358842074 0 0.000000000000000000 -0.000000000000000000
connection 23 31 -4.996260083806006946 0 0.000000000000000000 -0.000000000000000000
connection 23 46 -1.848467988860602151 0 0.000000000000000000 -0.000000000000000000
connection 23 47 -4.442451403751368488 0 0.000000000000000000 -0.000000000000000000
connection 23 48 -5.592659837819165425 0 0.000000000000000000 -0.000000000000000000
connection 23 49 -5.900895019716456247 0 0.000000000000000000 -0.000000000000000000
connection 23 50 -7.579466948536332183 0 0.000000000000000000 -0.000000000000000000
connection 23 51 -7.316878593520931062 0 0.000000000000000000 -0.000000000000000000
connection 24 22 6.430601671604843972 0 0.000000000000000000 -0.000000000000000000
connection 24 27 -0.689787445022297163 0 0.000000000000000000 -0.000000000000000000
connection 24 28 -2.003489191003396286 0 0.000000000000000000 -0.000000000000000000
connection 24 29 -5.552774046306486078 0 0.000000000000000000 -0.000000000000000000
connection 24 30 -4.607634413026382880 0 0.000000000000000000 -0.000000000000000000
connection 24 52 2.609780142510973011 0 0.000000000000000000 -0.000000000000000000
connection 24 53 1.091441672188362189 0 0.000000000000000000 -0.000000000000000000
connection 24 54 -3.240186220198840950 0 0.000000000000000000 -0.000000000000000000
connection 24 55 -1.910506688504121309 0 0.000000000000000000 -0.000000000000000000
connection 24 46 0.376188425911132052 0 0.000000000000000000 -0.000000000000000000
connection 24 56 2.401972914329890241 0 0.000000000000000000 -0.000000000000000000
connection 24 47 -3.238209849242811078 0 0.000000000000000000 -0.000000000000000000
connection 24 48 -4.770810374069895055 0 0.000000000000000000 -0.000000000000000000
connection 24 57 -2.302626027330259006 0 0.000000000000000000 -0.000000000000000000
connection 24 58 -1.436734540947891103 0 0.000000000000000000 -0.000000000000000000
connection 24 59 -5.667956693383552569 0 0.000000000000000000 -0.000000000000000000
connection 24 60 -5.907471820094406745 0 0.000000000000000000 -0.000000000000000000
connection 24 50 -7.607491533236707681 0 0.000000000000000000 -0.000000000000000000
connection 24 51 -6.762810386710058630 0 0.000000000000000000 -0.000000000000000000
connection 25 22 6.557146296837510491 0 0.000000000000000000 -0.000000000000000000
connection 25 27 -0.356696827760230262 0 0.000000000000000000 -0.000000000000000000
connection 25 28 -1.854093761476091728 0 0.000000000000000000 -0.000000000000000000
connection 25 29 -5.416192899154664175 0 0.000000000000000000 -0.000000000000000000
connection 25 30 -4.348069538393223965 0 0.000000000000000000 -0.000000000000000000
connection 25 52 2.809913692550883191 0 0.000000000000000000 -0.000000000000000000
connection 25 53 1.422417244582062867 0 0.000000000000000000 -0.000000000000000000
connection 25 54 -2.954396200186998112 0 0.000000000000000000 -0.000000000000000000
connection 25 55 -1.716536338502838488 0 0.000000000000000000 -0.000000000000000000
connection 25 46 -0.254583136501394913 0 0.000000000000000000 -0.000000000000000000
connection 25 56 1.808368350761633270 0 0.000000000000000000 -0.000000000000000000
connection 25 47 -3.749670921340081176 0 0.000000000000000000 -0.000000000000000000
connection 25 48 -5.123073489463629393 0 0.000000000000000000 -0.000000000000000000
connection 25 57 -2.436303079359338319 0 0.000000000000000000 -0.000000000000000000
connection 25 58 -1.870024503672525373 0 0.000000000000000000 -0.000000000000000000
connection 25 59 -5.832320599861793298 0 0.000000000000000000 -0.000000000000000000
connection 25 60 -5.915300704074082816 0 0.000000000000000000 -0.000000000000000000
connection 25 50 -7.621840924533207051 0 0.000000000000000000 -0.000000000000000000
connection 25 51 -6.646920828147409921 0 0.000000000000000000 -0.000000000000000000
connection 26 42 5.509914513473413322 0 0.000000000000000000 -0.000000000000000000
connection 26 64 4.456442618678697620 0 0.000000000000000000 -0.000000000000000000
connection 26 65 0.264392526447406240 0 0.000000000000000000 -0.000000000000000000
connection 26 43 2.007184674256504042 0 0.000000000000000000 -0.000000000000000000
connection 26 25 -1.355436082663909803 0 0.000000000000000000 -0.000000000000000000
connection 26 26 -1.066952712527965419 0 0.000000000000000000 -0.000000000000000000
connection 26 44 -6.352101950984767598 0 0.000000000000000000 -0.000000000000000000
connection 26 31 -4.751372980799578372 0 0.000000000000000000 -0.000000000000000000
connection 26 66 4.651314740856244079 0 0.000000000000000000 -0.000000000000000000
connection 26 67 3.306522443489012364 0 0.000000000000000000 -0.000000000000000000
connection 26 46 -2.430468701953522270 0 0.000000000000000000 -0.000000000000000000
connection 26 56 -0.581578892584851848 0 0.000000000000000000 -0.000000000000000000
connection 26 47 -4.793044381156795986 0 0.000000000000000000 -0.000000000000000000
connection 26 48 -5.885016629814436406 0 0.000000000000000000 -0.000000000000000000
connection 26 49 -6.114116551290743828 0 0.000000000000000000 -0.000000000000000000
connection 26 50 -7.618329650551594057 0 0.000000000000000000 -0.000000000000000000
connection 26 51 -7.233100789678237774 0 0.000000000000000000 -0.000000000000000000
connection 27 42 5.699741002873115470 0 0.000000000000000000 -0.000000000000000000
connection 27 64 4.667136808760056432 0 0.000000000000000000 -0.000000000000000000
connection 27 65 0.594990984342158691 0 0.000000000000000000 -0.000000000000000000
connection 27 43 2.321918574984599637 0 0.000000000000000000 -0.000000000000000000
connection 27 24 3.542621720509679495 0 0.000000000000000000 -0.000000000000000000
connection 27 25 -1.504826188533639364 0 0.000000000000000000 -0.000000000000000000
connection 27 26 -0.917089096586360952 0 0.000000000000000000 -0.000000000000000000
connection 27 44 -6.282532652763840986 0 0.000000000000000000 -0.000000000000000000
connection 27 31 -4.499551725046790907 0 0.000000000000000000 -0.000000000000000000
connection 27 66 4.292319223367726089 0 0.000000000000000000 -0.000000000000000000
connection 27 67 2.761803365193684634 0 0.000000000000000000 -0.000000000000000000
connection 27 46 -2.994436985478610147 0 0.000000000000000000 -0.000000000000000000
connection 27 56 -1.128162655300157136 0 0.000000000000000000 -0.000000000000000000
connection 27 47 -5.133972037608419470 0 0.000000000000000000 -0.000000000000000000
connection 27 48 -6.145772860756571809 0 0.000000000000000000 -0.000000000000000000
connection 27 49 -6.285052172780591917 0 0.000000000000000000 -0.000000000000000000
connection 27 50 -7.648597507822969099 0 0.000000000000000000 -0.000000000000000000
connection 27 51 -7.141848924901664120 0 0.000000000000000000 -0.000000000000000000
connection 29 22 6.761523974819169780 0 0.000000000000000000 -0.000000000000000000
connection 29 68 5.315761470135324629 0 0.000000000000000000 -0.000000000000000000
connection 29 27 0.351550114849911777 0 0.000000000000000000 -0.000000000000000000
connection 29 28 -1.384226055397838051 0 0.000000000000000000 -0.000000000000000000
connection 29 29 -5.044952039333924887 0 0.000000000000000000 -0.000000000000000000
connection 29 30 -3.787877230205223267 0 0.000000000000000000 -0.000000000000000000
connection 29 52 3.104316880437420156 0 0.000000000000000000 -0.000000000000000000
connection 29 53 2.003573682468196893 0 0.000000000000000000 -0.000000000000000000
connection 29 54 -2.437197591224824933 0 0.000000000000000000 -0.000000000000000000
connection 29 55 -1.428159352161405549 0 0.000000000000000000 -0.000000000000000000
connection 29 46 -1.402736671044675143 0 0.000000000000000000 -0.000000000000000000
connection 29 56 0.534114685080413265 0 0.000000000000000000 -0.000000000000000000
connection 29 47 -4.654163367529470463 0 0.000000000000000000 -0.000000000000000000
connection 29 48 -5.664693340218675210 0 0.000000000000000000 -0.000000000000000000
connection 29 57 -2.475040391139412321 0 0.000000000000000000 -0.000000000000000000
connection 29 58 -2.505295670542815767 0 0.000000000000000000 -0.000000000000000000
connection 29 59 -6.029066382446093719 0 0.000000000000000000 -0.000000000000000000
connection 29 60 -5.821292011669978450 0 0.000000000000000000 -0.000000000000000000
connection 29 50 -7.626598331690665589 0 0.000000000000000000 -0.000000000000000000
connection 29 51 -6.422215432934550883 0 0.000000000000000000 -0.000000000000000000
connection 22 42 -1.966733422641658180 0 0.000000000000000000 -0.000000000000000000
connection 22 64 -2.374059641438384993 0 0.000000000000000000 -0.000000000000000000
connection 22 65 -5.919822162357501583 0 0.000000000000000000 -0.000000000000000000
connection 22 43 -5.511041645877209127 0 0.000000000000000000 -0.000000000000000000
connection 22 23 -1.621115699709043900 0 0.000000000000000000 -0.000000000000000000
connection 22 25 -4.917031940194021900 0 0.000000000000000000 -0.000000000000000000
connection 22 26 -5.740837611367520132 0 0.000000000000000000 -0.000000000000000000
connection 22 44 -7.350986311207750035 0 0.000000000000000000 -0.000000000000000000
connection 22 31 -7.260463693950016228 0 0.000000000000000000 -0.000000000000000000
connection 22 69 4.708586301902495386 0 0.000000000000000000 -0.000000000000000000
connection 22 66 0.704462370378278746 0 0.000000000000000000 -0.000000000000000000
connection 22 67 -0.234462612920391250 0 0.000000000000000000 -0.000000000000000000
connection 22 70 -5.023526301247915882 0 0.000000000000000000 -0.000000000000000000
connection 22 49 -6.549506367118292260 0 0.000000000000000000 -0.000000000000000000
connection 22 51 -7.656847099281727687 0 0.000000000000000000 -0.000000000000000000
connection 28 22 6.667374413236816899 0 0.000000000000000000 -0.000000000000000000
connection 28 68 5.140870810282057946 0 0.000000000000000000 -0.000000000000000000
connection 28 28 -1.644915552117255153 0 0.000000000000000000 -0.000000000000000000
connection 28 29 -5.246036056325594110 0 0.000000000000000000 -0.000000000000000000
connection 28 30 -4.072260501509039621 0 0.000000000000000000 -0.000000000000000000
connection 28 52 2.974384141276853910 0 0.000000000000000000 -0.000000000000000000
connection 28 53 1.728410967818886812 0 0.000000000000000000 -0.000000000000000000
connection 28 54 -2.684593625214310109 0 0.000000000000000000 -0.000000000000000000
connection 28 55 -1.555708804017136515 0 0.000000000000000000 -0.000000000000000000
connection 28 46 -0.853285205100160038 0 0.000000000000000000 -0.000000000000000000
connection 28 56 1.180519870612570577 0 0.000000000000000000 -0.000000000000000000
connection 28 47 -4.224535805877292383 0 0.000000000000000000 -0.000000000000000000
connection 28 48 -5.420413862367957414 0 0.000000000000000000 -0.000000000000000000
connection 28 57 -2.492622269766835430 0 0.000000000000000000 -0.000000000000000000
connection 28 58 -2.227174501975723864 0 0.000000000000000000 -0.000000000000000000
connection 28 59 -5.951474287444173505 0 0.000000000000000000 -0.000000000000000000
connection 28 60 -5.886117664801751914 0 0.000000000000000000 -0.000000000000000000
connection 28 50 -7.628112733436338999 0 0.000000000000000000 -0.000000000000000000
connection 28 51 -6.532468084848852996 0 0.000000000000000000 -0.000000000000000000
connection 30 42 5.872140005176437860 0 0.000000000000000000 -0.000000000000000000
connection 30 64 4.888221914331957407 0 0.000000000000000000 -0.000000000000000000
connection 30 65 0.941050481214067425 0 0.000000000000000000 -0.000000000000000000
connection 30 25 -1.572331994574021286 0 0.000000000000000000 -0.000000000000000000
connection 30 26 -0.705382276346703252 0 0.000000000000000000 -0.000000000000000000
connection 30 44 -6.185128898569441702 0 0.000000000000000000 -0.000000000000000000
connection 30 52 -1.953857634902699036 0 0.000000000000000000 -0.000000000000000000
connection 30 53 -3.451817565118935338 0 0.000000000000000000 -0.000000000000000000
connection 30 54 -5.715573493830597762 0 0.000000000000000000 -0.000000000000000000
connection 30 55 -4.808638420553290160 0 0.000000000000000000 -0.000000000000000000
connection 30 66 3.880163183703672747 0 0.000000000000000000 -0.000000000000000000
connection 30 67 2.173685728205391410 0 0.000000000000000000 -0.000000000000000000
connection 30 46 -3.526444309502345220 0 0.000000000000000000 -0.000000000000000000
connection 30 56 -1.693087479618865965 0 0.000000000000000000 -0.000000000000000000
connection 30 47 -5.458159124440162380 0 0.000000000000000000 -0.000000000000000000
connection 30 48 -6.373299346404679433 0 0.000000000000000000 -0.000000000000000000
connection 30 49 -6.417338560966431515 0 0.000000000000000000 -0.000000000000000000
connection 30 50 -7.671016135602619634 0 0.000000000000000000 -0.000000000000000000
connection 30 51 -7.044743753965444277 0 0.000000000000000000 -0.000000000000000000
connection 31 42 -1.564506738434375599 0 0.000000000000000000 -0.000000000000000000
connection 31 64 -2.506053462910807550 0 0.000000000000000000 -0.000000000000000000
connection 31 65 -5.870764212010444183 0 0.000000000000000000 -0.000000000000000000
connection 31 43 -5.179866031407319049 0 0.000000000000000000 -0.000000000000000000
connection 31 23 -2.353152641551809587 0 0.000000000000000000 -0.000000000000000000
connection 31 24 -1.079733895571849622 0 0.000000000000000000 -0.000000000000000000
connection 31 25 -5.524327069141481417 0 0.000000000000000000 -0.000000000000000000
connection 31 26 -5.990202482836759934 0 0.000000000000000000 -0.000000000000000000
connection 31 44 -7.414809666897185458 0 0.000000000000000000 -0.000000000000000000
connection 31 31 -7.124289822977091902 0 0.000000000000000000 -0.000000000000000000
connection 31 69 4.136080041066724888 0 0.000000000000000000 -0.000000000000000000
connection 31 71 4.855742122217423962 0 0.000000000000000000 -0.000000000000000000
connection 31 67 -1.108216509504120539 0 0.000000000000000000 -0.000000000000000000
connection 31 70 -5.457295971294108483 0 0.000000000000000000 -0.000000000000000000
connection 31 49 -6.885874191724371762 0 0.000000000000000000 -0.000000000000000000
connection 31 51 -7.580545052581363130 0 0.000000000000000000 -0.000000000000000000
connection 33 42 6.024939963235651952 0 0.000000000000000000 -0.000000000000000000
connection 33 64 5.109682749159722093 0 0.000000000000000000 -0.000000000000000000
connection 33 65 1.289843326683647318 0 0.000000000000000000 -0.000000000000000000
connection 33 25 -1.561064917965147458 0 0.000000000000000000 -0.000000000000000000
connection 33 26 -0.441404565958345985 0 0.000000000000000000 -0.000000000000000000
connection 33 44 -6.060487707588892548 0 0.000000000000000000 -0.000000000000000000
connection 33 52 -1.695787530735562543 0 0.000000000000000000 -0.000000000000000000
connection 33 53 -3.145066883988448136 0 0.000000000000000000 -0.000000000000000000
connection 33 54 -5.519340201930907241 0 0.000000000000000000 -0.000000000000000000
connection 33 55 -4.635772576875196727 0 0.000000000000000000 -0.000000000000000000
connection 33 66 3.412865474520212494 0 0.000000000000000000 -0.000000000000000000
connection 33 67 1.554837369752467113 0 0.000000000000000000 -0.000000000000000000
connection 33 46 -4.014933916209406206 0 0.000000000000000000 -0.000000000000000000
connection 33 56 -2.263799175468500735 0 0.000000000000000000 -0.000000000000000000
connection 33 47 -5.759474038229733139 0 0.000000000000000000 -0.000000000000000000
connection 33 48 -6.567631172087906144 0 0.000000000000000000 -0.000000000000000000
connection 33 49 -6.514559974423743682 0 0.000000000000000000 -0.000000000000000000
connection 33 50 -7.686220467043828108 0 0.000000000000000000 -0.000000000000000000
connection 33 51 -6.943835373810908429 0 0.000000000000000000 -0.000000000000000000
connection 34 68 5.501595914968283374 0 0.000000000000000000 -0.000000000000000000
connection 34 27 0.702488574822054512 0 0.000000000000000000 -0.000000000000000000
connection 34 28 -1.081822330533669607 0 0.000000000000000000 -0.000000000000000000
connection 34 29 -4.816714869819279876 0 0.000000000000000000 -0.000000000000000000
connection 34 30 -3.503092007279818176 0 0.000000000000000000 -0.000000000000000000
connection 34 52 3.201601296527582186 0 0.000000000000000000 -0.000000000000000000
connection 34 53 2.244247287253976264 0 0.000000000000000000 -0.000000000000000000
connection 34 54 -2.217089169278970928 0 0.000000000000000000 -0.000000000000000000
connection 34 55 -1.332844580934279488 0 0.000000000000000000 -0.000000000000000000
connection 34 46 -1.889567205545842121 0 0.000000000000000000 -0.000000000000000000
connection 34 47 -5.033133120774929914 0 0.000000000000000000 -0.000000000000000000
connection 34 48 -5.859174648715686828 0 0.000000000000000000 -0.000000000000000000
connection 34 57 -2.387851487845536358 0 0.000000000000000000 -0.000000000000000000
connection 34 58 -2.704269851211044351 0 0.000000000000000000 -0.000000000000000000
connection 34 59 -6.068141617091870721 0 0.000000000000000000 -0.000000000000000000
connection 34 60 -5.721921132080236561 0 0.000000000000000000 -0.000000000000000000
connection 34 50 -7.617353967698917927 0 0.000000000000000000 -0.000000000000000000
connection 34 51 -6.318613501056012716 0 0.000000000000000000 -0.000000000000000000
connection 35 68 5.689340663620888527 0 0.000000000000000000 -0.000000000000000000
connection 35 27 1.037109231301614365 0 0.000000000000000000 -0.000000000000000000
connection 35 28 -0.748845032557105883 0 0.000000000000000000 -0.000000000000000000
connection 35 29 -4.566382382943256601 0 0.000000000000000000 -0.000000000000000000
connection 35 30 -3.225996763662644540 0 0.000000000000000000 -0.000000000000000000
connection 35 52 3.268601761228469904 0 0.000000000000000000 -0.000000000000000000
connection 35 53 2.448703943241188785 0 0.000000000000000000 -0.000000000000000000
connection 35 54 -2.027494855622830716 0 0.000000000000000000 -0.000000000000000000
connection 35 55 -1.267827084200157106 0 0.000000000000000000 -0.000000000000000000
connection 35 46 -2.304802857341548883 0 0.000000000000000000 -0.000000000000000000
connection 35 56 -0.738468683260454228 0 0.000000000000000000 -0.000000000000000000
connection 35 47 -5.359198616670212800 0 0.000000000000000000 -0.000000000000000000
connection 35 48 -6.007737423553236589 0 0.000000000000000000 -0.000000000000000000
connection 35 57 -2.236267530184067986 0 0.000000000000000000 -0.000000000000000000
connection 35 58 -2.825819545641364172 0 0.000000000000000000 -0.000000000000000000
connection 35 59 -6.071036578763250091 0 0.000000000000000000 -0.000000000000000000
connection 35 60 -5.589159594986532476 0 0.000000000000000000 -0.000000000000000000
connection 35 50 -7.600218828146243055 0 0.000000000000000000 -0.000000000000000000
connection 35 51 -6.223636921266715305 0 0.000000000000000000 -0.000000000000000000
connection 36 64 5.323259092374454937 0 0.000000000000000000 -0.000000000000000000
connection 36 65 1.629820365659165438 0 0.000000000000000000 -0.000000000000000000
connection 36 25 -1.475602127591325363 0 0.000000000000000000 -0.000000000000000000
connection 36 44 -5.909653250442199024 0 0.000000000000000000 -0.000000000000000000
connection 36 52 -1.467908175504114787 0 0.000000000000000000 -0.000000000000000000
connection 36 53 -2.839943105597656725 0 0.000000000000000000 -0.000000000000000000
connection 36 54 -5.322898308891681474 0 0.000000000000000000 -0.000000000000000000
connection 36 55 -4.481264846154648041 0 0.000000000000000000 -0.000000000000000000
connection 36 66 2.891503896993630196 0 0.000000000000000000 -0.000000000000000000
connection 36 67 0.922054938452960382 0 0.000000000000000000 -0.000000000000000000
connection 36 46 -4.451661280608279370 0 0.000000000000000000 -0.000000000000000000
connection 36 56 -2.826277184873479786 0 0.000000000000000000 -0.000000000000000000
connection 36 47 -6.033233599147977522 0 0.000000000000000000 -0.000000000000000000
connection 36 48 -6.730102341909990571 0 0.000000000000000000 -0.000000000000000000
connection 36 49 -6.579899890776263582 0 0.000000000000000000 -0.000000000000000000
connection 36 50 -7.694689098336210620 0 0.000000000000000000 -0.000000000000000000
connection 36 51 -6.841468433026733464 0 0.000000000000000000 -0.000000000000000000
connection 37 64 5.522742500888473849 0 0.000000000000000000 -0.000000000000000000
connection 37 65 1.951257792096060095 0 0.000000000000000000 -0.000000000000000000
connection 37 23 4.431230236153433033 0 0.000000000000000000 -0.000000000000000000
connection 37 25 -1.321944648008132051 0 0.000000000000000000 -0.000000000000000000
connection 37 44 -5.734429130657572315 0 0.000000000000000000 -0.000000000000000000
connection 37 52 -1.273162753072162978 0 0.000000000000000000 -0.000000000000000000
connection 37 53 -2.545132826196002895 0 0.000000000000000000 -0.000000000000000000
connection 37 54 -5.131549869625934512 0 0.000000000000000000 -0.000000000000000000
connection 37 55 -4.347423171404055431 0 0.000000000000000000 -0.000000000000000000
connection 37 66 2.321188200022436643 0 0.000000000000000000 -0.000000000000000000
connection 37 67 0.294791104287782824 0 0.000000000000000000 -0.000000000000000000
connection 37 70 -5.740873194141613567 0 0.000000000000000000 -0.000000000000000000
connection 37 49 -6.615943775489591339 0 0.000000000000000000 -0.000000000000000000
connection 37 50 -7.696718389150186468 0 0.000000000000000000 -0.000000000000000000
connection 37 51 -6.740101911665532519 0 0.000000000000000000 -0.000000000000000000
connection 38 68 5.871501120042453614 0 0.000000000000000000 -0.000000000000000000
connection 38 27 1.347102839719825029 0 0.000000000000000000 -0.000000000000000000
connection 38 28 -0.397322200418247673 0 0.000000000000000000 -0.000000000000000000
connection 38 29 -4.300254659944690694 0 0.000000000000000000 -0.000000000000000000
connection 38 30 -2.964020053092990103 0 0.000000000000000000 -0.000000000000000000
connection 38 52 3.307937496799581822 0 0.000000000000000000 -0.000000000000000000
connection 38 53 2.616783232288334204 0 0.000000000000000000 -0.000000000000000000
connection 38 54 -1.870040263547345649 0 0.000000000000000000 -0.000000000000000000
connection 38 55 -1.230549593491459870 0 0.000000000000000000 -0.000000000000000000
connection 38 69 5.945479661700574958 0 0.000000000000000000 -0.000000000000000000
connection 38 71 6.633722457916100268 0 0.000000000000000000 -0.000000000000000000
connection 38 46 -2.643624219214096183 0 0.000000000000000000 -0.000000000000000000
connection 38 56 -1.326216077217787337 0 0.000000000000000000 -0.000000000000000000
connection 38 47 -5.632789424476906781 0 0.000000000000000000 -0.000000000000000000
connection 38 48 -6.114261486185519345 0 0.000000000000000000 -0.000000000000000000
connection 38 57 -2.026645920287315050 0 0.000000000000000000 -0.000000000000000000
connection 38 58 -2.872786589643509192 0 0.000000000000000000 -0.000000000000000000
connection 38 59 -6.039420424989229375 0 0.000000000000000000 -0.000000000000000000
connection 38 60 -5.424590193290585560 0 0.000000000000000000 -0.000000000000000000
connection 38 50 -7.574848639258132899 0 0.000000000000000000 -0.000000000000000000
connection 38 51 -6.138687125247775711 0 0.000000000000000000 -0.000000000000000000
connection 39 68 6.042424060004588426 0 0.000000000000000000 -0.000000000000000000
connection 39 27 1.626370668425141552 0 0.000000000000000000 -0.000000000000000000
connection 39 29 -4.025613712274845213 0 0.000000000000000000 -0.000000000000000000
connection 39 30 -2.723443527990476731 0 0.000000000000000000 -0.000000000000000000
connection 39 52 3.322323904674184814 0 0.000000000000000000 -0.000000000000000000
connection 39 53 2.749505718081469929 0 0.000000000000000000 -0.000000000000000000
connection 39 54 -1.744927947324267148 0 0.000000000000000000 -0.000000000000000000
connection 39 55 -1.218079264502489822 0 0.000000000000000000 -0.000000000000000000
connection 39 69 5.752144851866813902 0 0.000000000000000000 -0.000000000000000000
connection 39 71 6.444020971181548596 0 0.000000000000000000 -0.000000000000000000
connection 39 46 -2.904572925777087811 0 0.000000000000000000 -0.000000000000000000
connection 39 56 -1.859748988850544960 0 0.000000000000000000 -0.000000000000000000
connection 39 47 -5.856258401094941668 0 0.000000000000000000 -0.000000000000000000
connection 39 48 -6.182210430260896672 0 0.000000000000000000 -0.000000000000000000
connection 39 57 -1.766729079279504733 0 0.000000000000000000 -0.000000000000000000
connection 39 58 -2.848716910997106222 0 0.000000000000000000 -0.000000000000000000
connection 39 59 -5.974451494786819694 0 0.000000000000000000 -0.000000000000000000
connection 39 60 -5.230588565774420218 0 0.000000000000000000 -0.000000000000000000
connection 39 50 -7.540767252538456589 0 0.000000000000000000 -0.000000000000000000
connection 39 51 -6.064565161346337163 0 0.000000000000000000 -0.000000000000000000
connection 32 42 -0.971804890959303891 0 0.000000000000000000 -0.000000000000000000
connection 32 64 -2.349643198752893625 0 0.000000000000000000 -0.000000000000000000
connection 32 65 -5.680960522744429753 0 0.000000000000000000 -0.000000000000000000
connection 32 43 -4.731429337992486772 0 0.000000000000000000 -0.000000000000000000
connection 32 23 -2.770360623906892972 0 0.000000000000000000 -0.000000000000000000
connection 32 24 -2.066900528630871481 0 0.000000000000000000 -0.000000000000000000
connection 32 25 -5.925236825616221559 0 0.000000000000000000 -0.000000000000000000
connection 32 26 -6.077896372009218950 0 0.000000000000000000 -0.000000000000000000
connection 32 44 -7.427983698647382838 0 0.000000000000000000 -0.000000000000000000
connection 32 31 -6.932288485131646638 0 0.000000000000000000 -0.000000000000000000
connection 32 69 3.378100501936116995 0 0.000000000000000000 -0.000000000000000000
connection 32 71 4.394039089675490395 0 0.000000000000000000 -0.000000000000000000
connection 32 66 -0.643377156946120077 0 0.000000000000000000 -0.000000000000000000
connection 32 67 -2.091268606382200357 0 0.000000000000000000 -0.000000000000000000
connection 32 70 -5.904934653119889632 0 0.000000000000000000 -0.000000000000000000
connection 32 49 -7.136677392805337306 0 0.000000000000000000 -0.000000000000000000
connection 32 51 -7.471032077099898139 0 0.000000000000000000 -0.000000000000000000
connection 40 64 5.703977595797939948 0 0.000000000000000000 -0.000000000000000000
connection 40 65 2.246641333185023903 0 0.000000000000000000 -0.000000000000000000
connection 40 23 4.663321765350395331 0 0.000000000000000000 -0.000000000000000000
connection 40 25 -1.107608421309837610 0 0.000000000000000000 -0.000000000000000000
connection 40 26 0.547640004077304621 0 0.000000000000000000 -0.000000000000000000
connection 40 44 -5.537626705120113790 0 0.000000000000000000 -0.000000000000000000
connection 40 52 -1.112841651281821997 0 0.000000000000000000 -0.000000000000000000
connection 40 53 -2.268395551592921944 0 0.000000000000000000 -0.000000000000000000
connection 40 54 -4.950252625671577533 0 0.000000000000000000 -0.000000000000000000
connection 40 55 -4.235424628555134241 0 0.000000000000000000 -0.000000000000000000
connection 40 66 1.711670054452686829 0 0.000000000000000000 -0.000000000000000000
connection 40 67 -0.306925948049300457 0 0.000000000000000000 -0.000000000000000000
connection 40 70 -6.002129447113764726 0 0.000000000000000000 -0.000000000000000000
connection 40 49 -6.624606932588670283 0 0.000000000000000000 -0.000000000000000000
connection 40 50 -7.692412148030191688 0 0.000000000000000000 -0.000000000000000000
connection 40 51 -6.642112269048985773 0 0.000000000000000000 -0.000000000000000000
connection 41 42 -0.275179363306315705 0 0.000000000000000000 -0.000000000000000000
connection 41 64 -1.946073390049550156 0 0.000000000000000000 -0.000000000000000000
connection 41 65 -5.360474270481174308 0 0.000000000000000000 -0.000000000000000000
connection 41 43 -4.204753392568904680 0 0.000000000000000000 -0.000000000000000000
connection 41 23 -2.882968207316927600 0 0.000000000000000000 -0.000000000000000000
connection 41 24 -2.762448909108361050 0 0.000000000000000000 -0.000000000000000000
connection 41 25 -6.148587058437128938 0 0.000000000000000000 -0.000000000000000000
connection 41 26 -6.023341345146502768 0 0.000000000000000000 -0.000000000000000000
connection 41 44 -7.394370214370248107 0 0.000000000000000000 -0.000000000000000000
connection 41 31 -6.689844733061697468 0 0.000000000000000000 -0.000000000000000000
connection 41 69 2.408493056444156455 0 0.000000000000000000 -0.000000000000000000
connection 41 71 3.780269037300566737 0 0.000000000000000000 -0.000000000000000000
connection 41 66 -1.508918424536118019 0 0.000000000000000000 -0.000000000000000000
connection 41 67 -3.118514359374799483 0 0.000000000000000000 -0.000000000000000000
connection 41 70 -6.331666912135540670 0 0.000000000000000000 -0.000000000000000000
connection 41 49 -7.308742346368134690 0 0.000000000000000000 -0.000000000000000000
connection 41 51 -7.327575068798120483 0 0.000000000000000000 -0.000000000000000000
connection 69 14 3.274408229428662054 0 0.000000000000000000 -0.000000000000000000
connection 71 14 -1.897304386767077578 0 0.000000000000000000 -0.000000000000000000
connection 66 14 -1.907651927312090212 0 0.000000000000000000 -0.000000000000000000
connection 67 14 3.050528815096296142 0 0.000000000000000000 -0.000000000000000000
connection 46 14 2.866947800459786144 0 0.000000000000000000 -0.000000000000000000
connection 56 14 -1.840586440999000040 0 0.000000000000000000 -0.000000000000000000
connection 47 14 -1.692893586388527494 0 0.000000000000000000 -0.000000000000000000
connection 48 14 2.735352270395543961 0 0.000000000000000000 -0.000000000000000000
connection 49 14 6.790446499712969874 0 0.000000000000000000 -0.000000000000000000
connection 42 15 1.150108372005069990 0 0.000000000000000000 -0.000000000000000000
connection 64 15 4.361774936179058315 0 0.000000000000000000 -0.000000000000000000
connection 65 15 4.161165126943998871 0 0.000000000000000000 -0.000000000000000000
connection 43 15 0.962635832428913929 0 0.000000000000000000 -0.000000000000000000
connection 52 15 0.759703770202070250 0 0.000000000000000000 -0.000000000000000000
connection 53 15 3.933016233588213950 0 0.000000000000000000 -0.000000000000000000
connection 54 15 3.672763029331949980 0 0.000000000000000000 -0.000000000000000000
connection 55 15 0.538491542461934980 0 0.000000000000000000 -0.000000000000000000
connection 50 15 6.115120173385752977 0 0.000000000000000000 -0.000000000000000000
connection 22 16 -2.473039813264491293 0 0.000000000000000000 -0.000000000000000000
connection 68 16 2.938349177063379170 0 0.000000000000000000 -0.000000000000000000
connection 44 16 1.936984073556160979 0 0.000000000000000000 -0.000000000000000000
connection 31 16 -2.915210328234395742 0 0.000000000000000000 -0.000000000000000000
connection 50 16 5.757732436473932403 0 0.000000000000000000 -0.000000000000000000
connection 32 16 -3.433107693900423474 0 0.000000000000000000 -0.000000000000000000
connection 41 16 -4.020690410132558235 0 0.000000000000000000 -0.000000000000000000
connection 70 17 5.448143170283979764 0 0.000000000000000000 -0.000000000000000000
connection 57 17 -1.084197019616834679 0 0.000000000000000000 -0.000000000000000000
connection 58 17 1.682278910023131013 0 0.000000000000000000 -0.000000000000000000
connection 59 17 1.307164085661430830 0 0.000000000000000000 -0.000000000000000000
connection 60 17 -1.665373165695302582 0 0.000000000000000000 -0.000000000000000000
connection 51 17 -5.738094001270678035 0 0.000000000000000000 -0.000000000000000000
connection 69 18 -0.565155194272144556 0 0.000000000000000000 -0.000000000000000000
connection 67 18 -0.700763909968902809 0 0.000000000000000000 -0.000000000000000000
connection 46 18 -0.753025779174141152 0 0.000000000000000000 -0.000000000000000000
connection 56 18 3.971166476014760249 0 0.000000000000000000 -0.000000000000000000
connection 47 18 4.180480313701476547 0 0.000000000000000000 -0.000000000000000000
connection 48 18 -0.725125586292700630 0 0.000000000000000000 -0.000000000000000000
connection 49 18 -5.423717618317164479 0 0.000000000000000000 -0.000000000000000000
connection 51 18 -6.919153034026626514 0 0.000000000000000000 -0.000000000000000000
connection 69 19 -5.461812566281283310 0 0.000000000000000000 -0.000000000000000000
connection 71 19 -1.710725505653738265 0 0.000000000000000000 -0.000000000000000000
connection 66 19 -1.479807001321484794 0 0.000000000000000000 -0.000000000000000000
connection 67 19 -5.461031794939501083 0 0.000000000000000000 -0.000000000000000000
connection 46 19 -5.417405163254417566 0 0.000000000000000000 -0.000000000000000000
connection 56 19 -1.200991938078283638 0 0.000000000000000000 -0.000000000000000000
connection 47 19 -0.884746144631440190 0 0.000000000000000000 -0.000000000000000000
connection 48 19 -5.332698657674356468 0 0.000000000000000000 -0.000000000000000000
connection 49 19 -7.156742623074638487 0 0.000000000000000000 -0.000000000000000000
connection 51 19 -7.314853049504608684 0 0.000000000000000000 -0.000000000000000000
connection 50 20 -7.156647776386636295 0 0.000000000000000000 -0.000000000000000000
connection 51 20 -7.484821885578858414 0 0.000000000000000000 -0.000000000000000000
connection 50 21 -7.398794336829555895 0 0.000000000000000000 -0.000000000000000000
NNend

