NNstart
18 8
neuron 1 1.000000000000000000 0.000000000000000000 0.000000000000000000 0.000000000000000000 11 0.000000000000000000
neuron 1 1.000000000000000000 0.000000000000000000 0.000000000000000000 0.000000000000000000 11 0.000000000000000000
neuron 1 1.000000000000000000 0.000000000000000000 0.000000000000000000 0.000000000000000000 11 0.000000000000000000
neuron 1 1.000000000000000000 0.000000000000000000 0.000000000000000000 0.000000000000000000 11 0.000000000000000000
neuron 1 1.000000000000000000 0.000000000000000000 0.000000000000000000 0.000000000000000000 11 0.000000000000000000
neuron 1 1.000000000000000000 0.000000000000000000 0.000000000000000000 0.000000000000000000 11 0.000000000000000000
neuron 1 1.000000000000000000 0.000000000000000000 0.000000000000000000 0.000000000000000000 11 0.000000000000000000
neuron 1 1.000000000000000000 0.000000000000000000 0.000000000000000000 0.000000000000000000 11 0.000000000000000000
neuron 1 1.000000000000000000 0.000000000000000000 0.000000000000000000 0.000000000000000000 11 0.000000000000000000
neuron 1 1.000000000000000000 0.000000000000000000 0.000000000000000000 0.000000000000000000 11 0.000000000000000000
neuron 1 1.000000000000000000 0.000000000000000000 0.000000000000000000 0.000000000000000000 11 0.000000000000000000
neuron 1 1.000000000000000000 0.000000000000000000 0.000000000000000000 0.000000000000000000 11 0.000000000000000000
neuron 1 1.000000000000000000 0.000000000000000000 0.000000000000000000 0.000000000000000000 11 0.000000000000000000
neuron 1 1.000000000000000000 0.000000000000000000 0.000000000000000000 0.000000000000000000 11 0.000000000000000000
neuron 1 1.000000000000000000 0.000000000000000000 0.000000000000000000 0.000000000000000000 11 0.000000000000000000
neuron 1 1.000000000000000000 0.000000000000000000 0.000000000000000000 0.000000000000000000 11 0.000000000000000000
neuron 1 1.000000000000000000 0.000000000000000000 0.000000000000000000 0.000000000000000000 11 0.000000000000000000
neuron 2 1.000000000000000000 0.000000000000000000 0.000000000000000000 0.000000000000000000 11 0.000000000000000000
neuron 4 1.000000000000000000 0.000000000000000000 0.000000000000000000 0.000000000000000000 1 0.000000000000000000
neuron 4 1.000000000000000000 0.000000000000000000 0.000000000000000000 0.000000000000000000 1 0.000000000000000000
neuron 4 1.000000000000000000 0.000000000000000000 0.000000000000000000 0.000000000000000000 1 0.000000000000000000
neuron 4 1.000000000000000000 0.000000000000000000 0.000000000000000000 0.000000000000000000 1 0.000000000000000000
neuron 4 1.000000000000000000 0.000000000000000000 0.000000000000000000 0.000000000000000000 1 0.000000000000000000
neuron 4 1.000000000000000000 0.000000000000000000 0.000000000000000000 0.000000000000000000 1 0.000000000000000000
neuron 4 1.000000000000000000 0.000000000000000000 0.000000000000000000 0.000000000000000000 1 0.000000000000000000
neuron 4 1.000000000000000000 0.000000000000000000 0.000000000000000000 0.000000000000000000 1 0.000000000000000000
neuron 3 1.000000000000000000 0.000000000000000000 0.000000000000000000 0.000000000000000000 0 0.000000000000000000
neuron 3 1.000000000000000000 0.000000000000000000 0.000000000000000000 0.000000000000000000 0 0.000000000000000000
neuron 3 1.000000000000000000 0.000000000000000000 0.000000000000000000 0.000000000000000000 0 0.000000000000000000
neuron 3 1.000000000000000000 0.000000000000000000 0.000000000000000000 0.000000000000000000 0 0.000000000000000000
neuron 3 1.000000000000000000 0.000000000000000000 0.000000000000000000 0.000000000000000000 0 0.000000000000000000
neuron 3 1.000000000000000000 0.000000000000000000 0.000000000000000000 0.000000000000000000 0 0.000000000000000000
neuron 3 1.000000000000000000 0.000000000000000000 0.000000000000000000 0.000000000000000000 0 0.000000000000000000
neuron 3 1.000000000000000000 0.000000000000000000 0.000000000000000000 0.000000000000000000 0 0.000000000000000000
neuron 3 1.000000000000000000 0.000000000000000000 0.000000000000000000 0.000000000000000000 0 0.000000000000000000
neuron 3 1.000000000000000000 0.000000000000000000 0.000000000000000000 0.000000000000000000 0 0.000000000000000000
neuron 3 1.000000000000000000 0.000000000000000000 0.000000000000000000 0.000000000000000000 0 0.000000000000000000
neuron 3 1.000000000000000000 0.000000000000000000 0.000000000000000000 0.000000000000000000 0 0.000000000000000000
neuron 3 1.000000000000000000 0.000000000000000000 0.000000000000000000 0.000000000000000000 0 0.000000000000000000
neuron 3 1.000000000000000000 0.000000000000000000 0.000000000000000000 0.000000000000000000 0 0.000000000000000000
neuron 3 1.000000000000000000 0.000000000000000000 0.000000000000000000 0.000000000000000000 0 0.000000000000000000
neuron 3 1.000000000000000000 0.000000000000000000 0.000000000000000000 0.000000000000000000 0 0.000000000000000000
neuron 3 1.000000000000000000 0.000000000000000000 0.000000000000000000 0.000000000000000000 0 0.000000000000000000
neuron 3 1.000000000000000000 0.000000000000000000 0.000000000000000000 0.000000000000000000 0 0.000000000000000000
neuron 3 1.000000000000000000 0.000000000000000000 0.000000000000000000 0.000000000000000000 0 0.000000000000000000
neuron 3 1.000000000000000000 0.000000000000000000 0.000000000000000000 0.000000000000000000 0 0.000000000000000000
neuron 3 1.000000000000000000 0.000000000000000000 0.000000000000000000 0.000000000000000000 0 0.000000000000000000
neuron 3 1.000000000000000000 0.000000000000000000 0.000000000000000000 0.000000000000000000 0 0.000000000000000000
neuron 3 1.000000000000000000 0.000000000000000000 0.000000000000000000 0.000000000000000000 0 0.000000000000000000
neuron 3 1.000000000000000000 0.000000000000000000 0.000000000000000000 0.000000000000000000 0 0.000000000000000000
neuron 3 1.000000000000000000 0.000000000000000000 0.000000000000000000 0.000000000000000000 0 0.000000000000000000
neuron 3 1.000000000000000000 0.000000000000000000 0.000000000000000000 0.000000000000000000 0 0.000000000000000000
neuron 3 1.000000000000000000 0.000000000000000000 0.000000000000000000 0.000000000000000000 0 0.000000000000000000
neuron 3 1.000000000000000000 0.000000000000000000 0.000000000000000000 0.000000000000000000 0 0.000000000000000000
neuron 3 1.000000000000000000 0.000000000000000000 0.000000000000000000 0.000000000000000000 0 0.000000000000000000
neuron 3 1.000000000000000000 0.000000000000000000 0.000000000000000000 0.000000000000000000 0 0.000000000000000000
connection 0 26 2.528672880299831061 0 0.000000000000000000 0.000000000000000000
connection 0 27 -2.711712175560727633 0 0.000000000000000000 0.000000000000000000
connection 0 28 0.422555742980871452 0 0.000000000000000000 0.000000000000000000
connection 0 29 -1.787997456236798843 0 0.000000000000000000 0.000000000000000000
connection 0 30 -3.736398357790335467 0 0.000000000000000000 0.000000000000000000
connection 0 31 6.137477406538899949 0 0.000000000000000000 0.000000000000000000
connection 0 32 3.268502406052324005 0 0.000000000000000000 0.000000000000000000
connection 0 33 1.277050429627003547 0 0.000000000000000000 0.000000000000000000
connection 0 34 5.192221749524090768 0 0.000000000000000000 0.000000000000000000
connection 0 35 3.796383247853660325 0 0.000000000000000000 0.000000000000000000
connection 0 36 -0.945228425609139333 0 0.000000000000000000 0.000000000000000000
connection 0 37 -3.028520152006525468 0 0.000000000000000000 0.000000000000000000
connection 0 38 1.919803933353227965 0 0.000000000000000000 0.000000000000000000
connection 0 39 -0.274251733152340582 0 0.000000000000000000 0.000000000000000000
connection 0 40 -2.436099559093883649 0 0.000000000000000000 0.000000000000000000
connection 1 26 2.500064257194874351 0 0.000000000000000000 0.000000000000000000
connection 1 27 -2.722149370131476065 0 0.000000000000000000 0.000000000000000000
connection 1 28 0.385528755699610093 0 0.000000000000000000 0.000000000000000000
connection 1 29 -1.824481353523071947 0 0.000000000000000000 0.000000000000000000
connection 1 30 -3.763821654887197443 0 0.000000000000000000 0.000000000000000000
connection 1 31 6.095225437233327881 0 0.000000000000000000 0.000000000000000000
connection 1 32 3.208269316452933673 0 0.000000000000000000 0.000000000000000000
connection 1 33 1.200907890788597054 0 0.000000000000000000 0.000000000000000000
connection 1 34 5.125807921396358324 0 0.000000000000000000 0.000000000000000000
connection 1 35 3.700098793227870608 0 0.000000000000000000 0.000000000000000000
connection 1 36 -1.024056981256307397 0 0.000000000000000000 0.000000000000000000
connection 1 37 -3.094694895398363510 0 0.000000000000000000 0.000000000000000000
connection 1 38 1.796891651436308024 0 0.000000000000000000 0.000000000000000000
connection 1 39 -0.406651671452731678 0 0.000000000000000000 0.000000000000000000
connection 1 40 -2.554268581861836473 0 0.000000000000000000 0.000000000000000000
connection 2 41 6.324367440590378919 0 0.000000000000000000 0.000000000000000000
connection 2 26 2.463087313818617563 0 0.000000000000000000 0.000000000000000000
connection 2 27 -2.736707811333598972 0 0.000000000000000000 0.000000000000000000
connection 2 28 0.339620737744006473 0 0.000000000000000000 0.000000000000000000
connection 2 29 -1.868964653524394892 0 0.000000000000000000 0.000000000000000000
connection 2 30 -3.797463972831192081 0 0.000000000000000000 0.000000000000000000
connection 2 31 6.045925787791411210 0 0.000000000000000000 0.000000000000000000
connection 2 32 3.137182663374317837 0 0.000000000000000000 0.000000000000000000
connection 2 33 1.112739687486558937 0 0.000000000000000000 0.000000000000000000
connection 2 34 5.049535176656811508 0 0.000000000000000000 0.000000000000000000
connection 2 35 3.591130774111316981 0 0.000000000000000000 0.000000000000000000
connection 2 36 -1.114166822196897444 0 0.000000000000000000 0.000000000000000000
connection 2 37 -3.169939380621676683 0 0.000000000000000000 0.000000000000000000
connection 2 38 1.659789595300642517 0 0.000000000000000000 0.000000000000000000
connection 2 39 -0.552335629904000314 0 0.000000000000000000 0.000000000000000000
connection 2 40 -2.682937201579496111 0 0.000000000000000000 0.000000000000000000
connection 3 41 6.287670207471613537 0 0.000000000000000000 0.000000000000000000
connection 3 26 2.416930047643991220 0 0.000000000000000000 0.000000000000000000
connection 3 27 -2.756168521839211571 0 0.000000000000000000 0.000000000000000000
connection 3 28 0.284017717828275229 0 0.000000000000000000 0.000000000000000000
connection 3 29 -1.922133662196156667 0 0.000000000000000000 0.000000000000000000
connection 3 30 -3.837842264018988647 0 0.000000000000000000 0.000000000000000000
connection 3 31 5.989075468912453459 0 0.000000000000000000 0.000000000000000000
connection 3 32 3.054523165009412899 0 0.000000000000000000 0.000000000000000000
connection 3 33 1.011917830302395238 0 0.000000000000000000 0.000000000000000000
connection 3 34 4.962763156923062802 0 0.000000000000000000 0.000000000000000000
connection 3 35 3.468836512634958069 0 0.000000000000000000 0.000000000000000000
connection 3 36 -1.215956475088184385 0 0.000000000000000000 0.000000000000000000
connection 3 37 -3.254441258417044569 0 0.000000000000000000 0.000000000000000000
connection 3 38 1.508104304357918313 0 0.000000000000000000 0.000000000000000000
connection 3 39 -0.711280757225874805 0 0.000000000000000000 0.000000000000000000
connection 3 40 -2.821773187072509348 0 0.000000000000000000 0.000000000000000000
connection 4 41 6.244597639309163561 0 0.000000000000000000 0.000000000000000000
connection 4 26 2.360797145224356797 0 0.000000000000000000 0.000000000000000000
connection 4 27 -2.781290785952160061 0 0.000000000000000000 0.000000000000000000
connection 4 28 0.217955243220801564 0 0.000000000000000000 0.000000000000000000
connection 4 29 -1.984600958867599463 0 0.000000000000000000 0.000000000000000000
connection 4 30 -3.885398606983616610 0 0.000000000000000000 0.000000000000000000
connection 4 31 5.924143646636513161 0 0.000000000000000000 0.000000000000000000
connection 4 32 2.959594343571915420 0 0.000000000000000000 0.000000000000000000
connection 4 33 0.897892702810483612 0 0.000000000000000000 0.000000000000000000
connection 4 34 4.864840223225305849 0 0.000000000000000000 0.000000000000000000
connection 4 35 3.332612365594731951 0 0.000000000000000000 0.000000000000000000
connection 4 36 -1.329702229592377716 0 0.000000000000000000 0.000000000000000000
connection 4 37 -3.348260132682221890 0 0.000000000000000000 0.000000000000000000
connection 4 38 1.341557241142294243 0 0.000000000000000000 0.000000000000000000
connection 4 39 -0.883297076990409158 0 0.000000000000000000 0.000000000000000000
connection 4 40 -2.970282690008246629 0 0.000000000000000000 0.000000000000000000
connection 5 41 6.194690475696262411 0 0.000000000000000000 0.000000000000000000
connection 5 26 2.293915623389842562 0 0.000000000000000000 0.000000000000000000
connection 5 27 -2.812799653786875353 0 0.000000000000000000 0.000000000000000000
connection 5 29 -2.056891539715596018 0 0.000000000000000000 0.000000000000000000
connection 5 30 -3.940487806209337585 0 0.000000000000000000 0.000000000000000000
connection 5 31 5.850572886038649223 0 0.000000000000000000 0.000000000000000000
connection 5 32 2.851731091762489623 0 0.000000000000000000 0.000000000000000000
connection 5 33 0.770207442636901773 0 0.000000000000000000 0.000000000000000000
connection 5 34 4.755110494122248177 0 0.000000000000000000 0.000000000000000000
connection 5 35 3.181909527931525705 0 0.000000000000000000 0.000000000000000000
connection 5 36 -1.455544423187438596 0 0.000000000000000000 0.000000000000000000
connection 5 37 -3.451319166978152442 0 0.000000000000000000 0.000000000000000000
connection 5 38 1.160004798794754155 0 0.000000000000000000 0.000000000000000000
connection 5 39 -1.068015317175983636 0 0.000000000000000000 0.000000000000000000
connection 5 40 -3.127810991701934995 0 0.000000000000000000 0.000000000000000000
connection 6 41 6.137460937203592870 0 0.000000000000000000 0.000000000000000000
connection 6 26 2.215541486881139832 0 0.000000000000000000 0.000000000000000000
connection 6 27 -2.851372842341895808 0 0.000000000000000000 0.000000000000000000
connection 6 29 -2.139429026348977025 0 0.000000000000000000 0.000000000000000000
connection 6 30 -4.003365827020916257 0 0.000000000000000000 0.000000000000000000
connection 6 31 5.767781941954985392 0 0.000000000000000000 0.000000000000000000
connection 6 32 2.730310527750898775 0 0.000000000000000000 0.000000000000000000
connection 6 33 0.628513744892743365 0 0.000000000000000000 0.000000000000000000
connection 6 34 4.632923531672174633 0 0.000000000000000000 0.000000000000000000
connection 6 35 3.016252801045903542 0 0.000000000000000000 0.000000000000000000
connection 6 36 -1.593474534016313449 0 0.000000000000000000 0.000000000000000000
connection 6 37 -3.563399133019411913 0 0.000000000000000000 0.000000000000000000
connection 6 38 0.963459043126313031 0 0.000000000000000000 0.000000000000000000
connection 6 39 -1.264877646464602323 0 0.000000000000000000 0.000000000000000000
connection 6 40 -3.293547687184271489 0 0.000000000000000000 0.000000000000000000
connection 7 41 6.072393013046933241 0 0.000000000000000000 0.000000000000000000
connection 7 26 2.124967722571470485 0 0.000000000000000000 0.000000000000000000
connection 7 27 -2.897627238529271843 0 0.000000000000000000 0.000000000000000000
connection 7 29 -2.232522221352404301 0 0.000000000000000000 0.000000000000000000
connection 7 30 -4.074179490742311671 0 0.000000000000000000 0.000000000000000000
connection 7 31 5.675170376671104577 0 0.000000000000000000 0.000000000000000000
connection 7 32 2.594765375241310679 0 0.000000000000000000 0.000000000000000000
connection 7 33 0.472588841643428681 0 0.000000000000000000 0.000000000000000000
connection 7 34 4.497646937963268421 0 0.000000000000000000 0.000000000000000000
connection 7 35 2.835262131705804212 0 0.000000000000000000 0.000000000000000000
connection 7 36 -1.743323692708931727 0 0.000000000000000000 0.000000000000000000
connection 7 37 -3.684135424650462731 0 0.000000000000000000 0.000000000000000000
connection 7 38 0.752108202949860694 0 0.000000000000000000 0.000000000000000000
connection 7 39 -1.473132437782738391 0 0.000000000000000000 0.000000000000000000
connection 7 40 -3.466536732973122703 0 0.000000000000000000 0.000000000000000000
connection 7 42 6.063054826714862955 0 0.000000000000000000 0.000000000000000000
connection 7 43 5.573402458268594373 0 0.000000000000000000 0.000000000000000000
connection 7 44 2.869469477821568137 0 0.000000000000000000 0.000000000000000000
connection 7 45 0.801520562690593019 0 0.000000000000000000 0.000000000000000000
connection 7 46 4.391719645764029067 0 0.000000000000000000 0.000000000000000000
connection 8 41 5.998944027550993319 0 0.000000000000000000 0.000000000000000000
connection 8 26 2.021533936679201560 0 0.000000000000000000 0.000000000000000000
connection 8 27 -2.952105243417868952 0 0.000000000000000000 0.000000000000000000
connection 8 29 -2.336352366654129487 0 0.000000000000000000 0.000000000000000000
connection 8 30 -4.152957878546092552 0 0.000000000000000000 0.000000000000000000
connection 8 31 5.572125279098122164 0 0.000000000000000000 0.000000000000000000
connection 8 32 2.444599985332672087 0 0.000000000000000000 0.000000000000000000
connection 8 33 0.302353203842803675 0 0.000000000000000000 0.000000000000000000
connection 8 34 4.348682030352557071 0 0.000000000000000000 0.000000000000000000
connection 8 35 2.638676468216629711 0 0.000000000000000000 0.000000000000000000
connection 8 36 -1.904753348802845858 0 0.000000000000000000 0.000000000000000000
connection 8 37 -3.813018533373072394 0 0.000000000000000000 0.000000000000000000
connection 8 38 0.526335647908918514 0 0.000000000000000000 0.000000000000000000
connection 8 39 -1.691834174721178918 0 0.000000000000000000 0.000000000000000000
connection 8 40 -3.645691565692407377 0 0.000000000000000000 0.000000000000000000
connection 8 42 5.947327066073634150 0 0.000000000000000000 0.000000000000000000
connection 8 43 5.421652171033999323 0 0.000000000000000000 0.000000000000000000
connection 8 44 2.629873837466170983 0 0.000000000000000000 0.000000000000000000
connection 8 45 0.526531803324888692 0 0.000000000000000000 0.000000000000000000
connection 8 46 4.178421739618895181 0 0.000000000000000000 0.000000000000000000
connection 8 47 6.811608736370677875 0 0.000000000000000000 0.000000000000000000
connection 9 41 5.916547739878931900 0 0.000000000000000000 0.000000000000000000
connection 9 26 1.904637896955650556 0 0.000000000000000000 0.000000000000000000
connection 9 27 -3.015261235445372723 0 0.000000000000000000 0.000000000000000000
connection 9 28 -0.291017754534919959 0 0.000000000000000000 0.000000000000000000
connection 9 29 -2.450961544226656574 0 0.000000000000000000 0.000000000000000000
connection 9 30 -4.239605902288669625 0 0.000000000000000000 0.000000000000000000
connection 9 31 5.458030334682192120 0 0.000000000000000000 0.000000000000000000
connection 9 32 2.279408949588056288 0 0.000000000000000000 0.000000000000000000
connection 9 34 4.185482623183454542 0 0.000000000000000000 0.000000000000000000
connection 9 35 2.426379176551609618 0 0.000000000000000000 0.000000000000000000
connection 9 36 -2.077248922855757574 0 0.000000000000000000 0.000000000000000000
connection 9 37 -3.949398409855501502 0 0.000000000000000000 0.000000000000000000
connection 9 38 0.286735861693063088 0 0.000000000000000000 0.000000000000000000
connection 9 39 -1.919849496644867592 0 0.000000000000000000 0.000000000000000000
connection 9 40 -3.829815212460219165 0 0.000000000000000000 0.000000000000000000
connection 9 42 5.821236581356290074 0 0.000000000000000000 0.000000000000000000
connection 9 43 5.257956114063880193 0 0.000000000000000000 0.000000000000000000
connection 9 44 2.375013634890885683 0 0.000000000000000000 0.000000000000000000
connection 9 45 0.239776001494666852 0 0.000000000000000000 0.000000000000000000
connection 9 46 3.950935541436378706 0 0.000000000000000000 0.000000000000000000
connection 9 47 6.732776816450505741 0 0.000000000000000000 0.000000000000000000
connection 10 41 5.824619236436965330 0 0.000000000000000000 0.000000000000000000
connection 10 26 1.773749160717892126 0 0.000000000000000000 0.000000000000000000
connection 10 27 -3.087448474039601543 0 0.000000000000000000 0.000000000000000000
connection 10 28 -0.431561055943313066 0 0.000000000000000000 0.000000000000000000
connection 10 29 -2.576242744284921393 0 0.000000000000000000 0.000000000000000000
connection 10 30 -4.333900491164646596 0 0.000000000000000000 0.000000000000000000
connection 10 31 5.332277443501328484 0 0.000000000000000000 0.000000000000000000
connection 10 32 2.098898036704027525 0 0.000000000000000000 0.000000000000000000
connection 10 34 4.007576752373744000 0 0.000000000000000000 0.000000000000000000
connection 10 35 2.198423927005842771 0 0.000000000000000000 0.000000000000000000
connection 10 36 -2.260117319380034573 0 0.000000000000000000 0.000000000000000000
connection 10 37 -4.092493012998047242 0 0.000000000000000000 0.000000000000000000
connection 10 39 -2.155870128202467484 0 0.000000000000000000 0.000000000000000000
connection 10 40 -4.017624979819471420 0 0.000000000000000000 0.000000000000000000
connection 10 42 5.684364876363286356 0 0.000000000000000000 0.000000000000000000
connection 10 43 5.082091029741025778 0 0.000000000000000000 0.000000000000000000
connection 10 44 2.105435398156223936 0 0.000000000000000000 0.000000000000000000
connection 10 46 3.709497143849485035 0 0.000000000000000000 0.000000000000000000
connection 10 47 6.648811369776087332 0 0.000000000000000000 0.000000000000000000
connection 11 41 5.722561865874599363 0 0.000000000000000000 0.000000000000000000
connection 11 26 1.628424846573696350 0 0.000000000000000000 0.000000000000000000
connection 11 27 -3.168906813559619007 0 0.000000000000000000 0.000000000000000000
connection 11 28 -0.585457300201967734 0 0.000000000000000000 0.000000000000000000
connection 11 29 -2.711932202552587601 0 0.000000000000000000 0.000000000000000000
connection 11 30 -4.435489807634740878 0 0.000000000000000000 0.000000000000000000
connection 11 31 5.194280999239763830 0 0.000000000000000000 0.000000000000000000
connection 11 32 1.902906921241370730 0 0.000000000000000000 0.000000000000000000
connection 11 33 -0.292499696838842138 0 0.000000000000000000 0.000000000000000000
connection 11 34 3.814590936262212573 0 0.000000000000000000 0.000000000000000000
connection 11 35 1.955059629610526484 0 0.000000000000000000 0.000000000000000000
connection 11 36 -2.452489146271501941 0 0.000000000000000000 0.000000000000000000
connection 11 37 -4.241401172178949963 0 0.000000000000000000 0.000000000000000000
connection 11 38 -0.230450223615217525 0 0.000000000000000000 0.000000000000000000
connection 11 39 -2.398433058590757394 0 0.000000000000000000 0.000000000000000000
connection 11 40 -4.207780955954481428 0 0.000000000000000000 0.000000000000000000
connection 11 42 5.536352236244624692 0 0.000000000000000000 0.000000000000000000
connection 11 43 4.893945662326055768 0 0.000000000000000000 0.000000000000000000
connection 11 44 1.821928409868354137 0 0.000000000000000000 0.000000000000000000
connection 11 45 -0.363107166616291333 0 0.000000000000000000 0.000000000000000000
connection 11 46 3.454540091017926695 0 0.000000000000000000 0.000000000000000000
connection 11 47 6.559686917119610605 0 0.000000000000000000 0.000000000000000000
connection 12 41 5.609776436896340535 0 0.000000000000000000 0.000000000000000000
connection 12 26 1.468327439485521246 0 0.000000000000000000 0.000000000000000000
connection 12 27 -3.259751648408663272 0 0.000000000000000000 0.000000000000000000
connection 12 28 -0.752595637079123025 0 0.000000000000000000 0.000000000000000000
connection 12 29 -2.857604660943431352 0 0.000000000000000000 0.000000000000000000
connection 12 30 -4.543895838610612081 0 0.000000000000000000 0.000000000000000000
connection 12 31 5.043494818739465479 0 0.000000000000000000 0.000000000000000000
connection 12 32 1.691432872262805143 0 0.000000000000000000 0.000000000000000000
connection 12 33 -0.517314850496274459 0 0.000000000000000000 0.000000000000000000
connection 12 34 3.606276277767208605 0 0.000000000000000000 0.000000000000000000
connection 12 35 1.696752703404351692 0 0.000000000000000000 0.000000000000000000
connection 12 36 -2.653326365246905016 0 0.000000000000000000 0.000000000000000000
connection 12 37 -4.395119664456196062 0 0.000000000000000000 0.000000000000000000
connection 12 38 -0.505723039596822077 0 0.000000000000000000 0.000000000000000000
connection 12 39 -2.645947845031242807 0 0.000000000000000000 0.000000000000000000
connection 12 40 -4.398917229266537277 0 0.000000000000000000 0.000000000000000000
connection 12 42 5.376914067964760235 0 0.000000000000000000 0.000000000000000000
connection 12 43 4.693537187120615073 0 0.000000000000000000 0.000000000000000000
connection 12 44 1.525532072528045457 0 0.000000000000000000 0.000000000000000000
connection 12 45 -0.675758956315142156 0 0.000000000000000000 0.000000000000000000
connection 12 46 3.186705828043723265 0 0.000000000000000000 0.000000000000000000
connection 12 47 6.465416585104891922 0 0.000000000000000000 0.000000000000000000
connection 13 41 5.485672843141053079 0 0.000000000000000000 0.000000000000000000
connection 13 26 1.293244305649035253 0 0.000000000000000000 0.000000000000000000
connection 13 27 -3.359964558903824727 0 0.000000000000000000 0.000000000000000000
connection 13 28 -0.932690901217804069 0 0.000000000000000000 0.000000000000000000
connection 13 31 4.879431547927761237 0 0.000000000000000000 0.000000000000000000
connection 13 32 1.464654252110107802 0 0.000000000000000000 0.000000000000000000
connection 13 33 -0.754125376923905577 0 0.000000000000000000 0.000000000000000000
connection 13 34 3.382535394709476062 0 0.000000000000000000 0.000000000000000000
connection 13 35 1.424204759240317308 0 0.000000000000000000 0.000000000000000000
connection 13 36 -2.861435874922217515 0 0.000000000000000000 0.000000000000000000
connection 13 37 -4.552564150122585751 0 0.000000000000000000 0.000000000000000000
connection 13 38 -0.790210680233948137 0 0.000000000000000000 0.000000000000000000
connection 13 42 5.205857383345158240 0 0.000000000000000000 0.000000000000000000
connection 13 43 4.481025354008949968 0 0.000000000000000000 0.000000000000000000
connection 13 44 1.217533839433519560 0 0.000000000000000000 0.000000000000000000
connection 13 45 -0.993292950719805723 0 0.000000000000000000 0.000000000000000000
connection 13 46 2.906847257231607085 0 0.000000000000000000 0.000000000000000000
connection 13 47 6.366053741904003971 0 0.000000000000000000 0.000000000000000000
connection 14 41 5.349684191597614102 0 0.000000000000000000 0.000000000000000000
connection 14 26 1.103108341047770669 0 0.000000000000000000 0.000000000000000000
connection 14 27 -3.469386166802703730 0 0.000000000000000000 0.000000000000000000
connection 14 28 -1.125272673290677039 0 0.000000000000000000 0.000000000000000000
connection 14 31 4.701684166602509762 0 0.000000000000000000 0.000000000000000000
connection 14 32 1.222952371273039240 0 0.000000000000000000 0.000000000000000000
connection 14 33 -1.001853272109312964 0 0.000000000000000000 0.000000000000000000
connection 14 34 3.143448843238244805 0 0.000000000000000000 0.000000000000000000
connection 14 35 1.138363710477255042 0 0.000000000000000000 0.000000000000000000
connection 14 36 -3.075489205885633570 0 0.000000000000000000 0.000000000000000000
connection 14 37 -4.712593338439163837 0 0.000000000000000000 0.000000000000000000
connection 14 38 -1.082239647882894173 0 0.000000000000000000 0.000000000000000000
connection 14 42 5.023096675933144795 0 0.000000000000000000 0.000000000000000000
connection 14 43 4.256723318343353490 0 0.000000000000000000 0.000000000000000000
connection 14 44 0.899456514926873729 0 0.000000000000000000 0.000000000000000000
connection 14 45 -1.313625854466450971 0 0.000000000000000000 0.000000000000000000
connection 14 46 2.616024374545836029 0 0.000000000000000000 0.000000000000000000
connection 14 47 6.261692603002475543 0 0.000000000000000000 0.000000000000000000
connection 15 41 5.201283387326383512 0 0.000000000000000000 0.000000000000000000
connection 15 26 0.898018898236070284 0 0.000000000000000000 0.000000000000000000
connection 15 27 -3.587711729828048757 0 0.000000000000000000 0.000000000000000000
connection 15 28 -1.329677843654707647 0 0.000000000000000000 0.000000000000000000
connection 15 31 4.509948979143262093 0 0.000000000000000000 0.000000000000000000
connection 15 32 0.966929994813668814 0 0.000000000000000000 0.000000000000000000
connection 15 33 -1.259216115137341552 0 0.000000000000000000 0.000000000000000000
connection 15 34 2.889299410552631731 0 0.000000000000000000 0.000000000000000000
connection 15 35 0.840426448422202266 0 0.000000000000000000 0.000000000000000000
connection 15 36 -3.294048103113869974 0 0.000000000000000000 0.000000000000000000
connection 15 37 -4.874035498088477247 0 0.000000000000000000 0.000000000000000000
connection 15 38 -1.379975947999452890 0 0.000000000000000000 0.000000000000000000
connection 15 42 4.828668340292322725 0 0.000000000000000000 0.000000000000000000
connection 15 43 4.021104197054470752 0 0.000000000000000000 0.000000000000000000
connection 15 44 0.573034424836652345 0 0.000000000000000000 0.000000000000000000
connection 15 45 -1.634624846006884402 0 0.000000000000000000 0.000000000000000000
connection 15 46 2.315491421964563035 0 0.000000000000000000 0.000000000000000000
connection 15 47 6.152467724709947738 0 0.000000000000000000 0.000000000000000000
connection 16 41 5.040001966337524841 0 0.000000000000000000 0.000000000000000000
connection 16 26 0.678261851381843583 0 0.000000000000000000 0.000000000000000000
connection 16 27 -3.714489995232110875 0 0.000000000000000000 0.000000000000000000
connection 16 28 -1.545047824749418597 0 0.000000000000000000 0.000000000000000000
connection 16 31 4.304049225212120966 0 0.000000000000000000 0.000000000000000000
connection 16 32 0.697424646711456764 0 0.000000000000000000 0.000000000000000000
connection 16 33 -1.524742127685888571 0 0.000000000000000000 0.000000000000000000
connection 16 34 2.620592442915041786 0 0.000000000000000000 0.000000000000000000
connection 16 35 0.531831562158134208 0 0.000000000000000000 0.000000000000000000
connection 16 36 -3.515595319059382717 0 0.000000000000000000 0.000000000000000000
connection 16 37 -5.035716214116058964 0 0.000000000000000000 0.000000000000000000
connection 16 38 -1.681464856803053243 0 0.000000000000000000 0.000000000000000000
connection 16 42 4.622742728141669311 0 0.000000000000000000 0.000000000000000000
connection 16 43 3.774802545489214900 0 0.000000000000000000 0.000000000000000000
connection 16 44 0.240178809224958434 0 0.000000000000000000 0.000000000000000000
connection 16 45 -1.954163922846366308 0 0.000000000000000000 0.000000000000000000
connection 16 46 2.006675565803093253 0 0.000000000000000000 0.000000000000000000
connection 16 47 6.038552353757575375 0 0.000000000000000000 0.000000000000000000
connection 17 41 4.865450773254692329 0 0.000000000000000000 0.000000000000000000
connection 17 26 0.444327400610091461 0 0.000000000000000000 0.000000000000000000
connection 17 27 -3.849125782564247533 0 0.000000000000000000 0.000000000000000000
connection 17 28 -1.770331495564703372 0 0.000000000000000000 0.000000000000000000
connection 17 31 4.083958196206623370 0 0.000000000000000000 0.000000000000000000
connection 17 32 0.415514859595947417 0 0.000000000000000000 0.000000000000000000
connection 17 33 -1.796793797696167427 0 0.000000000000000000 0.000000000000000000
connection 17 34 2.338070292202307332 0 0.000000000000000000 0.000000000000000000
connection 17 35 0.214241151378262079 0 0.000000000000000000 0.000000000000000000
connection 17 36 -3.738569488020631049 0 0.000000000000000000 0.000000000000000000
connection 17 38 -1.984677817948156564 0 0.000000000000000000 0.000000000000000000
connection 17 48 5.844416482075778241 0 0.000000000000000000 0.000000000000000000
connection 17 49 3.824599723457196898 0 0.000000000000000000 0.000000000000000000
connection 17 50 2.038477760418048845 0 0.000000000000000000 0.000000000000000000
connection 17 51 4.892772501529491613 0 0.000000000000000000 0.000000000000000000
connection 17 43 3.518610199045389297 0 0.000000000000000000 0.000000000000000000
connection 17 45 -2.270180283764197782 0 0.000000000000000000 0.000000000000000000
connection 17 46 1.691147742774581131 0 0.000000000000000000 0.000000000000000000
connection 17 47 5.920155656655994747 0 0.000000000000000000 0.000000000000000000
connection 45 53 -2.469569132784500631 0 0.000000000000000000 0.000000000000000000
connection 45 54 -7.514207360723859530 0 0.000000000000000000 0.000000000000000000
connection 43 54 -7.328163451935437500 0 0.000000000000000000 0.000000000000000000
connection 31 54 -7.424374319859674110 0 0.000000000000000000 0.000000000000000000
connection 34 54 -7.433475356038929505 0 0.000000000000000000 0.000000000000000000
connection 35 54 -7.449199560479015325 0 0.000000000000000000 0.000000000000000000
connection 38 54 -7.470687025439620044 0 0.000000000000000000 0.000000000000000000
connection 42 54 -7.318752035908763887 0 0.000000000000000000 0.000000000000000000
connection 49 54 -7.372477290197925193 0 0.000000000000000000 0.000000000000000000
connection 40 55 -2.494899930432937563 0 0.000000000000000000 0.000000000000000000
connection 40 53 0.870221104824191571 0 0.000000000000000000 0.000000000000000000
connection 41 54 -7.461850714578725174 0 0.000000000000000000 0.000000000000000000
connection 44 53 -2.528942697742891266 0 0.000000000000000000 0.000000000000000000
connection 44 54 -7.466593711506245512 0 0.000000000000000000 0.000000000000000000
connection 46 54 -7.405435669466562842 0 0.000000000000000000 0.000000000000000000
connection 48 54 -7.159130212202830634 0 0.000000000000000000 0.000000000000000000
connection 50 54 -7.418738457056883284 0 0.000000000000000000 0.000000000000000000
connection 51 54 -7.245374438930327621 0 0.000000000000000000 0.000000000000000000
connection 41 22 -5.472087688994089483 0 0.000000000000000000 0.000000000000000000
connection 26 22 -2.240491903885812874 0 0.000000000000000000 0.000000000000000000
connection 27 22 0.751616145565119465 0 0.000000000000000000 0.000000000000000000
connection 28 22 -1.923441583111382469 0 0.000000000000000000 0.000000000000000000
connection 29 22 -1.657861699120041221 0 0.000000000000000000 0.000000000000000000
connection 30 22 -1.444607202921205369 0 0.000000000000000000 0.000000000000000000
connection 55 22 -1.086190209449920285 0 0.000000000000000000 0.000000000000000000
connection 53 22 2.231020744478822149 0 0.000000000000000000 0.000000000000000000
connection 31 23 -2.267379029333595586 0 0.000000000000000000 0.000000000000000000
connection 32 23 0.854409998235732382 0 0.000000000000000000 0.000000000000000000
connection 33 23 1.137877175766217830 0 0.000000000000000000 0.000000000000000000
connection 34 23 -2.060534063802669902 0 0.000000000000000000 0.000000000000000000
connection 35 23 -1.901245234567700448 0 0.000000000000000000 0.000000000000000000
connection 36 23 1.359779571959514266 0 0.000000000000000000 0.000000000000000000
connection 37 23 1.525275594510899113 0 0.000000000000000000 0.000000000000000000
connection 38 23 -1.785680021203718715 0 0.000000000000000000 0.000000000000000000
connection 39 23 -1.708044556757474020 0 0.000000000000000000 0.000000000000000000
connection 40 23 -1.661177062676789440 0 0.000000000000000000 0.000000000000000000
connection 54 23 -6.767850970514741604 0 0.000000000000000000 0.000000000000000000
connection 48 24 -2.495849888787305293 0 0.000000000000000000 0.000000000000000000
connection 49 24 0.727298266467897636 0 0.000000000000000000 0.000000000000000000
connection 50 24 0.901770506606160538 0 0.000000000000000000 0.000000000000000000
connection 51 24 -2.384205150581251598 0 0.000000000000000000 0.000000000000000000
connection 43 24 -2.308686187713163918 0 0.000000000000000000 0.000000000000000000
connection 44 24 1.025636474057024072 0 0.000000000000000000 0.000000000000000000
connection 45 24 1.106247212476057840 0 0.000000000000000000 0.000000000000000000
connection 46 24 -2.262625881820954366 0 0.000000000000000000 0.000000000000000000
connection 47 24 -5.838804813700404495 0 0.000000000000000000 0.000000000000000000
NNend

