NNstart
14 8
neuron 1 1.000000000000000000 0.000000000000000000 0.000000000000000000 -161193704523284671121570238759732432704157096941759937221790531584.000000000000000000 11 0.000000000000000000
neuron 1 1.000000000000000000 0.000000000000000000 0.000000000000000000 -161193704523284671121570238759732432704157096941759937221790531584.000000000000000000 11 0.000000000000000000
neuron 1 1.000000000000000000 0.000000000000000000 0.000000000000000000 -161193704523284671121570238759732432704157096941759937221790531584.000000000000000000 11 0.000000000000000000
neuron 1 1.000000000000000000 0.000000000000000000 0.000000000000000000 -161193704523284671121570238759732432704157096941759937221790531584.000000000000000000 11 0.000000000000000000
neuron 1 1.000000000000000000 0.000000000000000000 0.000000000000000000 -161193704523284671121570238759732432704157096941759937221790531584.000000000000000000 11 0.000000000000000000
neuron 1 1.000000000000000000 0.000000000000000000 0.000000000000000000 -161193704523284671121570238759732432704157096941759937221790531584.000000000000000000 11 0.000000000000000000
neuron 1 1.000000000000000000 0.000000000000000000 0.000000000000000000 -161193704523284671121570238759732432704157096941759937221790531584.000000000000000000 11 0.000000000000000000
neuron 1 1.000000000000000000 0.000000000000000000 0.000000000000000000 -161193704523284671121570238759732432704157096941759937221790531584.000000000000000000 11 0.000000000000000000
neuron 1 1.000000000000000000 0.000000000000000000 0.000000000000000000 -161193704523284671121570238759732432704157096941759937221790531584.000000000000000000 11 0.000000000000000000
neuron 1 1.000000000000000000 0.000000000000000000 0.000000000000000000 -161193704523284671121570238759732432704157096941759937221790531584.000000000000000000 11 0.000000000000000000
neuron 1 1.000000000000000000 0.000000000000000000 0.000000000000000000 -161193704523284671121570238759732432704157096941759937221790531584.000000000000000000 11 0.000000000000000000
neuron 1 1.000000000000000000 0.000000000000000000 0.000000000000000000 -161193704523284671121570238759732432704157096941759937221790531584.000000000000000000 11 0.000000000000000000
neuron 1 1.000000000000000000 0.000000000000000000 0.000000000000000000 -161193704523284671121570238759732432704157096941759937221790531584.000000000000000000 11 0.000000000000000000
neuron 2 1.000000000000000000 0.000000000000000000 0.000000000000000000 0.000000000000000000 11 0.000000000000000000
neuron 4 1.000000000000000000 0.000000000000000000 0.000000000000000000 -161193704523284671121570238759732432704157096941759937221790531584.000000000000000000 1 0.000000000000000000
neuron 4 1.000000000000000000 0.000000000000000000 0.000000000000000000 -161193704523284671121570238759732432704157096941759937221790531584.000000000000000000 1 0.000000000000000000
neuron 4 1.000000000000000000 0.000000000000000000 0.000000000000000000 -161193704523284671121570238759732432704157096941759937221790531584.000000000000000000 1 0.000000000000000000
neuron 4 1.000000000000000000 0.000000000000000000 0.000000000000000000 -161193704523284671121570238759732432704157096941759937221790531584.000000000000000000 1 0.000000000000000000
neuron 4 1.000000000000000000 0.000000000000000000 0.000000000000000000 -161193704523284671121570238759732432704157096941759937221790531584.000000000000000000 1 0.000000000000000000
neuron 4 1.000000000000000000 0.000000000000000000 0.000000000000000000 -161193704523284671121570238759732432704157096941759937221790531584.000000000000000000 1 0.000000000000000000
neuron 4 1.000000000000000000 0.000000000000000000 0.000000000000000000 -161193704523284671121570238759732432704157096941759937221790531584.000000000000000000 1 0.000000000000000000
neuron 4 1.000000000000000000 0.000000000000000000 0.000000000000000000 -161193704523284671121570238759732432704157096941759937221790531584.000000000000000000 1 0.000000000000000000
neuron 3 1.000000000000000000 0.000000000000000000 0.000000000000000000 -161193704523284671121570238759732432704157096941759937221790531584.000000000000000000 0 0.000000000000000000
neuron 3 1.000000000000000000 0.000000000000000000 0.000000000000000000 -161193704523284671121570238759732432704157096941759937221790531584.000000000000000000 0 0.000000000000000000
neuron 3 1.000000000000000000 0.000000000000000000 0.000000000000000000 -161193704523284671121570238759732432704157096941759937221790531584.000000000000000000 0 0.000000000000000000
neuron 3 1.000000000000000000 0.000000000000000000 0.000000000000000000 -161193704523284671121570238759732432704157096941759937221790531584.000000000000000000 0 0.000000000000000000
connection 0 22 0.506116774810602355 0 0.000000000000000000 -161193704523284671121570238759732432704157096941759937221790531584.000000000000000000
connection 0 23 -0.897588906809759224 0 0.000000000000000000 -161193704523284671121570238759732432704157096941759937221790531584.000000000000000000
connection 0 24 -2.473776509053240424 0 0.000000000000000000 -161193704523284671121570238759732432704157096941759937221790531584.000000000000000000
connection 0 25 -1.178259621667585577 0 0.000000000000000000 -161193704523284671121570238759732432704157096941759937221790531584.000000000000000000
connection 1 22 0.302368238973647507 0 0.000000000000000000 -161193704523284671121570238759732432704157096941759937221790531584.000000000000000000
connection 1 23 -1.110496475365119862 0 0.000000000000000000 -161193704523284671121570238759732432704157096941759937221790531584.000000000000000000
connection 1 24 -2.643852826856703864 0 0.000000000000000000 -161193704523284671121570238759732432704157096941759937221790531584.000000000000000000
connection 1 25 -1.390002611075076500 0 0.000000000000000000 -161193704523284671121570238759732432704157096941759937221790531584.000000000000000000
connection 2 22 0.347594118372639982 0 0.000000000000000000 -161193704523284671121570238759732432704157096941759937221790531584.000000000000000000
connection 2 23 -1.063244736700279969 0 0.000000000000000000 -161193704523284671121570238759732432704157096941759937221790531584.000000000000000000
connection 2 24 -2.609874342082254106 0 0.000000000000000000 -161193704523284671121570238759732432704157096941759937221790531584.000000000000000000
connection 2 25 -1.345212884698116618 0 0.000000000000000000 -161193704523284671121570238759732432704157096941759937221790531584.000000000000000000
connection 3 22 0.413941718185113272 0 0.000000000000000000 -161193704523284671121570238759732432704157096941759937221790531584.000000000000000000
connection 3 23 -0.993370223645803629 0 0.000000000000000000 -161193704523284671121570238759732432704157096941759937221790531584.000000000000000000
connection 3 24 -2.557041714792578802 0 0.000000000000000000 -161193704523284671121570238759732432704157096941759937221790531584.000000000000000000
connection 3 25 -1.277354703133452007 0 0.000000000000000000 -161193704523284671121570238759732432704157096941759937221790531584.000000000000000000
connection 4 22 0.365346013193269981 0 0.000000000000000000 -161193704523284671121570238759732432704157096941759937221790531584.000000000000000000
connection 4 23 -1.043701975991417008 0 0.000000000000000000 -161193704523284671121570238759732432704157096941759937221790531584.000000000000000000
connection 4 24 -2.597739573109176803 0 0.000000000000000000 -161193704523284671121570238759732432704157096941759937221790531584.000000000000000000
connection 4 25 -1.326926044656771664 0 0.000000000000000000 -161193704523284671121570238759732432704157096941759937221790531584.000000000000000000
connection 5 22 0.265076899778828423 0 0.000000000000000000 -161193704523284671121570238759732432704157096941759937221790531584.000000000000000000
connection 5 23 -1.147143234143973567 0 0.000000000000000000 -161193704523284671121570238759732432704157096941759937221790531584.000000000000000000
connection 5 24 -2.678217667226972853 0 0.000000000000000000 -161193704523284671121570238759732432704157096941759937221790531584.000000000000000000
connection 5 25 -1.427602200763354645 0 0.000000000000000000 -161193704523284671121570238759732432704157096941759937221790531584.000000000000000000
connection 6 22 0.354082289437772313 0 0.000000000000000000 -161193704523284671121570238759732432704157096941759937221790531584.000000000000000000
connection 6 23 -1.054301911108230350 0 0.000000000000000000 -161193704523284671121570238759732432704157096941759937221790531584.000000000000000000
connection 6 24 -2.605679505352046732 0 0.000000000000000000 -161193704523284671121570238759732432704157096941759937221790531584.000000000000000000
connection 6 25 -1.334416365581435837 0 0.000000000000000000 -161193704523284671121570238759732432704157096941759937221790531584.000000000000000000
connection 7 22 0.628080037160334559 0 0.000000000000000000 -161193704523284671121570238759732432704157096941759937221790531584.000000000000000000
connection 7 23 -0.761130587572120820 0 0.000000000000000000 -161193704523284671121570238759732432704157096941759937221790531584.000000000000000000
connection 7 24 -2.366908058779874757 0 0.000000000000000000 -161193704523284671121570238759732432704157096941759937221790531584.000000000000000000
connection 7 25 -1.041567722220575254 0 0.000000000000000000 -161193704523284671121570238759732432704157096941759937221790531584.000000000000000000
connection 8 22 0.713588866605783911 0 0.000000000000000000 -161193704523284671121570238759732432704157096941759937221790531584.000000000000000000
connection 8 23 -0.666390152757008747 0 0.000000000000000000 -161193704523284671121570238759732432704157096941759937221790531584.000000000000000000
connection 8 24 -2.284059651021847159 0 0.000000000000000000 -161193704523284671121570238759732432704157096941759937221790531584.000000000000000000
connection 8 25 -0.943235343821550942 0 0.000000000000000000 -161193704523284671121570238759732432704157096941759937221790531584.000000000000000000
connection 9 22 0.619350862018753001 0 0.000000000000000000 -161193704523284671121570238759732432704157096941759937221790531584.000000000000000000
connection 9 23 -0.769088004193279162 0 0.000000000000000000 -161193704523284671121570238759732432704157096941759937221790531584.000000000000000000
connection 9 24 -2.366557305282678492 0 0.000000000000000000 -161193704523284671121570238759732432704157096941759937221790531584.000000000000000000
connection 9 25 -1.040366829249934399 0 0.000000000000000000 -161193704523284671121570238759732432704157096941759937221790531584.000000000000000000
connection 10 22 0.574801973697952162 0 0.000000000000000000 -161193704523284671121570238759732432704157096941759937221790531584.000000000000000000
connection 10 23 -0.816928997811657398 0 0.000000000000000000 -161193704523284671121570238759732432704157096941759937221790531584.000000000000000000
connection 10 24 -2.401666121958002442 0 0.000000000000000000 -161193704523284671121570238759732432704157096941759937221790531584.000000000000000000
connection 10 25 -1.082215029022822517 0 0.000000000000000000 -161193704523284671121570238759732432704157096941759937221790531584.000000000000000000
connection 11 22 0.642434081705953952 0 0.000000000000000000 -161193704523284671121570238759732432704157096941759937221790531584.000000000000000000
connection 11 23 -0.742741577143037346 0 0.000000000000000000 -161193704523284671121570238759732432704157096941759937221790531584.000000000000000000
connection 11 24 -2.334579913884605062 0 0.000000000000000000 -161193704523284671121570238759732432704157096941759937221790531584.000000000000000000
connection 11 25 -1.002453207062544038 0 0.000000000000000000 -161193704523284671121570238759732432704157096941759937221790531584.000000000000000000
connection 12 22 0.690018268012045799 0 0.000000000000000000 -161193704523284671121570238759732432704157096941759937221790531584.000000000000000000
connection 12 23 -0.690076828313157531 0 0.000000000000000000 -161193704523284671121570238759732432704157096941759937221790531584.000000000000000000
connection 12 24 -2.284497146233482212 0 0.000000000000000000 -161193704523284671121570238759732432704157096941759937221790531584.000000000000000000
connection 12 25 -0.943796598745620829 0 0.000000000000000000 -161193704523284671121570238759732432704157096941759937221790531584.000000000000000000
connection 13 22 0.498742607918031322 0 0.000000000000000000 -161193704523284671121570238759732432704157096941759937221790531584.000000000000000000
connection 13 23 -0.898151672815832747 0 0.000000000000000000 -161193704523284671121570238759732432704157096941759937221790531584.000000000000000000
connection 13 24 -2.452377956052805175 0 0.000000000000000000 -161193704523284671121570238759732432704157096941759937221790531584.000000000000000000
connection 13 25 -1.144429716992137802 0 0.000000000000000000 -161193704523284671121570238759732432704157096941759937221790531584.000000000000000000
connection 22 22 3.607140735113758545 0 0.000000000000000000 -161193704523284671121570238759732432704157096941759937221790531584.000000000000000000
connection 22 23 3.742630172723385940 0 0.000000000000000000 -161193704523284671121570238759732432704157096941759937221790531584.000000000000000000
connection 22 24 3.583108002769946676 0 0.000000000000000000 -161193704523284671121570238759732432704157096941759937221790531584.000000000000000000
connection 22 25 3.337147163751325696 0 0.000000000000000000 -161193704523284671121570238759732432704157096941759937221790531584.000000000000000000
connection 23 23 1.678085793309277651 0 0.000000000000000000 -161193704523284671121570238759732432704157096941759937221790531584.000000000000000000
connection 24 22 0.808921125566693933 0 0.000000000000000000 -161193704523284671121570238759732432704157096941759937221790531584.000000000000000000
connection 24 23 1.792440418378881573 0 0.000000000000000000 -161193704523284671121570238759732432704157096941759937221790531584.000000000000000000
connection 25 22 3.589981336112834320 0 0.000000000000000000 -161193704523284671121570238759732432704157096941759937221790531584.000000000000000000
connection 25 23 3.712950283516640138 0 0.000000000000000000 -161193704523284671121570238759732432704157096941759937221790531584.000000000000000000
connection 25 24 3.568765016961523706 0 0.000000000000000000 -161193704523284671121570238759732432704157096941759937221790531584.000000000000000000
connection 25 25 3.343413464729434015 0 0.000000000000000000 -161193704523284671121570238759732432704157096941759937221790531584.000000000000000000
connection 22 14 3.821642579288623054 0 0.000000000000000000 -161193704523284671121570238759732432704157096941759937221790531584.000000000000000000
connection 23 14 2.519860947284949582 0 0.000000000000000000 -161193704523284671121570238759732432704157096941759937221790531584.000000000000000000
connection 24 14 2.588536164410165874 0 0.000000000000000000 -161193704523284671121570238759732432704157096941759937221790531584.000000000000000000
connection 25 14 3.784352329285842753 0 0.000000000000000000 -161193704523284671121570238759732432704157096941759937221790531584.000000000000000000
connection 22 15 3.803418547253480941 0 0.000000000000000000 -161193704523284671121570238759732432704157096941759937221790531584.000000000000000000
connection 23 15 2.291237980058650425 0 0.000000000000000000 -161193704523284671121570238759732432704157096941759937221790531584.000000000000000000
connection 24 15 2.373960480320379318 0 0.000000000000000000 -161193704523284671121570238759732432704157096941759937221790531584.000000000000000000
connection 25 15 3.768160876622832056 0 0.000000000000000000 -161193704523284671121570238759732432704157096941759937221790531584.000000000000000000
connection 22 16 3.780880114124503422 0 0.000000000000000000 -161193704523284671121570238759732432704157096941759937221790531584.000000000000000000
connection 23 16 2.035741018608867137 0 0.000000000000000000 -161193704523284671121570238759732432704157096941759937221790531584.000000000000000000
connection 24 16 2.133059933185701862 0 0.000000000000000000 -161193704523284671121570238759732432704157096941759937221790531584.000000000000000000
connection 25 16 3.748060783161532683 0 0.000000000000000000 -161193704523284671121570238759732432704157096941759937221790531584.000000000000000000
connection 22 17 3.753187548867827683 0 0.000000000000000000 -161193704523284671121570238759732432704157096941759937221790531584.000000000000000000
connection 23 17 1.752856545387071252 0 0.000000000000000000 -161193704523284671121570238759732432704157096941759937221790531584.000000000000000000
connection 24 17 1.864997173167354250 0 0.000000000000000000 -161193704523284671121570238759732432704157096941759937221790531584.000000000000000000
connection 25 17 3.723272234230479594 0 0.000000000000000000 -161193704523284671121570238759732432704157096941759937221790531584.000000000000000000
connection 22 18 3.719381664361032680 0 0.000000000000000000 -161193704523284671121570238759732432704157096941759937221790531584.000000000000000000
connection 23 18 1.442834252597408939 0 0.000000000000000000 -161193704523284671121570238759732432704157096941759937221790531584.000000000000000000
connection 24 18 1.569598035290736604 0 0.000000000000000000 -161193704523284671121570238759732432704157096941759937221790531584.000000000000000000
connection 25 18 3.692900298217501209 0 0.000000000000000000 -161193704523284671121570238759732432704157096941759937221790531584.000000000000000000
connection 22 19 3.678376216452230452 0 0.000000000000000000 -161193704523284671121570238759732432704157096941759937221790531584.000000000000000000
connection 23 19 1.106869090128850264 0 0.000000000000000000 -161193704523284671121570238759732432704157096941759937221790531584.000000000000000000
connection 24 19 1.247536766063266134 0 0.000000000000000000 -161193704523284671121570238759732432704157096941759937221790531584.000000000000000000
connection 25 19 3.655926720625167103 0 0.000000000000000000 -161193704523284671121570238759732432704157096941759937221790531584.000000000000000000
connection 22 20 3.628951888111545898 0 0.000000000000000000 -161193704523284671121570238759732432704157096941759937221790531584.000000000000000000
connection 23 20 0.747255442448850338 0 0.000000000000000000 -161193704523284671121570238759732432704157096941759937221790531584.000000000000000000
connection 24 20 0.900507449800561743 0 0.000000000000000000 -161193704523284671121570238759732432704157096941759937221790531584.000000000000000000
connection 25 20 3.611203025127964317 0 0.000000000000000000 -161193704523284671121570238759732432704157096941759937221790531584.000000000000000000
connection 22 21 3.569752569524450081 0 0.000000000000000000 -161193704523284671121570238759732432704157096941759937221790531584.000000000000000000
connection 24 21 0.531353732965736625 0 0.000000000000000000 -161193704523284671121570238759732432704157096941759937221790531584.000000000000000000
connection 25 21 3.557445537096515675 0 0.000000000000000000 -161193704523284671121570238759732432704157096941759937221790531584.000000000000000000
NNend

