NNstart
18 8
neuron 1 1.000000000000000000 0.000000000000000000 0.000000000000000000 -0.000000000000000000 11 0.000000000000000000
neuron 1 1.000000000000000000 0.000000000000000000 0.000000000000000000 -0.000000000000000000 11 0.000000000000000000
neuron 1 1.000000000000000000 0.000000000000000000 0.000000000000000000 -0.000000000000000000 11 0.000000000000000000
neuron 1 1.000000000000000000 0.000000000000000000 0.000000000000000000 -0.000000000000000000 11 0.000000000000000000
neuron 1 1.000000000000000000 0.000000000000000000 0.000000000000000000 -0.000000000000000000 11 0.000000000000000000
neuron 1 1.000000000000000000 0.000000000000000000 0.000000000000000000 -0.000000000000000000 11 0.000000000000000000
neuron 1 1.000000000000000000 0.000000000000000000 0.000000000000000000 -0.000000000000000000 11 0.000000000000000000
neuron 1 1.000000000000000000 0.000000000000000000 0.000000000000000000 -0.000000000000000000 11 0.000000000000000000
neuron 1 1.000000000000000000 0.000000000000000000 0.000000000000000000 -0.000000000000000000 11 0.000000000000000000
neuron 1 1.000000000000000000 0.000000000000000000 0.000000000000000000 -0.000000000000000000 11 0.000000000000000000
neuron 1 1.000000000000000000 0.000000000000000000 0.000000000000000000 -0.000000000000000000 11 0.000000000000000000
neuron 1 1.000000000000000000 0.000000000000000000 0.000000000000000000 -0.000000000000000000 11 0.000000000000000000
neuron 1 1.000000000000000000 0.000000000000000000 0.000000000000000000 -0.000000000000000000 11 0.000000000000000000
neuron 1 1.000000000000000000 0.000000000000000000 0.000000000000000000 -0.000000000000000000 11 0.000000000000000000
neuron 1 1.000000000000000000 0.000000000000000000 0.000000000000000000 -0.000000000000000000 11 0.000000000000000000
neuron 1 1.000000000000000000 0.000000000000000000 0.000000000000000000 -0.000000000000000000 11 0.000000000000000000
neuron 1 1.000000000000000000 0.000000000000000000 0.000000000000000000 -0.000000000000000000 11 0.000000000000000000
neuron 2 1.000000000000000000 0.000000000000000000 0.000000000000000000 0.000000000000000000 11 0.000000000000000000
neuron 4 1.000000000000000000 0.000000000000000000 0.000000000000000000 -0.000000000000000000 1 0.000000000000000000
neuron 4 1.000000000000000000 0.000000000000000000 0.000000000000000000 -0.000000000000000000 1 0.000000000000000000
neuron 4 1.000000000000000000 0.000000000000000000 0.000000000000000000 -0.000000000000000000 1 0.000000000000000000
neuron 4 1.000000000000000000 0.000000000000000000 0.000000000000000000 -0.000000000000000000 1 0.000000000000000000
neuron 4 1.000000000000000000 0.000000000000000000 0.000000000000000000 -0.000000000000000000 1 0.000000000000000000
neuron 4 1.000000000000000000 0.000000000000000000 0.000000000000000000 -0.000000000000000000 1 0.000000000000000000
neuron 4 1.000000000000000000 0.000000000000000000 0.000000000000000000 -0.000000000000000000 1 0.000000000000000000
neuron 4 1.000000000000000000 0.000000000000000000 0.000000000000000000 -0.000000000000000000 1 0.000000000000000000
neuron 3 1.000000000000000000 0.000000000000000000 0.000000000000000000 -0.000000000000000000 0 0.000000000000000000
neuron 3 1.000000000000000000 0.000000000000000000 0.000000000000000000 -0.000000000000000000 0 0.000000000000000000
neuron 3 1.000000000000000000 0.000000000000000000 0.000000000000000000 -0.000000000000000000 0 0.000000000000000000
neuron 3 1.000000000000000000 0.000000000000000000 0.000000000000000000 -0.000000000000000000 0 0.000000000000000000
neuron 3 1.000000000000000000 0.000000000000000000 0.000000000000000000 -0.000000000000000000 0 0.000000000000000000
neuron 3 1.000000000000000000 0.000000000000000000 0.000000000000000000 -0.000000000000000000 0 0.000000000000000000
neuron 3 1.000000000000000000 0.000000000000000000 0.000000000000000000 -0.000000000000000000 0 0.000000000000000000
neuron 3 1.000000000000000000 0.000000000000000000 0.000000000000000000 -0.000000000000000000 0 0.000000000000000000
neuron 3 1.000000000000000000 0.000000000000000000 0.000000000000000000 -0.000000000000000000 0 0.000000000000000000
neuron 3 1.000000000000000000 0.000000000000000000 0.000000000000000000 -0.000000000000000000 0 0.000000000000000000
neuron 3 1.000000000000000000 0.000000000000000000 0.000000000000000000 -0.000000000000000000 0 0.000000000000000000
neuron 3 1.000000000000000000 0.000000000000000000 0.000000000000000000 -0.000000000000000000 0 0.000000000000000000
neuron 3 1.000000000000000000 0.000000000000000000 0.000000000000000000 -0.000000000000000000 0 0.000000000000000000
connection 0 27 -8.000000000000000000 0 0.000000000000000000 -0.000000000000000000
connection 0 29 -8.000000000000000000 0 0.000000000000000000 -0.000000000000000000
connection 0 30 -8.000000000000000000 0 0.000000000000000000 -0.000000000000000000
connection 1 27 -8.000000000000000000 0 0.000000000000000000 -0.000000000000000000
connection 1 29 -8.000000000000000000 0 0.000000000000000000 -0.000000000000000000
connection 1 30 -8.000000000000000000 0 0.000000000000000000 -0.000000000000000000
connection 2 27 -8.000000000000000000 0 0.000000000000000000 -0.000000000000000000
connection 2 29 -8.000000000000000000 0 0.000000000000000000 -0.000000000000000000
connection 2 30 -8.000000000000000000 0 0.000000000000000000 -0.000000000000000000
connection 3 27 -8.000000000000000000 0 0.000000000000000000 -0.000000000000000000
connection 3 29 -8.000000000000000000 0 0.000000000000000000 -0.000000000000000000
connection 3 30 -8.000000000000000000 0 0.000000000000000000 -0.000000000000000000
connection 4 27 -8.000000000000000000 0 0.000000000000000000 -0.000000000000000000
connection 4 29 -8.000000000000000000 0 0.000000000000000000 -0.000000000000000000
connection 4 30 -8.000000000000000000 0 0.000000000000000000 -0.000000000000000000
connection 5 27 -8.000000000000000000 0 0.000000000000000000 -0.000000000000000000
connection 5 29 -8.000000000000000000 0 0.000000000000000000 -0.000000000000000000
connection 5 30 -8.000000000000000000 0 0.000000000000000000 -0.000000000000000000
connection 6 32 -8.000000000000000000 0 0.000000000000000000 -0.000000000000000000
connection 6 29 -8.000000000000000000 0 0.000000000000000000 -0.000000000000000000
connection 6 30 -8.000000000000000000 0 0.000000000000000000 -0.000000000000000000
connection 7 32 -8.000000000000000000 0 0.000000000000000000 -0.000000000000000000
connection 7 29 -8.000000000000000000 0 0.000000000000000000 -0.000000000000000000
connection 7 30 -8.000000000000000000 0 0.000000000000000000 -0.000000000000000000
connection 8 32 -8.000000000000000000 0 0.000000000000000000 -0.000000000000000000
connection 8 29 -8.000000000000000000 0 0.000000000000000000 -0.000000000000000000
connection 8 30 -8.000000000000000000 0 0.000000000000000000 -0.000000000000000000
connection 9 32 -8.000000000000000000 0 0.000000000000000000 -0.000000000000000000
connection 9 29 -8.000000000000000000 0 0.000000000000000000 -0.000000000000000000
connection 9 30 -8.000000000000000000 0 0.000000000000000000 -0.000000000000000000
connection 10 32 -8.000000000000000000 0 0.000000000000000000 -0.000000000000000000
connection 10 29 -8.000000000000000000 0 0.000000000000000000 -0.000000000000000000
connection 10 30 -8.000000000000000000 0 0.000000000000000000 -0.000000000000000000
connection 11 32 -8.000000000000000000 0 0.000000000000000000 -0.000000000000000000
connection 11 29 -8.000000000000000000 0 0.000000000000000000 -0.000000000000000000
connection 11 30 -8.000000000000000000 0 0.000000000000000000 -0.000000000000000000
connection 12 27 -8.000000000000000000 0 0.000000000000000000 -0.000000000000000000
connection 12 29 -8.000000000000000000 0 0.000000000000000000 -0.000000000000000000
connection 12 30 -8.000000000000000000 0 0.000000000000000000 -0.000000000000000000
connection 13 27 -8.000000000000000000 0 0.000000000000000000 -0.000000000000000000
connection 13 29 -8.000000000000000000 0 0.000000000000000000 -0.000000000000000000
connection 13 30 -8.000000000000000000 0 0.000000000000000000 -0.000000000000000000
connection 14 27 -8.000000000000000000 0 0.000000000000000000 -0.000000000000000000
connection 14 29 -8.000000000000000000 0 0.000000000000000000 -0.000000000000000000
connection 14 30 -8.000000000000000000 0 0.000000000000000000 -0.000000000000000000
connection 15 27 -8.000000000000000000 0 0.000000000000000000 -0.000000000000000000
connection 15 29 -8.000000000000000000 0 0.000000000000000000 -0.000000000000000000
connection 15 30 -8.000000000000000000 0 0.000000000000000000 -0.000000000000000000
connection 16 27 -8.000000000000000000 0 0.000000000000000000 -0.000000000000000000
connection 16 29 -8.000000000000000000 0 0.000000000000000000 -0.000000000000000000
connection 16 30 -8.000000000000000000 0 0.000000000000000000 -0.000000000000000000
connection 17 27 -8.000000000000000000 0 0.000000000000000000 -0.000000000000000000
connection 17 29 -8.000000000000000000 0 0.000000000000000000 -0.000000000000000000
connection 17 30 -8.000000000000000000 0 0.000000000000000000 -0.000000000000000000
connection 30 33 8.000000000000000000 0 0.000000000000000000 -0.000000000000000000
connection 30 35 8.000000000000000000 0 0.000000000000000000 -0.000000000000000000
connection 27 33 8.000000000000000000 0 0.000000000000000000 -0.000000000000000000
connection 27 35 8.000000000000000000 0 0.000000000000000000 -0.000000000000000000
connection 29 37 8.000000000000000000 0 0.000000000000000000 -0.000000000000000000
connection 32 37 8.000000000000000000 0 0.000000000000000000 -0.000000000000000000
connection 33 21 8.000000000000000000 0 0.000000000000000000 -0.000000000000000000
connection 37 22 8.000000000000000000 0 0.000000000000000000 -0.000000000000000000
connection 35 22 8.000000000000000000 0 0.000000000000000000 -0.000000000000000000
connection 27 24 8.000000000000000000 0 0.000000000000000000 -0.000000000000000000
NNend

