NNstart
14 8
neuron 1 1.000000000000000000 0.000000000000000000 0.000000000000000000 0.000000000000000000 11 0.000000000000000000
neuron 1 1.000000000000000000 0.000000000000000000 0.000000000000000000 0.000000000000000000 11 0.000000000000000000
neuron 1 1.000000000000000000 0.000000000000000000 0.000000000000000000 0.000000000000000000 11 0.000000000000000000
neuron 1 1.000000000000000000 0.000000000000000000 0.000000000000000000 0.000000000000000000 11 0.000000000000000000
neuron 1 1.000000000000000000 0.000000000000000000 0.000000000000000000 0.000000000000000000 11 0.000000000000000000
neuron 1 1.000000000000000000 0.000000000000000000 0.000000000000000000 0.000000000000000000 11 0.000000000000000000
neuron 1 1.000000000000000000 0.000000000000000000 0.000000000000000000 0.000000000000000000 11 0.000000000000000000
neuron 1 1.000000000000000000 0.000000000000000000 0.000000000000000000 0.000000000000000000 11 0.000000000000000000
neuron 1 1.000000000000000000 0.000000000000000000 0.000000000000000000 0.000000000000000000 11 0.000000000000000000
neuron 1 1.000000000000000000 0.000000000000000000 0.000000000000000000 0.000000000000000000 11 0.000000000000000000
neuron 1 1.000000000000000000 0.000000000000000000 0.000000000000000000 0.000000000000000000 11 0.000000000000000000
neuron 1 1.000000000000000000 0.000000000000000000 0.000000000000000000 0.000000000000000000 11 0.000000000000000000
neuron 1 1.000000000000000000 0.000000000000000000 0.000000000000000000 0.000000000000000000 11 0.000000000000000000
neuron 2 1.000000000000000000 0.000000000000000000 0.000000000000000000 0.000000000000000000 11 0.000000000000000000
neuron 4 1.000000000000000000 0.000000000000000000 0.000000000000000000 0.000000000000000000 1 0.000000000000000000
neuron 4 1.000000000000000000 0.000000000000000000 0.000000000000000000 0.000000000000000000 1 0.000000000000000000
neuron 4 1.000000000000000000 0.000000000000000000 0.000000000000000000 0.000000000000000000 1 0.000000000000000000
neuron 4 1.000000000000000000 0.000000000000000000 0.000000000000000000 0.000000000000000000 1 0.000000000000000000
neuron 4 1.000000000000000000 0.000000000000000000 0.000000000000000000 0.000000000000000000 1 0.000000000000000000
neuron 4 1.000000000000000000 0.000000000000000000 0.000000000000000000 0.000000000000000000 1 0.000000000000000000
neuron 4 1.000000000000000000 0.000000000000000000 0.000000000000000000 0.000000000000000000 1 0.000000000000000000
neuron 4 1.000000000000000000 0.000000000000000000 0.000000000000000000 0.000000000000000000 1 0.000000000000000000
neuron 3 1.000000000000000000 0.000000000000000000 0.000000000000000000 0.000000000000000000 0 0.000000000000000000
neuron 3 1.000000000000000000 0.000000000000000000 0.000000000000000000 0.000000000000000000 0 0.000000000000000000
neuron 3 1.000000000000000000 0.000000000000000000 0.000000000000000000 0.000000000000000000 0 0.000000000000000000
neuron 3 1.000000000000000000 0.000000000000000000 0.000000000000000000 0.000000000000000000 0 0.000000000000000000
neuron 3 1.000000000000000000 0.000000000000000000 0.000000000000000000 0.000000000000000000 0 0.000000000000000000
neuron 3 1.000000000000000000 0.000000000000000000 0.000000000000000000 0.000000000000000000 0 0.000000000000000000
neuron 3 1.000000000000000000 0.000000000000000000 0.000000000000000000 0.000000000000000000 0 0.000000000000000000
neuron 3 1.000000000000000000 0.000000000000000000 0.000000000000000000 0.000000000000000000 0 0.000000000000000000
neuron 3 1.000000000000000000 0.000000000000000000 0.000000000000000000 0.000000000000000000 0 0.000000000000000000
neuron 3 1.000000000000000000 0.000000000000000000 0.000000000000000000 0.000000000000000000 0 0.000000000000000000
neuron 3 1.000000000000000000 0.000000000000000000 0.000000000000000000 0.000000000000000000 0 0.000000000000000000
neuron 3 1.000000000000000000 0.000000000000000000 0.000000000000000000 0.000000000000000000 0 0.000000000000000000
neuron 3 1.000000000000000000 0.000000000000000000 0.000000000000000000 0.000000000000000000 0 0.000000000000000000
neuron 3 1.000000000000000000 0.000000000000000000 0.000000000000000000 0.000000000000000000 0 0.000000000000000000
neuron 3 1.000000000000000000 0.000000000000000000 0.000000000000000000 0.000000000000000000 0 0.000000000000000000
neuron 3 1.000000000000000000 0.000000000000000000 0.000000000000000000 0.000000000000000000 0 0.000000000000000000
neuron 3 1.000000000000000000 0.000000000000000000 0.000000000000000000 0.000000000000000000 0 0.000000000000000000
neuron 3 1.000000000000000000 0.000000000000000000 0.000000000000000000 0.000000000000000000 0 0.000000000000000000
neuron 3 1.000000000000000000 0.000000000000000000 0.000000000000000000 0.000000000000000000 0 0.000000000000000000
neuron 3 1.000000000000000000 0.000000000000000000 0.000000000000000000 0.000000000000000000 0 0.000000000000000000
neuron 3 1.000000000000000000 0.000000000000000000 0.000000000000000000 0.000000000000000000 0 0.000000000000000000
neuron 3 1.000000000000000000 0.000000000000000000 0.000000000000000000 0.000000000000000000 0 0.000000000000000000
neuron 3 1.000000000000000000 0.000000000000000000 0.000000000000000000 0.000000000000000000 0 0.000000000000000000
neuron 3 1.000000000000000000 0.000000000000000000 0.000000000000000000 0.000000000000000000 0 0.000000000000000000
neuron 3 1.000000000000000000 0.000000000000000000 0.000000000000000000 0.000000000000000000 0 0.000000000000000000
neuron 3 1.000000000000000000 0.000000000000000000 0.000000000000000000 0.000000000000000000 0 0.000000000000000000
neuron 3 1.000000000000000000 0.000000000000000000 0.000000000000000000 0.000000000000000000 0 0.000000000000000000
neuron 3 1.000000000000000000 0.000000000000000000 0.000000000000000000 0.000000000000000000 0 0.000000000000000000
neuron 3 1.000000000000000000 0.000000000000000000 0.000000000000000000 0.000000000000000000 0 0.000000000000000000
neuron 3 1.000000000000000000 0.000000000000000000 0.000000000000000000 0.000000000000000000 0 0.000000000000000000
neuron 3 1.000000000000000000 0.000000000000000000 0.000000000000000000 0.000000000000000000 0 0.000000000000000000
neuron 3 1.000000000000000000 0.000000000000000000 0.000000000000000000 0.000000000000000000 0 0.000000000000000000
neuron 3 1.000000000000000000 0.000000000000000000 0.000000000000000000 0.000000000000000000 0 0.000000000000000000
neuron 3 1.000000000000000000 0.000000000000000000 0.000000000000000000 0.000000000000000000 0 0.000000000000000000
neuron 3 1.000000000000000000 0.000000000000000000 0.000000000000000000 0.000000000000000000 0 0.000000000000000000
neuron 3 1.000000000000000000 0.000000000000000000 0.000000000000000000 0.000000000000000000 0 0.000000000000000000
neuron 3 1.000000000000000000 0.000000000000000000 0.000000000000000000 0.000000000000000000 0 0.000000000000000000
neuron 3 1.000000000000000000 0.000000000000000000 0.000000000000000000 0.000000000000000000 0 0.000000000000000000
neuron 3 1.000000000000000000 0.000000000000000000 0.000000000000000000 0.000000000000000000 0 0.000000000000000000
neuron 3 1.000000000000000000 0.000000000000000000 0.000000000000000000 0.000000000000000000 0 0.000000000000000000
neuron 3 1.000000000000000000 0.000000000000000000 0.000000000000000000 0.000000000000000000 0 0.000000000000000000
neuron 3 1.000000000000000000 0.000000000000000000 0.000000000000000000 0.000000000000000000 0 0.000000000000000000
neuron 3 1.000000000000000000 0.000000000000000000 0.000000000000000000 0.000000000000000000 0 0.000000000000000000
neuron 3 1.000000000000000000 0.000000000000000000 0.000000000000000000 0.000000000000000000 0 0.000000000000000000
neuron 3 1.000000000000000000 0.000000000000000000 0.000000000000000000 0.000000000000000000 0 0.000000000000000000
neuron 3 1.000000000000000000 0.000000000000000000 0.000000000000000000 0.000000000000000000 0 0.000000000000000000
neuron 3 1.000000000000000000 0.000000000000000000 0.000000000000000000 0.000000000000000000 0 0.000000000000000000
neuron 3 1.000000000000000000 0.000000000000000000 0.000000000000000000 0.000000000000000000 0 0.000000000000000000
neuron 3 1.000000000000000000 0.000000000000000000 0.000000000000000000 0.000000000000000000 0 0.000000000000000000
neuron 3 1.000000000000000000 0.000000000000000000 0.000000000000000000 0.000000000000000000 0 0.000000000000000000
neuron 3 1.000000000000000000 0.000000000000000000 0.000000000000000000 0.000000000000000000 0 0.000000000000000000
neuron 3 1.000000000000000000 0.000000000000000000 0.000000000000000000 0.000000000000000000 0 0.000000000000000000
neuron 3 1.000000000000000000 0.000000000000000000 0.000000000000000000 0.000000000000000000 0 0.000000000000000000
neuron 3 1.000000000000000000 0.000000000000000000 0.000000000000000000 0.000000000000000000 0 0.000000000000000000
neuron 3 1.000000000000000000 0.000000000000000000 0.000000000000000000 0.000000000000000000 0 0.000000000000000000
neuron 3 1.000000000000000000 0.000000000000000000 0.000000000000000000 0.000000000000000000 0 0.000000000000000000
neuron 3 1.000000000000000000 0.000000000000000000 0.000000000000000000 0.000000000000000000 0 0.000000000000000000
neuron 3 1.000000000000000000 0.000000000000000000 0.000000000000000000 0.000000000000000000 0 0.000000000000000000
neuron 3 1.000000000000000000 0.000000000000000000 0.000000000000000000 0.000000000000000000 0 0.000000000000000000
neuron 3 1.000000000000000000 0.000000000000000000 0.000000000000000000 0.000000000000000000 0 0.000000000000000000
neuron 3 1.000000000000000000 0.000000000000000000 0.000000000000000000 0.000000000000000000 0 0.000000000000000000
neuron 3 1.000000000000000000 0.000000000000000000 0.000000000000000000 0.000000000000000000 0 0.000000000000000000
neuron 3 1.000000000000000000 0.000000000000000000 0.000000000000000000 0.000000000000000000 0 0.000000000000000000
neuron 3 1.000000000000000000 0.000000000000000000 0.000000000000000000 0.000000000000000000 0 0.000000000000000000
neuron 3 1.000000000000000000 0.000000000000000000 0.000000000000000000 0.000000000000000000 0 0.000000000000000000
neuron 3 1.000000000000000000 0.000000000000000000 0.000000000000000000 0.000000000000000000 0 0.000000000000000000
neuron 3 1.000000000000000000 0.000000000000000000 0.000000000000000000 0.000000000000000000 0 0.000000000000000000
connection 0 22 2.051405652628227827 0 0.000000000000000000 0.000000000000000000
connection 0 23 4.000924564646064496 0 0.000000000000000000 0.000000000000000000
connection 0 24 1.680243587289020901 0 0.000000000000000000 0.000000000000000000
connection 0 25 -0.998748157011409732 0 0.000000000000000000 0.000000000000000000
connection 0 26 -2.626569323412358159 0 0.000000000000000000 0.000000000000000000
connection 0 27 2.611388821313286090 0 0.000000000000000000 0.000000000000000000
connection 0 28 4.414440639297360747 0 0.000000000000000000 0.000000000000000000
connection 0 29 2.370706291968868840 0 0.000000000000000000 0.000000000000000000
connection 0 30 -0.244559455081131638 0 0.000000000000000000 0.000000000000000000
connection 0 31 -0.603813998070821367 0 0.000000000000000000 0.000000000000000000
connection 1 26 -1.434727878868802708 0 0.000000000000000000 0.000000000000000000
connection 1 32 1.311731914849559200 0 0.000000000000000000 0.000000000000000000
connection 1 33 -1.740569442495448316 0 0.000000000000000000 0.000000000000000000
connection 1 27 3.557241635324420059 0 0.000000000000000000 0.000000000000000000
connection 1 28 4.976604774976432388 0 0.000000000000000000 0.000000000000000000
connection 1 29 3.329950693595113975 0 0.000000000000000000 0.000000000000000000
connection 1 30 1.018215878270367636 0 0.000000000000000000 0.000000000000000000
connection 1 34 -2.097618996389094992 0 0.000000000000000000 0.000000000000000000
connection 1 31 0.654486719230765956 0 0.000000000000000000 0.000000000000000000
connection 1 35 -2.468577950846938762 0 0.000000000000000000 0.000000000000000000
connection 2 32 2.453643016443547875 0 0.000000000000000000 0.000000000000000000
connection 2 33 -0.477908181450043379 0 0.000000000000000000 0.000000000000000000
connection 2 34 -0.859961447799990508 0 0.000000000000000000 0.000000000000000000
connection 2 31 1.817508126115521705 0 0.000000000000000000 0.000000000000000000
connection 2 35 -1.257246934617098910 0 0.000000000000000000 0.000000000000000000
connection 3 26 1.118906454792012228 0 0.000000000000000000 0.000000000000000000
connection 3 32 3.413323045022769620 0 0.000000000000000000 0.000000000000000000
connection 3 33 0.784826793352309648 0 0.000000000000000000 0.000000000000000000
connection 3 36 -1.972402513515228550 0 0.000000000000000000 0.000000000000000000
connection 3 34 0.397354876956733216 0 0.000000000000000000 0.000000000000000000
connection 3 31 2.818787799388382087 0 0.000000000000000000 0.000000000000000000
connection 4 26 2.270876412834568203 0 0.000000000000000000 0.000000000000000000
connection 4 32 4.178584577693284174 0 0.000000000000000000 0.000000000000000000
connection 4 33 1.947273386777617521 0 0.000000000000000000 0.000000000000000000
connection 4 36 -0.725276500516065514 0 0.000000000000000000 0.000000000000000000
connection 4 34 1.572858238237703654 0 0.000000000000000000 0.000000000000000000
connection 4 31 3.633900320517804872 0 0.000000000000000000 0.000000000000000000
connection 4 35 1.182571323839343380 0 0.000000000000000000 0.000000000000000000
connection 4 37 -1.508405160593097705 0 0.000000000000000000 0.000000000000000000
connection 4 38 -1.119537372634366257 0 0.000000000000000000 0.000000000000000000
connection 5 26 3.246657339068897308 0 0.000000000000000000 0.000000000000000000
connection 5 32 4.766503085642277426 0 0.000000000000000000 0.000000000000000000
connection 5 33 2.944102528952555975 0 0.000000000000000000 0.000000000000000000
connection 5 36 0.536430754000153387 0 0.000000000000000000 0.000000000000000000
connection 5 34 2.595231358999624316 0 0.000000000000000000 0.000000000000000000
connection 5 31 4.270727641059266944 0 0.000000000000000000 0.000000000000000000
connection 5 35 2.231939400033136511 0 0.000000000000000000 0.000000000000000000
connection 5 37 -0.260788632436573520 0 0.000000000000000000 0.000000000000000000
connection 5 39 -2.579074310731052311 0 0.000000000000000000 0.000000000000000000
connection 6 39 -1.376792667969718442 0 0.000000000000000000 0.000000000000000000
connection 6 38 1.322644141221694047 0 0.000000000000000000 0.000000000000000000
connection 6 40 -1.747027448730872123 0 0.000000000000000000 0.000000000000000000
connection 7 38 2.366036376558938503 0 0.000000000000000000 0.000000000000000000
connection 7 40 -0.503616322407479333 0 0.000000000000000000 0.000000000000000000
connection 8 39 1.072412633159968820 0 0.000000000000000000 0.000000000000000000
connection 8 38 3.230205246149703502 0 0.000000000000000000 0.000000000000000000
connection 8 40 0.705268451358641690 0 0.000000000000000000 0.000000000000000000
connection 8 41 -1.968503054399378227 0 0.000000000000000000 0.000000000000000000
connection 9 39 2.136344842995447024 0 0.000000000000000000 0.000000000000000000
connection 9 38 3.914752741584474727 0 0.000000000000000000 0.000000000000000000
connection 9 40 1.794545131454231113 0 0.000000000000000000 0.000000000000000000
connection 9 41 -0.729612274174538777 0 0.000000000000000000 0.000000000000000000
connection 24 42 4.393640075400072398 0 0.000000000000000000 0.000000000000000000
connection 24 44 -2.792102548113255533 0 0.000000000000000000 0.000000000000000000
connection 24 45 1.281355499644035945 0 0.000000000000000000 0.000000000000000000
connection 24 46 3.396272424028997872 0 0.000000000000000000 0.000000000000000000
connection 24 47 2.422748542230087843 0 0.000000000000000000 0.000000000000000000
connection 24 48 4.720521255924573722 0 0.000000000000000000 0.000000000000000000
connection 24 49 1.190017568946577065 0 0.000000000000000000 0.000000000000000000
connection 24 50 -2.907225706273936616 0 0.000000000000000000 0.000000000000000000
connection 24 51 -0.235903125598052987 0 0.000000000000000000 0.000000000000000000
connection 24 52 3.401109144325714428 0 0.000000000000000000 0.000000000000000000
connection 24 53 -1.707964324345864204 0 0.000000000000000000 0.000000000000000000
connection 24 54 -3.046661838457198623 0 0.000000000000000000 0.000000000000000000
connection 24 55 1.050671168345389983 0 0.000000000000000000 0.000000000000000000
connection 24 56 4.526397176653252252 0 0.000000000000000000 0.000000000000000000
connection 25 57 -2.737902332862712562 0 0.000000000000000000 0.000000000000000000
connection 25 45 3.500558473465115394 0 0.000000000000000000 0.000000000000000000
connection 25 58 4.581776235204510606 0 0.000000000000000000 0.000000000000000000
connection 25 59 -5.001414912867479856 0 0.000000000000000000 0.000000000000000000
connection 25 60 -1.838755337934229850 0 0.000000000000000000 0.000000000000000000
connection 25 61 -3.995227311846683893 0 0.000000000000000000 0.000000000000000000
connection 25 62 -5.744752949209523507 0 0.000000000000000000 0.000000000000000000
connection 25 63 -1.507023181438115644 0 0.000000000000000000 0.000000000000000000
connection 25 64 -2.871562246294384391 0 0.000000000000000000 0.000000000000000000
connection 25 65 1.244739836379042952 0 0.000000000000000000 0.000000000000000000
connection 25 49 3.475274969813201942 0 0.000000000000000000 0.000000000000000000
connection 25 50 -0.211907153445845375 0 0.000000000000000000 0.000000000000000000
connection 25 51 2.396049492850663043 0 0.000000000000000000 0.000000000000000000
connection 25 52 4.883760626056095511 0 0.000000000000000000 0.000000000000000000
connection 25 66 -1.708050979852163476 0 0.000000000000000000 0.000000000000000000
connection 25 53 1.045402385414897717 0 0.000000000000000000 0.000000000000000000
connection 25 54 -0.479758720579717135 0 0.000000000000000000 0.000000000000000000
connection 25 55 3.365641528927288739 0 0.000000000000000000 0.000000000000000000
connection 36 67 -0.676388039826586573 0 0.000000000000000000 0.000000000000000000
connection 36 68 -2.288350468216035605 0 0.000000000000000000 0.000000000000000000
connection 36 69 1.961136822145100655 0 0.000000000000000000 0.000000000000000000
connection 36 70 -1.379129567713228921 0 0.000000000000000000 0.000000000000000000
connection 36 63 3.973388268944430202 0 0.000000000000000000 0.000000000000000000
connection 36 71 0.338567421303894334 0 0.000000000000000000 0.000000000000000000
connection 36 64 2.788467094681597036 0 0.000000000000000000 0.000000000000000000
connection 36 65 5.197336303198039964 0 0.000000000000000000 0.000000000000000000
connection 36 72 1.271956731583976596 0 0.000000000000000000 0.000000000000000000
connection 36 73 -0.461662254930219451 0 0.000000000000000000 0.000000000000000000
connection 36 66 3.457829810949313298 0 0.000000000000000000 0.000000000000000000
connection 36 74 4.455424318778555381 0 0.000000000000000000 0.000000000000000000
connection 26 63 2.400492518391886154 0 0.000000000000000000 0.000000000000000000
connection 26 71 -1.833267274123335122 0 0.000000000000000000 0.000000000000000000
connection 26 64 0.819766612923222948 0 0.000000000000000000 0.000000000000000000
connection 26 65 4.243923301677972937 0 0.000000000000000000 0.000000000000000000
connection 26 72 -0.922263492689121445 0 0.000000000000000000 0.000000000000000000
connection 26 66 1.688424514467098403 0 0.000000000000000000 0.000000000000000000
connection 26 53 3.725076760517196828 0 0.000000000000000000 0.000000000000000000
connection 26 54 2.432205487853333459 0 0.000000000000000000 0.000000000000000000
connection 26 55 4.985520573631443852 0 0.000000000000000000 0.000000000000000000
connection 27 44 -0.780943258037039012 0 0.000000000000000000 0.000000000000000000
connection 27 45 3.179229491831905730 0 0.000000000000000000 0.000000000000000000
connection 27 58 4.399140539370383074 0 0.000000000000000000 0.000000000000000000
connection 27 49 2.871901013916628553 0 0.000000000000000000 0.000000000000000000
connection 27 50 -1.237082917036955054 0 0.000000000000000000 0.000000000000000000
connection 27 51 1.461745167290167569 0 0.000000000000000000 0.000000000000000000
connection 27 52 4.576946066659258072 0 0.000000000000000000 0.000000000000000000
connection 27 54 -1.826337899607060500 0 0.000000000000000000 0.000000000000000000
connection 27 55 2.398621311685703361 0 0.000000000000000000 0.000000000000000000
connection 28 42 4.473206080644722249 0 0.000000000000000000 0.000000000000000000
connection 28 45 0.826773220551749843 0 0.000000000000000000 0.000000000000000000
connection 28 46 3.203138207623841271 0 0.000000000000000000 0.000000000000000000
connection 28 76 -0.693223262723945188 0 0.000000000000000000 0.000000000000000000
connection 28 47 1.994091172792591626 0 0.000000000000000000 0.000000000000000000
connection 28 48 4.757080086344998904 0 0.000000000000000000 0.000000000000000000
connection 28 59 -1.725160593912539841 0 0.000000000000000000 0.000000000000000000
connection 28 60 2.501263726203662330 0 0.000000000000000000 0.000000000000000000
connection 28 62 -3.890052738640040531 0 0.000000000000000000 0.000000000000000000
connection 28 49 0.529985560926486077 0 0.000000000000000000 0.000000000000000000
connection 28 51 -1.050460583043380858 0 0.000000000000000000 0.000000000000000000
connection 28 52 2.991316643304889666 0 0.000000000000000000 0.000000000000000000
connection 28 53 -2.543851154667230663 0 0.000000000000000000 0.000000000000000000
connection 28 22 4.650671394730912844 0 0.000000000000000000 0.000000000000000000
connection 28 23 1.657274591533206998 0 0.000000000000000000 0.000000000000000000
connection 28 24 3.798342075893682779 0 0.000000000000000000 0.000000000000000000
connection 28 25 5.597971972586299749 0 0.000000000000000000 0.000000000000000000
connection 29 42 5.214480138793941677 0 0.000000000000000000 0.000000000000000000
connection 29 44 -1.372589750671698416 0 0.000000000000000000 0.000000000000000000
connection 29 45 2.670007669297091546 0 0.000000000000000000 0.000000000000000000
connection 29 46 4.422522529247264522 0 0.000000000000000000 0.000000000000000000
connection 29 76 1.374386593976111737 0 0.000000000000000000 0.000000000000000000
connection 29 47 3.595238636252653386 0 0.000000000000000000 0.000000000000000000
connection 29 48 5.438704635277838761 0 0.000000000000000000 0.000000000000000000
connection 29 49 2.473743025741051760 0 0.000000000000000000 0.000000000000000000
connection 29 50 -1.666863662411134372 0 0.000000000000000000 0.000000000000000000
connection 29 51 1.068317502117862139 0 0.000000000000000000 0.000000000000000000
connection 29 52 4.328296524213193663 0 0.000000000000000000 0.000000000000000000
connection 29 53 -0.513479866194541668 0 0.000000000000000000 0.000000000000000000
connection 29 54 -2.076354626704663975 0 0.000000000000000000 0.000000000000000000
connection 29 55 2.136182094126600095 0 0.000000000000000000 0.000000000000000000
connection 29 56 5.178525379746762525 0 0.000000000000000000 0.000000000000000000
connection 30 57 -1.421585745241654486 0 0.000000000000000000 0.000000000000000000
connection 30 44 1.317848679151480074 0 0.000000000000000000 0.000000000000000000
connection 30 45 4.443484885914994464 0 0.000000000000000000 0.000000000000000000
connection 30 58 5.255775104023571842 0 0.000000000000000000 0.000000000000000000
connection 30 59 -4.814165073362175917 0 0.000000000000000000 0.000000000000000000
connection 30 60 -1.780572578794058058 0 0.000000000000000000 0.000000000000000000
connection 30 61 -3.924209765535116468 0 0.000000000000000000 0.000000000000000000
connection 30 62 -5.500893822992750870 0 0.000000000000000000 0.000000000000000000
connection 30 63 -0.232892280856051181 0 0.000000000000000000 0.000000000000000000
connection 30 64 -1.803429197742508094 0 0.000000000000000000 0.000000000000000000
connection 30 65 2.380159994286089820 0 0.000000000000000000 0.000000000000000000
connection 30 49 4.273411557351307621 0 0.000000000000000000 0.000000000000000000
connection 30 50 0.907656064925563721 0 0.000000000000000000 0.000000000000000000
connection 30 51 3.264605065722259170 0 0.000000000000000000 0.000000000000000000
connection 30 52 5.392099948590153957 0 0.000000000000000000 0.000000000000000000
connection 30 66 -0.725009767977039199 0 0.000000000000000000 0.000000000000000000
connection 30 53 1.931355984220978872 0 0.000000000000000000 0.000000000000000000
connection 30 77 -2.305948941566323462 0 0.000000000000000000 0.000000000000000000
connection 30 54 0.331294075095418306 0 0.000000000000000000 0.000000000000000000
connection 30 55 3.966990681811259467 0 0.000000000000000000 0.000000000000000000
connection 31 57 -2.045274783892852000 0 0.000000000000000000 0.000000000000000000
connection 31 44 0.706084958691375664 0 0.000000000000000000 0.000000000000000000
connection 31 45 4.033628249804699806 0 0.000000000000000000 0.000000000000000000
connection 31 58 4.975296512316942810 0 0.000000000000000000 0.000000000000000000
connection 31 59 -4.868299467994811280 0 0.000000000000000000 0.000000000000000000
connection 31 60 -1.739547830889274227 0 0.000000000000000000 0.000000000000000000
connection 31 61 -3.902638553299391688 0 0.000000000000000000 0.000000000000000000
connection 31 62 -5.590932902955182193 0 0.000000000000000000 0.000000000000000000
connection 31 63 -0.805942554619807239 0 0.000000000000000000 0.000000000000000000
connection 31 64 -2.277637653537154083 0 0.000000000000000000 0.000000000000000000
connection 31 65 1.895209315878153333 0 0.000000000000000000 0.000000000000000000
connection 31 49 3.949855785093974614 0 0.000000000000000000 0.000000000000000000
connection 31 50 0.433755812166985888 0 0.000000000000000000 0.000000000000000000
connection 31 51 2.917936555424002876 0 0.000000000000000000 0.000000000000000000
connection 31 52 5.197310485758699805 0 0.000000000000000000 0.000000000000000000
connection 31 66 -1.133648587768703475 0 0.000000000000000000 0.000000000000000000
connection 31 53 1.584141758923203414 0 0.000000000000000000 0.000000000000000000
connection 31 77 -2.606071330104555273 0 0.000000000000000000 0.000000000000000000
connection 31 55 3.749833473614353263 0 0.000000000000000000 0.000000000000000000
connection 32 57 -0.940394629863479325 0 0.000000000000000000 0.000000000000000000
connection 32 44 1.748482639669623140 0 0.000000000000000000 0.000000000000000000
connection 32 45 4.711898965795591643 0 0.000000000000000000 0.000000000000000000
connection 32 64 -1.499396823655641642 0 0.000000000000000000 0.000000000000000000
connection 32 65 2.676525237990577288 0 0.000000000000000000 0.000000000000000000
connection 32 49 4.442849761934381192 0 0.000000000000000000 0.000000000000000000
connection 32 50 1.182558631892655754 0 0.000000000000000000 0.000000000000000000
connection 32 51 3.433519006837356002 0 0.000000000000000000 0.000000000000000000
connection 32 52 5.470186021173794266 0 0.000000000000000000 0.000000000000000000
connection 32 66 -0.509756977719732052 0 0.000000000000000000 0.000000000000000000
connection 32 53 2.083879716221494593 0 0.000000000000000000 0.000000000000000000
connection 32 77 -2.178912234683354932 0 0.000000000000000000 0.000000000000000000
connection 32 54 0.442904512098335368 0 0.000000000000000000 0.000000000000000000
connection 32 55 4.026688849222849420 0 0.000000000000000000 0.000000000000000000
connection 33 69 -0.414767897381145223 0 0.000000000000000000 0.000000000000000000
connection 33 63 2.211343037651956944 0 0.000000000000000000 0.000000000000000000
connection 33 71 -2.011021463887259220 0 0.000000000000000000 0.000000000000000000
connection 33 64 0.664949134699329703 0 0.000000000000000000 0.000000000000000000
connection 33 65 4.156975115579619739 0 0.000000000000000000 0.000000000000000000
connection 33 79 5.029140947123185157 0 0.000000000000000000 0.000000000000000000
connection 33 72 -1.015199737891471887 0 0.000000000000000000 0.000000000000000000
connection 33 66 1.643218238002650100 0 0.000000000000000000 0.000000000000000000
connection 33 53 3.748876554906372949 0 0.000000000000000000 0.000000000000000000
connection 33 54 2.483152814692079602 0 0.000000000000000000 0.000000000000000000
connection 33 55 5.058162015360430530 0 0.000000000000000000 0.000000000000000000
connection 34 69 -0.873445793125563807 0 0.000000000000000000 0.000000000000000000
connection 34 63 1.828956146359110857 0 0.000000000000000000 0.000000000000000000
connection 34 71 -2.366111920418190628 0 0.000000000000000000 0.000000000000000000
connection 34 64 0.310416187206342786 0 0.000000000000000000 0.000000000000000000
connection 34 65 3.914933792248211919 0 0.000000000000000000 0.000000000000000000
connection 34 79 4.898328265774073209 0 0.000000000000000000 0.000000000000000000
connection 34 72 -1.296269772882219673 0 0.000000000000000000 0.000000000000000000
connection 34 66 1.410988284214387489 0 0.000000000000000000 0.000000000000000000
connection 34 53 3.621713968457172861 0 0.000000000000000000 0.000000000000000000
connection 34 77 -0.211030665044371790 0 0.000000000000000000 0.000000000000000000
connection 34 54 2.371604748097069670 0 0.000000000000000000 0.000000000000000000
connection 34 55 5.017631045541018686 0 0.000000000000000000 0.000000000000000000
connection 35 69 -1.491879972538115107 0 0.000000000000000000 0.000000000000000000
connection 35 63 1.260941955206667853 0 0.000000000000000000 0.000000000000000000
connection 35 71 -2.869150777986214873 0 0.000000000000000000 0.000000000000000000
connection 35 64 -0.235112805261265351 0 0.000000000000000000 0.000000000000000000
connection 35 65 3.511406285457110421 0 0.000000000000000000 0.000000000000000000
connection 35 79 4.632826275165688124 0 0.000000000000000000 0.000000000000000000
connection 35 72 -1.759301683114054660 0 0.000000000000000000 0.000000000000000000
connection 35 66 0.979604046491112657 0 0.000000000000000000 0.000000000000000000
connection 35 53 3.325155868177576135 0 0.000000000000000000 0.000000000000000000
connection 35 77 -0.591884014361590438 0 0.000000000000000000 0.000000000000000000
connection 35 54 2.072016321464142496 0 0.000000000000000000 0.000000000000000000
connection 35 55 4.849045515345800084 0 0.000000000000000000 0.000000000000000000
connection 22 42 4.833504358178474902 0 0.000000000000000000 0.000000000000000000
connection 22 44 -2.071160733561736578 0 0.000000000000000000 0.000000000000000000
connection 22 45 2.017730883783674933 0 0.000000000000000000 0.000000000000000000
connection 22 46 3.957380094093552625 0 0.000000000000000000 0.000000000000000000
connection 22 76 0.683361161689527763 0 0.000000000000000000 0.000000000000000000
connection 22 47 3.068710112035044180 0 0.000000000000000000 0.000000000000000000
connection 22 48 5.121561065371101229 0 0.000000000000000000 0.000000000000000000
connection 22 49 1.900032724647095383 0 0.000000000000000000 0.000000000000000000
connection 22 50 -2.246314232083638451 0 0.000000000000000000 0.000000000000000000
connection 22 51 0.487296186747164961 0 0.000000000000000000 0.000000000000000000
connection 22 52 3.931550111308557138 0 0.000000000000000000 0.000000000000000000
connection 22 53 -1.041914743556006551 0 0.000000000000000000 0.000000000000000000
connection 22 54 -2.497506260728332261 0 0.000000000000000000 0.000000000000000000
connection 22 55 1.680587138742139830 0 0.000000000000000000 0.000000000000000000
connection 22 56 4.912715988107012599 0 0.000000000000000000 0.000000000000000000
connection 23 80 3.812960264012471345 0 0.000000000000000000 0.000000000000000000
connection 23 81 0.733845208645435121 0 0.000000000000000000 0.000000000000000000
connection 23 82 3.003588800781012313 0 0.000000000000000000 0.000000000000000000
connection 23 83 4.905103534364328333 0 0.000000000000000000 0.000000000000000000
connection 23 45 -0.687740064683606156 0 0.000000000000000000 0.000000000000000000
connection 23 46 1.935765022423529214 0 0.000000000000000000 0.000000000000000000
connection 23 76 -2.120140580964245292 0 0.000000000000000000 0.000000000000000000
connection 23 47 0.626903477543899301 0 0.000000000000000000 0.000000000000000000
connection 23 48 3.856089548663682365 0 0.000000000000000000 0.000000000000000000
connection 23 59 -1.970772068567574253 0 0.000000000000000000 0.000000000000000000
connection 23 60 2.237723428643364265 0 0.000000000000000000 0.000000000000000000
connection 23 62 -4.114455792498230124 0 0.000000000000000000 0.000000000000000000
connection 23 49 -0.826661385033714669 0 0.000000000000000000 0.000000000000000000
connection 23 51 -2.259854001945191371 0 0.000000000000000000 0.000000000000000000
connection 23 52 1.857664074203347671 0 0.000000000000000000 0.000000000000000000
connection 23 55 -1.011506210106701609 0 0.000000000000000000 0.000000000000000000
connection 23 22 3.870378705470515435 0 0.000000000000000000 0.000000000000000000
connection 23 23 0.483974894170279835 0 0.000000000000000000 0.000000000000000000
connection 23 24 2.931715522707325494 0 0.000000000000000000 0.000000000000000000
connection 23 25 5.090403910863231296 0 0.000000000000000000 0.000000000000000000
connection 37 67 -1.523155024099996702 0 0.000000000000000000 0.000000000000000000
connection 37 69 1.222337802932437656 0 0.000000000000000000 0.000000000000000000
connection 37 63 3.497062754085561220 0 0.000000000000000000 0.000000000000000000
connection 37 71 -0.320391635063394686 0 0.000000000000000000 0.000000000000000000
connection 37 64 2.309514696868571360 0 0.000000000000000000 0.000000000000000000
connection 37 65 4.945772608086901556 0 0.000000000000000000 0.000000000000000000
connection 37 72 0.841254452095783423 0 0.000000000000000000 0.000000000000000000
connection 37 73 -0.779004304754706167 0 0.000000000000000000 0.000000000000000000
connection 37 66 3.219118080220475520 0 0.000000000000000000 0.000000000000000000
connection 37 53 4.786519017880389804 0 0.000000000000000000 0.000000000000000000
connection 37 77 1.888975089743879510 0 0.000000000000000000 0.000000000000000000
connection 37 54 3.943972828445838186 0 0.000000000000000000 0.000000000000000000
connection 37 55 5.671507074258338221 0 0.000000000000000000 0.000000000000000000
connection 38 67 -1.009627452928048230 0 0.000000000000000000 0.000000000000000000
connection 38 68 -2.519225399738898918 0 0.000000000000000000 0.000000000000000000
connection 38 69 1.689979984763823939 0 0.000000000000000000 0.000000000000000000
connection 38 70 -1.533811871656736825 0 0.000000000000000000 0.000000000000000000
connection 38 63 3.818180087773342279 0 0.000000000000000000 0.000000000000000000
connection 38 64 2.642415683172019580 0 0.000000000000000000 0.000000000000000000
connection 38 65 5.134309100616376575 0 0.000000000000000000 0.000000000000000000
connection 38 72 1.155018437633118733 0 0.000000000000000000 0.000000000000000000
connection 38 73 -0.525834372499516145 0 0.000000000000000000 0.000000000000000000
connection 38 66 3.421331458619802035 0 0.000000000000000000 0.000000000000000000
connection 38 74 4.495294816712188890 0 0.000000000000000000 0.000000000000000000
connection 39 67 1.470454397875048613 0 0.000000000000000000 0.000000000000000000
connection 39 69 3.652701022214692284 0 0.000000000000000000 0.000000000000000000
connection 39 84 -1.843974919155731307 0 0.000000000000000000 0.000000000000000000
connection 39 70 0.814909241022743425 0 0.000000000000000000 0.000000000000000000
connection 39 85 4.670704232034769809 0 0.000000000000000000 0.000000000000000000
connection 39 72 3.144847463550239919 0 0.000000000000000000 0.000000000000000000
connection 39 86 -0.916136217386647189 0 0.000000000000000000 0.000000000000000000
connection 39 73 1.702340695078065291 0 0.000000000000000000 0.000000000000000000
connection 39 66 4.688203608917279830 0 0.000000000000000000 0.000000000000000000
connection 40 67 1.115592517327942401 0 0.000000000000000000 0.000000000000000000
connection 40 68 -0.478543825986548654 0 0.000000000000000000 0.000000000000000000
connection 40 69 3.421829568026300006 0 0.000000000000000000 0.000000000000000000
connection 40 84 -2.056839025111666164 0 0.000000000000000000 0.000000000000000000
connection 40 70 0.622390051043433812 0 0.000000000000000000 0.000000000000000000
connection 40 85 4.553160231716573136 0 0.000000000000000000 0.000000000000000000
connection 40 72 3.039849501303762747 0 0.000000000000000000 0.000000000000000000
connection 40 86 -1.044344941664631099 0 0.000000000000000000 0.000000000000000000
connection 40 73 1.623207023476798128 0 0.000000000000000000 0.000000000000000000
connection 40 66 4.666638108621596004 0 0.000000000000000000 0.000000000000000000
connection 41 67 3.277302536658606158 0 0.000000000000000000 0.000000000000000000
connection 41 87 -0.715304715956307957 0 0.000000000000000000 0.000000000000000000
connection 41 68 1.933299701611005394 0 0.000000000000000000 0.000000000000000000
connection 41 69 4.815052627885821224 0 0.000000000000000000 0.000000000000000000
connection 41 84 0.319949904714252276 0 0.000000000000000000 0.000000000000000000
connection 41 88 -1.384784277861145885 0 0.000000000000000000 0.000000000000000000
connection 41 70 2.782246679031168402 0 0.000000000000000000 0.000000000000000000
connection 26 14 -1.045426414898239731 0 0.000000000000000000 0.000000000000000000
connection 32 14 1.481842069304476039 0 0.000000000000000000 0.000000000000000000
connection 33 14 -0.653092565113354340 0 0.000000000000000000 0.000000000000000000
connection 36 14 -2.980516410035577213 0 0.000000000000000000 0.000000000000000000
connection 34 14 -0.455200654906378288 0 0.000000000000000000 0.000000000000000000
connection 31 14 1.724528971956907242 0 0.000000000000000000 0.000000000000000000
connection 35 14 -0.439657463536065052 0 0.000000000000000000 0.000000000000000000
connection 37 14 -2.551876153809990555 0 0.000000000000000000 0.000000000000000000
connection 22 15 0.891354128366087961 0 0.000000000000000000 0.000000000000000000
connection 23 15 2.667866307991990649 0 0.000000000000000000 0.000000000000000000
connection 24 15 0.716710921707055193 0 0.000000000000000000 0.000000000000000000
connection 25 15 -1.329986427482471978 0 0.000000000000000000 0.000000000000000000
connection 27 15 0.841238783920630673 0 0.000000000000000000 0.000000000000000000
connection 28 15 2.894059769860410025 0 0.000000000000000000 0.000000000000000000
connection 29 15 0.950315960010263305 0 0.000000000000000000 0.000000000000000000
connection 30 15 -1.334401609688523616 0 0.000000000000000000 0.000000000000000000
connection 80 16 1.036911768483530283 0 0.000000000000000000 0.000000000000000000
connection 81 16 3.334782581024402059 0 0.000000000000000000 0.000000000000000000
connection 82 16 1.611402408113268070 0 0.000000000000000000 0.000000000000000000
connection 83 16 -1.041756427491116854 0 0.000000000000000000 0.000000000000000000
connection 46 16 1.999479651808742542 0 0.000000000000000000 0.000000000000000000
connection 47 16 2.192254147864612701 0 0.000000000000000000 0.000000000000000000
connection 79 16 2.158029104456229419 0 0.000000000000000000 0.000000000000000000
connection 74 16 1.752014583997637764 0 0.000000000000000000 0.000000000000000000
connection 56 16 -2.140606818700437675 0 0.000000000000000000 0.000000000000000000
connection 80 17 -2.095174100414039842 0 0.000000000000000000 0.000000000000000000
connection 81 17 0.607415745917940564 0 0.000000000000000000 0.000000000000000000
connection 82 17 -1.495931801498841418 0 0.000000000000000000 0.000000000000000000
connection 83 17 -3.791470877002891093 0 0.000000000000000000 0.000000000000000000
connection 46 17 -1.045444760957254804 0 0.000000000000000000 0.000000000000000000
connection 76 17 1.382075872288020202 0 0.000000000000000000 0.000000000000000000
connection 47 17 -0.782090054486883846 0 0.000000000000000000 0.000000000000000000
connection 48 17 -2.994703763252241746 0 0.000000000000000000 0.000000000000000000
connection 49 17 -0.707175408903290559 0 0.000000000000000000 0.000000000000000000
connection 50 17 1.406729732122007359 0 0.000000000000000000 0.000000000000000000
connection 51 17 -0.788343402501817891 0 0.000000000000000000 0.000000000000000000
connection 52 17 -2.791136491220250537 0 0.000000000000000000 0.000000000000000000
connection 53 17 -0.967270110163099828 0 0.000000000000000000 0.000000000000000000
connection 77 17 0.999819026436251201 0 0.000000000000000000 0.000000000000000000
connection 54 17 -1.170397210086568940 0 0.000000000000000000 0.000000000000000000
connection 55 17 -3.067062883531331163 0 0.000000000000000000 0.000000000000000000
connection 56 17 -4.416885000939235084 0 0.000000000000000000 0.000000000000000000
connection 42 18 -4.265447989813663021 0 0.000000000000000000 0.000000000000000000
connection 57 18 2.486618764614477506 0 0.000000000000000000 0.000000000000000000
connection 44 18 0.480880399604841857 0 0.000000000000000000 0.000000000000000000
connection 45 18 -1.993239662763879316 0 0.000000000000000000 0.000000000000000000
connection 58 18 -3.586607475320937599 0 0.000000000000000000 0.000000000000000000
connection 63 18 0.659332376959853361 0 0.000000000000000000 0.000000000000000000
connection 71 18 2.656948276842278744 0 0.000000000000000000 0.000000000000000000
connection 64 18 0.656121590216258710 0 0.000000000000000000 0.000000000000000000
connection 65 18 -1.534585952388515917 0 0.000000000000000000 0.000000000000000000
connection 79 18 -3.456156556719486073 0 0.000000000000000000 0.000000000000000000
connection 72 18 0.516328347625731876 0 0.000000000000000000 0.000000000000000000
connection 86 18 2.306295585524157143 0 0.000000000000000000 0.000000000000000000
connection 73 18 0.305194695382038417 0 0.000000000000000000 0.000000000000000000
connection 66 18 -1.706989680784224417 0 0.000000000000000000 0.000000000000000000
connection 74 18 -3.744233656971116098 0 0.000000000000000000 0.000000000000000000
connection 85 19 -2.305060426462197665 0 0.000000000000000000 0.000000000000000000
connection 38 19 -2.097398677774087616 0 0.000000000000000000 0.000000000000000000
connection 41 19 2.212078857968694301 0 0.000000000000000000 0.000000000000000000
connection 67 20 -1.128334193297018784 0 0.000000000000000000 0.000000000000000000
connection 87 20 1.199754768008615802 0 0.000000000000000000 0.000000000000000000
connection 68 20 -0.991970429682901278 0 0.000000000000000000 0.000000000000000000
connection 69 20 -3.081275128525885254 0 0.000000000000000000 0.000000000000000000
connection 84 20 -1.024420614868604140 0 0.000000000000000000 0.000000000000000000
connection 88 20 -1.175636836457531809 0 0.000000000000000000 0.000000000000000000
connection 70 20 -3.079013504300188497 0 0.000000000000000000 0.000000000000000000
connection 85 20 -4.467668675587626481 0 0.000000000000000000 0.000000000000000000
connection 26 20 -1.295569468817721726 0 0.000000000000000000 0.000000000000000000
connection 33 20 -1.274339788137754059 0 0.000000000000000000 0.000000000000000000
connection 36 20 0.921721718551207769 0 0.000000000000000000 0.000000000000000000
connection 34 20 -1.422351557597934413 0 0.000000000000000000 0.000000000000000000
connection 35 20 -1.756623598940310726 0 0.000000000000000000 0.000000000000000000
connection 37 20 0.738407325438310336 0 0.000000000000000000 0.000000000000000000
connection 59 21 0.399153546360637157 0 0.000000000000000000 0.000000000000000000
connection 60 21 2.357255581862206739 0 0.000000000000000000 0.000000000000000000
connection 61 21 0.302044380848552896 0 0.000000000000000000 0.000000000000000000
connection 62 21 -1.803848945983217211 0 0.000000000000000000 0.000000000000000000
connection 34 21 1.627759852851134781 0 0.000000000000000000 0.000000000000000000
connection 31 21 -0.790632885387977824 0 0.000000000000000000 0.000000000000000000
connection 35 21 1.337991954890081603 0 0.000000000000000000 0.000000000000000000
connection 37 21 3.404369906119666389 0 0.000000000000000000 0.000000000000000000
NNend

