NNstart
14 8
neuron 1 1.000000000000000000 0.000000000000000000 0.000000000000000000 -1009892155047148535278867706313426980760983502506379916988127216307696061109412907397970069904492354966195042318526554029764757066003761548261423423600088415605212532931986844300728479168243055457577469739810332653021009837485163176638677301060987112904430645234030410550864551609209192448.000000000000000000 11 0.000000000000000000
neuron 1 1.000000000000000000 0.000000000000000000 0.000000000000000000 -1009892155047148535278867706313426980760983502506379916988127216307696061109412907397970069904492354966195042318526554029764757066003761548261423423600088415605212532931986844300728479168243055457577469739810332653021009837485163176638677301060987112904430645234030410550864551609209192448.000000000000000000 11 0.000000000000000000
neuron 1 1.000000000000000000 0.000000000000000000 0.000000000000000000 -1009892155047148535278867706313426980760983502506379916988127216307696061109412907397970069904492354966195042318526554029764757066003761548261423423600088415605212532931986844300728479168243055457577469739810332653021009837485163176638677301060987112904430645234030410550864551609209192448.000000000000000000 11 0.000000000000000000
neuron 1 1.000000000000000000 0.000000000000000000 0.000000000000000000 -1009892155047148535278867706313426980760983502506379916988127216307696061109412907397970069904492354966195042318526554029764757066003761548261423423600088415605212532931986844300728479168243055457577469739810332653021009837485163176638677301060987112904430645234030410550864551609209192448.000000000000000000 11 0.000000000000000000
neuron 1 1.000000000000000000 0.000000000000000000 0.000000000000000000 -1009892155047148535278867706313426980760983502506379916988127216307696061109412907397970069904492354966195042318526554029764757066003761548261423423600088415605212532931986844300728479168243055457577469739810332653021009837485163176638677301060987112904430645234030410550864551609209192448.000000000000000000 11 0.000000000000000000
neuron 1 1.000000000000000000 0.000000000000000000 0.000000000000000000 -1009892155047148535278867706313426980760983502506379916988127216307696061109412907397970069904492354966195042318526554029764757066003761548261423423600088415605212532931986844300728479168243055457577469739810332653021009837485163176638677301060987112904430645234030410550864551609209192448.000000000000000000 11 0.000000000000000000
neuron 1 1.000000000000000000 0.000000000000000000 0.000000000000000000 -1009892155047148535278867706313426980760983502506379916988127216307696061109412907397970069904492354966195042318526554029764757066003761548261423423600088415605212532931986844300728479168243055457577469739810332653021009837485163176638677301060987112904430645234030410550864551609209192448.000000000000000000 11 0.000000000000000000
neuron 1 1.000000000000000000 0.000000000000000000 0.000000000000000000 -1009892155047148535278867706313426980760983502506379916988127216307696061109412907397970069904492354966195042318526554029764757066003761548261423423600088415605212532931986844300728479168243055457577469739810332653021009837485163176638677301060987112904430645234030410550864551609209192448.000000000000000000 11 0.000000000000000000
neuron 1 1.000000000000000000 0.000000000000000000 0.000000000000000000 -1009892155047148535278867706313426980760983502506379916988127216307696061109412907397970069904492354966195042318526554029764757066003761548261423423600088415605212532931986844300728479168243055457577469739810332653021009837485163176638677301060987112904430645234030410550864551609209192448.000000000000000000 11 0.000000000000000000
neuron 1 1.000000000000000000 0.000000000000000000 0.000000000000000000 -1009892155047148535278867706313426980760983502506379916988127216307696061109412907397970069904492354966195042318526554029764757066003761548261423423600088415605212532931986844300728479168243055457577469739810332653021009837485163176638677301060987112904430645234030410550864551609209192448.000000000000000000 11 0.000000000000000000
neuron 1 1.000000000000000000 0.000000000000000000 0.000000000000000000 -1009892155047148535278867706313426980760983502506379916988127216307696061109412907397970069904492354966195042318526554029764757066003761548261423423600088415605212532931986844300728479168243055457577469739810332653021009837485163176638677301060987112904430645234030410550864551609209192448.000000000000000000 11 0.000000000000000000
neuron 1 1.000000000000000000 0.000000000000000000 0.000000000000000000 -1009892155047148535278867706313426980760983502506379916988127216307696061109412907397970069904492354966195042318526554029764757066003761548261423423600088415605212532931986844300728479168243055457577469739810332653021009837485163176638677301060987112904430645234030410550864551609209192448.000000000000000000 11 0.000000000000000000
neuron 1 1.000000000000000000 0.000000000000000000 0.000000000000000000 -1009892155047148535278867706313426980760983502506379916988127216307696061109412907397970069904492354966195042318526554029764757066003761548261423423600088415605212532931986844300728479168243055457577469739810332653021009837485163176638677301060987112904430645234030410550864551609209192448.000000000000000000 11 0.000000000000000000
neuron 2 1.000000000000000000 0.000000000000000000 0.000000000000000000 0.000000000000000000 11 0.000000000000000000
neuron 4 1.000000000000000000 0.000000000000000000 0.000000000000000000 -1009892155047148535278867706313426980760983502506379916988127216307696061109412907397970069904492354966195042318526554029764757066003761548261423423600088415605212532931986844300728479168243055457577469739810332653021009837485163176638677301060987112904430645234030410550864551609209192448.000000000000000000 1 0.000000000000000000
neuron 4 1.000000000000000000 0.000000000000000000 0.000000000000000000 -1009892155047148535278867706313426980760983502506379916988127216307696061109412907397970069904492354966195042318526554029764757066003761548261423423600088415605212532931986844300728479168243055457577469739810332653021009837485163176638677301060987112904430645234030410550864551609209192448.000000000000000000 1 0.000000000000000000
neuron 4 1.000000000000000000 0.000000000000000000 0.000000000000000000 -1009892155047148535278867706313426980760983502506379916988127216307696061109412907397970069904492354966195042318526554029764757066003761548261423423600088415605212532931986844300728479168243055457577469739810332653021009837485163176638677301060987112904430645234030410550864551609209192448.000000000000000000 1 0.000000000000000000
neuron 4 1.000000000000000000 0.000000000000000000 0.000000000000000000 -1009892155047148535278867706313426980760983502506379916988127216307696061109412907397970069904492354966195042318526554029764757066003761548261423423600088415605212532931986844300728479168243055457577469739810332653021009837485163176638677301060987112904430645234030410550864551609209192448.000000000000000000 1 0.000000000000000000
neuron 4 1.000000000000000000 0.000000000000000000 0.000000000000000000 -1009892155047148535278867706313426980760983502506379916988127216307696061109412907397970069904492354966195042318526554029764757066003761548261423423600088415605212532931986844300728479168243055457577469739810332653021009837485163176638677301060987112904430645234030410550864551609209192448.000000000000000000 1 0.000000000000000000
neuron 4 1.000000000000000000 0.000000000000000000 0.000000000000000000 -1009892155047148535278867706313426980760983502506379916988127216307696061109412907397970069904492354966195042318526554029764757066003761548261423423600088415605212532931986844300728479168243055457577469739810332653021009837485163176638677301060987112904430645234030410550864551609209192448.000000000000000000 1 0.000000000000000000
neuron 4 1.000000000000000000 0.000000000000000000 0.000000000000000000 -1009892155047148535278867706313426980760983502506379916988127216307696061109412907397970069904492354966195042318526554029764757066003761548261423423600088415605212532931986844300728479168243055457577469739810332653021009837485163176638677301060987112904430645234030410550864551609209192448.000000000000000000 1 0.000000000000000000
neuron 4 1.000000000000000000 0.000000000000000000 0.000000000000000000 -1009892155047148535278867706313426980760983502506379916988127216307696061109412907397970069904492354966195042318526554029764757066003761548261423423600088415605212532931986844300728479168243055457577469739810332653021009837485163176638677301060987112904430645234030410550864551609209192448.000000000000000000 1 0.000000000000000000
neuron 3 1.000000000000000000 0.000000000000000000 0.000000000000000000 -1009892155047148535278867706313426980760983502506379916988127216307696061109412907397970069904492354966195042318526554029764757066003761548261423423600088415605212532931986844300728479168243055457577469739810332653021009837485163176638677301060987112904430645234030410550864551609209192448.000000000000000000 0 0.000000000000000000
neuron 3 1.000000000000000000 0.000000000000000000 0.000000000000000000 -1009892155047148535278867706313426980760983502506379916988127216307696061109412907397970069904492354966195042318526554029764757066003761548261423423600088415605212532931986844300728479168243055457577469739810332653021009837485163176638677301060987112904430645234030410550864551609209192448.000000000000000000 0 0.000000000000000000
neuron 3 1.000000000000000000 0.000000000000000000 0.000000000000000000 -1009892155047148535278867706313426980760983502506379916988127216307696061109412907397970069904492354966195042318526554029764757066003761548261423423600088415605212532931986844300728479168243055457577469739810332653021009837485163176638677301060987112904430645234030410550864551609209192448.000000000000000000 0 0.000000000000000000
neuron 3 1.000000000000000000 0.000000000000000000 0.000000000000000000 -1009892155047148535278867706313426980760983502506379916988127216307696061109412907397970069904492354966195042318526554029764757066003761548261423423600088415605212532931986844300728479168243055457577469739810332653021009837485163176638677301060987112904430645234030410550864551609209192448.000000000000000000 0 0.000000000000000000
neuron 3 1.000000000000000000 0.000000000000000000 0.000000000000000000 -1009892155047148535278867706313426980760983502506379916988127216307696061109412907397970069904492354966195042318526554029764757066003761548261423423600088415605212532931986844300728479168243055457577469739810332653021009837485163176638677301060987112904430645234030410550864551609209192448.000000000000000000 0 0.000000000000000000
neuron 3 1.000000000000000000 0.000000000000000000 0.000000000000000000 -1009892155047148535278867706313426980760983502506379916988127216307696061109412907397970069904492354966195042318526554029764757066003761548261423423600088415605212532931986844300728479168243055457577469739810332653021009837485163176638677301060987112904430645234030410550864551609209192448.000000000000000000 0 0.000000000000000000
neuron 3 1.000000000000000000 0.000000000000000000 0.000000000000000000 -1009892155047148535278867706313426980760983502506379916988127216307696061109412907397970069904492354966195042318526554029764757066003761548261423423600088415605212532931986844300728479168243055457577469739810332653021009837485163176638677301060987112904430645234030410550864551609209192448.000000000000000000 0 0.000000000000000000
neuron 3 1.000000000000000000 0.000000000000000000 0.000000000000000000 -1009892155047148535278867706313426980760983502506379916988127216307696061109412907397970069904492354966195042318526554029764757066003761548261423423600088415605212532931986844300728479168243055457577469739810332653021009837485163176638677301060987112904430645234030410550864551609209192448.000000000000000000 0 0.000000000000000000
neuron 3 1.000000000000000000 0.000000000000000000 0.000000000000000000 -1009892155047148535278867706313426980760983502506379916988127216307696061109412907397970069904492354966195042318526554029764757066003761548261423423600088415605212532931986844300728479168243055457577469739810332653021009837485163176638677301060987112904430645234030410550864551609209192448.000000000000000000 0 0.000000000000000000
neuron 3 1.000000000000000000 0.000000000000000000 0.000000000000000000 -1009892155047148535278867706313426980760983502506379916988127216307696061109412907397970069904492354966195042318526554029764757066003761548261423423600088415605212532931986844300728479168243055457577469739810332653021009837485163176638677301060987112904430645234030410550864551609209192448.000000000000000000 0 0.000000000000000000
neuron 3 1.000000000000000000 0.000000000000000000 0.000000000000000000 -1009892155047148535278867706313426980760983502506379916988127216307696061109412907397970069904492354966195042318526554029764757066003761548261423423600088415605212532931986844300728479168243055457577469739810332653021009837485163176638677301060987112904430645234030410550864551609209192448.000000000000000000 0 0.000000000000000000
neuron 3 1.000000000000000000 0.000000000000000000 0.000000000000000000 -1009892155047148535278867706313426980760983502506379916988127216307696061109412907397970069904492354966195042318526554029764757066003761548261423423600088415605212532931986844300728479168243055457577469739810332653021009837485163176638677301060987112904430645234030410550864551609209192448.000000000000000000 0 0.000000000000000000
neuron 3 1.000000000000000000 0.000000000000000000 0.000000000000000000 -1009892155047148535278867706313426980760983502506379916988127216307696061109412907397970069904492354966195042318526554029764757066003761548261423423600088415605212532931986844300728479168243055457577469739810332653021009837485163176638677301060987112904430645234030410550864551609209192448.000000000000000000 0 0.000000000000000000
neuron 3 1.000000000000000000 0.000000000000000000 0.000000000000000000 -1009892155047148535278867706313426980760983502506379916988127216307696061109412907397970069904492354966195042318526554029764757066003761548261423423600088415605212532931986844300728479168243055457577469739810332653021009837485163176638677301060987112904430645234030410550864551609209192448.000000000000000000 0 0.000000000000000000
neuron 3 1.000000000000000000 0.000000000000000000 0.000000000000000000 -1009892155047148535278867706313426980760983502506379916988127216307696061109412907397970069904492354966195042318526554029764757066003761548261423423600088415605212532931986844300728479168243055457577469739810332653021009837485163176638677301060987112904430645234030410550864551609209192448.000000000000000000 0 0.000000000000000000
neuron 3 1.000000000000000000 0.000000000000000000 0.000000000000000000 -1009892155047148535278867706313426980760983502506379916988127216307696061109412907397970069904492354966195042318526554029764757066003761548261423423600088415605212532931986844300728479168243055457577469739810332653021009837485163176638677301060987112904430645234030410550864551609209192448.000000000000000000 0 0.000000000000000000
neuron 3 1.000000000000000000 0.000000000000000000 0.000000000000000000 -1009892155047148535278867706313426980760983502506379916988127216307696061109412907397970069904492354966195042318526554029764757066003761548261423423600088415605212532931986844300728479168243055457577469739810332653021009837485163176638677301060987112904430645234030410550864551609209192448.000000000000000000 0 0.000000000000000000
neuron 3 1.000000000000000000 0.000000000000000000 0.000000000000000000 -1009892155047148535278867706313426980760983502506379916988127216307696061109412907397970069904492354966195042318526554029764757066003761548261423423600088415605212532931986844300728479168243055457577469739810332653021009837485163176638677301060987112904430645234030410550864551609209192448.000000000000000000 0 0.000000000000000000
neuron 3 1.000000000000000000 0.000000000000000000 0.000000000000000000 -1009892155047148535278867706313426980760983502506379916988127216307696061109412907397970069904492354966195042318526554029764757066003761548261423423600088415605212532931986844300728479168243055457577469739810332653021009837485163176638677301060987112904430645234030410550864551609209192448.000000000000000000 0 0.000000000000000000
neuron 3 1.000000000000000000 0.000000000000000000 0.000000000000000000 -1009892155047148535278867706313426980760983502506379916988127216307696061109412907397970069904492354966195042318526554029764757066003761548261423423600088415605212532931986844300728479168243055457577469739810332653021009837485163176638677301060987112904430645234030410550864551609209192448.000000000000000000 0 0.000000000000000000
neuron 3 1.000000000000000000 0.000000000000000000 0.000000000000000000 -1009892155047148535278867706313426980760983502506379916988127216307696061109412907397970069904492354966195042318526554029764757066003761548261423423600088415605212532931986844300728479168243055457577469739810332653021009837485163176638677301060987112904430645234030410550864551609209192448.000000000000000000 0 0.000000000000000000
neuron 3 1.000000000000000000 0.000000000000000000 0.000000000000000000 -1009892155047148535278867706313426980760983502506379916988127216307696061109412907397970069904492354966195042318526554029764757066003761548261423423600088415605212532931986844300728479168243055457577469739810332653021009837485163176638677301060987112904430645234030410550864551609209192448.000000000000000000 0 0.000000000000000000
neuron 3 1.000000000000000000 0.000000000000000000 0.000000000000000000 -1009892155047148535278867706313426980760983502506379916988127216307696061109412907397970069904492354966195042318526554029764757066003761548261423423600088415605212532931986844300728479168243055457577469739810332653021009837485163176638677301060987112904430645234030410550864551609209192448.000000000000000000 0 0.000000000000000000
neuron 3 1.000000000000000000 0.000000000000000000 0.000000000000000000 -1009892155047148535278867706313426980760983502506379916988127216307696061109412907397970069904492354966195042318526554029764757066003761548261423423600088415605212532931986844300728479168243055457577469739810332653021009837485163176638677301060987112904430645234030410550864551609209192448.000000000000000000 0 0.000000000000000000
neuron 3 1.000000000000000000 0.000000000000000000 0.000000000000000000 -1009892155047148535278867706313426980760983502506379916988127216307696061109412907397970069904492354966195042318526554029764757066003761548261423423600088415605212532931986844300728479168243055457577469739810332653021009837485163176638677301060987112904430645234030410550864551609209192448.000000000000000000 0 0.000000000000000000
neuron 3 1.000000000000000000 0.000000000000000000 0.000000000000000000 -1009892155047148535278867706313426980760983502506379916988127216307696061109412907397970069904492354966195042318526554029764757066003761548261423423600088415605212532931986844300728479168243055457577469739810332653021009837485163176638677301060987112904430645234030410550864551609209192448.000000000000000000 0 0.000000000000000000
neuron 3 1.000000000000000000 0.000000000000000000 0.000000000000000000 -1009892155047148535278867706313426980760983502506379916988127216307696061109412907397970069904492354966195042318526554029764757066003761548261423423600088415605212532931986844300728479168243055457577469739810332653021009837485163176638677301060987112904430645234030410550864551609209192448.000000000000000000 0 0.000000000000000000
neuron 3 1.000000000000000000 0.000000000000000000 0.000000000000000000 -1009892155047148535278867706313426980760983502506379916988127216307696061109412907397970069904492354966195042318526554029764757066003761548261423423600088415605212532931986844300728479168243055457577469739810332653021009837485163176638677301060987112904430645234030410550864551609209192448.000000000000000000 0 0.000000000000000000
neuron 3 1.000000000000000000 0.000000000000000000 0.000000000000000000 -1009892155047148535278867706313426980760983502506379916988127216307696061109412907397970069904492354966195042318526554029764757066003761548261423423600088415605212532931986844300728479168243055457577469739810332653021009837485163176638677301060987112904430645234030410550864551609209192448.000000000000000000 0 0.000000000000000000
neuron 3 1.000000000000000000 0.000000000000000000 0.000000000000000000 -1009892155047148535278867706313426980760983502506379916988127216307696061109412907397970069904492354966195042318526554029764757066003761548261423423600088415605212532931986844300728479168243055457577469739810332653021009837485163176638677301060987112904430645234030410550864551609209192448.000000000000000000 0 0.000000000000000000
neuron 3 1.000000000000000000 0.000000000000000000 0.000000000000000000 -1009892155047148535278867706313426980760983502506379916988127216307696061109412907397970069904492354966195042318526554029764757066003761548261423423600088415605212532931986844300728479168243055457577469739810332653021009837485163176638677301060987112904430645234030410550864551609209192448.000000000000000000 0 0.000000000000000000
neuron 3 1.000000000000000000 0.000000000000000000 0.000000000000000000 -1009892155047148535278867706313426980760983502506379916988127216307696061109412907397970069904492354966195042318526554029764757066003761548261423423600088415605212532931986844300728479168243055457577469739810332653021009837485163176638677301060987112904430645234030410550864551609209192448.000000000000000000 0 0.000000000000000000
neuron 3 1.000000000000000000 0.000000000000000000 0.000000000000000000 -1009892155047148535278867706313426980760983502506379916988127216307696061109412907397970069904492354966195042318526554029764757066003761548261423423600088415605212532931986844300728479168243055457577469739810332653021009837485163176638677301060987112904430645234030410550864551609209192448.000000000000000000 0 0.000000000000000000
neuron 3 1.000000000000000000 0.000000000000000000 0.000000000000000000 -1009892155047148535278867706313426980760983502506379916988127216307696061109412907397970069904492354966195042318526554029764757066003761548261423423600088415605212532931986844300728479168243055457577469739810332653021009837485163176638677301060987112904430645234030410550864551609209192448.000000000000000000 0 0.000000000000000000
neuron 3 1.000000000000000000 0.000000000000000000 0.000000000000000000 -1009892155047148535278867706313426980760983502506379916988127216307696061109412907397970069904492354966195042318526554029764757066003761548261423423600088415605212532931986844300728479168243055457577469739810332653021009837485163176638677301060987112904430645234030410550864551609209192448.000000000000000000 0 0.000000000000000000
neuron 3 1.000000000000000000 0.000000000000000000 0.000000000000000000 -1009892155047148535278867706313426980760983502506379916988127216307696061109412907397970069904492354966195042318526554029764757066003761548261423423600088415605212532931986844300728479168243055457577469739810332653021009837485163176638677301060987112904430645234030410550864551609209192448.000000000000000000 0 0.000000000000000000
neuron 3 1.000000000000000000 0.000000000000000000 0.000000000000000000 -1009892155047148535278867706313426980760983502506379916988127216307696061109412907397970069904492354966195042318526554029764757066003761548261423423600088415605212532931986844300728479168243055457577469739810332653021009837485163176638677301060987112904430645234030410550864551609209192448.000000000000000000 0 0.000000000000000000
connection 8 22 8.000000000000000000 0 0.000000000000000000 -1009892155047148535278867706313426980760983502506379916988127216307696061109412907397970069904492354966195042318526554029764757066003761548261423423600088415605212532931986844300728479168243055457577469739810332653021009837485163176638677301060987112904430645234030410550864551609209192448.000000000000000000
connection 8 23 8.000000000000000000 0 0.000000000000000000 -1009892155047148535278867706313426980760983502506379916988127216307696061109412907397970069904492354966195042318526554029764757066003761548261423423600088415605212532931986844300728479168243055457577469739810332653021009837485163176638677301060987112904430645234030410550864551609209192448.000000000000000000
connection 8 24 8.000000000000000000 0 0.000000000000000000 -1009892155047148535278867706313426980760983502506379916988127216307696061109412907397970069904492354966195042318526554029764757066003761548261423423600088415605212532931986844300728479168243055457577469739810332653021009837485163176638677301060987112904430645234030410550864551609209192448.000000000000000000
connection 8 25 8.000000000000000000 0 0.000000000000000000 -1009892155047148535278867706313426980760983502506379916988127216307696061109412907397970069904492354966195042318526554029764757066003761548261423423600088415605212532931986844300728479168243055457577469739810332653021009837485163176638677301060987112904430645234030410550864551609209192448.000000000000000000
connection 8 26 8.000000000000000000 0 0.000000000000000000 -1009892155047148535278867706313426980760983502506379916988127216307696061109412907397970069904492354966195042318526554029764757066003761548261423423600088415605212532931986844300728479168243055457577469739810332653021009837485163176638677301060987112904430645234030410550864551609209192448.000000000000000000
connection 9 27 8.000000000000000000 0 0.000000000000000000 -1009892155047148535278867706313426980760983502506379916988127216307696061109412907397970069904492354966195042318526554029764757066003761548261423423600088415605212532931986844300728479168243055457577469739810332653021009837485163176638677301060987112904430645234030410550864551609209192448.000000000000000000
connection 9 25 8.000000000000000000 0 0.000000000000000000 -1009892155047148535278867706313426980760983502506379916988127216307696061109412907397970069904492354966195042318526554029764757066003761548261423423600088415605212532931986844300728479168243055457577469739810332653021009837485163176638677301060987112904430645234030410550864551609209192448.000000000000000000
connection 9 28 8.000000000000000000 0 0.000000000000000000 -1009892155047148535278867706313426980760983502506379916988127216307696061109412907397970069904492354966195042318526554029764757066003761548261423423600088415605212532931986844300728479168243055457577469739810332653021009837485163176638677301060987112904430645234030410550864551609209192448.000000000000000000
connection 9 26 8.000000000000000000 0 0.000000000000000000 -1009892155047148535278867706313426980760983502506379916988127216307696061109412907397970069904492354966195042318526554029764757066003761548261423423600088415605212532931986844300728479168243055457577469739810332653021009837485163176638677301060987112904430645234030410550864551609209192448.000000000000000000
connection 10 27 8.000000000000000000 0 0.000000000000000000 -1009892155047148535278867706313426980760983502506379916988127216307696061109412907397970069904492354966195042318526554029764757066003761548261423423600088415605212532931986844300728479168243055457577469739810332653021009837485163176638677301060987112904430645234030410550864551609209192448.000000000000000000
connection 10 29 8.000000000000000000 0 0.000000000000000000 -1009892155047148535278867706313426980760983502506379916988127216307696061109412907397970069904492354966195042318526554029764757066003761548261423423600088415605212532931986844300728479168243055457577469739810332653021009837485163176638677301060987112904430645234030410550864551609209192448.000000000000000000
connection 10 30 8.000000000000000000 0 0.000000000000000000 -1009892155047148535278867706313426980760983502506379916988127216307696061109412907397970069904492354966195042318526554029764757066003761548261423423600088415605212532931986844300728479168243055457577469739810332653021009837485163176638677301060987112904430645234030410550864551609209192448.000000000000000000
connection 10 31 8.000000000000000000 0 0.000000000000000000 -1009892155047148535278867706313426980760983502506379916988127216307696061109412907397970069904492354966195042318526554029764757066003761548261423423600088415605212532931986844300728479168243055457577469739810332653021009837485163176638677301060987112904430645234030410550864551609209192448.000000000000000000
connection 10 32 8.000000000000000000 0 0.000000000000000000 -1009892155047148535278867706313426980760983502506379916988127216307696061109412907397970069904492354966195042318526554029764757066003761548261423423600088415605212532931986844300728479168243055457577469739810332653021009837485163176638677301060987112904430645234030410550864551609209192448.000000000000000000
connection 10 33 8.000000000000000000 0 0.000000000000000000 -1009892155047148535278867706313426980760983502506379916988127216307696061109412907397970069904492354966195042318526554029764757066003761548261423423600088415605212532931986844300728479168243055457577469739810332653021009837485163176638677301060987112904430645234030410550864551609209192448.000000000000000000
connection 10 34 8.000000000000000000 0 0.000000000000000000 -1009892155047148535278867706313426980760983502506379916988127216307696061109412907397970069904492354966195042318526554029764757066003761548261423423600088415605212532931986844300728479168243055457577469739810332653021009837485163176638677301060987112904430645234030410550864551609209192448.000000000000000000
connection 10 35 8.000000000000000000 0 0.000000000000000000 -1009892155047148535278867706313426980760983502506379916988127216307696061109412907397970069904492354966195042318526554029764757066003761548261423423600088415605212532931986844300728479168243055457577469739810332653021009837485163176638677301060987112904430645234030410550864551609209192448.000000000000000000
connection 11 27 8.000000000000000000 0 0.000000000000000000 -1009892155047148535278867706313426980760983502506379916988127216307696061109412907397970069904492354966195042318526554029764757066003761548261423423600088415605212532931986844300728479168243055457577469739810332653021009837485163176638677301060987112904430645234030410550864551609209192448.000000000000000000
connection 11 29 8.000000000000000000 0 0.000000000000000000 -1009892155047148535278867706313426980760983502506379916988127216307696061109412907397970069904492354966195042318526554029764757066003761548261423423600088415605212532931986844300728479168243055457577469739810332653021009837485163176638677301060987112904430645234030410550864551609209192448.000000000000000000
connection 11 36 8.000000000000000000 0 0.000000000000000000 -1009892155047148535278867706313426980760983502506379916988127216307696061109412907397970069904492354966195042318526554029764757066003761548261423423600088415605212532931986844300728479168243055457577469739810332653021009837485163176638677301060987112904430645234030410550864551609209192448.000000000000000000
connection 11 37 8.000000000000000000 0 0.000000000000000000 -1009892155047148535278867706313426980760983502506379916988127216307696061109412907397970069904492354966195042318526554029764757066003761548261423423600088415605212532931986844300728479168243055457577469739810332653021009837485163176638677301060987112904430645234030410550864551609209192448.000000000000000000
connection 11 30 8.000000000000000000 0 0.000000000000000000 -1009892155047148535278867706313426980760983502506379916988127216307696061109412907397970069904492354966195042318526554029764757066003761548261423423600088415605212532931986844300728479168243055457577469739810332653021009837485163176638677301060987112904430645234030410550864551609209192448.000000000000000000
connection 11 38 8.000000000000000000 0 0.000000000000000000 -1009892155047148535278867706313426980760983502506379916988127216307696061109412907397970069904492354966195042318526554029764757066003761548261423423600088415605212532931986844300728479168243055457577469739810332653021009837485163176638677301060987112904430645234030410550864551609209192448.000000000000000000
connection 11 34 8.000000000000000000 0 0.000000000000000000 -1009892155047148535278867706313426980760983502506379916988127216307696061109412907397970069904492354966195042318526554029764757066003761548261423423600088415605212532931986844300728479168243055457577469739810332653021009837485163176638677301060987112904430645234030410550864551609209192448.000000000000000000
connection 11 39 8.000000000000000000 0 0.000000000000000000 -1009892155047148535278867706313426980760983502506379916988127216307696061109412907397970069904492354966195042318526554029764757066003761548261423423600088415605212532931986844300728479168243055457577469739810332653021009837485163176638677301060987112904430645234030410550864551609209192448.000000000000000000
connection 11 35 8.000000000000000000 0 0.000000000000000000 -1009892155047148535278867706313426980760983502506379916988127216307696061109412907397970069904492354966195042318526554029764757066003761548261423423600088415605212532931986844300728479168243055457577469739810332653021009837485163176638677301060987112904430645234030410550864551609209192448.000000000000000000
connection 12 40 8.000000000000000000 0 0.000000000000000000 -1009892155047148535278867706313426980760983502506379916988127216307696061109412907397970069904492354966195042318526554029764757066003761548261423423600088415605212532931986844300728479168243055457577469739810332653021009837485163176638677301060987112904430645234030410550864551609209192448.000000000000000000
connection 12 38 8.000000000000000000 0 0.000000000000000000 -1009892155047148535278867706313426980760983502506379916988127216307696061109412907397970069904492354966195042318526554029764757066003761548261423423600088415605212532931986844300728479168243055457577469739810332653021009837485163176638677301060987112904430645234030410550864551609209192448.000000000000000000
connection 12 41 8.000000000000000000 0 0.000000000000000000 -1009892155047148535278867706313426980760983502506379916988127216307696061109412907397970069904492354966195042318526554029764757066003761548261423423600088415605212532931986844300728479168243055457577469739810332653021009837485163176638677301060987112904430645234030410550864551609209192448.000000000000000000
connection 12 42 8.000000000000000000 0 0.000000000000000000 -1009892155047148535278867706313426980760983502506379916988127216307696061109412907397970069904492354966195042318526554029764757066003761548261423423600088415605212532931986844300728479168243055457577469739810332653021009837485163176638677301060987112904430645234030410550864551609209192448.000000000000000000
connection 13 40 8.000000000000000000 0 0.000000000000000000 -1009892155047148535278867706313426980760983502506379916988127216307696061109412907397970069904492354966195042318526554029764757066003761548261423423600088415605212532931986844300728479168243055457577469739810332653021009837485163176638677301060987112904430645234030410550864551609209192448.000000000000000000
connection 13 38 8.000000000000000000 0 0.000000000000000000 -1009892155047148535278867706313426980760983502506379916988127216307696061109412907397970069904492354966195042318526554029764757066003761548261423423600088415605212532931986844300728479168243055457577469739810332653021009837485163176638677301060987112904430645234030410550864551609209192448.000000000000000000
connection 13 41 8.000000000000000000 0 0.000000000000000000 -1009892155047148535278867706313426980760983502506379916988127216307696061109412907397970069904492354966195042318526554029764757066003761548261423423600088415605212532931986844300728479168243055457577469739810332653021009837485163176638677301060987112904430645234030410550864551609209192448.000000000000000000
connection 13 43 8.000000000000000000 0 0.000000000000000000 -1009892155047148535278867706313426980760983502506379916988127216307696061109412907397970069904492354966195042318526554029764757066003761548261423423600088415605212532931986844300728479168243055457577469739810332653021009837485163176638677301060987112904430645234030410550864551609209192448.000000000000000000
connection 13 44 8.000000000000000000 0 0.000000000000000000 -1009892155047148535278867706313426980760983502506379916988127216307696061109412907397970069904492354966195042318526554029764757066003761548261423423600088415605212532931986844300728479168243055457577469739810332653021009837485163176638677301060987112904430645234030410550864551609209192448.000000000000000000
connection 13 42 8.000000000000000000 0 0.000000000000000000 -1009892155047148535278867706313426980760983502506379916988127216307696061109412907397970069904492354966195042318526554029764757066003761548261423423600088415605212532931986844300728479168243055457577469739810332653021009837485163176638677301060987112904430645234030410550864551609209192448.000000000000000000
connection 24 47 -8.000000000000000000 0 0.000000000000000000 -1009892155047148535278867706313426980760983502506379916988127216307696061109412907397970069904492354966195042318526554029764757066003761548261423423600088415605212532931986844300728479168243055457577469739810332653021009837485163176638677301060987112904430645234030410550864551609209192448.000000000000000000
connection 24 49 -8.000000000000000000 0 0.000000000000000000 -1009892155047148535278867706313426980760983502506379916988127216307696061109412907397970069904492354966195042318526554029764757066003761548261423423600088415605212532931986844300728479168243055457577469739810332653021009837485163176638677301060987112904430645234030410550864551609209192448.000000000000000000
connection 24 50 -8.000000000000000000 0 0.000000000000000000 -1009892155047148535278867706313426980760983502506379916988127216307696061109412907397970069904492354966195042318526554029764757066003761548261423423600088415605212532931986844300728479168243055457577469739810332653021009837485163176638677301060987112904430645234030410550864551609209192448.000000000000000000
connection 25 47 -8.000000000000000000 0 0.000000000000000000 -1009892155047148535278867706313426980760983502506379916988127216307696061109412907397970069904492354966195042318526554029764757066003761548261423423600088415605212532931986844300728479168243055457577469739810332653021009837485163176638677301060987112904430645234030410550864551609209192448.000000000000000000
connection 25 49 -8.000000000000000000 0 0.000000000000000000 -1009892155047148535278867706313426980760983502506379916988127216307696061109412907397970069904492354966195042318526554029764757066003761548261423423600088415605212532931986844300728479168243055457577469739810332653021009837485163176638677301060987112904430645234030410550864551609209192448.000000000000000000
connection 25 50 -8.000000000000000000 0 0.000000000000000000 -1009892155047148535278867706313426980760983502506379916988127216307696061109412907397970069904492354966195042318526554029764757066003761548261423423600088415605212532931986844300728479168243055457577469739810332653021009837485163176638677301060987112904430645234030410550864551609209192448.000000000000000000
connection 26 47 -8.000000000000000000 0 0.000000000000000000 -1009892155047148535278867706313426980760983502506379916988127216307696061109412907397970069904492354966195042318526554029764757066003761548261423423600088415605212532931986844300728479168243055457577469739810332653021009837485163176638677301060987112904430645234030410550864551609209192448.000000000000000000
connection 26 49 -8.000000000000000000 0 0.000000000000000000 -1009892155047148535278867706313426980760983502506379916988127216307696061109412907397970069904492354966195042318526554029764757066003761548261423423600088415605212532931986844300728479168243055457577469739810332653021009837485163176638677301060987112904430645234030410550864551609209192448.000000000000000000
connection 26 50 -8.000000000000000000 0 0.000000000000000000 -1009892155047148535278867706313426980760983502506379916988127216307696061109412907397970069904492354966195042318526554029764757066003761548261423423600088415605212532931986844300728479168243055457577469739810332653021009837485163176638677301060987112904430645234030410550864551609209192448.000000000000000000
connection 27 47 -8.000000000000000000 0 0.000000000000000000 -1009892155047148535278867706313426980760983502506379916988127216307696061109412907397970069904492354966195042318526554029764757066003761548261423423600088415605212532931986844300728479168243055457577469739810332653021009837485163176638677301060987112904430645234030410550864551609209192448.000000000000000000
connection 27 49 -8.000000000000000000 0 0.000000000000000000 -1009892155047148535278867706313426980760983502506379916988127216307696061109412907397970069904492354966195042318526554029764757066003761548261423423600088415605212532931986844300728479168243055457577469739810332653021009837485163176638677301060987112904430645234030410550864551609209192448.000000000000000000
connection 27 50 -8.000000000000000000 0 0.000000000000000000 -1009892155047148535278867706313426980760983502506379916988127216307696061109412907397970069904492354966195042318526554029764757066003761548261423423600088415605212532931986844300728479168243055457577469739810332653021009837485163176638677301060987112904430645234030410550864551609209192448.000000000000000000
connection 28 47 -8.000000000000000000 0 0.000000000000000000 -1009892155047148535278867706313426980760983502506379916988127216307696061109412907397970069904492354966195042318526554029764757066003761548261423423600088415605212532931986844300728479168243055457577469739810332653021009837485163176638677301060987112904430645234030410550864551609209192448.000000000000000000
connection 28 49 -8.000000000000000000 0 0.000000000000000000 -1009892155047148535278867706313426980760983502506379916988127216307696061109412907397970069904492354966195042318526554029764757066003761548261423423600088415605212532931986844300728479168243055457577469739810332653021009837485163176638677301060987112904430645234030410550864551609209192448.000000000000000000
connection 28 50 -8.000000000000000000 0 0.000000000000000000 -1009892155047148535278867706313426980760983502506379916988127216307696061109412907397970069904492354966195042318526554029764757066003761548261423423600088415605212532931986844300728479168243055457577469739810332653021009837485163176638677301060987112904430645234030410550864551609209192448.000000000000000000
connection 32 50 -8.000000000000000000 0 0.000000000000000000 -1009892155047148535278867706313426980760983502506379916988127216307696061109412907397970069904492354966195042318526554029764757066003761548261423423600088415605212532931986844300728479168243055457577469739810332653021009837485163176638677301060987112904430645234030410550864551609209192448.000000000000000000
connection 29 47 -8.000000000000000000 0 0.000000000000000000 -1009892155047148535278867706313426980760983502506379916988127216307696061109412907397970069904492354966195042318526554029764757066003761548261423423600088415605212532931986844300728479168243055457577469739810332653021009837485163176638677301060987112904430645234030410550864551609209192448.000000000000000000
connection 29 49 -8.000000000000000000 0 0.000000000000000000 -1009892155047148535278867706313426980760983502506379916988127216307696061109412907397970069904492354966195042318526554029764757066003761548261423423600088415605212532931986844300728479168243055457577469739810332653021009837485163176638677301060987112904430645234030410550864551609209192448.000000000000000000
connection 29 50 -8.000000000000000000 0 0.000000000000000000 -1009892155047148535278867706313426980760983502506379916988127216307696061109412907397970069904492354966195042318526554029764757066003761548261423423600088415605212532931986844300728479168243055457577469739810332653021009837485163176638677301060987112904430645234030410550864551609209192448.000000000000000000
connection 35 57 8.000000000000000000 0 0.000000000000000000 -1009892155047148535278867706313426980760983502506379916988127216307696061109412907397970069904492354966195042318526554029764757066003761548261423423600088415605212532931986844300728479168243055457577469739810332653021009837485163176638677301060987112904430645234030410550864551609209192448.000000000000000000
connection 35 50 -8.000000000000000000 0 0.000000000000000000 -1009892155047148535278867706313426980760983502506379916988127216307696061109412907397970069904492354966195042318526554029764757066003761548261423423600088415605212532931986844300728479168243055457577469739810332653021009837485163176638677301060987112904430645234030410550864551609209192448.000000000000000000
connection 30 47 -8.000000000000000000 0 0.000000000000000000 -1009892155047148535278867706313426980760983502506379916988127216307696061109412907397970069904492354966195042318526554029764757066003761548261423423600088415605212532931986844300728479168243055457577469739810332653021009837485163176638677301060987112904430645234030410550864551609209192448.000000000000000000
connection 30 49 -8.000000000000000000 0 0.000000000000000000 -1009892155047148535278867706313426980760983502506379916988127216307696061109412907397970069904492354966195042318526554029764757066003761548261423423600088415605212532931986844300728479168243055457577469739810332653021009837485163176638677301060987112904430645234030410550864551609209192448.000000000000000000
connection 30 50 -8.000000000000000000 0 0.000000000000000000 -1009892155047148535278867706313426980760983502506379916988127216307696061109412907397970069904492354966195042318526554029764757066003761548261423423600088415605212532931986844300728479168243055457577469739810332653021009837485163176638677301060987112904430645234030410550864551609209192448.000000000000000000
connection 31 49 -8.000000000000000000 0 0.000000000000000000 -1009892155047148535278867706313426980760983502506379916988127216307696061109412907397970069904492354966195042318526554029764757066003761548261423423600088415605212532931986844300728479168243055457577469739810332653021009837485163176638677301060987112904430645234030410550864551609209192448.000000000000000000
connection 31 50 -8.000000000000000000 0 0.000000000000000000 -1009892155047148535278867706313426980760983502506379916988127216307696061109412907397970069904492354966195042318526554029764757066003761548261423423600088415605212532931986844300728479168243055457577469739810332653021009837485163176638677301060987112904430645234030410550864551609209192448.000000000000000000
connection 33 50 -8.000000000000000000 0 0.000000000000000000 -1009892155047148535278867706313426980760983502506379916988127216307696061109412907397970069904492354966195042318526554029764757066003761548261423423600088415605212532931986844300728479168243055457577469739810332653021009837485163176638677301060987112904430645234030410550864551609209192448.000000000000000000
connection 34 50 -8.000000000000000000 0 0.000000000000000000 -1009892155047148535278867706313426980760983502506379916988127216307696061109412907397970069904492354966195042318526554029764757066003761548261423423600088415605212532931986844300728479168243055457577469739810332653021009837485163176638677301060987112904430645234030410550864551609209192448.000000000000000000
connection 36 47 -8.000000000000000000 0 0.000000000000000000 -1009892155047148535278867706313426980760983502506379916988127216307696061109412907397970069904492354966195042318526554029764757066003761548261423423600088415605212532931986844300728479168243055457577469739810332653021009837485163176638677301060987112904430645234030410550864551609209192448.000000000000000000
connection 36 49 -8.000000000000000000 0 0.000000000000000000 -1009892155047148535278867706313426980760983502506379916988127216307696061109412907397970069904492354966195042318526554029764757066003761548261423423600088415605212532931986844300728479168243055457577469739810332653021009837485163176638677301060987112904430645234030410550864551609209192448.000000000000000000
connection 36 50 -8.000000000000000000 0 0.000000000000000000 -1009892155047148535278867706313426980760983502506379916988127216307696061109412907397970069904492354966195042318526554029764757066003761548261423423600088415605212532931986844300728479168243055457577469739810332653021009837485163176638677301060987112904430645234030410550864551609209192448.000000000000000000
connection 37 49 -8.000000000000000000 0 0.000000000000000000 -1009892155047148535278867706313426980760983502506379916988127216307696061109412907397970069904492354966195042318526554029764757066003761548261423423600088415605212532931986844300728479168243055457577469739810332653021009837485163176638677301060987112904430645234030410550864551609209192448.000000000000000000
connection 37 58 -8.000000000000000000 0 0.000000000000000000 -1009892155047148535278867706313426980760983502506379916988127216307696061109412907397970069904492354966195042318526554029764757066003761548261423423600088415605212532931986844300728479168243055457577469739810332653021009837485163176638677301060987112904430645234030410550864551609209192448.000000000000000000
connection 38 50 -8.000000000000000000 0 0.000000000000000000 -1009892155047148535278867706313426980760983502506379916988127216307696061109412907397970069904492354966195042318526554029764757066003761548261423423600088415605212532931986844300728479168243055457577469739810332653021009837485163176638677301060987112904430645234030410550864551609209192448.000000000000000000
connection 39 57 8.000000000000000000 0 0.000000000000000000 -1009892155047148535278867706313426980760983502506379916988127216307696061109412907397970069904492354966195042318526554029764757066003761548261423423600088415605212532931986844300728479168243055457577469739810332653021009837485163176638677301060987112904430645234030410550864551609209192448.000000000000000000
connection 39 50 -8.000000000000000000 0 0.000000000000000000 -1009892155047148535278867706313426980760983502506379916988127216307696061109412907397970069904492354966195042318526554029764757066003761548261423423600088415605212532931986844300728479168243055457577469739810332653021009837485163176638677301060987112904430645234030410550864551609209192448.000000000000000000
connection 40 47 -8.000000000000000000 0 0.000000000000000000 -1009892155047148535278867706313426980760983502506379916988127216307696061109412907397970069904492354966195042318526554029764757066003761548261423423600088415605212532931986844300728479168243055457577469739810332653021009837485163176638677301060987112904430645234030410550864551609209192448.000000000000000000
connection 40 49 -8.000000000000000000 0 0.000000000000000000 -1009892155047148535278867706313426980760983502506379916988127216307696061109412907397970069904492354966195042318526554029764757066003761548261423423600088415605212532931986844300728479168243055457577469739810332653021009837485163176638677301060987112904430645234030410550864551609209192448.000000000000000000
connection 40 50 -8.000000000000000000 0 0.000000000000000000 -1009892155047148535278867706313426980760983502506379916988127216307696061109412907397970069904492354966195042318526554029764757066003761548261423423600088415605212532931986844300728479168243055457577469739810332653021009837485163176638677301060987112904430645234030410550864551609209192448.000000000000000000
connection 23 47 -8.000000000000000000 0 0.000000000000000000 -1009892155047148535278867706313426980760983502506379916988127216307696061109412907397970069904492354966195042318526554029764757066003761548261423423600088415605212532931986844300728479168243055457577469739810332653021009837485163176638677301060987112904430645234030410550864551609209192448.000000000000000000
connection 23 49 -8.000000000000000000 0 0.000000000000000000 -1009892155047148535278867706313426980760983502506379916988127216307696061109412907397970069904492354966195042318526554029764757066003761548261423423600088415605212532931986844300728479168243055457577469739810332653021009837485163176638677301060987112904430645234030410550864551609209192448.000000000000000000
connection 23 50 -8.000000000000000000 0 0.000000000000000000 -1009892155047148535278867706313426980760983502506379916988127216307696061109412907397970069904492354966195042318526554029764757066003761548261423423600088415605212532931986844300728479168243055457577469739810332653021009837485163176638677301060987112904430645234030410550864551609209192448.000000000000000000
connection 41 58 -8.000000000000000000 0 0.000000000000000000 -1009892155047148535278867706313426980760983502506379916988127216307696061109412907397970069904492354966195042318526554029764757066003761548261423423600088415605212532931986844300728479168243055457577469739810332653021009837485163176638677301060987112904430645234030410550864551609209192448.000000000000000000
connection 22 47 -8.000000000000000000 0 0.000000000000000000 -1009892155047148535278867706313426980760983502506379916988127216307696061109412907397970069904492354966195042318526554029764757066003761548261423423600088415605212532931986844300728479168243055457577469739810332653021009837485163176638677301060987112904430645234030410550864551609209192448.000000000000000000
connection 22 49 -8.000000000000000000 0 0.000000000000000000 -1009892155047148535278867706313426980760983502506379916988127216307696061109412907397970069904492354966195042318526554029764757066003761548261423423600088415605212532931986844300728479168243055457577469739810332653021009837485163176638677301060987112904430645234030410550864551609209192448.000000000000000000
connection 22 50 -8.000000000000000000 0 0.000000000000000000 -1009892155047148535278867706313426980760983502506379916988127216307696061109412907397970069904492354966195042318526554029764757066003761548261423423600088415605212532931986844300728479168243055457577469739810332653021009837485163176638677301060987112904430645234030410550864551609209192448.000000000000000000
connection 42 57 8.000000000000000000 0 0.000000000000000000 -1009892155047148535278867706313426980760983502506379916988127216307696061109412907397970069904492354966195042318526554029764757066003761548261423423600088415605212532931986844300728479168243055457577469739810332653021009837485163176638677301060987112904430645234030410550864551609209192448.000000000000000000
connection 42 50 -8.000000000000000000 0 0.000000000000000000 -1009892155047148535278867706313426980760983502506379916988127216307696061109412907397970069904492354966195042318526554029764757066003761548261423423600088415605212532931986844300728479168243055457577469739810332653021009837485163176638677301060987112904430645234030410550864551609209192448.000000000000000000
connection 43 57 8.000000000000000000 0 0.000000000000000000 -1009892155047148535278867706313426980760983502506379916988127216307696061109412907397970069904492354966195042318526554029764757066003761548261423423600088415605212532931986844300728479168243055457577469739810332653021009837485163176638677301060987112904430645234030410550864551609209192448.000000000000000000
connection 43 50 -8.000000000000000000 0 0.000000000000000000 -1009892155047148535278867706313426980760983502506379916988127216307696061109412907397970069904492354966195042318526554029764757066003761548261423423600088415605212532931986844300728479168243055457577469739810332653021009837485163176638677301060987112904430645234030410550864551609209192448.000000000000000000
connection 44 57 8.000000000000000000 0 0.000000000000000000 -1009892155047148535278867706313426980760983502506379916988127216307696061109412907397970069904492354966195042318526554029764757066003761548261423423600088415605212532931986844300728479168243055457577469739810332653021009837485163176638677301060987112904430645234030410550864551609209192448.000000000000000000
connection 47 14 8.000000000000000000 0 0.000000000000000000 -1009892155047148535278867706313426980760983502506379916988127216307696061109412907397970069904492354966195042318526554029764757066003761548261423423600088415605212532931986844300728479168243055457577469739810332653021009837485163176638677301060987112904430645234030410550864551609209192448.000000000000000000
connection 38 14 8.000000000000000000 0 0.000000000000000000 -1009892155047148535278867706313426980760983502506379916988127216307696061109412907397970069904492354966195042318526554029764757066003761548261423423600088415605212532931986844300728479168243055457577469739810332653021009837485163176638677301060987112904430645234030410550864551609209192448.000000000000000000
connection 41 14 8.000000000000000000 0 0.000000000000000000 -1009892155047148535278867706313426980760983502506379916988127216307696061109412907397970069904492354966195042318526554029764757066003761548261423423600088415605212532931986844300728479168243055457577469739810332653021009837485163176638677301060987112904430645234030410550864551609209192448.000000000000000000
connection 43 14 8.000000000000000000 0 0.000000000000000000 -1009892155047148535278867706313426980760983502506379916988127216307696061109412907397970069904492354966195042318526554029764757066003761548261423423600088415605212532931986844300728479168243055457577469739810332653021009837485163176638677301060987112904430645234030410550864551609209192448.000000000000000000
connection 34 14 8.000000000000000000 0 0.000000000000000000 -1009892155047148535278867706313426980760983502506379916988127216307696061109412907397970069904492354966195042318526554029764757066003761548261423423600088415605212532931986844300728479168243055457577469739810332653021009837485163176638677301060987112904430645234030410550864551609209192448.000000000000000000
connection 39 14 8.000000000000000000 0 0.000000000000000000 -1009892155047148535278867706313426980760983502506379916988127216307696061109412907397970069904492354966195042318526554029764757066003761548261423423600088415605212532931986844300728479168243055457577469739810332653021009837485163176638677301060987112904430645234030410550864551609209192448.000000000000000000
connection 35 14 8.000000000000000000 0 0.000000000000000000 -1009892155047148535278867706313426980760983502506379916988127216307696061109412907397970069904492354966195042318526554029764757066003761548261423423600088415605212532931986844300728479168243055457577469739810332653021009837485163176638677301060987112904430645234030410550864551609209192448.000000000000000000
connection 49 16 8.000000000000000000 0 0.000000000000000000 -1009892155047148535278867706313426980760983502506379916988127216307696061109412907397970069904492354966195042318526554029764757066003761548261423423600088415605212532931986844300728479168243055457577469739810332653021009837485163176638677301060987112904430645234030410550864551609209192448.000000000000000000
connection 50 16 8.000000000000000000 0 0.000000000000000000 -1009892155047148535278867706313426980760983502506379916988127216307696061109412907397970069904492354966195042318526554029764757066003761548261423423600088415605212532931986844300728479168243055457577469739810332653021009837485163176638677301060987112904430645234030410550864551609209192448.000000000000000000
connection 49 17 8.000000000000000000 0 0.000000000000000000 -1009892155047148535278867706313426980760983502506379916988127216307696061109412907397970069904492354966195042318526554029764757066003761548261423423600088415605212532931986844300728479168243055457577469739810332653021009837485163176638677301060987112904430645234030410550864551609209192448.000000000000000000
connection 57 17 8.000000000000000000 0 0.000000000000000000 -1009892155047148535278867706313426980760983502506379916988127216307696061109412907397970069904492354966195042318526554029764757066003761548261423423600088415605212532931986844300728479168243055457577469739810332653021009837485163176638677301060987112904430645234030410550864551609209192448.000000000000000000
connection 58 17 8.000000000000000000 0 0.000000000000000000 -1009892155047148535278867706313426980760983502506379916988127216307696061109412907397970069904492354966195042318526554029764757066003761548261423423600088415605212532931986844300728479168243055457577469739810332653021009837485163176638677301060987112904430645234030410550864551609209192448.000000000000000000
NNend

