NNstart
14 8
neuron 1 1.000000000000000000 0.000000000000000000 0.000000000000000000 157532492089241125990236639433240007942637141885356806417451750347225968300284150051420306908848950431423768858690865352581742329856.000000000000000000 11 0.000000000000000000
neuron 1 1.000000000000000000 0.000000000000000000 0.000000000000000000 157532492089241125990236639433240007942637141885356806417451750347225968300284150051420306908848950431423768858690865352581742329856.000000000000000000 11 0.000000000000000000
neuron 1 1.000000000000000000 0.000000000000000000 0.000000000000000000 157532492089241125990236639433240007942637141885356806417451750347225968300284150051420306908848950431423768858690865352581742329856.000000000000000000 11 0.000000000000000000
neuron 1 1.000000000000000000 0.000000000000000000 0.000000000000000000 157532492089241125990236639433240007942637141885356806417451750347225968300284150051420306908848950431423768858690865352581742329856.000000000000000000 11 0.000000000000000000
neuron 1 1.000000000000000000 0.000000000000000000 0.000000000000000000 157532492089241125990236639433240007942637141885356806417451750347225968300284150051420306908848950431423768858690865352581742329856.000000000000000000 11 0.000000000000000000
neuron 1 1.000000000000000000 0.000000000000000000 0.000000000000000000 157532492089241125990236639433240007942637141885356806417451750347225968300284150051420306908848950431423768858690865352581742329856.000000000000000000 11 0.000000000000000000
neuron 1 1.000000000000000000 0.000000000000000000 0.000000000000000000 157532492089241125990236639433240007942637141885356806417451750347225968300284150051420306908848950431423768858690865352581742329856.000000000000000000 11 0.000000000000000000
neuron 1 1.000000000000000000 0.000000000000000000 0.000000000000000000 157532492089241125990236639433240007942637141885356806417451750347225968300284150051420306908848950431423768858690865352581742329856.000000000000000000 11 0.000000000000000000
neuron 1 1.000000000000000000 0.000000000000000000 0.000000000000000000 157532492089241125990236639433240007942637141885356806417451750347225968300284150051420306908848950431423768858690865352581742329856.000000000000000000 11 0.000000000000000000
neuron 1 1.000000000000000000 0.000000000000000000 0.000000000000000000 157532492089241125990236639433240007942637141885356806417451750347225968300284150051420306908848950431423768858690865352581742329856.000000000000000000 11 0.000000000000000000
neuron 1 1.000000000000000000 0.000000000000000000 0.000000000000000000 157532492089241125990236639433240007942637141885356806417451750347225968300284150051420306908848950431423768858690865352581742329856.000000000000000000 11 0.000000000000000000
neuron 1 1.000000000000000000 0.000000000000000000 0.000000000000000000 157532492089241125990236639433240007942637141885356806417451750347225968300284150051420306908848950431423768858690865352581742329856.000000000000000000 11 0.000000000000000000
neuron 1 1.000000000000000000 0.000000000000000000 0.000000000000000000 157532492089241125990236639433240007942637141885356806417451750347225968300284150051420306908848950431423768858690865352581742329856.000000000000000000 11 0.000000000000000000
neuron 2 1.000000000000000000 0.000000000000000000 0.000000000000000000 0.000000000000000000 11 0.000000000000000000
neuron 4 1.000000000000000000 0.000000000000000000 0.000000000000000000 157532492089241125990236639433240007942637141885356806417451750347225968300284150051420306908848950431423768858690865352581742329856.000000000000000000 1 0.000000000000000000
neuron 4 1.000000000000000000 0.000000000000000000 0.000000000000000000 157532492089241125990236639433240007942637141885356806417451750347225968300284150051420306908848950431423768858690865352581742329856.000000000000000000 1 0.000000000000000000
neuron 4 1.000000000000000000 0.000000000000000000 0.000000000000000000 157532492089241125990236639433240007942637141885356806417451750347225968300284150051420306908848950431423768858690865352581742329856.000000000000000000 1 0.000000000000000000
neuron 4 1.000000000000000000 0.000000000000000000 0.000000000000000000 157532492089241125990236639433240007942637141885356806417451750347225968300284150051420306908848950431423768858690865352581742329856.000000000000000000 1 0.000000000000000000
neuron 4 1.000000000000000000 0.000000000000000000 0.000000000000000000 157532492089241125990236639433240007942637141885356806417451750347225968300284150051420306908848950431423768858690865352581742329856.000000000000000000 1 0.000000000000000000
neuron 4 1.000000000000000000 0.000000000000000000 0.000000000000000000 157532492089241125990236639433240007942637141885356806417451750347225968300284150051420306908848950431423768858690865352581742329856.000000000000000000 1 0.000000000000000000
neuron 4 1.000000000000000000 0.000000000000000000 0.000000000000000000 157532492089241125990236639433240007942637141885356806417451750347225968300284150051420306908848950431423768858690865352581742329856.000000000000000000 1 0.000000000000000000
neuron 4 1.000000000000000000 0.000000000000000000 0.000000000000000000 157532492089241125990236639433240007942637141885356806417451750347225968300284150051420306908848950431423768858690865352581742329856.000000000000000000 1 0.000000000000000000
neuron 3 1.000000000000000000 0.000000000000000000 0.000000000000000000 157532492089241125990236639433240007942637141885356806417451750347225968300284150051420306908848950431423768858690865352581742329856.000000000000000000 0 0.000000000000000000
neuron 3 1.000000000000000000 0.000000000000000000 0.000000000000000000 157532492089241125990236639433240007942637141885356806417451750347225968300284150051420306908848950431423768858690865352581742329856.000000000000000000 0 0.000000000000000000
neuron 3 1.000000000000000000 0.000000000000000000 0.000000000000000000 157532492089241125990236639433240007942637141885356806417451750347225968300284150051420306908848950431423768858690865352581742329856.000000000000000000 0 0.000000000000000000
neuron 3 1.000000000000000000 0.000000000000000000 0.000000000000000000 157532492089241125990236639433240007942637141885356806417451750347225968300284150051420306908848950431423768858690865352581742329856.000000000000000000 0 0.000000000000000000
neuron 3 1.000000000000000000 0.000000000000000000 0.000000000000000000 157532492089241125990236639433240007942637141885356806417451750347225968300284150051420306908848950431423768858690865352581742329856.000000000000000000 0 0.000000000000000000
neuron 3 1.000000000000000000 0.000000000000000000 0.000000000000000000 157532492089241125990236639433240007942637141885356806417451750347225968300284150051420306908848950431423768858690865352581742329856.000000000000000000 0 0.000000000000000000
neuron 3 1.000000000000000000 0.000000000000000000 0.000000000000000000 157532492089241125990236639433240007942637141885356806417451750347225968300284150051420306908848950431423768858690865352581742329856.000000000000000000 0 0.000000000000000000
neuron 3 1.000000000000000000 0.000000000000000000 0.000000000000000000 157532492089241125990236639433240007942637141885356806417451750347225968300284150051420306908848950431423768858690865352581742329856.000000000000000000 0 0.000000000000000000
neuron 3 1.000000000000000000 0.000000000000000000 0.000000000000000000 157532492089241125990236639433240007942637141885356806417451750347225968300284150051420306908848950431423768858690865352581742329856.000000000000000000 0 0.000000000000000000
neuron 3 1.000000000000000000 0.000000000000000000 0.000000000000000000 157532492089241125990236639433240007942637141885356806417451750347225968300284150051420306908848950431423768858690865352581742329856.000000000000000000 0 0.000000000000000000
neuron 3 1.000000000000000000 0.000000000000000000 0.000000000000000000 157532492089241125990236639433240007942637141885356806417451750347225968300284150051420306908848950431423768858690865352581742329856.000000000000000000 0 0.000000000000000000
neuron 3 1.000000000000000000 0.000000000000000000 0.000000000000000000 157532492089241125990236639433240007942637141885356806417451750347225968300284150051420306908848950431423768858690865352581742329856.000000000000000000 0 0.000000000000000000
neuron 3 1.000000000000000000 0.000000000000000000 0.000000000000000000 157532492089241125990236639433240007942637141885356806417451750347225968300284150051420306908848950431423768858690865352581742329856.000000000000000000 0 0.000000000000000000
neuron 3 1.000000000000000000 0.000000000000000000 0.000000000000000000 157532492089241125990236639433240007942637141885356806417451750347225968300284150051420306908848950431423768858690865352581742329856.000000000000000000 0 0.000000000000000000
neuron 3 1.000000000000000000 0.000000000000000000 0.000000000000000000 157532492089241125990236639433240007942637141885356806417451750347225968300284150051420306908848950431423768858690865352581742329856.000000000000000000 0 0.000000000000000000
neuron 3 1.000000000000000000 0.000000000000000000 0.000000000000000000 157532492089241125990236639433240007942637141885356806417451750347225968300284150051420306908848950431423768858690865352581742329856.000000000000000000 0 0.000000000000000000
neuron 3 1.000000000000000000 0.000000000000000000 0.000000000000000000 157532492089241125990236639433240007942637141885356806417451750347225968300284150051420306908848950431423768858690865352581742329856.000000000000000000 0 0.000000000000000000
neuron 3 1.000000000000000000 0.000000000000000000 0.000000000000000000 157532492089241125990236639433240007942637141885356806417451750347225968300284150051420306908848950431423768858690865352581742329856.000000000000000000 0 0.000000000000000000
neuron 3 1.000000000000000000 0.000000000000000000 0.000000000000000000 157532492089241125990236639433240007942637141885356806417451750347225968300284150051420306908848950431423768858690865352581742329856.000000000000000000 0 0.000000000000000000
neuron 3 1.000000000000000000 0.000000000000000000 0.000000000000000000 157532492089241125990236639433240007942637141885356806417451750347225968300284150051420306908848950431423768858690865352581742329856.000000000000000000 0 0.000000000000000000
neuron 3 1.000000000000000000 0.000000000000000000 0.000000000000000000 157532492089241125990236639433240007942637141885356806417451750347225968300284150051420306908848950431423768858690865352581742329856.000000000000000000 0 0.000000000000000000
neuron 3 1.000000000000000000 0.000000000000000000 0.000000000000000000 157532492089241125990236639433240007942637141885356806417451750347225968300284150051420306908848950431423768858690865352581742329856.000000000000000000 0 0.000000000000000000
neuron 3 1.000000000000000000 0.000000000000000000 0.000000000000000000 157532492089241125990236639433240007942637141885356806417451750347225968300284150051420306908848950431423768858690865352581742329856.000000000000000000 0 0.000000000000000000
neuron 3 1.000000000000000000 0.000000000000000000 0.000000000000000000 157532492089241125990236639433240007942637141885356806417451750347225968300284150051420306908848950431423768858690865352581742329856.000000000000000000 0 0.000000000000000000
neuron 3 1.000000000000000000 0.000000000000000000 0.000000000000000000 157532492089241125990236639433240007942637141885356806417451750347225968300284150051420306908848950431423768858690865352581742329856.000000000000000000 0 0.000000000000000000
neuron 3 1.000000000000000000 0.000000000000000000 0.000000000000000000 157532492089241125990236639433240007942637141885356806417451750347225968300284150051420306908848950431423768858690865352581742329856.000000000000000000 0 0.000000000000000000
neuron 3 1.000000000000000000 0.000000000000000000 0.000000000000000000 157532492089241125990236639433240007942637141885356806417451750347225968300284150051420306908848950431423768858690865352581742329856.000000000000000000 0 0.000000000000000000
neuron 3 1.000000000000000000 0.000000000000000000 0.000000000000000000 157532492089241125990236639433240007942637141885356806417451750347225968300284150051420306908848950431423768858690865352581742329856.000000000000000000 0 0.000000000000000000
neuron 3 1.000000000000000000 0.000000000000000000 0.000000000000000000 157532492089241125990236639433240007942637141885356806417451750347225968300284150051420306908848950431423768858690865352581742329856.000000000000000000 0 0.000000000000000000
neuron 3 1.000000000000000000 0.000000000000000000 0.000000000000000000 157532492089241125990236639433240007942637141885356806417451750347225968300284150051420306908848950431423768858690865352581742329856.000000000000000000 0 0.000000000000000000
neuron 3 1.000000000000000000 0.000000000000000000 0.000000000000000000 157532492089241125990236639433240007942637141885356806417451750347225968300284150051420306908848950431423768858690865352581742329856.000000000000000000 0 0.000000000000000000
neuron 3 1.000000000000000000 0.000000000000000000 0.000000000000000000 157532492089241125990236639433240007942637141885356806417451750347225968300284150051420306908848950431423768858690865352581742329856.000000000000000000 0 0.000000000000000000
neuron 3 1.000000000000000000 0.000000000000000000 0.000000000000000000 157532492089241125990236639433240007942637141885356806417451750347225968300284150051420306908848950431423768858690865352581742329856.000000000000000000 0 0.000000000000000000
neuron 3 1.000000000000000000 0.000000000000000000 0.000000000000000000 157532492089241125990236639433240007942637141885356806417451750347225968300284150051420306908848950431423768858690865352581742329856.000000000000000000 0 0.000000000000000000
neuron 3 1.000000000000000000 0.000000000000000000 0.000000000000000000 157532492089241125990236639433240007942637141885356806417451750347225968300284150051420306908848950431423768858690865352581742329856.000000000000000000 0 0.000000000000000000
neuron 3 1.000000000000000000 0.000000000000000000 0.000000000000000000 157532492089241125990236639433240007942637141885356806417451750347225968300284150051420306908848950431423768858690865352581742329856.000000000000000000 0 0.000000000000000000
neuron 3 1.000000000000000000 0.000000000000000000 0.000000000000000000 157532492089241125990236639433240007942637141885356806417451750347225968300284150051420306908848950431423768858690865352581742329856.000000000000000000 0 0.000000000000000000
neuron 3 1.000000000000000000 0.000000000000000000 0.000000000000000000 157532492089241125990236639433240007942637141885356806417451750347225968300284150051420306908848950431423768858690865352581742329856.000000000000000000 0 0.000000000000000000
neuron 3 1.000000000000000000 0.000000000000000000 0.000000000000000000 157532492089241125990236639433240007942637141885356806417451750347225968300284150051420306908848950431423768858690865352581742329856.000000000000000000 0 0.000000000000000000
neuron 3 1.000000000000000000 0.000000000000000000 0.000000000000000000 157532492089241125990236639433240007942637141885356806417451750347225968300284150051420306908848950431423768858690865352581742329856.000000000000000000 0 0.000000000000000000
neuron 3 1.000000000000000000 0.000000000000000000 0.000000000000000000 157532492089241125990236639433240007942637141885356806417451750347225968300284150051420306908848950431423768858690865352581742329856.000000000000000000 0 0.000000000000000000
neuron 3 1.000000000000000000 0.000000000000000000 0.000000000000000000 157532492089241125990236639433240007942637141885356806417451750347225968300284150051420306908848950431423768858690865352581742329856.000000000000000000 0 0.000000000000000000
neuron 3 1.000000000000000000 0.000000000000000000 0.000000000000000000 157532492089241125990236639433240007942637141885356806417451750347225968300284150051420306908848950431423768858690865352581742329856.000000000000000000 0 0.000000000000000000
neuron 3 1.000000000000000000 0.000000000000000000 0.000000000000000000 157532492089241125990236639433240007942637141885356806417451750347225968300284150051420306908848950431423768858690865352581742329856.000000000000000000 0 0.000000000000000000
neuron 3 1.000000000000000000 0.000000000000000000 0.000000000000000000 157532492089241125990236639433240007942637141885356806417451750347225968300284150051420306908848950431423768858690865352581742329856.000000000000000000 0 0.000000000000000000
neuron 3 1.000000000000000000 0.000000000000000000 0.000000000000000000 157532492089241125990236639433240007942637141885356806417451750347225968300284150051420306908848950431423768858690865352581742329856.000000000000000000 0 0.000000000000000000
neuron 3 1.000000000000000000 0.000000000000000000 0.000000000000000000 157532492089241125990236639433240007942637141885356806417451750347225968300284150051420306908848950431423768858690865352581742329856.000000000000000000 0 0.000000000000000000
neuron 3 1.000000000000000000 0.000000000000000000 0.000000000000000000 157532492089241125990236639433240007942637141885356806417451750347225968300284150051420306908848950431423768858690865352581742329856.000000000000000000 0 0.000000000000000000
neuron 3 1.000000000000000000 0.000000000000000000 0.000000000000000000 157532492089241125990236639433240007942637141885356806417451750347225968300284150051420306908848950431423768858690865352581742329856.000000000000000000 0 0.000000000000000000
neuron 3 1.000000000000000000 0.000000000000000000 0.000000000000000000 157532492089241125990236639433240007942637141885356806417451750347225968300284150051420306908848950431423768858690865352581742329856.000000000000000000 0 0.000000000000000000
connection 0 22 -8.000000000000000000 0 0.000000000000000000 157532492089241125990236639433240007942637141885356806417451750347225968300284150051420306908848950431423768858690865352581742329856.000000000000000000
connection 1 22 -8.000000000000000000 0 0.000000000000000000 157532492089241125990236639433240007942637141885356806417451750347225968300284150051420306908848950431423768858690865352581742329856.000000000000000000
connection 2 28 -8.000000000000000000 0 0.000000000000000000 157532492089241125990236639433240007942637141885356806417451750347225968300284150051420306908848950431423768858690865352581742329856.000000000000000000
connection 2 29 -8.000000000000000000 0 0.000000000000000000 157532492089241125990236639433240007942637141885356806417451750347225968300284150051420306908848950431423768858690865352581742329856.000000000000000000
connection 2 30 -8.000000000000000000 0 0.000000000000000000 157532492089241125990236639433240007942637141885356806417451750347225968300284150051420306908848950431423768858690865352581742329856.000000000000000000
connection 3 28 -8.000000000000000000 0 0.000000000000000000 157532492089241125990236639433240007942637141885356806417451750347225968300284150051420306908848950431423768858690865352581742329856.000000000000000000
connection 3 30 -8.000000000000000000 0 0.000000000000000000 157532492089241125990236639433240007942637141885356806417451750347225968300284150051420306908848950431423768858690865352581742329856.000000000000000000
connection 3 35 -8.000000000000000000 0 0.000000000000000000 157532492089241125990236639433240007942637141885356806417451750347225968300284150051420306908848950431423768858690865352581742329856.000000000000000000
connection 4 36 -8.000000000000000000 0 0.000000000000000000 157532492089241125990236639433240007942637141885356806417451750347225968300284150051420306908848950431423768858690865352581742329856.000000000000000000
connection 4 37 -8.000000000000000000 0 0.000000000000000000 157532492089241125990236639433240007942637141885356806417451750347225968300284150051420306908848950431423768858690865352581742329856.000000000000000000
connection 4 38 -8.000000000000000000 0 0.000000000000000000 157532492089241125990236639433240007942637141885356806417451750347225968300284150051420306908848950431423768858690865352581742329856.000000000000000000
connection 4 30 -8.000000000000000000 0 0.000000000000000000 157532492089241125990236639433240007942637141885356806417451750347225968300284150051420306908848950431423768858690865352581742329856.000000000000000000
connection 4 35 -8.000000000000000000 0 0.000000000000000000 157532492089241125990236639433240007942637141885356806417451750347225968300284150051420306908848950431423768858690865352581742329856.000000000000000000
connection 5 39 -8.000000000000000000 0 0.000000000000000000 157532492089241125990236639433240007942637141885356806417451750347225968300284150051420306908848950431423768858690865352581742329856.000000000000000000
connection 5 40 -8.000000000000000000 0 0.000000000000000000 157532492089241125990236639433240007942637141885356806417451750347225968300284150051420306908848950431423768858690865352581742329856.000000000000000000
connection 5 41 -8.000000000000000000 0 0.000000000000000000 157532492089241125990236639433240007942637141885356806417451750347225968300284150051420306908848950431423768858690865352581742329856.000000000000000000
connection 5 35 -8.000000000000000000 0 0.000000000000000000 157532492089241125990236639433240007942637141885356806417451750347225968300284150051420306908848950431423768858690865352581742329856.000000000000000000
connection 6 35 -8.000000000000000000 0 0.000000000000000000 157532492089241125990236639433240007942637141885356806417451750347225968300284150051420306908848950431423768858690865352581742329856.000000000000000000
connection 7 28 8.000000000000000000 0 0.000000000000000000 157532492089241125990236639433240007942637141885356806417451750347225968300284150051420306908848950431423768858690865352581742329856.000000000000000000
connection 8 43 8.000000000000000000 0 0.000000000000000000 157532492089241125990236639433240007942637141885356806417451750347225968300284150051420306908848950431423768858690865352581742329856.000000000000000000
connection 8 44 8.000000000000000000 0 0.000000000000000000 157532492089241125990236639433240007942637141885356806417451750347225968300284150051420306908848950431423768858690865352581742329856.000000000000000000
connection 9 47 8.000000000000000000 0 0.000000000000000000 157532492089241125990236639433240007942637141885356806417451750347225968300284150051420306908848950431423768858690865352581742329856.000000000000000000
connection 9 44 8.000000000000000000 0 0.000000000000000000 157532492089241125990236639433240007942637141885356806417451750347225968300284150051420306908848950431423768858690865352581742329856.000000000000000000
connection 10 49 8.000000000000000000 0 0.000000000000000000 157532492089241125990236639433240007942637141885356806417451750347225968300284150051420306908848950431423768858690865352581742329856.000000000000000000
connection 10 38 8.000000000000000000 0 0.000000000000000000 157532492089241125990236639433240007942637141885356806417451750347225968300284150051420306908848950431423768858690865352581742329856.000000000000000000
connection 10 47 8.000000000000000000 0 0.000000000000000000 157532492089241125990236639433240007942637141885356806417451750347225968300284150051420306908848950431423768858690865352581742329856.000000000000000000
connection 11 38 8.000000000000000000 0 0.000000000000000000 157532492089241125990236639433240007942637141885356806417451750347225968300284150051420306908848950431423768858690865352581742329856.000000000000000000
connection 13 36 8.000000000000000000 0 0.000000000000000000 157532492089241125990236639433240007942637141885356806417451750347225968300284150051420306908848950431423768858690865352581742329856.000000000000000000
connection 22 36 8.000000000000000000 0 0.000000000000000000 157532492089241125990236639433240007942637141885356806417451750347225968300284150051420306908848950431423768858690865352581742329856.000000000000000000
connection 22 22 8.000000000000000000 0 0.000000000000000000 157532492089241125990236639433240007942637141885356806417451750347225968300284150051420306908848950431423768858690865352581742329856.000000000000000000
connection 28 58 8.000000000000000000 0 0.000000000000000000 157532492089241125990236639433240007942637141885356806417451750347225968300284150051420306908848950431423768858690865352581742329856.000000000000000000
connection 28 59 8.000000000000000000 0 0.000000000000000000 157532492089241125990236639433240007942637141885356806417451750347225968300284150051420306908848950431423768858690865352581742329856.000000000000000000
connection 29 36 8.000000000000000000 0 0.000000000000000000 157532492089241125990236639433240007942637141885356806417451750347225968300284150051420306908848950431423768858690865352581742329856.000000000000000000
connection 29 22 8.000000000000000000 0 0.000000000000000000 157532492089241125990236639433240007942637141885356806417451750347225968300284150051420306908848950431423768858690865352581742329856.000000000000000000
connection 29 62 8.000000000000000000 0 0.000000000000000000 157532492089241125990236639433240007942637141885356806417451750347225968300284150051420306908848950431423768858690865352581742329856.000000000000000000
connection 30 36 8.000000000000000000 0 0.000000000000000000 157532492089241125990236639433240007942637141885356806417451750347225968300284150051420306908848950431423768858690865352581742329856.000000000000000000
connection 43 36 8.000000000000000000 0 0.000000000000000000 157532492089241125990236639433240007942637141885356806417451750347225968300284150051420306908848950431423768858690865352581742329856.000000000000000000
connection 43 22 8.000000000000000000 0 0.000000000000000000 157532492089241125990236639433240007942637141885356806417451750347225968300284150051420306908848950431423768858690865352581742329856.000000000000000000
connection 36 36 8.000000000000000000 0 0.000000000000000000 157532492089241125990236639433240007942637141885356806417451750347225968300284150051420306908848950431423768858690865352581742329856.000000000000000000
connection 36 22 8.000000000000000000 0 0.000000000000000000 157532492089241125990236639433240007942637141885356806417451750347225968300284150051420306908848950431423768858690865352581742329856.000000000000000000
connection 37 58 8.000000000000000000 0 0.000000000000000000 157532492089241125990236639433240007942637141885356806417451750347225968300284150051420306908848950431423768858690865352581742329856.000000000000000000
connection 37 59 8.000000000000000000 0 0.000000000000000000 157532492089241125990236639433240007942637141885356806417451750347225968300284150051420306908848950431423768858690865352581742329856.000000000000000000
connection 39 70 -8.000000000000000000 0 0.000000000000000000 157532492089241125990236639433240007942637141885356806417451750347225968300284150051420306908848950431423768858690865352581742329856.000000000000000000
connection 40 70 -8.000000000000000000 0 0.000000000000000000 157532492089241125990236639433240007942637141885356806417451750347225968300284150051420306908848950431423768858690865352581742329856.000000000000000000
connection 41 36 8.000000000000000000 0 0.000000000000000000 157532492089241125990236639433240007942637141885356806417451750347225968300284150051420306908848950431423768858690865352581742329856.000000000000000000
connection 41 70 -8.000000000000000000 0 0.000000000000000000 157532492089241125990236639433240007942637141885356806417451750347225968300284150051420306908848950431423768858690865352581742329856.000000000000000000
connection 44 70 -8.000000000000000000 0 0.000000000000000000 157532492089241125990236639433240007942637141885356806417451750347225968300284150051420306908848950431423768858690865352581742329856.000000000000000000
connection 47 36 8.000000000000000000 0 0.000000000000000000 157532492089241125990236639433240007942637141885356806417451750347225968300284150051420306908848950431423768858690865352581742329856.000000000000000000
connection 47 22 8.000000000000000000 0 0.000000000000000000 157532492089241125990236639433240007942637141885356806417451750347225968300284150051420306908848950431423768858690865352581742329856.000000000000000000
connection 41 14 8.000000000000000000 0 0.000000000000000000 157532492089241125990236639433240007942637141885356806417451750347225968300284150051420306908848950431423768858690865352581742329856.000000000000000000
connection 30 14 8.000000000000000000 0 0.000000000000000000 157532492089241125990236639433240007942637141885356806417451750347225968300284150051420306908848950431423768858690865352581742329856.000000000000000000
connection 70 14 8.000000000000000000 0 0.000000000000000000 157532492089241125990236639433240007942637141885356806417451750347225968300284150051420306908848950431423768858690865352581742329856.000000000000000000
connection 35 14 8.000000000000000000 0 0.000000000000000000 157532492089241125990236639433240007942637141885356806417451750347225968300284150051420306908848950431423768858690865352581742329856.000000000000000000
connection 41 15 8.000000000000000000 0 0.000000000000000000 157532492089241125990236639433240007942637141885356806417451750347225968300284150051420306908848950431423768858690865352581742329856.000000000000000000
connection 30 15 8.000000000000000000 0 0.000000000000000000 157532492089241125990236639433240007942637141885356806417451750347225968300284150051420306908848950431423768858690865352581742329856.000000000000000000
connection 70 15 8.000000000000000000 0 0.000000000000000000 157532492089241125990236639433240007942637141885356806417451750347225968300284150051420306908848950431423768858690865352581742329856.000000000000000000
connection 62 15 8.000000000000000000 0 0.000000000000000000 157532492089241125990236639433240007942637141885356806417451750347225968300284150051420306908848950431423768858690865352581742329856.000000000000000000
connection 30 16 8.000000000000000000 0 0.000000000000000000 157532492089241125990236639433240007942637141885356806417451750347225968300284150051420306908848950431423768858690865352581742329856.000000000000000000
connection 58 17 -8.000000000000000000 0 0.000000000000000000 157532492089241125990236639433240007942637141885356806417451750347225968300284150051420306908848950431423768858690865352581742329856.000000000000000000
connection 59 17 -8.000000000000000000 0 0.000000000000000000 157532492089241125990236639433240007942637141885356806417451750347225968300284150051420306908848950431423768858690865352581742329856.000000000000000000
connection 38 17 8.000000000000000000 0 0.000000000000000000 157532492089241125990236639433240007942637141885356806417451750347225968300284150051420306908848950431423768858690865352581742329856.000000000000000000
connection 30 17 8.000000000000000000 0 0.000000000000000000 157532492089241125990236639433240007942637141885356806417451750347225968300284150051420306908848950431423768858690865352581742329856.000000000000000000
connection 39 18 -8.000000000000000000 0 0.000000000000000000 157532492089241125990236639433240007942637141885356806417451750347225968300284150051420306908848950431423768858690865352581742329856.000000000000000000
connection 40 18 -8.000000000000000000 0 0.000000000000000000 157532492089241125990236639433240007942637141885356806417451750347225968300284150051420306908848950431423768858690865352581742329856.000000000000000000
connection 58 18 -8.000000000000000000 0 0.000000000000000000 157532492089241125990236639433240007942637141885356806417451750347225968300284150051420306908848950431423768858690865352581742329856.000000000000000000
connection 59 18 -8.000000000000000000 0 0.000000000000000000 157532492089241125990236639433240007942637141885356806417451750347225968300284150051420306908848950431423768858690865352581742329856.000000000000000000
connection 49 18 -8.000000000000000000 0 0.000000000000000000 157532492089241125990236639433240007942637141885356806417451750347225968300284150051420306908848950431423768858690865352581742329856.000000000000000000
connection 44 18 -8.000000000000000000 0 0.000000000000000000 157532492089241125990236639433240007942637141885356806417451750347225968300284150051420306908848950431423768858690865352581742329856.000000000000000000
connection 39 19 -8.000000000000000000 0 0.000000000000000000 157532492089241125990236639433240007942637141885356806417451750347225968300284150051420306908848950431423768858690865352581742329856.000000000000000000
connection 40 19 -8.000000000000000000 0 0.000000000000000000 157532492089241125990236639433240007942637141885356806417451750347225968300284150051420306908848950431423768858690865352581742329856.000000000000000000
connection 58 19 -8.000000000000000000 0 0.000000000000000000 157532492089241125990236639433240007942637141885356806417451750347225968300284150051420306908848950431423768858690865352581742329856.000000000000000000
connection 59 19 -8.000000000000000000 0 0.000000000000000000 157532492089241125990236639433240007942637141885356806417451750347225968300284150051420306908848950431423768858690865352581742329856.000000000000000000
connection 44 19 -8.000000000000000000 0 0.000000000000000000 157532492089241125990236639433240007942637141885356806417451750347225968300284150051420306908848950431423768858690865352581742329856.000000000000000000
connection 39 20 -8.000000000000000000 0 0.000000000000000000 157532492089241125990236639433240007942637141885356806417451750347225968300284150051420306908848950431423768858690865352581742329856.000000000000000000
connection 40 20 -8.000000000000000000 0 0.000000000000000000 157532492089241125990236639433240007942637141885356806417451750347225968300284150051420306908848950431423768858690865352581742329856.000000000000000000
connection 58 20 -8.000000000000000000 0 0.000000000000000000 157532492089241125990236639433240007942637141885356806417451750347225968300284150051420306908848950431423768858690865352581742329856.000000000000000000
connection 59 20 -8.000000000000000000 0 0.000000000000000000 157532492089241125990236639433240007942637141885356806417451750347225968300284150051420306908848950431423768858690865352581742329856.000000000000000000
connection 30 20 -8.000000000000000000 0 0.000000000000000000 157532492089241125990236639433240007942637141885356806417451750347225968300284150051420306908848950431423768858690865352581742329856.000000000000000000
connection 41 21 -8.000000000000000000 0 0.000000000000000000 157532492089241125990236639433240007942637141885356806417451750347225968300284150051420306908848950431423768858690865352581742329856.000000000000000000
connection 30 21 -8.000000000000000000 0 0.000000000000000000 157532492089241125990236639433240007942637141885356806417451750347225968300284150051420306908848950431423768858690865352581742329856.000000000000000000
NNend

