NNstart
14 8
neuron 1 1.000000000000000000 0.000000000000000000 0.000000000000000000 -0.000000000000000000 11 0.000000000000000000
neuron 1 1.000000000000000000 0.000000000000000000 0.000000000000000000 -0.000000000000000000 11 0.000000000000000000
neuron 1 1.000000000000000000 0.000000000000000000 0.000000000000000000 -0.000000000000000000 11 0.000000000000000000
neuron 1 1.000000000000000000 0.000000000000000000 0.000000000000000000 -0.000000000000000000 11 0.000000000000000000
neuron 1 1.000000000000000000 0.000000000000000000 0.000000000000000000 -0.000000000000000000 11 0.000000000000000000
neuron 1 1.000000000000000000 0.000000000000000000 0.000000000000000000 -0.000000000000000000 11 0.000000000000000000
neuron 1 1.000000000000000000 0.000000000000000000 0.000000000000000000 -0.000000000000000000 11 0.000000000000000000
neuron 1 1.000000000000000000 0.000000000000000000 0.000000000000000000 -0.000000000000000000 11 0.000000000000000000
neuron 1 1.000000000000000000 0.000000000000000000 0.000000000000000000 -0.000000000000000000 11 0.000000000000000000
neuron 1 1.000000000000000000 0.000000000000000000 0.000000000000000000 -0.000000000000000000 11 0.000000000000000000
neuron 1 1.000000000000000000 0.000000000000000000 0.000000000000000000 -0.000000000000000000 11 0.000000000000000000
neuron 1 1.000000000000000000 0.000000000000000000 0.000000000000000000 -0.000000000000000000 11 0.000000000000000000
neuron 1 1.000000000000000000 0.000000000000000000 0.000000000000000000 -0.000000000000000000 11 0.000000000000000000
neuron 2 1.000000000000000000 0.000000000000000000 0.000000000000000000 0.000000000000000000 11 0.000000000000000000
neuron 4 1.000000000000000000 0.000000000000000000 0.000000000000000000 -0.000000000000000000 1 0.000000000000000000
neuron 4 1.000000000000000000 0.000000000000000000 0.000000000000000000 -0.000000000000000000 1 0.000000000000000000
neuron 4 1.000000000000000000 0.000000000000000000 0.000000000000000000 -0.000000000000000000 1 0.000000000000000000
neuron 4 1.000000000000000000 0.000000000000000000 0.000000000000000000 -0.000000000000000000 1 0.000000000000000000
neuron 4 1.000000000000000000 0.000000000000000000 0.000000000000000000 -0.000000000000000000 1 0.000000000000000000
neuron 4 1.000000000000000000 0.000000000000000000 0.000000000000000000 -0.000000000000000000 1 0.000000000000000000
neuron 4 1.000000000000000000 0.000000000000000000 0.000000000000000000 -0.000000000000000000 1 0.000000000000000000
neuron 4 1.000000000000000000 0.000000000000000000 0.000000000000000000 -0.000000000000000000 1 0.000000000000000000
neuron 3 1.000000000000000000 0.000000000000000000 0.000000000000000000 -0.000000000000000000 0 0.000000000000000000
neuron 3 1.000000000000000000 0.000000000000000000 0.000000000000000000 -0.000000000000000000 0 0.000000000000000000
neuron 3 1.000000000000000000 0.000000000000000000 0.000000000000000000 -0.000000000000000000 0 0.000000000000000000
neuron 3 1.000000000000000000 0.000000000000000000 0.000000000000000000 -0.000000000000000000 0 0.000000000000000000
neuron 3 1.000000000000000000 0.000000000000000000 0.000000000000000000 -0.000000000000000000 0 0.000000000000000000
neuron 3 1.000000000000000000 0.000000000000000000 0.000000000000000000 -0.000000000000000000 0 0.000000000000000000
neuron 3 1.000000000000000000 0.000000000000000000 0.000000000000000000 -0.000000000000000000 0 0.000000000000000000
neuron 3 1.000000000000000000 0.000000000000000000 0.000000000000000000 -0.000000000000000000 0 0.000000000000000000
neuron 3 1.000000000000000000 0.000000000000000000 0.000000000000000000 -0.000000000000000000 0 0.000000000000000000
neuron 3 1.000000000000000000 0.000000000000000000 0.000000000000000000 -0.000000000000000000 0 0.000000000000000000
connection 0 22 4.904109393893622659 0 0.000000000000000000 -0.000000000000000000
connection 0 23 2.302188842854264728 0 0.000000000000000000 -0.000000000000000000
connection 0 24 1.717069773664817278 0 0.000000000000000000 -0.000000000000000000
connection 0 25 4.876455212078043999 0 0.000000000000000000 -0.000000000000000000
connection 1 22 4.884523150400522873 0 0.000000000000000000 -0.000000000000000000
connection 1 23 2.584830639643461048 0 0.000000000000000000 -0.000000000000000000
connection 1 24 2.021198164521852636 0 0.000000000000000000 -0.000000000000000000
connection 1 25 4.898366237642299836 0 0.000000000000000000 -0.000000000000000000
connection 2 22 4.843296336098611654 0 0.000000000000000000 -0.000000000000000000
connection 2 23 2.853700985049524075 0 0.000000000000000000 -0.000000000000000000
connection 2 24 2.315167587280301476 0 0.000000000000000000 -0.000000000000000000
connection 2 25 4.898662397980776184 0 0.000000000000000000 -0.000000000000000000
connection 3 22 4.780409586157179369 0 0.000000000000000000 -0.000000000000000000
connection 3 23 3.107188536607645712 0 0.000000000000000000 -0.000000000000000000
connection 3 24 2.597050707188115481 0 0.000000000000000000 -0.000000000000000000
connection 3 25 4.877330078462319918 0 0.000000000000000000 -0.000000000000000000
connection 4 22 4.695858615421113491 0 0.000000000000000000 -0.000000000000000000
connection 4 23 3.343875246986439009 0 0.000000000000000000 -0.000000000000000000
connection 4 24 2.865070836423770029 0 0.000000000000000000 -0.000000000000000000
connection 4 25 4.834349546424878241 0 0.000000000000000000 -0.000000000000000000
connection 5 22 4.589675496902539287 0 0.000000000000000000 -0.000000000000000000
connection 5 23 3.562546042477115371 0 0.000000000000000000 -0.000000000000000000
connection 5 24 3.117627487282331078 0 0.000000000000000000 -0.000000000000000000
connection 5 25 4.769702639820114776 0 0.000000000000000000 -0.000000000000000000
connection 6 22 4.461955090326695128 0 0.000000000000000000 -0.000000000000000000
connection 6 23 3.762189878360530315 0 0.000000000000000000 -0.000000000000000000
connection 6 24 3.353314062616369107 0 0.000000000000000000 -0.000000000000000000
connection 6 25 4.683387987382423567 0 0.000000000000000000 -0.000000000000000000
connection 7 22 4.312884776469669390 0 0.000000000000000000 -0.000000000000000000
connection 7 23 3.941992585115391190 0 0.000000000000000000 -0.000000000000000000
connection 7 24 3.570927045350024809 0 0.000000000000000000 -0.000000000000000000
connection 7 25 4.575442728201545961 0 0.000000000000000000 -0.000000000000000000
connection 8 22 4.142775381895710041 0 0.000000000000000000 -0.000000000000000000
connection 8 23 4.101322436082305067 0 0.000000000000000000 -0.000000000000000000
connection 8 24 3.769466585241282530 0 0.000000000000000000 -0.000000000000000000
connection 8 25 4.445969236459112572 0 0.000000000000000000 -0.000000000000000000
connection 9 22 3.952091040599315264 0 0.000000000000000000 -0.000000000000000000
connection 9 23 4.239709814828818146 0 0.000000000000000000 -0.000000000000000000
connection 9 24 3.948128926672010763 0 0.000000000000000000 -0.000000000000000000
connection 9 25 4.295164982824289268 0 0.000000000000000000 -0.000000000000000000
connection 10 22 3.741475748229113663 0 0.000000000000000000 -0.000000000000000000
connection 10 23 4.356822707469473421 0 0.000000000000000000 -0.000000000000000000
connection 10 24 4.106291634135972757 0 0.000000000000000000 -0.000000000000000000
connection 10 25 4.123353403327366884 0 0.000000000000000000 -0.000000000000000000
connection 11 22 3.511774526022481524 0 0.000000000000000000 -0.000000000000000000
connection 11 23 4.452439969315432400 0 0.000000000000000000 -0.000000000000000000
connection 11 24 4.243493014076095804 0 0.000000000000000000 -0.000000000000000000
connection 11 25 3.931013520191192878 0 0.000000000000000000 -0.000000000000000000
connection 12 22 3.264047419281800533 0 0.000000000000000000 -0.000000000000000000
connection 12 23 4.526424404632478193 0 0.000000000000000000 -0.000000000000000000
connection 12 24 4.359407471728929728 0 0.000000000000000000 -0.000000000000000000
connection 12 25 3.718806080645448819 0 0.000000000000000000 -0.000000000000000000
connection 13 22 2.999574991207556884 0 0.000000000000000000 -0.000000000000000000
connection 13 23 4.578697651483551567 0 0.000000000000000000 -0.000000000000000000
connection 13 24 4.453818758012539014 0 0.000000000000000000 -0.000000000000000000
connection 13 25 3.487594153325504376 0 0.000000000000000000 -0.000000000000000000
connection 22 23 -3.987726300487062225 0 0.000000000000000000 -0.000000000000000000
connection 22 25 -4.024856876378560600 0 0.000000000000000000 -0.000000000000000000
connection 23 24 -3.577929623514793267 0 0.000000000000000000 -0.000000000000000000
connection 24 24 -2.720955792255674854 0 0.000000000000000000 -0.000000000000000000
connection 25 23 -3.335661021425028849 0 0.000000000000000000 -0.000000000000000000
connection 25 25 -3.225316797615196851 0 0.000000000000000000 -0.000000000000000000
connection 22 14 -4.565465342321505915 0 0.000000000000000000 -0.000000000000000000
connection 25 14 -3.857837010823816914 0 0.000000000000000000 -0.000000000000000000
connection 22 16 -4.596623960007928389 0 0.000000000000000000 -0.000000000000000000
connection 25 16 -4.023278919637486517 0 0.000000000000000000 -0.000000000000000000
connection 22 17 -4.596258656781629703 0 0.000000000000000000 -0.000000000000000000
connection 25 17 -4.088641812112558505 0 0.000000000000000000 -0.000000000000000000
connection 23 18 -4.159661930792785789 0 0.000000000000000000 -0.000000000000000000
connection 24 18 -3.273211482121736626 0 0.000000000000000000 -0.000000000000000000
connection 23 20 -4.250134199628512910 0 0.000000000000000000 -0.000000000000000000
connection 24 20 -3.539606159417229669 0 0.000000000000000000 -0.000000000000000000
connection 23 21 -4.272476681837736656 0 0.000000000000000000 -0.000000000000000000
connection 24 21 -3.644199131989363849 0 0.000000000000000000 -0.000000000000000000
NNend

