NNstart
14 8
neuron 1 1.000000000000000000 0.000000000000000000 0.000000000000000000 -0.000000000000000000 11 0.000000000000000000
neuron 1 1.000000000000000000 0.000000000000000000 0.000000000000000000 -0.000000000000000000 11 0.000000000000000000
neuron 1 1.000000000000000000 0.000000000000000000 0.000000000000000000 -0.000000000000000000 11 0.000000000000000000
neuron 1 1.000000000000000000 0.000000000000000000 0.000000000000000000 -0.000000000000000000 11 0.000000000000000000
neuron 1 1.000000000000000000 0.000000000000000000 0.000000000000000000 -0.000000000000000000 11 0.000000000000000000
neuron 1 1.000000000000000000 0.000000000000000000 0.000000000000000000 -0.000000000000000000 11 0.000000000000000000
neuron 1 1.000000000000000000 0.000000000000000000 0.000000000000000000 -0.000000000000000000 11 0.000000000000000000
neuron 1 1.000000000000000000 0.000000000000000000 0.000000000000000000 -0.000000000000000000 11 0.000000000000000000
neuron 1 1.000000000000000000 0.000000000000000000 0.000000000000000000 -0.000000000000000000 11 0.000000000000000000
neuron 1 1.000000000000000000 0.000000000000000000 0.000000000000000000 -0.000000000000000000 11 0.000000000000000000
neuron 1 1.000000000000000000 0.000000000000000000 0.000000000000000000 -0.000000000000000000 11 0.000000000000000000
neuron 1 1.000000000000000000 0.000000000000000000 0.000000000000000000 -0.000000000000000000 11 0.000000000000000000
neuron 1 1.000000000000000000 0.000000000000000000 0.000000000000000000 -0.000000000000000000 11 0.000000000000000000
neuron 2 1.000000000000000000 0.000000000000000000 0.000000000000000000 0.000000000000000000 11 0.000000000000000000
neuron 4 1.000000000000000000 0.000000000000000000 0.000000000000000000 -0.000000000000000000 1 0.000000000000000000
neuron 4 1.000000000000000000 0.000000000000000000 0.000000000000000000 -0.000000000000000000 1 0.000000000000000000
neuron 4 1.000000000000000000 0.000000000000000000 0.000000000000000000 -0.000000000000000000 1 0.000000000000000000
neuron 4 1.000000000000000000 0.000000000000000000 0.000000000000000000 -0.000000000000000000 1 0.000000000000000000
neuron 4 1.000000000000000000 0.000000000000000000 0.000000000000000000 -0.000000000000000000 1 0.000000000000000000
neuron 4 1.000000000000000000 0.000000000000000000 0.000000000000000000 -0.000000000000000000 1 0.000000000000000000
neuron 4 1.000000000000000000 0.000000000000000000 0.000000000000000000 -0.000000000000000000 1 0.000000000000000000
neuron 4 1.000000000000000000 0.000000000000000000 0.000000000000000000 -0.000000000000000000 1 0.000000000000000000
neuron 3 1.000000000000000000 0.000000000000000000 0.000000000000000000 -0.000000000000000000 0 0.000000000000000000
neuron 3 1.000000000000000000 0.000000000000000000 0.000000000000000000 -0.000000000000000000 0 0.000000000000000000
neuron 3 1.000000000000000000 0.000000000000000000 0.000000000000000000 -0.000000000000000000 0 0.000000000000000000
neuron 3 1.000000000000000000 0.000000000000000000 0.000000000000000000 -0.000000000000000000 0 0.000000000000000000
neuron 3 1.000000000000000000 0.000000000000000000 0.000000000000000000 -0.000000000000000000 0 0.000000000000000000
neuron 3 1.000000000000000000 0.000000000000000000 0.000000000000000000 -0.000000000000000000 0 0.000000000000000000
neuron 3 1.000000000000000000 0.000000000000000000 0.000000000000000000 -0.000000000000000000 0 0.000000000000000000
neuron 3 1.000000000000000000 0.000000000000000000 0.000000000000000000 -0.000000000000000000 0 0.000000000000000000
neuron 3 1.000000000000000000 0.000000000000000000 0.000000000000000000 -0.000000000000000000 0 0.000000000000000000
neuron 3 1.000000000000000000 0.000000000000000000 0.000000000000000000 -0.000000000000000000 0 0.000000000000000000
neuron 3 1.000000000000000000 0.000000000000000000 0.000000000000000000 -0.000000000000000000 0 0.000000000000000000
neuron 3 1.000000000000000000 0.000000000000000000 0.000000000000000000 -0.000000000000000000 0 0.000000000000000000
neuron 3 1.000000000000000000 0.000000000000000000 0.000000000000000000 -0.000000000000000000 0 0.000000000000000000
neuron 3 1.000000000000000000 0.000000000000000000 0.000000000000000000 -0.000000000000000000 0 0.000000000000000000
neuron 3 1.000000000000000000 0.000000000000000000 0.000000000000000000 -0.000000000000000000 0 0.000000000000000000
neuron 3 1.000000000000000000 0.000000000000000000 0.000000000000000000 -0.000000000000000000 0 0.000000000000000000
neuron 3 1.000000000000000000 0.000000000000000000 0.000000000000000000 -0.000000000000000000 0 0.000000000000000000
neuron 3 1.000000000000000000 0.000000000000000000 0.000000000000000000 -0.000000000000000000 0 0.000000000000000000
neuron 3 1.000000000000000000 0.000000000000000000 0.000000000000000000 -0.000000000000000000 0 0.000000000000000000
neuron 3 1.000000000000000000 0.000000000000000000 0.000000000000000000 -0.000000000000000000 0 0.000000000000000000
neuron 3 1.000000000000000000 0.000000000000000000 0.000000000000000000 -0.000000000000000000 0 0.000000000000000000
neuron 3 1.000000000000000000 0.000000000000000000 0.000000000000000000 -0.000000000000000000 0 0.000000000000000000
neuron 3 1.000000000000000000 0.000000000000000000 0.000000000000000000 -0.000000000000000000 0 0.000000000000000000
neuron 3 1.000000000000000000 0.000000000000000000 0.000000000000000000 -0.000000000000000000 0 0.000000000000000000
neuron 3 1.000000000000000000 0.000000000000000000 0.000000000000000000 -0.000000000000000000 0 0.000000000000000000
neuron 3 1.000000000000000000 0.000000000000000000 0.000000000000000000 -0.000000000000000000 0 0.000000000000000000
neuron 3 1.000000000000000000 0.000000000000000000 0.000000000000000000 -0.000000000000000000 0 0.000000000000000000
neuron 3 1.000000000000000000 0.000000000000000000 0.000000000000000000 -0.000000000000000000 0 0.000000000000000000
neuron 3 1.000000000000000000 0.000000000000000000 0.000000000000000000 -0.000000000000000000 0 0.000000000000000000
neuron 3 1.000000000000000000 0.000000000000000000 0.000000000000000000 -0.000000000000000000 0 0.000000000000000000
neuron 3 1.000000000000000000 0.000000000000000000 0.000000000000000000 -0.000000000000000000 0 0.000000000000000000
neuron 3 1.000000000000000000 0.000000000000000000 0.000000000000000000 -0.000000000000000000 0 0.000000000000000000
neuron 3 1.000000000000000000 0.000000000000000000 0.000000000000000000 -0.000000000000000000 0 0.000000000000000000
neuron 3 1.000000000000000000 0.000000000000000000 0.000000000000000000 -0.000000000000000000 0 0.000000000000000000
neuron 3 1.000000000000000000 0.000000000000000000 0.000000000000000000 -0.000000000000000000 0 0.000000000000000000
connection 2 22 -3.863323696362082504 0 0.000000000000000000 -0.000000000000000000
connection 2 23 -3.951595589093945371 0 0.000000000000000000 -0.000000000000000000
connection 3 22 -2.767810931067016256 0 0.000000000000000000 -0.000000000000000000
connection 3 24 -3.598293716660328379 0 0.000000000000000000 -0.000000000000000000
connection 3 25 -3.964506859258172256 0 0.000000000000000000 -0.000000000000000000
connection 3 23 -2.831679397340738369 0 0.000000000000000000 -0.000000000000000000
connection 4 22 -2.211344607666796414 0 0.000000000000000000 -0.000000000000000000
connection 4 24 -2.766131322458679875 0 0.000000000000000000 -0.000000000000000000
connection 4 25 -3.125956958723410395 0 0.000000000000000000 -0.000000000000000000
connection 4 23 -2.242630750423633135 0 0.000000000000000000 -0.000000000000000000
connection 5 22 -2.272867956094704489 0 0.000000000000000000 -0.000000000000000000
connection 5 24 -2.511809872270918120 0 0.000000000000000000 -0.000000000000000000
connection 5 25 -2.847949710785686595 0 0.000000000000000000 -0.000000000000000000
connection 5 23 -2.269190740949776686 0 0.000000000000000000 -0.000000000000000000
connection 6 24 -2.872597941389293918 0 0.000000000000000000 -0.000000000000000000
connection 6 25 -3.175003077351302050 0 0.000000000000000000 -0.000000000000000000
connection 7 22 -4.127015278838773504 0 0.000000000000000000 -0.000000000000000000
connection 7 24 -3.795725930202495046 0 0.000000000000000000 -0.000000000000000000
connection 7 25 -4.055856111173035572 0 0.000000000000000000 -0.000000000000000000
connection 7 23 -4.065534769357342704 0 0.000000000000000000 -0.000000000000000000
connection 8 22 -5.598886027888568151 0 0.000000000000000000 -0.000000000000000000
connection 8 23 -5.527351737400537424 0 0.000000000000000000 -0.000000000000000000
connection 9 22 -6.998783550959159605 0 0.000000000000000000 -0.000000000000000000
connection 9 24 -6.540516773550881346 0 0.000000000000000000 -0.000000000000000000
connection 9 25 -6.684020306063330530 0 0.000000000000000000 -0.000000000000000000
connection 9 23 -6.938944237278448668 0 0.000000000000000000 -0.000000000000000000
connection 10 22 -7.881343493307550574 0 0.000000000000000000 -0.000000000000000000
connection 10 24 -7.642360952795021589 0 0.000000000000000000 -0.000000000000000000
connection 10 25 -7.710386640774697042 0 0.000000000000000000 -0.000000000000000000
connection 10 23 -7.856534942322062953 0 0.000000000000000000 -0.000000000000000000
connection 11 22 -7.856728731073057581 0 0.000000000000000000 -0.000000000000000000
connection 11 24 -7.990073244049629153 0 0.000000000000000000 -0.000000000000000000
connection 11 25 -7.974883374408292092 0 0.000000000000000000 -0.000000000000000000
connection 11 23 -7.883096965361552577 0 0.000000000000000000 -0.000000000000000000
connection 12 22 -6.753874589357083735 0 0.000000000000000000 -0.000000000000000000
connection 12 24 -7.299658231201395786 0 0.000000000000000000 -0.000000000000000000
connection 12 25 -7.200013320939124384 0 0.000000000000000000 -0.000000000000000000
connection 12 23 -6.832937158257128551 0 0.000000000000000000 -0.000000000000000000
connection 13 22 -4.704219922035607127 0 0.000000000000000000 -0.000000000000000000
connection 13 24 -5.569505859503851575 0 0.000000000000000000 -0.000000000000000000
connection 13 25 -5.392940901701175349 0 0.000000000000000000 -0.000000000000000000
connection 13 23 -4.821943473903923305 0 0.000000000000000000 -0.000000000000000000
connection 22 26 -4.468449104450109566 0 0.000000000000000000 -0.000000000000000000
connection 22 25 -4.281565149641012091 0 0.000000000000000000 -0.000000000000000000
connection 23 22 7.439213708747931086 0 0.000000000000000000 -0.000000000000000000
connection 23 43 7.819817964150015399 0 0.000000000000000000 -0.000000000000000000
connection 23 44 5.739156583402913903 0 0.000000000000000000 -0.000000000000000000
connection 23 45 5.191302444758203016 0 0.000000000000000000 -0.000000000000000000
connection 23 46 2.017083381697106770 0 0.000000000000000000 -0.000000000000000000
connection 23 47 0.712811710707542678 0 0.000000000000000000 -0.000000000000000000
connection 23 48 3.764566042188873141 0 0.000000000000000000 -0.000000000000000000
connection 24 25 -4.270073264752995534 0 0.000000000000000000 -0.000000000000000000
connection 25 22 7.847301629033799131 0 0.000000000000000000 -0.000000000000000000
connection 25 50 -2.435605552132885432 0 0.000000000000000000 -0.000000000000000000
connection 25 51 -1.297481286053688621 0 0.000000000000000000 -0.000000000000000000
connection 25 43 7.646025832978917691 0 0.000000000000000000 -0.000000000000000000
connection 50 14 -2.532433168888577502 0 0.000000000000000000 -0.000000000000000000
connection 45 14 -0.871051282742257627 0 0.000000000000000000 -0.000000000000000000
connection 46 14 -1.110143836478516777 0 0.000000000000000000 -0.000000000000000000
connection 47 14 3.079317774675546904 0 0.000000000000000000 -0.000000000000000000
connection 48 14 3.303487045539509559 0 0.000000000000000000 -0.000000000000000000
connection 50 15 -2.377999373042679832 0 0.000000000000000000 -0.000000000000000000
connection 45 15 -1.785870010075172098 0 0.000000000000000000 -0.000000000000000000
connection 46 15 -1.864789212031095822 0 0.000000000000000000 -0.000000000000000000
connection 47 15 2.419348849668415902 0 0.000000000000000000 -0.000000000000000000
connection 48 15 2.502384617246255605 0 0.000000000000000000 -0.000000000000000000
connection 50 16 -2.284513188261771077 0 0.000000000000000000 -0.000000000000000000
connection 51 16 -7.477997364433069727 0 0.000000000000000000 -0.000000000000000000
connection 45 16 -2.448248938758296411 0 0.000000000000000000 -0.000000000000000000
connection 46 16 -2.434045158849971191 0 0.000000000000000000 -0.000000000000000000
connection 47 16 1.906863779945888071 0 0.000000000000000000 -0.000000000000000000
connection 48 16 1.900514186299927744 0 0.000000000000000000 -0.000000000000000000
connection 50 17 -2.223993033116848483 0 0.000000000000000000 -0.000000000000000000
connection 26 17 -5.774924471325052266 0 0.000000000000000000 -0.000000000000000000
connection 51 17 -7.634955522823856811 0 0.000000000000000000 -0.000000000000000000
connection 43 17 -7.701791867087989907 0 0.000000000000000000 -0.000000000000000000
connection 44 17 -7.681125984610392976 0 0.000000000000000000 -0.000000000000000000
connection 45 17 -2.964204602986481252 0 0.000000000000000000 -0.000000000000000000
connection 46 17 -2.904730427329980103 0 0.000000000000000000 -0.000000000000000000
connection 47 17 1.471133853193675067 0 0.000000000000000000 -0.000000000000000000
connection 48 17 1.417668049261594954 0 0.000000000000000000 -0.000000000000000000
connection 50 18 -2.184158041862802158 0 0.000000000000000000 -0.000000000000000000
connection 26 18 -5.548040285232858082 0 0.000000000000000000 -0.000000000000000000
connection 51 18 -7.759135601585088082 0 0.000000000000000000 -0.000000000000000000
connection 43 18 -7.833973024190324708 0 0.000000000000000000 -0.000000000000000000
connection 44 18 -7.802209385063053837 0 0.000000000000000000 -0.000000000000000000
connection 45 18 -3.405736664764271726 0 0.000000000000000000 -0.000000000000000000
connection 46 18 -3.328008068394747720 0 0.000000000000000000 -0.000000000000000000
connection 47 18 1.066429197770902837 0 0.000000000000000000 -0.000000000000000000
connection 48 18 0.991310519346982222 0 0.000000000000000000 -0.000000000000000000
connection 50 19 -2.160440431903954739 0 0.000000000000000000 -0.000000000000000000
connection 51 19 -7.856164320731651607 0 0.000000000000000000 -0.000000000000000000
connection 43 19 -7.918227299150934151 0 0.000000000000000000 -0.000000000000000000
connection 44 19 -7.890451771033254680 0 0.000000000000000000 -0.000000000000000000
connection 47 19 0.669641833331355518 0 0.000000000000000000 -0.000000000000000000
connection 48 19 0.585387792352665914 0 0.000000000000000000 -0.000000000000000000
connection 22 20 -2.827782215259492471 0 0.000000000000000000 -0.000000000000000000
connection 50 20 -2.151387719254216346 0 0.000000000000000000 -0.000000000000000000
connection 51 20 -7.927852597845912896 0 0.000000000000000000 -0.000000000000000000
connection 43 20 -7.970375893784241050 0 0.000000000000000000 -0.000000000000000000
connection 44 20 -7.951689986077652428 0 0.000000000000000000 -0.000000000000000000
connection 47 20 0.271443598691731347 0 0.000000000000000000 -0.000000000000000000
connection 22 21 -2.698395026517266260 0 0.000000000000000000 -0.000000000000000000
connection 24 21 -2.810122272913885944 0 0.000000000000000000 -0.000000000000000000
connection 51 21 -7.974842565073643641 0 0.000000000000000000 -0.000000000000000000
connection 43 21 -7.996204592102056807 0 0.000000000000000000 -0.000000000000000000
connection 44 21 -7.987924153494978086 0 0.000000000000000000 -0.000000000000000000
connection 48 21 -0.220810275686142338 0 0.000000000000000000 -0.000000000000000000
NNend

