NNstart
14 4
neuron 1 1.000000000000000000 0.000000000000000000 0.000000000000000000 277720503696679511419806714953318295063141863192787012314488433527945284270864525800553148177857904640.000000000000000000 11 0.000000000000000000
neuron 1 1.000000000000000000 0.000000000000000000 0.000000000000000000 277720503696679511419806714953318295063141863192787012314488433527945284270864525800553148177857904640.000000000000000000 11 0.000000000000000000
neuron 1 1.000000000000000000 0.000000000000000000 0.000000000000000000 277720503696679511419806714953318295063141863192787012314488433527945284270864525800553148177857904640.000000000000000000 11 0.000000000000000000
neuron 1 1.000000000000000000 0.000000000000000000 0.000000000000000000 277720503696679511419806714953318295063141863192787012314488433527945284270864525800553148177857904640.000000000000000000 11 0.000000000000000000
neuron 1 1.000000000000000000 0.000000000000000000 0.000000000000000000 277720503696679511419806714953318295063141863192787012314488433527945284270864525800553148177857904640.000000000000000000 11 0.000000000000000000
neuron 1 1.000000000000000000 0.000000000000000000 0.000000000000000000 277720503696679511419806714953318295063141863192787012314488433527945284270864525800553148177857904640.000000000000000000 11 0.000000000000000000
neuron 1 1.000000000000000000 0.000000000000000000 0.000000000000000000 277720503696679511419806714953318295063141863192787012314488433527945284270864525800553148177857904640.000000000000000000 11 0.000000000000000000
neuron 1 1.000000000000000000 0.000000000000000000 0.000000000000000000 277720503696679511419806714953318295063141863192787012314488433527945284270864525800553148177857904640.000000000000000000 11 0.000000000000000000
neuron 1 1.000000000000000000 0.000000000000000000 0.000000000000000000 277720503696679511419806714953318295063141863192787012314488433527945284270864525800553148177857904640.000000000000000000 11 0.000000000000000000
neuron 1 1.000000000000000000 0.000000000000000000 0.000000000000000000 277720503696679511419806714953318295063141863192787012314488433527945284270864525800553148177857904640.000000000000000000 11 0.000000000000000000
neuron 1 1.000000000000000000 0.000000000000000000 0.000000000000000000 277720503696679511419806714953318295063141863192787012314488433527945284270864525800553148177857904640.000000000000000000 11 0.000000000000000000
neuron 1 1.000000000000000000 0.000000000000000000 0.000000000000000000 277720503696679511419806714953318295063141863192787012314488433527945284270864525800553148177857904640.000000000000000000 11 0.000000000000000000
neuron 1 1.000000000000000000 0.000000000000000000 0.000000000000000000 277720503696679511419806714953318295063141863192787012314488433527945284270864525800553148177857904640.000000000000000000 11 0.000000000000000000
neuron 2 1.000000000000000000 0.000000000000000000 0.000000000000000000 0.000000000000000000 11 0.000000000000000000
neuron 4 1.000000000000000000 0.000000000000000000 0.000000000000000000 277720503696679511419806714953318295063141863192787012314488433527945284270864525800553148177857904640.000000000000000000 1 0.000000000000000000
neuron 4 1.000000000000000000 0.000000000000000000 0.000000000000000000 277720503696679511419806714953318295063141863192787012314488433527945284270864525800553148177857904640.000000000000000000 1 0.000000000000000000
neuron 4 1.000000000000000000 0.000000000000000000 0.000000000000000000 277720503696679511419806714953318295063141863192787012314488433527945284270864525800553148177857904640.000000000000000000 1 0.000000000000000000
neuron 4 1.000000000000000000 0.000000000000000000 0.000000000000000000 277720503696679511419806714953318295063141863192787012314488433527945284270864525800553148177857904640.000000000000000000 1 0.000000000000000000
neuron 3 1.000000000000000000 0.000000000000000000 0.000000000000000000 277720503696679511419806714953318295063141863192787012314488433527945284270864525800553148177857904640.000000000000000000 0 0.000000000000000000
neuron 3 1.000000000000000000 0.000000000000000000 0.000000000000000000 277720503696679511419806714953318295063141863192787012314488433527945284270864525800553148177857904640.000000000000000000 0 0.000000000000000000
neuron 3 1.000000000000000000 0.000000000000000000 0.000000000000000000 277720503696679511419806714953318295063141863192787012314488433527945284270864525800553148177857904640.000000000000000000 0 0.000000000000000000
neuron 3 1.000000000000000000 0.000000000000000000 0.000000000000000000 277720503696679511419806714953318295063141863192787012314488433527945284270864525800553148177857904640.000000000000000000 0 0.000000000000000000
neuron 3 1.000000000000000000 0.000000000000000000 0.000000000000000000 277720503696679511419806714953318295063141863192787012314488433527945284270864525800553148177857904640.000000000000000000 0 0.000000000000000000
neuron 3 1.000000000000000000 0.000000000000000000 0.000000000000000000 277720503696679511419806714953318295063141863192787012314488433527945284270864525800553148177857904640.000000000000000000 0 0.000000000000000000
neuron 3 1.000000000000000000 0.000000000000000000 0.000000000000000000 277720503696679511419806714953318295063141863192787012314488433527945284270864525800553148177857904640.000000000000000000 0 0.000000000000000000
neuron 3 1.000000000000000000 0.000000000000000000 0.000000000000000000 277720503696679511419806714953318295063141863192787012314488433527945284270864525800553148177857904640.000000000000000000 0 0.000000000000000000
connection 0 18 -8.000000000000000000 0 0.000000000000000000 277720503696679511419806714953318295063141863192787012314488433527945284270864525800553148177857904640.000000000000000000
connection 0 19 -8.000000000000000000 0 0.000000000000000000 277720503696679511419806714953318295063141863192787012314488433527945284270864525800553148177857904640.000000000000000000
connection 0 20 -8.000000000000000000 0 0.000000000000000000 277720503696679511419806714953318295063141863192787012314488433527945284270864525800553148177857904640.000000000000000000
connection 0 21 -8.000000000000000000 0 0.000000000000000000 277720503696679511419806714953318295063141863192787012314488433527945284270864525800553148177857904640.000000000000000000
connection 1 18 -8.000000000000000000 0 0.000000000000000000 277720503696679511419806714953318295063141863192787012314488433527945284270864525800553148177857904640.000000000000000000
connection 1 19 -8.000000000000000000 0 0.000000000000000000 277720503696679511419806714953318295063141863192787012314488433527945284270864525800553148177857904640.000000000000000000
connection 1 20 -8.000000000000000000 0 0.000000000000000000 277720503696679511419806714953318295063141863192787012314488433527945284270864525800553148177857904640.000000000000000000
connection 1 21 -8.000000000000000000 0 0.000000000000000000 277720503696679511419806714953318295063141863192787012314488433527945284270864525800553148177857904640.000000000000000000
connection 2 18 -8.000000000000000000 0 0.000000000000000000 277720503696679511419806714953318295063141863192787012314488433527945284270864525800553148177857904640.000000000000000000
connection 2 19 -8.000000000000000000 0 0.000000000000000000 277720503696679511419806714953318295063141863192787012314488433527945284270864525800553148177857904640.000000000000000000
connection 2 20 -8.000000000000000000 0 0.000000000000000000 277720503696679511419806714953318295063141863192787012314488433527945284270864525800553148177857904640.000000000000000000
connection 2 21 -8.000000000000000000 0 0.000000000000000000 277720503696679511419806714953318295063141863192787012314488433527945284270864525800553148177857904640.000000000000000000
connection 3 18 -8.000000000000000000 0 0.000000000000000000 277720503696679511419806714953318295063141863192787012314488433527945284270864525800553148177857904640.000000000000000000
connection 3 19 -8.000000000000000000 0 0.000000000000000000 277720503696679511419806714953318295063141863192787012314488433527945284270864525800553148177857904640.000000000000000000
connection 3 20 -8.000000000000000000 0 0.000000000000000000 277720503696679511419806714953318295063141863192787012314488433527945284270864525800553148177857904640.000000000000000000
connection 3 21 -8.000000000000000000 0 0.000000000000000000 277720503696679511419806714953318295063141863192787012314488433527945284270864525800553148177857904640.000000000000000000
connection 4 18 -8.000000000000000000 0 0.000000000000000000 277720503696679511419806714953318295063141863192787012314488433527945284270864525800553148177857904640.000000000000000000
connection 4 19 -8.000000000000000000 0 0.000000000000000000 277720503696679511419806714953318295063141863192787012314488433527945284270864525800553148177857904640.000000000000000000
connection 4 20 -8.000000000000000000 0 0.000000000000000000 277720503696679511419806714953318295063141863192787012314488433527945284270864525800553148177857904640.000000000000000000
connection 4 21 -8.000000000000000000 0 0.000000000000000000 277720503696679511419806714953318295063141863192787012314488433527945284270864525800553148177857904640.000000000000000000
connection 5 18 -8.000000000000000000 0 0.000000000000000000 277720503696679511419806714953318295063141863192787012314488433527945284270864525800553148177857904640.000000000000000000
connection 5 19 -8.000000000000000000 0 0.000000000000000000 277720503696679511419806714953318295063141863192787012314488433527945284270864525800553148177857904640.000000000000000000
connection 5 20 -8.000000000000000000 0 0.000000000000000000 277720503696679511419806714953318295063141863192787012314488433527945284270864525800553148177857904640.000000000000000000
connection 5 21 -8.000000000000000000 0 0.000000000000000000 277720503696679511419806714953318295063141863192787012314488433527945284270864525800553148177857904640.000000000000000000
connection 6 18 -8.000000000000000000 0 0.000000000000000000 277720503696679511419806714953318295063141863192787012314488433527945284270864525800553148177857904640.000000000000000000
connection 6 19 -8.000000000000000000 0 0.000000000000000000 277720503696679511419806714953318295063141863192787012314488433527945284270864525800553148177857904640.000000000000000000
connection 6 20 -8.000000000000000000 0 0.000000000000000000 277720503696679511419806714953318295063141863192787012314488433527945284270864525800553148177857904640.000000000000000000
connection 6 21 -8.000000000000000000 0 0.000000000000000000 277720503696679511419806714953318295063141863192787012314488433527945284270864525800553148177857904640.000000000000000000
connection 7 18 -8.000000000000000000 0 0.000000000000000000 277720503696679511419806714953318295063141863192787012314488433527945284270864525800553148177857904640.000000000000000000
connection 7 19 -8.000000000000000000 0 0.000000000000000000 277720503696679511419806714953318295063141863192787012314488433527945284270864525800553148177857904640.000000000000000000
connection 7 20 -8.000000000000000000 0 0.000000000000000000 277720503696679511419806714953318295063141863192787012314488433527945284270864525800553148177857904640.000000000000000000
connection 7 21 -8.000000000000000000 0 0.000000000000000000 277720503696679511419806714953318295063141863192787012314488433527945284270864525800553148177857904640.000000000000000000
connection 8 18 -8.000000000000000000 0 0.000000000000000000 277720503696679511419806714953318295063141863192787012314488433527945284270864525800553148177857904640.000000000000000000
connection 8 19 -8.000000000000000000 0 0.000000000000000000 277720503696679511419806714953318295063141863192787012314488433527945284270864525800553148177857904640.000000000000000000
connection 8 20 -8.000000000000000000 0 0.000000000000000000 277720503696679511419806714953318295063141863192787012314488433527945284270864525800553148177857904640.000000000000000000
connection 8 21 -8.000000000000000000 0 0.000000000000000000 277720503696679511419806714953318295063141863192787012314488433527945284270864525800553148177857904640.000000000000000000
connection 9 18 -8.000000000000000000 0 0.000000000000000000 277720503696679511419806714953318295063141863192787012314488433527945284270864525800553148177857904640.000000000000000000
connection 9 19 -8.000000000000000000 0 0.000000000000000000 277720503696679511419806714953318295063141863192787012314488433527945284270864525800553148177857904640.000000000000000000
connection 9 20 -8.000000000000000000 0 0.000000000000000000 277720503696679511419806714953318295063141863192787012314488433527945284270864525800553148177857904640.000000000000000000
connection 9 21 -8.000000000000000000 0 0.000000000000000000 277720503696679511419806714953318295063141863192787012314488433527945284270864525800553148177857904640.000000000000000000
connection 10 18 -8.000000000000000000 0 0.000000000000000000 277720503696679511419806714953318295063141863192787012314488433527945284270864525800553148177857904640.000000000000000000
connection 10 19 -8.000000000000000000 0 0.000000000000000000 277720503696679511419806714953318295063141863192787012314488433527945284270864525800553148177857904640.000000000000000000
connection 10 20 -8.000000000000000000 0 0.000000000000000000 277720503696679511419806714953318295063141863192787012314488433527945284270864525800553148177857904640.000000000000000000
connection 10 21 -8.000000000000000000 0 0.000000000000000000 277720503696679511419806714953318295063141863192787012314488433527945284270864525800553148177857904640.000000000000000000
connection 11 18 -8.000000000000000000 0 0.000000000000000000 277720503696679511419806714953318295063141863192787012314488433527945284270864525800553148177857904640.000000000000000000
connection 11 19 -8.000000000000000000 0 0.000000000000000000 277720503696679511419806714953318295063141863192787012314488433527945284270864525800553148177857904640.000000000000000000
connection 11 20 -8.000000000000000000 0 0.000000000000000000 277720503696679511419806714953318295063141863192787012314488433527945284270864525800553148177857904640.000000000000000000
connection 11 21 -8.000000000000000000 0 0.000000000000000000 277720503696679511419806714953318295063141863192787012314488433527945284270864525800553148177857904640.000000000000000000
connection 12 18 -8.000000000000000000 0 0.000000000000000000 277720503696679511419806714953318295063141863192787012314488433527945284270864525800553148177857904640.000000000000000000
connection 12 19 -8.000000000000000000 0 0.000000000000000000 277720503696679511419806714953318295063141863192787012314488433527945284270864525800553148177857904640.000000000000000000
connection 12 20 -8.000000000000000000 0 0.000000000000000000 277720503696679511419806714953318295063141863192787012314488433527945284270864525800553148177857904640.000000000000000000
connection 12 21 -8.000000000000000000 0 0.000000000000000000 277720503696679511419806714953318295063141863192787012314488433527945284270864525800553148177857904640.000000000000000000
connection 13 18 -8.000000000000000000 0 0.000000000000000000 277720503696679511419806714953318295063141863192787012314488433527945284270864525800553148177857904640.000000000000000000
connection 13 19 -8.000000000000000000 0 0.000000000000000000 277720503696679511419806714953318295063141863192787012314488433527945284270864525800553148177857904640.000000000000000000
connection 13 20 -8.000000000000000000 0 0.000000000000000000 277720503696679511419806714953318295063141863192787012314488433527945284270864525800553148177857904640.000000000000000000
connection 13 21 -8.000000000000000000 0 0.000000000000000000 277720503696679511419806714953318295063141863192787012314488433527945284270864525800553148177857904640.000000000000000000
connection 20 18 8.000000000000000000 0 0.000000000000000000 277720503696679511419806714953318295063141863192787012314488433527945284270864525800553148177857904640.000000000000000000
connection 20 21 8.000000000000000000 0 0.000000000000000000 277720503696679511419806714953318295063141863192787012314488433527945284270864525800553148177857904640.000000000000000000
connection 21 18 8.000000000000000000 0 0.000000000000000000 277720503696679511419806714953318295063141863192787012314488433527945284270864525800553148177857904640.000000000000000000
connection 21 21 8.000000000000000000 0 0.000000000000000000 277720503696679511419806714953318295063141863192787012314488433527945284270864525800553148177857904640.000000000000000000
connection 18 14 8.000000000000000000 0 0.000000000000000000 277720503696679511419806714953318295063141863192787012314488433527945284270864525800553148177857904640.000000000000000000
connection 19 14 8.000000000000000000 0 0.000000000000000000 277720503696679511419806714953318295063141863192787012314488433527945284270864525800553148177857904640.000000000000000000
connection 20 14 8.000000000000000000 0 0.000000000000000000 277720503696679511419806714953318295063141863192787012314488433527945284270864525800553148177857904640.000000000000000000
connection 21 14 8.000000000000000000 0 0.000000000000000000 277720503696679511419806714953318295063141863192787012314488433527945284270864525800553148177857904640.000000000000000000
NNend

