NNstart
11 3
neuron 1 1.000000000000000000 0.000000000000000000 0.000000000000000000 82276501360772354352540470231221508596827781193578118361820127204495035152594560826316483912894132685011266632045742978310022352486438764546457173299684325973381782067271392573180084224.000000000000000000 11 0.000000000000000000
neuron 1 1.000000000000000000 0.000000000000000000 0.000000000000000000 82276501360772354352540470231221508596827781193578118361820127204495035152594560826316483912894132685011266632045742978310022352486438764546457173299684325973381782067271392573180084224.000000000000000000 11 0.000000000000000000
neuron 1 1.000000000000000000 0.000000000000000000 0.000000000000000000 82276501360772354352540470231221508596827781193578118361820127204495035152594560826316483912894132685011266632045742978310022352486438764546457173299684325973381782067271392573180084224.000000000000000000 11 0.000000000000000000
neuron 1 1.000000000000000000 0.000000000000000000 0.000000000000000000 82276501360772354352540470231221508596827781193578118361820127204495035152594560826316483912894132685011266632045742978310022352486438764546457173299684325973381782067271392573180084224.000000000000000000 11 0.000000000000000000
neuron 1 1.000000000000000000 0.000000000000000000 0.000000000000000000 82276501360772354352540470231221508596827781193578118361820127204495035152594560826316483912894132685011266632045742978310022352486438764546457173299684325973381782067271392573180084224.000000000000000000 11 0.000000000000000000
neuron 1 1.000000000000000000 0.000000000000000000 0.000000000000000000 82276501360772354352540470231221508596827781193578118361820127204495035152594560826316483912894132685011266632045742978310022352486438764546457173299684325973381782067271392573180084224.000000000000000000 11 0.000000000000000000
neuron 1 1.000000000000000000 0.000000000000000000 0.000000000000000000 82276501360772354352540470231221508596827781193578118361820127204495035152594560826316483912894132685011266632045742978310022352486438764546457173299684325973381782067271392573180084224.000000000000000000 11 0.000000000000000000
neuron 1 1.000000000000000000 0.000000000000000000 0.000000000000000000 82276501360772354352540470231221508596827781193578118361820127204495035152594560826316483912894132685011266632045742978310022352486438764546457173299684325973381782067271392573180084224.000000000000000000 11 0.000000000000000000
neuron 1 1.000000000000000000 0.000000000000000000 0.000000000000000000 82276501360772354352540470231221508596827781193578118361820127204495035152594560826316483912894132685011266632045742978310022352486438764546457173299684325973381782067271392573180084224.000000000000000000 11 0.000000000000000000
neuron 1 1.000000000000000000 0.000000000000000000 0.000000000000000000 82276501360772354352540470231221508596827781193578118361820127204495035152594560826316483912894132685011266632045742978310022352486438764546457173299684325973381782067271392573180084224.000000000000000000 11 0.000000000000000000
neuron 2 1.000000000000000000 0.000000000000000000 0.000000000000000000 0.000000000000000000 11 0.000000000000000000
neuron 4 1.000000000000000000 0.000000000000000000 0.000000000000000000 82276501360772354352540470231221508596827781193578118361820127204495035152594560826316483912894132685011266632045742978310022352486438764546457173299684325973381782067271392573180084224.000000000000000000 1 0.000000000000000000
neuron 4 1.000000000000000000 0.000000000000000000 0.000000000000000000 82276501360772354352540470231221508596827781193578118361820127204495035152594560826316483912894132685011266632045742978310022352486438764546457173299684325973381782067271392573180084224.000000000000000000 1 0.000000000000000000
neuron 4 1.000000000000000000 0.000000000000000000 0.000000000000000000 82276501360772354352540470231221508596827781193578118361820127204495035152594560826316483912894132685011266632045742978310022352486438764546457173299684325973381782067271392573180084224.000000000000000000 1 0.000000000000000000
neuron 3 1.000000000000000000 0.000000000000000000 0.000000000000000000 82276501360772354352540470231221508596827781193578118361820127204495035152594560826316483912894132685011266632045742978310022352486438764546457173299684325973381782067271392573180084224.000000000000000000 0 0.000000000000000000
neuron 3 1.000000000000000000 0.000000000000000000 0.000000000000000000 82276501360772354352540470231221508596827781193578118361820127204495035152594560826316483912894132685011266632045742978310022352486438764546457173299684325973381782067271392573180084224.000000000000000000 0 0.000000000000000000
neuron 3 1.000000000000000000 0.000000000000000000 0.000000000000000000 82276501360772354352540470231221508596827781193578118361820127204495035152594560826316483912894132685011266632045742978310022352486438764546457173299684325973381782067271392573180084224.000000000000000000 0 0.000000000000000000
neuron 3 1.000000000000000000 0.000000000000000000 0.000000000000000000 82276501360772354352540470231221508596827781193578118361820127204495035152594560826316483912894132685011266632045742978310022352486438764546457173299684325973381782067271392573180084224.000000000000000000 0 0.000000000000000000
neuron 3 1.000000000000000000 0.000000000000000000 0.000000000000000000 82276501360772354352540470231221508596827781193578118361820127204495035152594560826316483912894132685011266632045742978310022352486438764546457173299684325973381782067271392573180084224.000000000000000000 0 0.000000000000000000
neuron 3 1.000000000000000000 0.000000000000000000 0.000000000000000000 82276501360772354352540470231221508596827781193578118361820127204495035152594560826316483912894132685011266632045742978310022352486438764546457173299684325973381782067271392573180084224.000000000000000000 0 0.000000000000000000
neuron 3 1.000000000000000000 0.000000000000000000 0.000000000000000000 82276501360772354352540470231221508596827781193578118361820127204495035152594560826316483912894132685011266632045742978310022352486438764546457173299684325973381782067271392573180084224.000000000000000000 0 0.000000000000000000
neuron 3 1.000000000000000000 0.000000000000000000 0.000000000000000000 82276501360772354352540470231221508596827781193578118361820127204495035152594560826316483912894132685011266632045742978310022352486438764546457173299684325973381782067271392573180084224.000000000000000000 0 0.000000000000000000
neuron 3 1.000000000000000000 0.000000000000000000 0.000000000000000000 82276501360772354352540470231221508596827781193578118361820127204495035152594560826316483912894132685011266632045742978310022352486438764546457173299684325973381782067271392573180084224.000000000000000000 0 0.000000000000000000
neuron 3 1.000000000000000000 0.000000000000000000 0.000000000000000000 82276501360772354352540470231221508596827781193578118361820127204495035152594560826316483912894132685011266632045742978310022352486438764546457173299684325973381782067271392573180084224.000000000000000000 0 0.000000000000000000
neuron 3 1.000000000000000000 0.000000000000000000 0.000000000000000000 82276501360772354352540470231221508596827781193578118361820127204495035152594560826316483912894132685011266632045742978310022352486438764546457173299684325973381782067271392573180084224.000000000000000000 0 0.000000000000000000
neuron 3 1.000000000000000000 0.000000000000000000 0.000000000000000000 82276501360772354352540470231221508596827781193578118361820127204495035152594560826316483912894132685011266632045742978310022352486438764546457173299684325973381782067271392573180084224.000000000000000000 0 0.000000000000000000
neuron 3 1.000000000000000000 0.000000000000000000 0.000000000000000000 82276501360772354352540470231221508596827781193578118361820127204495035152594560826316483912894132685011266632045742978310022352486438764546457173299684325973381782067271392573180084224.000000000000000000 0 0.000000000000000000
neuron 3 1.000000000000000000 0.000000000000000000 0.000000000000000000 82276501360772354352540470231221508596827781193578118361820127204495035152594560826316483912894132685011266632045742978310022352486438764546457173299684325973381782067271392573180084224.000000000000000000 0 0.000000000000000000
neuron 3 1.000000000000000000 0.000000000000000000 0.000000000000000000 82276501360772354352540470231221508596827781193578118361820127204495035152594560826316483912894132685011266632045742978310022352486438764546457173299684325973381782067271392573180084224.000000000000000000 0 0.000000000000000000
neuron 3 1.000000000000000000 0.000000000000000000 0.000000000000000000 82276501360772354352540470231221508596827781193578118361820127204495035152594560826316483912894132685011266632045742978310022352486438764546457173299684325973381782067271392573180084224.000000000000000000 0 0.000000000000000000
neuron 3 1.000000000000000000 0.000000000000000000 0.000000000000000000 82276501360772354352540470231221508596827781193578118361820127204495035152594560826316483912894132685011266632045742978310022352486438764546457173299684325973381782067271392573180084224.000000000000000000 0 0.000000000000000000
neuron 3 1.000000000000000000 0.000000000000000000 0.000000000000000000 82276501360772354352540470231221508596827781193578118361820127204495035152594560826316483912894132685011266632045742978310022352486438764546457173299684325973381782067271392573180084224.000000000000000000 0 0.000000000000000000
neuron 3 1.000000000000000000 0.000000000000000000 0.000000000000000000 82276501360772354352540470231221508596827781193578118361820127204495035152594560826316483912894132685011266632045742978310022352486438764546457173299684325973381782067271392573180084224.000000000000000000 0 0.000000000000000000
neuron 3 1.000000000000000000 0.000000000000000000 0.000000000000000000 82276501360772354352540470231221508596827781193578118361820127204495035152594560826316483912894132685011266632045742978310022352486438764546457173299684325973381782067271392573180084224.000000000000000000 0 0.000000000000000000
neuron 3 1.000000000000000000 0.000000000000000000 0.000000000000000000 82276501360772354352540470231221508596827781193578118361820127204495035152594560826316483912894132685011266632045742978310022352486438764546457173299684325973381782067271392573180084224.000000000000000000 0 0.000000000000000000
neuron 3 1.000000000000000000 0.000000000000000000 0.000000000000000000 82276501360772354352540470231221508596827781193578118361820127204495035152594560826316483912894132685011266632045742978310022352486438764546457173299684325973381782067271392573180084224.000000000000000000 0 0.000000000000000000
neuron 3 1.000000000000000000 0.000000000000000000 0.000000000000000000 82276501360772354352540470231221508596827781193578118361820127204495035152594560826316483912894132685011266632045742978310022352486438764546457173299684325973381782067271392573180084224.000000000000000000 0 0.000000000000000000
neuron 3 1.000000000000000000 0.000000000000000000 0.000000000000000000 82276501360772354352540470231221508596827781193578118361820127204495035152594560826316483912894132685011266632045742978310022352486438764546457173299684325973381782067271392573180084224.000000000000000000 0 0.000000000000000000
neuron 3 1.000000000000000000 0.000000000000000000 0.000000000000000000 82276501360772354352540470231221508596827781193578118361820127204495035152594560826316483912894132685011266632045742978310022352486438764546457173299684325973381782067271392573180084224.000000000000000000 0 0.000000000000000000
neuron 3 1.000000000000000000 0.000000000000000000 0.000000000000000000 82276501360772354352540470231221508596827781193578118361820127204495035152594560826316483912894132685011266632045742978310022352486438764546457173299684325973381782067271392573180084224.000000000000000000 0 0.000000000000000000
neuron 3 1.000000000000000000 0.000000000000000000 0.000000000000000000 82276501360772354352540470231221508596827781193578118361820127204495035152594560826316483912894132685011266632045742978310022352486438764546457173299684325973381782067271392573180084224.000000000000000000 0 0.000000000000000000
neuron 3 1.000000000000000000 0.000000000000000000 0.000000000000000000 82276501360772354352540470231221508596827781193578118361820127204495035152594560826316483912894132685011266632045742978310022352486438764546457173299684325973381782067271392573180084224.000000000000000000 0 0.000000000000000000
neuron 3 1.000000000000000000 0.000000000000000000 0.000000000000000000 82276501360772354352540470231221508596827781193578118361820127204495035152594560826316483912894132685011266632045742978310022352486438764546457173299684325973381782067271392573180084224.000000000000000000 0 0.000000000000000000
neuron 3 1.000000000000000000 0.000000000000000000 0.000000000000000000 82276501360772354352540470231221508596827781193578118361820127204495035152594560826316483912894132685011266632045742978310022352486438764546457173299684325973381782067271392573180084224.000000000000000000 0 0.000000000000000000
neuron 3 1.000000000000000000 0.000000000000000000 0.000000000000000000 82276501360772354352540470231221508596827781193578118361820127204495035152594560826316483912894132685011266632045742978310022352486438764546457173299684325973381782067271392573180084224.000000000000000000 0 0.000000000000000000
neuron 3 1.000000000000000000 0.000000000000000000 0.000000000000000000 82276501360772354352540470231221508596827781193578118361820127204495035152594560826316483912894132685011266632045742978310022352486438764546457173299684325973381782067271392573180084224.000000000000000000 0 0.000000000000000000
neuron 3 1.000000000000000000 0.000000000000000000 0.000000000000000000 82276501360772354352540470231221508596827781193578118361820127204495035152594560826316483912894132685011266632045742978310022352486438764546457173299684325973381782067271392573180084224.000000000000000000 0 0.000000000000000000
neuron 3 1.000000000000000000 0.000000000000000000 0.000000000000000000 82276501360772354352540470231221508596827781193578118361820127204495035152594560826316483912894132685011266632045742978310022352486438764546457173299684325973381782067271392573180084224.000000000000000000 0 0.000000000000000000
neuron 3 1.000000000000000000 0.000000000000000000 0.000000000000000000 82276501360772354352540470231221508596827781193578118361820127204495035152594560826316483912894132685011266632045742978310022352486438764546457173299684325973381782067271392573180084224.000000000000000000 0 0.000000000000000000
neuron 3 1.000000000000000000 0.000000000000000000 0.000000000000000000 82276501360772354352540470231221508596827781193578118361820127204495035152594560826316483912894132685011266632045742978310022352486438764546457173299684325973381782067271392573180084224.000000000000000000 0 0.000000000000000000
neuron 3 1.000000000000000000 0.000000000000000000 0.000000000000000000 82276501360772354352540470231221508596827781193578118361820127204495035152594560826316483912894132685011266632045742978310022352486438764546457173299684325973381782067271392573180084224.000000000000000000 0 0.000000000000000000
neuron 3 1.000000000000000000 0.000000000000000000 0.000000000000000000 82276501360772354352540470231221508596827781193578118361820127204495035152594560826316483912894132685011266632045742978310022352486438764546457173299684325973381782067271392573180084224.000000000000000000 0 0.000000000000000000
neuron 3 1.000000000000000000 0.000000000000000000 0.000000000000000000 82276501360772354352540470231221508596827781193578118361820127204495035152594560826316483912894132685011266632045742978310022352486438764546457173299684325973381782067271392573180084224.000000000000000000 0 0.000000000000000000
neuron 3 1.000000000000000000 0.000000000000000000 0.000000000000000000 82276501360772354352540470231221508596827781193578118361820127204495035152594560826316483912894132685011266632045742978310022352486438764546457173299684325973381782067271392573180084224.000000000000000000 0 0.000000000000000000
neuron 3 1.000000000000000000 0.000000000000000000 0.000000000000000000 82276501360772354352540470231221508596827781193578118361820127204495035152594560826316483912894132685011266632045742978310022352486438764546457173299684325973381782067271392573180084224.000000000000000000 0 0.000000000000000000
neuron 3 1.000000000000000000 0.000000000000000000 0.000000000000000000 82276501360772354352540470231221508596827781193578118361820127204495035152594560826316483912894132685011266632045742978310022352486438764546457173299684325973381782067271392573180084224.000000000000000000 0 0.000000000000000000
neuron 3 1.000000000000000000 0.000000000000000000 0.000000000000000000 82276501360772354352540470231221508596827781193578118361820127204495035152594560826316483912894132685011266632045742978310022352486438764546457173299684325973381782067271392573180084224.000000000000000000 0 0.000000000000000000
neuron 3 1.000000000000000000 0.000000000000000000 0.000000000000000000 82276501360772354352540470231221508596827781193578118361820127204495035152594560826316483912894132685011266632045742978310022352486438764546457173299684325973381782067271392573180084224.000000000000000000 0 0.000000000000000000
neuron 3 1.000000000000000000 0.000000000000000000 0.000000000000000000 82276501360772354352540470231221508596827781193578118361820127204495035152594560826316483912894132685011266632045742978310022352486438764546457173299684325973381782067271392573180084224.000000000000000000 0 0.000000000000000000
neuron 3 1.000000000000000000 0.000000000000000000 0.000000000000000000 82276501360772354352540470231221508596827781193578118361820127204495035152594560826316483912894132685011266632045742978310022352486438764546457173299684325973381782067271392573180084224.000000000000000000 0 0.000000000000000000
neuron 3 1.000000000000000000 0.000000000000000000 0.000000000000000000 82276501360772354352540470231221508596827781193578118361820127204495035152594560826316483912894132685011266632045742978310022352486438764546457173299684325973381782067271392573180084224.000000000000000000 0 0.000000000000000000
neuron 3 1.000000000000000000 0.000000000000000000 0.000000000000000000 82276501360772354352540470231221508596827781193578118361820127204495035152594560826316483912894132685011266632045742978310022352486438764546457173299684325973381782067271392573180084224.000000000000000000 0 0.000000000000000000
neuron 3 1.000000000000000000 0.000000000000000000 0.000000000000000000 82276501360772354352540470231221508596827781193578118361820127204495035152594560826316483912894132685011266632045742978310022352486438764546457173299684325973381782067271392573180084224.000000000000000000 0 0.000000000000000000
neuron 3 1.000000000000000000 0.000000000000000000 0.000000000000000000 82276501360772354352540470231221508596827781193578118361820127204495035152594560826316483912894132685011266632045742978310022352486438764546457173299684325973381782067271392573180084224.000000000000000000 0 0.000000000000000000
neuron 3 1.000000000000000000 0.000000000000000000 0.000000000000000000 82276501360772354352540470231221508596827781193578118361820127204495035152594560826316483912894132685011266632045742978310022352486438764546457173299684325973381782067271392573180084224.000000000000000000 0 0.000000000000000000
neuron 3 1.000000000000000000 0.000000000000000000 0.000000000000000000 82276501360772354352540470231221508596827781193578118361820127204495035152594560826316483912894132685011266632045742978310022352486438764546457173299684325973381782067271392573180084224.000000000000000000 0 0.000000000000000000
neuron 3 1.000000000000000000 0.000000000000000000 0.000000000000000000 82276501360772354352540470231221508596827781193578118361820127204495035152594560826316483912894132685011266632045742978310022352486438764546457173299684325973381782067271392573180084224.000000000000000000 0 0.000000000000000000
neuron 3 1.000000000000000000 0.000000000000000000 0.000000000000000000 82276501360772354352540470231221508596827781193578118361820127204495035152594560826316483912894132685011266632045742978310022352486438764546457173299684325973381782067271392573180084224.000000000000000000 0 0.000000000000000000
neuron 3 1.000000000000000000 0.000000000000000000 0.000000000000000000 82276501360772354352540470231221508596827781193578118361820127204495035152594560826316483912894132685011266632045742978310022352486438764546457173299684325973381782067271392573180084224.000000000000000000 0 0.000000000000000000
neuron 3 1.000000000000000000 0.000000000000000000 0.000000000000000000 82276501360772354352540470231221508596827781193578118361820127204495035152594560826316483912894132685011266632045742978310022352486438764546457173299684325973381782067271392573180084224.000000000000000000 0 0.000000000000000000
neuron 3 1.000000000000000000 0.000000000000000000 0.000000000000000000 82276501360772354352540470231221508596827781193578118361820127204495035152594560826316483912894132685011266632045742978310022352486438764546457173299684325973381782067271392573180084224.000000000000000000 0 0.000000000000000000
neuron 3 1.000000000000000000 0.000000000000000000 0.000000000000000000 82276501360772354352540470231221508596827781193578118361820127204495035152594560826316483912894132685011266632045742978310022352486438764546457173299684325973381782067271392573180084224.000000000000000000 0 0.000000000000000000
neuron 3 1.000000000000000000 0.000000000000000000 0.000000000000000000 82276501360772354352540470231221508596827781193578118361820127204495035152594560826316483912894132685011266632045742978310022352486438764546457173299684325973381782067271392573180084224.000000000000000000 0 0.000000000000000000
neuron 3 1.000000000000000000 0.000000000000000000 0.000000000000000000 82276501360772354352540470231221508596827781193578118361820127204495035152594560826316483912894132685011266632045742978310022352486438764546457173299684325973381782067271392573180084224.000000000000000000 0 0.000000000000000000
neuron 3 1.000000000000000000 0.000000000000000000 0.000000000000000000 82276501360772354352540470231221508596827781193578118361820127204495035152594560826316483912894132685011266632045742978310022352486438764546457173299684325973381782067271392573180084224.000000000000000000 0 0.000000000000000000
neuron 3 1.000000000000000000 0.000000000000000000 0.000000000000000000 82276501360772354352540470231221508596827781193578118361820127204495035152594560826316483912894132685011266632045742978310022352486438764546457173299684325973381782067271392573180084224.000000000000000000 0 0.000000000000000000
neuron 3 1.000000000000000000 0.000000000000000000 0.000000000000000000 82276501360772354352540470231221508596827781193578118361820127204495035152594560826316483912894132685011266632045742978310022352486438764546457173299684325973381782067271392573180084224.000000000000000000 0 0.000000000000000000
neuron 3 1.000000000000000000 0.000000000000000000 0.000000000000000000 82276501360772354352540470231221508596827781193578118361820127204495035152594560826316483912894132685011266632045742978310022352486438764546457173299684325973381782067271392573180084224.000000000000000000 0 0.000000000000000000
neuron 3 1.000000000000000000 0.000000000000000000 0.000000000000000000 82276501360772354352540470231221508596827781193578118361820127204495035152594560826316483912894132685011266632045742978310022352486438764546457173299684325973381782067271392573180084224.000000000000000000 0 0.000000000000000000
neuron 3 1.000000000000000000 0.000000000000000000 0.000000000000000000 82276501360772354352540470231221508596827781193578118361820127204495035152594560826316483912894132685011266632045742978310022352486438764546457173299684325973381782067271392573180084224.000000000000000000 0 0.000000000000000000
neuron 3 1.000000000000000000 0.000000000000000000 0.000000000000000000 82276501360772354352540470231221508596827781193578118361820127204495035152594560826316483912894132685011266632045742978310022352486438764546457173299684325973381782067271392573180084224.000000000000000000 0 0.000000000000000000
connection 2 14 7.999556481280731823 0 0.000000000000000000 82276501360772354352540470231221508596827781193578118361820127204495035152594560826316483912894132685011266632045742978310022352486438764546457173299684325973381782067271392573180084224.000000000000000000
connection 3 14 7.999423409534040630 0 0.000000000000000000 82276501360772354352540470231221508596827781193578118361820127204495035152594560826316483912894132685011266632045742978310022352486438764546457173299684325973381782067271392573180084224.000000000000000000
connection 4 14 7.999235891780990038 0 0.000000000000000000 82276501360772354352540470231221508596827781193578118361820127204495035152594560826316483912894132685011266632045742978310022352486438764546457173299684325973381782067271392573180084224.000000000000000000
connection 5 14 7.998967724906077770 0 0.000000000000000000 82276501360772354352540470231221508596827781193578118361820127204495035152594560826316483912894132685011266632045742978310022352486438764546457173299684325973381782067271392573180084224.000000000000000000
connection 5 15 1.814875499688815008 0 0.000000000000000000 82276501360772354352540470231221508596827781193578118361820127204495035152594560826316483912894132685011266632045742978310022352486438764546457173299684325973381782067271392573180084224.000000000000000000
connection 5 16 2.668647843272781817 0 0.000000000000000000 82276501360772354352540470231221508596827781193578118361820127204495035152594560826316483912894132685011266632045742978310022352486438764546457173299684325973381782067271392573180084224.000000000000000000
connection 5 18 7.988691313426899754 0 0.000000000000000000 82276501360772354352540470231221508596827781193578118361820127204495035152594560826316483912894132685011266632045742978310022352486438764546457173299684325973381782067271392573180084224.000000000000000000
connection 6 19 3.242838017725249156 0 0.000000000000000000 82276501360772354352540470231221508596827781193578118361820127204495035152594560826316483912894132685011266632045742978310022352486438764546457173299684325973381782067271392573180084224.000000000000000000
connection 6 14 7.998578589298107389 0 0.000000000000000000 82276501360772354352540470231221508596827781193578118361820127204495035152594560826316483912894132685011266632045742978310022352486438764546457173299684325973381782067271392573180084224.000000000000000000
connection 6 15 -0.345423169927655094 0 0.000000000000000000 82276501360772354352540470231221508596827781193578118361820127204495035152594560826316483912894132685011266632045742978310022352486438764546457173299684325973381782067271392573180084224.000000000000000000
connection 6 16 1.068827915531826322 0 0.000000000000000000 82276501360772354352540470231221508596827781193578118361820127204495035152594560826316483912894132685011266632045742978310022352486438764546457173299684325973381782067271392573180084224.000000000000000000
connection 6 20 6.975437761233089340 0 0.000000000000000000 82276501360772354352540470231221508596827781193578118361820127204495035152594560826316483912894132685011266632045742978310022352486438764546457173299684325973381782067271392573180084224.000000000000000000
connection 6 21 5.022697978712456823 0 0.000000000000000000 82276501360772354352540470231221508596827781193578118361820127204495035152594560826316483912894132685011266632045742978310022352486438764546457173299684325973381782067271392573180084224.000000000000000000
connection 6 22 3.574538298566232619 0 0.000000000000000000 82276501360772354352540470231221508596827781193578118361820127204495035152594560826316483912894132685011266632045742978310022352486438764546457173299684325973381782067271392573180084224.000000000000000000
connection 6 24 7.709533432606711756 0 0.000000000000000000 82276501360772354352540470231221508596827781193578118361820127204495035152594560826316483912894132685011266632045742978310022352486438764546457173299684325973381782067271392573180084224.000000000000000000
connection 6 18 7.985920650179312297 0 0.000000000000000000 82276501360772354352540470231221508596827781193578118361820127204495035152594560826316483912894132685011266632045742978310022352486438764546457173299684325973381782067271392573180084224.000000000000000000
connection 7 25 5.495172325857872409 0 0.000000000000000000 82276501360772354352540470231221508596827781193578118361820127204495035152594560826316483912894132685011266632045742978310022352486438764546457173299684325973381782067271392573180084224.000000000000000000
connection 7 26 1.055752801649572303 0 0.000000000000000000 82276501360772354352540470231221508596827781193578118361820127204495035152594560826316483912894132685011266632045742978310022352486438764546457173299684325973381782067271392573180084224.000000000000000000
connection 7 27 3.352697090453451878 0 0.000000000000000000 82276501360772354352540470231221508596827781193578118361820127204495035152594560826316483912894132685011266632045742978310022352486438764546457173299684325973381782067271392573180084224.000000000000000000
connection 7 28 2.448377950802915759 0 0.000000000000000000 82276501360772354352540470231221508596827781193578118361820127204495035152594560826316483912894132685011266632045742978310022352486438764546457173299684325973381782067271392573180084224.000000000000000000
connection 7 29 3.652343313221520837 0 0.000000000000000000 82276501360772354352540470231221508596827781193578118361820127204495035152594560826316483912894132685011266632045742978310022352486438764546457173299684325973381782067271392573180084224.000000000000000000
connection 7 19 1.277934997030877540 0 0.000000000000000000 82276501360772354352540470231221508596827781193578118361820127204495035152594560826316483912894132685011266632045742978310022352486438764546457173299684325973381782067271392573180084224.000000000000000000
connection 7 14 7.998005762726896783 0 0.000000000000000000 82276501360772354352540470231221508596827781193578118361820127204495035152594560826316483912894132685011266632045742978310022352486438764546457173299684325973381782067271392573180084224.000000000000000000
connection 7 15 -2.299643963342040465 0 0.000000000000000000 82276501360772354352540470231221508596827781193578118361820127204495035152594560826316483912894132685011266632045742978310022352486438764546457173299684325973381782067271392573180084224.000000000000000000
connection 7 16 -0.463994355782880175 0 0.000000000000000000 82276501360772354352540470231221508596827781193578118361820127204495035152594560826316483912894132685011266632045742978310022352486438764546457173299684325973381782067271392573180084224.000000000000000000
connection 7 20 6.827300072531195418 0 0.000000000000000000 82276501360772354352540470231221508596827781193578118361820127204495035152594560826316483912894132685011266632045742978310022352486438764546457173299684325973381782067271392573180084224.000000000000000000
connection 7 21 4.534680717060026289 0 0.000000000000000000 82276501360772354352540470231221508596827781193578118361820127204495035152594560826316483912894132685011266632045742978310022352486438764546457173299684325973381782067271392573180084224.000000000000000000
connection 7 22 2.622457775820913994 0 0.000000000000000000 82276501360772354352540470231221508596827781193578118361820127204495035152594560826316483912894132685011266632045742978310022352486438764546457173299684325973381782067271392573180084224.000000000000000000
connection 7 24 7.669974001028813326 0 0.000000000000000000 82276501360772354352540470231221508596827781193578118361820127204495035152594560826316483912894132685011266632045742978310022352486438764546457173299684325973381782067271392573180084224.000000000000000000
connection 7 18 7.982151300219390677 0 0.000000000000000000 82276501360772354352540470231221508596827781193578118361820127204495035152594560826316483912894132685011266632045742978310022352486438764546457173299684325973381782067271392573180084224.000000000000000000
connection 8 30 5.491275689243773073 0 0.000000000000000000 82276501360772354352540470231221508596827781193578118361820127204495035152594560826316483912894132685011266632045742978310022352486438764546457173299684325973381782067271392573180084224.000000000000000000
connection 8 25 3.152550418913388164 0 0.000000000000000000 82276501360772354352540470231221508596827781193578118361820127204495035152594560826316483912894132685011266632045742978310022352486438764546457173299684325973381782067271392573180084224.000000000000000000
connection 8 31 -1.843414604870907025 0 0.000000000000000000 82276501360772354352540470231221508596827781193578118361820127204495035152594560826316483912894132685011266632045742978310022352486438764546457173299684325973381782067271392573180084224.000000000000000000
connection 8 32 -2.506841413295520571 0 0.000000000000000000 82276501360772354352540470231221508596827781193578118361820127204495035152594560826316483912894132685011266632045742978310022352486438764546457173299684325973381782067271392573180084224.000000000000000000
connection 8 26 -1.825370527909242480 0 0.000000000000000000 82276501360772354352540470231221508596827781193578118361820127204495035152594560826316483912894132685011266632045742978310022352486438764546457173299684325973381782067271392573180084224.000000000000000000
connection 8 27 0.232871171470926508 0 0.000000000000000000 82276501360772354352540470231221508596827781193578118361820127204495035152594560826316483912894132685011266632045742978310022352486438764546457173299684325973381782067271392573180084224.000000000000000000
connection 8 33 3.657109579256843102 0 0.000000000000000000 82276501360772354352540470231221508596827781193578118361820127204495035152594560826316483912894132685011266632045742978310022352486438764546457173299684325973381782067271392573180084224.000000000000000000
connection 8 34 5.348939993589737263 0 0.000000000000000000 82276501360772354352540470231221508596827781193578118361820127204495035152594560826316483912894132685011266632045742978310022352486438764546457173299684325973381782067271392573180084224.000000000000000000
connection 8 28 0.505668561445514086 0 0.000000000000000000 82276501360772354352540470231221508596827781193578118361820127204495035152594560826316483912894132685011266632045742978310022352486438764546457173299684325973381782067271392573180084224.000000000000000000
connection 8 29 2.331890139616811020 0 0.000000000000000000 82276501360772354352540470231221508596827781193578118361820127204495035152594560826316483912894132685011266632045742978310022352486438764546457173299684325973381782067271392573180084224.000000000000000000
connection 8 35 7.403061833104841227 0 0.000000000000000000 82276501360772354352540470231221508596827781193578118361820127204495035152594560826316483912894132685011266632045742978310022352486438764546457173299684325973381782067271392573180084224.000000000000000000
connection 8 19 -0.689102160681110965 0 0.000000000000000000 82276501360772354352540470231221508596827781193578118361820127204495035152594560826316483912894132685011266632045742978310022352486438764546457173299684325973381782067271392573180084224.000000000000000000
connection 8 14 7.997150647639677423 0 0.000000000000000000 82276501360772354352540470231221508596827781193578118361820127204495035152594560826316483912894132685011266632045742978310022352486438764546457173299684325973381782067271392573180084224.000000000000000000
connection 8 15 -3.865792198434990112 0 0.000000000000000000 82276501360772354352540470231221508596827781193578118361820127204495035152594560826316483912894132685011266632045742978310022352486438764546457173299684325973381782067271392573180084224.000000000000000000
connection 8 16 -1.819706883047340629 0 0.000000000000000000 82276501360772354352540470231221508596827781193578118361820127204495035152594560826316483912894132685011266632045742978310022352486438764546457173299684325973381782067271392573180084224.000000000000000000
connection 8 20 6.669913225476154395 0 0.000000000000000000 82276501360772354352540470231221508596827781193578118361820127204495035152594560826316483912894132685011266632045742978310022352486438764546457173299684325973381782067271392573180084224.000000000000000000
connection 8 21 4.047803323789175067 0 0.000000000000000000 82276501360772354352540470231221508596827781193578118361820127204495035152594560826316483912894132685011266632045742978310022352486438764546457173299684325973381782067271392573180084224.000000000000000000
connection 8 22 1.695856788060492670 0 0.000000000000000000 82276501360772354352540470231221508596827781193578118361820127204495035152594560826316483912894132685011266632045742978310022352486438764546457173299684325973381782067271392573180084224.000000000000000000
connection 8 24 7.624642701085734942 0 0.000000000000000000 82276501360772354352540470231221508596827781193578118361820127204495035152594560826316483912894132685011266632045742978310022352486438764546457173299684325973381782067271392573180084224.000000000000000000
connection 8 18 7.976946324034301483 0 0.000000000000000000 82276501360772354352540470231221508596827781193578118361820127204495035152594560826316483912894132685011266632045742978310022352486438764546457173299684325973381782067271392573180084224.000000000000000000
connection 9 30 2.965116495030970079 0 0.000000000000000000 82276501360772354352540470231221508596827781193578118361820127204495035152594560826316483912894132685011266632045742978310022352486438764546457173299684325973381782067271392573180084224.000000000000000000
connection 9 31 -3.413016036194476133 0 0.000000000000000000 82276501360772354352540470231221508596827781193578118361820127204495035152594560826316483912894132685011266632045742978310022352486438764546457173299684325973381782067271392573180084224.000000000000000000
connection 9 32 -4.338714055068449760 0 0.000000000000000000 82276501360772354352540470231221508596827781193578118361820127204495035152594560826316483912894132685011266632045742978310022352486438764546457173299684325973381782067271392573180084224.000000000000000000
connection 9 26 -4.165066269602559323 0 0.000000000000000000 82276501360772354352540470231221508596827781193578118361820127204495035152594560826316483912894132685011266632045742978310022352486438764546457173299684325973381782067271392573180084224.000000000000000000
connection 9 27 -2.842695277643169760 0 0.000000000000000000 82276501360772354352540470231221508596827781193578118361820127204495035152594560826316483912894132685011266632045742978310022352486438764546457173299684325973381782067271392573180084224.000000000000000000
connection 9 33 1.021672988506052482 0 0.000000000000000000 82276501360772354352540470231221508596827781193578118361820127204495035152594560826316483912894132685011266632045742978310022352486438764546457173299684325973381782067271392573180084224.000000000000000000
connection 9 34 2.974646367837328942 0 0.000000000000000000 82276501360772354352540470231221508596827781193578118361820127204495035152594560826316483912894132685011266632045742978310022352486438764546457173299684325973381782067271392573180084224.000000000000000000
connection 9 28 -1.334550185121631705 0 0.000000000000000000 82276501360772354352540470231221508596827781193578118361820127204495035152594560826316483912894132685011266632045742978310022352486438764546457173299684325973381782067271392573180084224.000000000000000000
connection 9 29 1.006496721499285263 0 0.000000000000000000 82276501360772354352540470231221508596827781193578118361820127204495035152594560826316483912894132685011266632045742978310022352486438764546457173299684325973381782067271392573180084224.000000000000000000
connection 9 35 7.319339825299748803 0 0.000000000000000000 82276501360772354352540470231221508596827781193578118361820127204495035152594560826316483912894132685011266632045742978310022352486438764546457173299684325973381782067271392573180084224.000000000000000000
connection 9 36 5.784898420045911038 0 0.000000000000000000 82276501360772354352540470231221508596827781193578118361820127204495035152594560826316483912894132685011266632045742978310022352486438764546457173299684325973381782067271392573180084224.000000000000000000
connection 9 37 -1.785644820987845938 0 0.000000000000000000 82276501360772354352540470231221508596827781193578118361820127204495035152594560826316483912894132685011266632045742978310022352486438764546457173299684325973381782067271392573180084224.000000000000000000
connection 9 38 -2.247718013739582243 0 0.000000000000000000 82276501360772354352540470231221508596827781193578118361820127204495035152594560826316483912894132685011266632045742978310022352486438764546457173299684325973381782067271392573180084224.000000000000000000
connection 9 39 2.594999529268469551 0 0.000000000000000000 82276501360772354352540470231221508596827781193578118361820127204495035152594560826316483912894132685011266632045742978310022352486438764546457173299684325973381782067271392573180084224.000000000000000000
connection 9 14 7.995856703496869500 0 0.000000000000000000 82276501360772354352540470231221508596827781193578118361820127204495035152594560826316483912894132685011266632045742978310022352486438764546457173299684325973381782067271392573180084224.000000000000000000
connection 9 15 -5.023066057920385852 0 0.000000000000000000 82276501360772354352540470231221508596827781193578118361820127204495035152594560826316483912894132685011266632045742978310022352486438764546457173299684325973381782067271392573180084224.000000000000000000
connection 9 16 -2.950735664791711343 0 0.000000000000000000 82276501360772354352540470231221508596827781193578118361820127204495035152594560826316483912894132685011266632045742978310022352486438764546457173299684325973381782067271392573180084224.000000000000000000
connection 9 20 6.500199158292247148 0 0.000000000000000000 82276501360772354352540470231221508596827781193578118361820127204495035152594560826316483912894132685011266632045742978310022352486438764546457173299684325973381782067271392573180084224.000000000000000000
connection 9 21 3.566135437495002058 0 0.000000000000000000 82276501360772354352540470231221508596827781193578118361820127204495035152594560826316483912894132685011266632045742978310022352486438764546457173299684325973381782067271392573180084224.000000000000000000
connection 9 22 0.827140111232392172 0 0.000000000000000000 82276501360772354352540470231221508596827781193578118361820127204495035152594560826316483912894132685011266632045742978310022352486438764546457173299684325973381782067271392573180084224.000000000000000000
connection 9 41 4.814092706566110991 0 0.000000000000000000 82276501360772354352540470231221508596827781193578118361820127204495035152594560826316483912894132685011266632045742978310022352486438764546457173299684325973381782067271392573180084224.000000000000000000
connection 9 24 7.571427339575687476 0 0.000000000000000000 82276501360772354352540470231221508596827781193578118361820127204495035152594560826316483912894132685011266632045742978310022352486438764546457173299684325973381782067271392573180084224.000000000000000000
connection 9 18 7.969652556252058595 0 0.000000000000000000 82276501360772354352540470231221508596827781193578118361820127204495035152594560826316483912894132685011266632045742978310022352486438764546457173299684325973381782067271392573180084224.000000000000000000
connection 10 30 -0.397307960142744221 0 0.000000000000000000 82276501360772354352540470231221508596827781193578118361820127204495035152594560826316483912894132685011266632045742978310022352486438764546457173299684325973381782067271392573180084224.000000000000000000
connection 10 25 -2.933747901962489024 0 0.000000000000000000 82276501360772354352540470231221508596827781193578118361820127204495035152594560826316483912894132685011266632045742978310022352486438764546457173299684325973381782067271392573180084224.000000000000000000
connection 10 31 -4.608655739261464213 0 0.000000000000000000 82276501360772354352540470231221508596827781193578118361820127204495035152594560826316483912894132685011266632045742978310022352486438764546457173299684325973381782067271392573180084224.000000000000000000
connection 10 32 -5.607393331778038004 0 0.000000000000000000 82276501360772354352540470231221508596827781193578118361820127204495035152594560826316483912894132685011266632045742978310022352486438764546457173299684325973381782067271392573180084224.000000000000000000
connection 10 42 3.105970926229972839 0 0.000000000000000000 82276501360772354352540470231221508596827781193578118361820127204495035152594560826316483912894132685011266632045742978310022352486438764546457173299684325973381782067271392573180084224.000000000000000000
connection 10 26 -5.735768952817547728 0 0.000000000000000000 82276501360772354352540470231221508596827781193578118361820127204495035152594560826316483912894132685011266632045742978310022352486438764546457173299684325973381782067271392573180084224.000000000000000000
connection 10 27 -5.100688731597133874 0 0.000000000000000000 82276501360772354352540470231221508596827781193578118361820127204495035152594560826316483912894132685011266632045742978310022352486438764546457173299684325973381782067271392573180084224.000000000000000000
connection 10 43 2.683271195349607119 0 0.000000000000000000 82276501360772354352540470231221508596827781193578118361820127204495035152594560826316483912894132685011266632045742978310022352486438764546457173299684325973381782067271392573180084224.000000000000000000
connection 10 44 5.426154053794780552 0 0.000000000000000000 82276501360772354352540470231221508596827781193578118361820127204495035152594560826316483912894132685011266632045742978310022352486438764546457173299684325973381782067271392573180084224.000000000000000000
connection 10 33 -1.707918009992956065 0 0.000000000000000000 82276501360772354352540470231221508596827781193578118361820127204495035152594560826316483912894132685011266632045742978310022352486438764546457173299684325973381782067271392573180084224.000000000000000000
connection 10 28 -2.897556739824730165 0 0.000000000000000000 82276501360772354352540470231221508596827781193578118361820127204495035152594560826316483912894132685011266632045742978310022352486438764546457173299684325973381782067271392573180084224.000000000000000000
connection 10 29 -0.234563579954891271 0 0.000000000000000000 82276501360772354352540470231221508596827781193578118361820127204495035152594560826316483912894132685011266632045742978310022352486438764546457173299684325973381782067271392573180084224.000000000000000000
connection 10 35 7.228097217152286369 0 0.000000000000000000 82276501360772354352540470231221508596827781193578118361820127204495035152594560826316483912894132685011266632045742978310022352486438764546457173299684325973381782067271392573180084224.000000000000000000
connection 10 36 5.470084557250245005 0 0.000000000000000000 82276501360772354352540470231221508596827781193578118361820127204495035152594560826316483912894132685011266632045742978310022352486438764546457173299684325973381782067271392573180084224.000000000000000000
connection 10 37 -4.074560008189373583 0 0.000000000000000000 82276501360772354352540470231221508596827781193578118361820127204495035152594560826316483912894132685011266632045742978310022352486438764546457173299684325973381782067271392573180084224.000000000000000000
connection 10 38 -4.071512080296442626 0 0.000000000000000000 82276501360772354352540470231221508596827781193578118361820127204495035152594560826316483912894132685011266632045742978310022352486438764546457173299684325973381782067271392573180084224.000000000000000000
connection 10 39 1.817011377666081673 0 0.000000000000000000 82276501360772354352540470231221508596827781193578118361820127204495035152594560826316483912894132685011266632045742978310022352486438764546457173299684325973381782067271392573180084224.000000000000000000
connection 10 14 7.993873056917820463 0 0.000000000000000000 82276501360772354352540470231221508596827781193578118361820127204495035152594560826316483912894132685011266632045742978310022352486438764546457173299684325973381782067271392573180084224.000000000000000000
connection 10 15 -5.840064719566324669 0 0.000000000000000000 82276501360772354352540470231221508596827781193578118361820127204495035152594560826316483912894132685011266632045742978310022352486438764546457173299684325973381782067271392573180084224.000000000000000000
connection 10 16 -3.859089562325684675 0 0.000000000000000000 82276501360772354352540470231221508596827781193578118361820127204495035152594560826316483912894132685011266632045742978310022352486438764546457173299684325973381782067271392573180084224.000000000000000000
connection 10 20 6.313621864284219676 0 0.000000000000000000 82276501360772354352540470231221508596827781193578118361820127204495035152594560826316483912894132685011266632045742978310022352486438764546457173299684325973381782067271392573180084224.000000000000000000
connection 10 21 3.089652931775499933 0 0.000000000000000000 82276501360772354352540470231221508596827781193578118361820127204495035152594560826316483912894132685011266632045742978310022352486438764546457173299684325973381782067271392573180084224.000000000000000000
connection 10 41 4.415166005969363816 0 0.000000000000000000 82276501360772354352540470231221508596827781193578118361820127204495035152594560826316483912894132685011266632045742978310022352486438764546457173299684325973381782067271392573180084224.000000000000000000
connection 10 24 7.507506738773123800 0 0.000000000000000000 82276501360772354352540470231221508596827781193578118361820127204495035152594560826316483912894132685011266632045742978310022352486438764546457173299684325973381782067271392573180084224.000000000000000000
connection 10 18 7.959282708762340341 0 0.000000000000000000 82276501360772354352540470231221508596827781193578118361820127204495035152594560826316483912894132685011266632045742978310022352486438764546457173299684325973381782067271392573180084224.000000000000000000
connection 15 30 6.239605641250621559 0 0.000000000000000000 82276501360772354352540470231221508596827781193578118361820127204495035152594560826316483912894132685011266632045742978310022352486438764546457173299684325973381782067271392573180084224.000000000000000000
connection 15 32 3.600373929703962972 0 0.000000000000000000 82276501360772354352540470231221508596827781193578118361820127204495035152594560826316483912894132685011266632045742978310022352486438764546457173299684325973381782067271392573180084224.000000000000000000
connection 15 42 2.565086891712364814 0 0.000000000000000000 82276501360772354352540470231221508596827781193578118361820127204495035152594560826316483912894132685011266632045742978310022352486438764546457173299684325973381782067271392573180084224.000000000000000000
connection 15 27 -5.302850250707380475 0 0.000000000000000000 82276501360772354352540470231221508596827781193578118361820127204495035152594560826316483912894132685011266632045742978310022352486438764546457173299684325973381782067271392573180084224.000000000000000000
connection 15 22 -0.790808395128373975 0 0.000000000000000000 82276501360772354352540470231221508596827781193578118361820127204495035152594560826316483912894132685011266632045742978310022352486438764546457173299684325973381782067271392573180084224.000000000000000000
connection 15 41 4.412671965290587472 0 0.000000000000000000 82276501360772354352540470231221508596827781193578118361820127204495035152594560826316483912894132685011266632045742978310022352486438764546457173299684325973381782067271392573180084224.000000000000000000
connection 15 18 -7.170856921592324795 0 0.000000000000000000 82276501360772354352540470231221508596827781193578118361820127204495035152594560826316483912894132685011266632045742978310022352486438764546457173299684325973381782067271392573180084224.000000000000000000
connection 19 53 -1.680948157387865516 0 0.000000000000000000 82276501360772354352540470231221508596827781193578118361820127204495035152594560826316483912894132685011266632045742978310022352486438764546457173299684325973381782067271392573180084224.000000000000000000
connection 19 54 -7.527215589347432179 0 0.000000000000000000 82276501360772354352540470231221508596827781193578118361820127204495035152594560826316483912894132685011266632045742978310022352486438764546457173299684325973381782067271392573180084224.000000000000000000
connection 19 55 -6.413046293090579830 0 0.000000000000000000 82276501360772354352540470231221508596827781193578118361820127204495035152594560826316483912894132685011266632045742978310022352486438764546457173299684325973381782067271392573180084224.000000000000000000
connection 19 56 3.297912562230574718 0 0.000000000000000000 82276501360772354352540470231221508596827781193578118361820127204495035152594560826316483912894132685011266632045742978310022352486438764546457173299684325973381782067271392573180084224.000000000000000000
connection 16 30 -1.763583950826717484 0 0.000000000000000000 82276501360772354352540470231221508596827781193578118361820127204495035152594560826316483912894132685011266632045742978310022352486438764546457173299684325973381782067271392573180084224.000000000000000000
connection 16 25 3.447663418150214820 0 0.000000000000000000 82276501360772354352540470231221508596827781193578118361820127204495035152594560826316483912894132685011266632045742978310022352486438764546457173299684325973381782067271392573180084224.000000000000000000
connection 16 31 -0.625251906562791171 0 0.000000000000000000 82276501360772354352540470231221508596827781193578118361820127204495035152594560826316483912894132685011266632045742978310022352486438764546457173299684325973381782067271392573180084224.000000000000000000
connection 42 30 6.101974499863415780 0 0.000000000000000000 82276501360772354352540470231221508596827781193578118361820127204495035152594560826316483912894132685011266632045742978310022352486438764546457173299684325973381782067271392573180084224.000000000000000000
connection 42 31 6.463063693439297985 0 0.000000000000000000 82276501360772354352540470231221508596827781193578118361820127204495035152594560826316483912894132685011266632045742978310022352486438764546457173299684325973381782067271392573180084224.000000000000000000
connection 42 32 3.214490843112839169 0 0.000000000000000000 82276501360772354352540470231221508596827781193578118361820127204495035152594560826316483912894132685011266632045742978310022352486438764546457173299684325973381782067271392573180084224.000000000000000000
connection 42 27 -5.024397664427386445 0 0.000000000000000000 82276501360772354352540470231221508596827781193578118361820127204495035152594560826316483912894132685011266632045742978310022352486438764546457173299684325973381782067271392573180084224.000000000000000000
connection 42 41 4.148315299451353688 0 0.000000000000000000 82276501360772354352540470231221508596827781193578118361820127204495035152594560826316483912894132685011266632045742978310022352486438764546457173299684325973381782067271392573180084224.000000000000000000
connection 42 18 -6.584298918854435634 0 0.000000000000000000 82276501360772354352540470231221508596827781193578118361820127204495035152594560826316483912894132685011266632045742978310022352486438764546457173299684325973381782067271392573180084224.000000000000000000
connection 20 25 -1.037109708590502111 0 0.000000000000000000 82276501360772354352540470231221508596827781193578118361820127204495035152594560826316483912894132685011266632045742978310022352486438764546457173299684325973381782067271392573180084224.000000000000000000
connection 32 69 5.476155639258159624 0 0.000000000000000000 82276501360772354352540470231221508596827781193578118361820127204495035152594560826316483912894132685011266632045742978310022352486438764546457173299684325973381782067271392573180084224.000000000000000000
connection 32 25 -1.363803722776978811 0 0.000000000000000000 82276501360772354352540470231221508596827781193578118361820127204495035152594560826316483912894132685011266632045742978310022352486438764546457173299684325973381782067271392573180084224.000000000000000000
connection 21 30 3.330696471012596582 0 0.000000000000000000 82276501360772354352540470231221508596827781193578118361820127204495035152594560826316483912894132685011266632045742978310022352486438764546457173299684325973381782067271392573180084224.000000000000000000
connection 21 31 4.048676683902906248 0 0.000000000000000000 82276501360772354352540470231221508596827781193578118361820127204495035152594560826316483912894132685011266632045742978310022352486438764546457173299684325973381782067271392573180084224.000000000000000000
connection 21 32 -1.045478315260630398 0 0.000000000000000000 82276501360772354352540470231221508596827781193578118361820127204495035152594560826316483912894132685011266632045742978310022352486438764546457173299684325973381782067271392573180084224.000000000000000000
connection 21 27 -6.932813425787518469 0 0.000000000000000000 82276501360772354352540470231221508596827781193578118361820127204495035152594560826316483912894132685011266632045742978310022352486438764546457173299684325973381782067271392573180084224.000000000000000000
connection 22 69 2.160914228290834238 0 0.000000000000000000 82276501360772354352540470231221508596827781193578118361820127204495035152594560826316483912894132685011266632045742978310022352486438764546457173299684325973381782067271392573180084224.000000000000000000
connection 22 37 -1.084250227921073728 0 0.000000000000000000 82276501360772354352540470231221508596827781193578118361820127204495035152594560826316483912894132685011266632045742978310022352486438764546457173299684325973381782067271392573180084224.000000000000000000
connection 22 39 -0.768840641359601507 0 0.000000000000000000 82276501360772354352540470231221508596827781193578118361820127204495035152594560826316483912894132685011266632045742978310022352486438764546457173299684325973381782067271392573180084224.000000000000000000
connection 14 53 -1.398341151817692696 0 0.000000000000000000 82276501360772354352540470231221508596827781193578118361820127204495035152594560826316483912894132685011266632045742978310022352486438764546457173299684325973381782067271392573180084224.000000000000000000
connection 14 54 -7.368110157504612623 0 0.000000000000000000 82276501360772354352540470231221508596827781193578118361820127204495035152594560826316483912894132685011266632045742978310022352486438764546457173299684325973381782067271392573180084224.000000000000000000
connection 14 55 -6.020446439014278006 0 0.000000000000000000 82276501360772354352540470231221508596827781193578118361820127204495035152594560826316483912894132685011266632045742978310022352486438764546457173299684325973381782067271392573180084224.000000000000000000
connection 14 56 2.424174892552294569 0 0.000000000000000000 82276501360772354352540470231221508596827781193578118361820127204495035152594560826316483912894132685011266632045742978310022352486438764546457173299684325973381782067271392573180084224.000000000000000000
connection 24 44 -1.889039393010153001 0 0.000000000000000000 82276501360772354352540470231221508596827781193578118361820127204495035152594560826316483912894132685011266632045742978310022352486438764546457173299684325973381782067271392573180084224.000000000000000000
connection 24 14 -7.391393203563523251 0 0.000000000000000000 82276501360772354352540470231221508596827781193578118361820127204495035152594560826316483912894132685011266632045742978310022352486438764546457173299684325973381782067271392573180084224.000000000000000000
connection 25 69 2.092674021383664318 0 0.000000000000000000 82276501360772354352540470231221508596827781193578118361820127204495035152594560826316483912894132685011266632045742978310022352486438764546457173299684325973381782067271392573180084224.000000000000000000
connection 25 37 -1.202172276068438128 0 0.000000000000000000 82276501360772354352540470231221508596827781193578118361820127204495035152594560826316483912894132685011266632045742978310022352486438764546457173299684325973381782067271392573180084224.000000000000000000
connection 25 38 2.608156566936118637 0 0.000000000000000000 82276501360772354352540470231221508596827781193578118361820127204495035152594560826316483912894132685011266632045742978310022352486438764546457173299684325973381782067271392573180084224.000000000000000000
connection 25 39 -0.636692010717012757 0 0.000000000000000000 82276501360772354352540470231221508596827781193578118361820127204495035152594560826316483912894132685011266632045742978310022352486438764546457173299684325973381782067271392573180084224.000000000000000000
connection 27 42 5.918705204577871193 0 0.000000000000000000 82276501360772354352540470231221508596827781193578118361820127204495035152594560826316483912894132685011266632045742978310022352486438764546457173299684325973381782067271392573180084224.000000000000000000
connection 27 27 -1.980072268850082473 0 0.000000000000000000 82276501360772354352540470231221508596827781193578118361820127204495035152594560826316483912894132685011266632045742978310022352486438764546457173299684325973381782067271392573180084224.000000000000000000
connection 27 15 -4.473138190555165927 0 0.000000000000000000 82276501360772354352540470231221508596827781193578118361820127204495035152594560826316483912894132685011266632045742978310022352486438764546457173299684325973381782067271392573180084224.000000000000000000
connection 27 20 -4.622324569062387312 0 0.000000000000000000 82276501360772354352540470231221508596827781193578118361820127204495035152594560826316483912894132685011266632045742978310022352486438764546457173299684325973381782067271392573180084224.000000000000000000
connection 27 21 -5.578499753059070976 0 0.000000000000000000 82276501360772354352540470231221508596827781193578118361820127204495035152594560826316483912894132685011266632045742978310022352486438764546457173299684325973381782067271392573180084224.000000000000000000
connection 27 22 3.812002064548974278 0 0.000000000000000000 82276501360772354352540470231221508596827781193578118361820127204495035152594560826316483912894132685011266632045742978310022352486438764546457173299684325973381782067271392573180084224.000000000000000000
connection 27 18 -6.360572243074651411 0 0.000000000000000000 82276501360772354352540470231221508596827781193578118361820127204495035152594560826316483912894132685011266632045742978310022352486438764546457173299684325973381782067271392573180084224.000000000000000000
connection 18 69 3.834405397639179203 0 0.000000000000000000 82276501360772354352540470231221508596827781193578118361820127204495035152594560826316483912894132685011266632045742978310022352486438764546457173299684325973381782067271392573180084224.000000000000000000
connection 18 25 -3.116443146439250800 0 0.000000000000000000 82276501360772354352540470231221508596827781193578118361820127204495035152594560826316483912894132685011266632045742978310022352486438764546457173299684325973381782067271392573180084224.000000000000000000
connection 18 37 0.966714761040610382 0 0.000000000000000000 82276501360772354352540470231221508596827781193578118361820127204495035152594560826316483912894132685011266632045742978310022352486438764546457173299684325973381782067271392573180084224.000000000000000000
connection 28 15 -5.580716458188327067 0 0.000000000000000000 82276501360772354352540470231221508596827781193578118361820127204495035152594560826316483912894132685011266632045742978310022352486438764546457173299684325973381782067271392573180084224.000000000000000000
connection 28 16 -7.866106548885084315 0 0.000000000000000000 82276501360772354352540470231221508596827781193578118361820127204495035152594560826316483912894132685011266632045742978310022352486438764546457173299684325973381782067271392573180084224.000000000000000000
connection 28 20 -7.532463540807921021 0 0.000000000000000000 82276501360772354352540470231221508596827781193578118361820127204495035152594560826316483912894132685011266632045742978310022352486438764546457173299684325973381782067271392573180084224.000000000000000000
connection 28 21 -1.632475929989939178 0 0.000000000000000000 82276501360772354352540470231221508596827781193578118361820127204495035152594560826316483912894132685011266632045742978310022352486438764546457173299684325973381782067271392573180084224.000000000000000000
connection 28 53 3.098519762901940311 0 0.000000000000000000 82276501360772354352540470231221508596827781193578118361820127204495035152594560826316483912894132685011266632045742978310022352486438764546457173299684325973381782067271392573180084224.000000000000000000
connection 28 54 -6.369344431274797991 0 0.000000000000000000 82276501360772354352540470231221508596827781193578118361820127204495035152594560826316483912894132685011266632045742978310022352486438764546457173299684325973381782067271392573180084224.000000000000000000
connection 28 55 -3.288936109198094648 0 0.000000000000000000 82276501360772354352540470231221508596827781193578118361820127204495035152594560826316483912894132685011266632045742978310022352486438764546457173299684325973381782067271392573180084224.000000000000000000
connection 29 15 -3.426551830290259115 0 0.000000000000000000 82276501360772354352540470231221508596827781193578118361820127204495035152594560826316483912894132685011266632045742978310022352486438764546457173299684325973381782067271392573180084224.000000000000000000
connection 29 16 -7.707410327861577315 0 0.000000000000000000 82276501360772354352540470231221508596827781193578118361820127204495035152594560826316483912894132685011266632045742978310022352486438764546457173299684325973381782067271392573180084224.000000000000000000
connection 29 20 -6.950760278063288666 0 0.000000000000000000 82276501360772354352540470231221508596827781193578118361820127204495035152594560826316483912894132685011266632045742978310022352486438764546457173299684325973381782067271392573180084224.000000000000000000
connection 29 21 1.080415080383433590 0 0.000000000000000000 82276501360772354352540470231221508596827781193578118361820127204495035152594560826316483912894132685011266632045742978310022352486438764546457173299684325973381782067271392573180084224.000000000000000000
connection 29 53 4.623707936978571631 0 0.000000000000000000 82276501360772354352540470231221508596827781193578118361820127204495035152594560826316483912894132685011266632045742978310022352486438764546457173299684325973381782067271392573180084224.000000000000000000
connection 29 54 -4.788146407247871217 0 0.000000000000000000 82276501360772354352540470231221508596827781193578118361820127204495035152594560826316483912894132685011266632045742978310022352486438764546457173299684325973381782067271392573180084224.000000000000000000
connection 29 55 -0.857576308965423251 0 0.000000000000000000 82276501360772354352540470231221508596827781193578118361820127204495035152594560826316483912894132685011266632045742978310022352486438764546457173299684325973381782067271392573180084224.000000000000000000
connection 30 30 -2.217347138069714063 0 0.000000000000000000 82276501360772354352540470231221508596827781193578118361820127204495035152594560826316483912894132685011266632045742978310022352486438764546457173299684325973381782067271392573180084224.000000000000000000
connection 30 25 3.249905429843038984 0 0.000000000000000000 82276501360772354352540470231221508596827781193578118361820127204495035152594560826316483912894132685011266632045742978310022352486438764546457173299684325973381782067271392573180084224.000000000000000000
connection 30 31 -1.048392459963232604 0 0.000000000000000000 82276501360772354352540470231221508596827781193578118361820127204495035152594560826316483912894132685011266632045742978310022352486438764546457173299684325973381782067271392573180084224.000000000000000000
connection 31 80 1.611732658350390146 0 0.000000000000000000 82276501360772354352540470231221508596827781193578118361820127204495035152594560826316483912894132685011266632045742978310022352486438764546457173299684325973381782067271392573180084224.000000000000000000
connection 31 44 -1.842470581374220373 0 0.000000000000000000 82276501360772354352540470231221508596827781193578118361820127204495035152594560826316483912894132685011266632045742978310022352486438764546457173299684325973381782067271392573180084224.000000000000000000
connection 31 38 -1.562242688524023038 0 0.000000000000000000 82276501360772354352540470231221508596827781193578118361820127204495035152594560826316483912894132685011266632045742978310022352486438764546457173299684325973381782067271392573180084224.000000000000000000
connection 33 15 -2.780041007028000166 0 0.000000000000000000 82276501360772354352540470231221508596827781193578118361820127204495035152594560826316483912894132685011266632045742978310022352486438764546457173299684325973381782067271392573180084224.000000000000000000
connection 33 16 -7.655334157844191800 0 0.000000000000000000 82276501360772354352540470231221508596827781193578118361820127204495035152594560826316483912894132685011266632045742978310022352486438764546457173299684325973381782067271392573180084224.000000000000000000
connection 33 20 -6.774642042748867610 0 0.000000000000000000 82276501360772354352540470231221508596827781193578118361820127204495035152594560826316483912894132685011266632045742978310022352486438764546457173299684325973381782067271392573180084224.000000000000000000
connection 33 21 2.002338919269540440 0 0.000000000000000000 82276501360772354352540470231221508596827781193578118361820127204495035152594560826316483912894132685011266632045742978310022352486438764546457173299684325973381782067271392573180084224.000000000000000000
connection 33 53 5.361569193143973067 0 0.000000000000000000 82276501360772354352540470231221508596827781193578118361820127204495035152594560826316483912894132685011266632045742978310022352486438764546457173299684325973381782067271392573180084224.000000000000000000
connection 33 54 -4.251999914537497816 0 0.000000000000000000 82276501360772354352540470231221508596827781193578118361820127204495035152594560826316483912894132685011266632045742978310022352486438764546457173299684325973381782067271392573180084224.000000000000000000
connection 38 15 -6.848024639085478427 0 0.000000000000000000 82276501360772354352540470231221508596827781193578118361820127204495035152594560826316483912894132685011266632045742978310022352486438764546457173299684325973381782067271392573180084224.000000000000000000
connection 38 16 -7.920093760155531015 0 0.000000000000000000 82276501360772354352540470231221508596827781193578118361820127204495035152594560826316483912894132685011266632045742978310022352486438764546457173299684325973381782067271392573180084224.000000000000000000
connection 38 20 -7.773524199531511414 0 0.000000000000000000 82276501360772354352540470231221508596827781193578118361820127204495035152594560826316483912894132685011266632045742978310022352486438764546457173299684325973381782067271392573180084224.000000000000000000
connection 38 21 -4.433061575831559686 0 0.000000000000000000 82276501360772354352540470231221508596827781193578118361820127204495035152594560826316483912894132685011266632045742978310022352486438764546457173299684325973381782067271392573180084224.000000000000000000
connection 38 53 0.304688827183102806 0 0.000000000000000000 82276501360772354352540470231221508596827781193578118361820127204495035152594560826316483912894132685011266632045742978310022352486438764546457173299684325973381782067271392573180084224.000000000000000000
connection 38 54 -7.252310006692374245 0 0.000000000000000000 82276501360772354352540470231221508596827781193578118361820127204495035152594560826316483912894132685011266632045742978310022352486438764546457173299684325973381782067271392573180084224.000000000000000000
connection 38 55 -5.526975167981694526 0 0.000000000000000000 82276501360772354352540470231221508596827781193578118361820127204495035152594560826316483912894132685011266632045742978310022352486438764546457173299684325973381782067271392573180084224.000000000000000000
connection 38 56 4.691300692103006931 0 0.000000000000000000 82276501360772354352540470231221508596827781193578118361820127204495035152594560826316483912894132685011266632045742978310022352486438764546457173299684325973381782067271392573180084224.000000000000000000
connection 34 15 -5.226956181797244305 0 0.000000000000000000 82276501360772354352540470231221508596827781193578118361820127204495035152594560826316483912894132685011266632045742978310022352486438764546457173299684325973381782067271392573180084224.000000000000000000
connection 34 16 -7.832340203829241787 0 0.000000000000000000 82276501360772354352540470231221508596827781193578118361820127204495035152594560826316483912894132685011266632045742978310022352486438764546457173299684325973381782067271392573180084224.000000000000000000
connection 34 20 -7.445419254416555610 0 0.000000000000000000 82276501360772354352540470231221508596827781193578118361820127204495035152594560826316483912894132685011266632045742978310022352486438764546457173299684325973381782067271392573180084224.000000000000000000
connection 34 21 -0.941211262266362425 0 0.000000000000000000 82276501360772354352540470231221508596827781193578118361820127204495035152594560826316483912894132685011266632045742978310022352486438764546457173299684325973381782067271392573180084224.000000000000000000
connection 34 53 3.809833396833470331 0 0.000000000000000000 82276501360772354352540470231221508596827781193578118361820127204495035152594560826316483912894132685011266632045742978310022352486438764546457173299684325973381782067271392573180084224.000000000000000000
connection 34 54 -6.114485357249565212 0 0.000000000000000000 82276501360772354352540470231221508596827781193578118361820127204495035152594560826316483912894132685011266632045742978310022352486438764546457173299684325973381782067271392573180084224.000000000000000000
connection 34 55 -2.659620338596413003 0 0.000000000000000000 82276501360772354352540470231221508596827781193578118361820127204495035152594560826316483912894132685011266632045742978310022352486438764546457173299684325973381782067271392573180084224.000000000000000000
connection 26 30 2.982482671419589337 0 0.000000000000000000 82276501360772354352540470231221508596827781193578118361820127204495035152594560826316483912894132685011266632045742978310022352486438764546457173299684325973381782067271392573180084224.000000000000000000
connection 26 25 6.225845263810661834 0 0.000000000000000000 82276501360772354352540470231221508596827781193578118361820127204495035152594560826316483912894132685011266632045742978310022352486438764546457173299684325973381782067271392573180084224.000000000000000000
connection 26 31 3.858191814590960611 0 0.000000000000000000 82276501360772354352540470231221508596827781193578118361820127204495035152594560826316483912894132685011266632045742978310022352486438764546457173299684325973381782067271392573180084224.000000000000000000
connection 26 32 -1.516700806110994559 0 0.000000000000000000 82276501360772354352540470231221508596827781193578118361820127204495035152594560826316483912894132685011266632045742978310022352486438764546457173299684325973381782067271392573180084224.000000000000000000
connection 26 27 -6.733696139549007142 0 0.000000000000000000 82276501360772354352540470231221508596827781193578118361820127204495035152594560826316483912894132685011266632045742978310022352486438764546457173299684325973381782067271392573180084224.000000000000000000
connection 35 15 -4.078280151166446821 0 0.000000000000000000 82276501360772354352540470231221508596827781193578118361820127204495035152594560826316483912894132685011266632045742978310022352486438764546457173299684325973381782067271392573180084224.000000000000000000
connection 35 16 -7.750713155124530296 0 0.000000000000000000 82276501360772354352540470231221508596827781193578118361820127204495035152594560826316483912894132685011266632045742978310022352486438764546457173299684325973381782067271392573180084224.000000000000000000
connection 35 20 -7.111258012033066400 0 0.000000000000000000 82276501360772354352540470231221508596827781193578118361820127204495035152594560826316483912894132685011266632045742978310022352486438764546457173299684325973381782067271392573180084224.000000000000000000
connection 35 53 3.652195600237170492 0 0.000000000000000000 82276501360772354352540470231221508596827781193578118361820127204495035152594560826316483912894132685011266632045742978310022352486438764546457173299684325973381782067271392573180084224.000000000000000000
connection 35 54 -5.310267693175373616 0 0.000000000000000000 82276501360772354352540470231221508596827781193578118361820127204495035152594560826316483912894132685011266632045742978310022352486438764546457173299684325973381782067271392573180084224.000000000000000000
connection 35 55 -1.927582120860073633 0 0.000000000000000000 82276501360772354352540470231221508596827781193578118361820127204495035152594560826316483912894132685011266632045742978310022352486438764546457173299684325973381782067271392573180084224.000000000000000000
connection 39 53 -0.411108362126314575 0 0.000000000000000000 82276501360772354352540470231221508596827781193578118361820127204495035152594560826316483912894132685011266632045742978310022352486438764546457173299684325973381782067271392573180084224.000000000000000000
connection 39 54 -7.367472459079245084 0 0.000000000000000000 82276501360772354352540470231221508596827781193578118361820127204495035152594560826316483912894132685011266632045742978310022352486438764546457173299684325973381782067271392573180084224.000000000000000000
connection 39 55 -5.849632135939522470 0 0.000000000000000000 82276501360772354352540470231221508596827781193578118361820127204495035152594560826316483912894132685011266632045742978310022352486438764546457173299684325973381782067271392573180084224.000000000000000000
connection 39 56 4.071999142559439733 0 0.000000000000000000 82276501360772354352540470231221508596827781193578118361820127204495035152594560826316483912894132685011266632045742978310022352486438764546457173299684325973381782067271392573180084224.000000000000000000
connection 36 15 -5.901084846048014754 0 0.000000000000000000 82276501360772354352540470231221508596827781193578118361820127204495035152594560826316483912894132685011266632045742978310022352486438764546457173299684325973381782067271392573180084224.000000000000000000
connection 36 16 -7.890275138907366426 0 0.000000000000000000 82276501360772354352540470231221508596827781193578118361820127204495035152594560826316483912894132685011266632045742978310022352486438764546457173299684325973381782067271392573180084224.000000000000000000
connection 36 20 -7.602303897083830364 0 0.000000000000000000 82276501360772354352540470231221508596827781193578118361820127204495035152594560826316483912894132685011266632045742978310022352486438764546457173299684325973381782067271392573180084224.000000000000000000
connection 36 21 -2.353996110207330794 0 0.000000000000000000 82276501360772354352540470231221508596827781193578118361820127204495035152594560826316483912894132685011266632045742978310022352486438764546457173299684325973381782067271392573180084224.000000000000000000
connection 36 53 2.237161216955980247 0 0.000000000000000000 82276501360772354352540470231221508596827781193578118361820127204495035152594560826316483912894132685011266632045742978310022352486438764546457173299684325973381782067271392573180084224.000000000000000000
connection 36 54 -6.599307095368752485 0 0.000000000000000000 82276501360772354352540470231221508596827781193578118361820127204495035152594560826316483912894132685011266632045742978310022352486438764546457173299684325973381782067271392573180084224.000000000000000000
connection 36 55 -3.923687318939987012 0 0.000000000000000000 82276501360772354352540470231221508596827781193578118361820127204495035152594560826316483912894132685011266632045742978310022352486438764546457173299684325973381782067271392573180084224.000000000000000000
connection 36 56 5.342865390641898138 0 0.000000000000000000 82276501360772354352540470231221508596827781193578118361820127204495035152594560826316483912894132685011266632045742978310022352486438764546457173299684325973381782067271392573180084224.000000000000000000
connection 43 15 -6.616238801068458741 0 0.000000000000000000 82276501360772354352540470231221508596827781193578118361820127204495035152594560826316483912894132685011266632045742978310022352486438764546457173299684325973381782067271392573180084224.000000000000000000
connection 43 16 -7.885967703834753095 0 0.000000000000000000 82276501360772354352540470231221508596827781193578118361820127204495035152594560826316483912894132685011266632045742978310022352486438764546457173299684325973381782067271392573180084224.000000000000000000
connection 43 20 -7.708627813166489595 0 0.000000000000000000 82276501360772354352540470231221508596827781193578118361820127204495035152594560826316483912894132685011266632045742978310022352486438764546457173299684325973381782067271392573180084224.000000000000000000
connection 43 21 -3.952414989638618259 0 0.000000000000000000 82276501360772354352540470231221508596827781193578118361820127204495035152594560826316483912894132685011266632045742978310022352486438764546457173299684325973381782067271392573180084224.000000000000000000
connection 43 53 0.973667750544006338 0 0.000000000000000000 82276501360772354352540470231221508596827781193578118361820127204495035152594560826316483912894132685011266632045742978310022352486438764546457173299684325973381782067271392573180084224.000000000000000000
connection 43 54 -7.103800879767493193 0 0.000000000000000000 82276501360772354352540470231221508596827781193578118361820127204495035152594560826316483912894132685011266632045742978310022352486438764546457173299684325973381782067271392573180084224.000000000000000000
connection 43 55 -5.164536342325549256 0 0.000000000000000000 82276501360772354352540470231221508596827781193578118361820127204495035152594560826316483912894132685011266632045742978310022352486438764546457173299684325973381782067271392573180084224.000000000000000000
connection 43 56 5.187195010105318360 0 0.000000000000000000 82276501360772354352540470231221508596827781193578118361820127204495035152594560826316483912894132685011266632045742978310022352486438764546457173299684325973381782067271392573180084224.000000000000000000
connection 37 80 -2.568637625736419405 0 0.000000000000000000 82276501360772354352540470231221508596827781193578118361820127204495035152594560826316483912894132685011266632045742978310022352486438764546457173299684325973381782067271392573180084224.000000000000000000
connection 37 43 -2.326477036304038570 0 0.000000000000000000 82276501360772354352540470231221508596827781193578118361820127204495035152594560826316483912894132685011266632045742978310022352486438764546457173299684325973381782067271392573180084224.000000000000000000
connection 37 14 -7.852307883785681675 0 0.000000000000000000 82276501360772354352540470231221508596827781193578118361820127204495035152594560826316483912894132685011266632045742978310022352486438764546457173299684325973381782067271392573180084224.000000000000000000
connection 41 80 -2.627100421464211077 0 0.000000000000000000 82276501360772354352540470231221508596827781193578118361820127204495035152594560826316483912894132685011266632045742978310022352486438764546457173299684325973381782067271392573180084224.000000000000000000
connection 41 14 -7.833623475171832773 0 0.000000000000000000 82276501360772354352540470231221508596827781193578118361820127204495035152594560826316483912894132685011266632045742978310022352486438764546457173299684325973381782067271392573180084224.000000000000000000
connection 44 80 1.806340340114868770 0 0.000000000000000000 82276501360772354352540470231221508596827781193578118361820127204495035152594560826316483912894132685011266632045742978310022352486438764546457173299684325973381782067271392573180084224.000000000000000000
connection 44 43 1.845788905897610910 0 0.000000000000000000 82276501360772354352540470231221508596827781193578118361820127204495035152594560826316483912894132685011266632045742978310022352486438764546457173299684325973381782067271392573180084224.000000000000000000
connection 44 44 -1.942512742233511780 0 0.000000000000000000 82276501360772354352540470231221508596827781193578118361820127204495035152594560826316483912894132685011266632045742978310022352486438764546457173299684325973381782067271392573180084224.000000000000000000
connection 44 38 -1.417613509006977468 0 0.000000000000000000 82276501360772354352540470231221508596827781193578118361820127204495035152594560826316483912894132685011266632045742978310022352486438764546457173299684325973381782067271392573180084224.000000000000000000
connection 43 11 -1.141087102685223176 0 0.000000000000000000 82276501360772354352540470231221508596827781193578118361820127204495035152594560826316483912894132685011266632045742978310022352486438764546457173299684325973381782067271392573180084224.000000000000000000
connection 34 11 -5.153301077148801923 0 0.000000000000000000 82276501360772354352540470231221508596827781193578118361820127204495035152594560826316483912894132685011266632045742978310022352486438764546457173299684325973381782067271392573180084224.000000000000000000
connection 38 11 -3.955448413977102895 0 0.000000000000000000 82276501360772354352540470231221508596827781193578118361820127204495035152594560826316483912894132685011266632045742978310022352486438764546457173299684325973381782067271392573180084224.000000000000000000
connection 22 11 2.231402961825610820 0 0.000000000000000000 82276501360772354352540470231221508596827781193578118361820127204495035152594560826316483912894132685011266632045742978310022352486438764546457173299684325973381782067271392573180084224.000000000000000000
connection 24 11 -0.619804102380566713 0 0.000000000000000000 82276501360772354352540470231221508596827781193578118361820127204495035152594560826316483912894132685011266632045742978310022352486438764546457173299684325973381782067271392573180084224.000000000000000000
connection 53 11 3.657027132860064977 0 0.000000000000000000 82276501360772354352540470231221508596827781193578118361820127204495035152594560826316483912894132685011266632045742978310022352486438764546457173299684325973381782067271392573180084224.000000000000000000
connection 54 11 0.286644086456996794 0 0.000000000000000000 82276501360772354352540470231221508596827781193578118361820127204495035152594560826316483912894132685011266632045742978310022352486438764546457173299684325973381782067271392573180084224.000000000000000000
connection 55 11 -2.512624396051343023 0 0.000000000000000000 82276501360772354352540470231221508596827781193578118361820127204495035152594560826316483912894132685011266632045742978310022352486438764546457173299684325973381782067271392573180084224.000000000000000000
connection 56 11 1.101197906784949776 0 0.000000000000000000 82276501360772354352540470231221508596827781193578118361820127204495035152594560826316483912894132685011266632045742978310022352486438764546457173299684325973381782067271392573180084224.000000000000000000
connection 25 12 2.292778794525603292 0 0.000000000000000000 82276501360772354352540470231221508596827781193578118361820127204495035152594560826316483912894132685011266632045742978310022352486438764546457173299684325973381782067271392573180084224.000000000000000000
connection 31 12 -1.121144332121535081 0 0.000000000000000000 82276501360772354352540470231221508596827781193578118361820127204495035152594560826316483912894132685011266632045742978310022352486438764546457173299684325973381782067271392573180084224.000000000000000000
connection 32 12 3.901105325249901945 0 0.000000000000000000 82276501360772354352540470231221508596827781193578118361820127204495035152594560826316483912894132685011266632045742978310022352486438764546457173299684325973381782067271392573180084224.000000000000000000
connection 80 12 3.397165744757172146 0 0.000000000000000000 82276501360772354352540470231221508596827781193578118361820127204495035152594560826316483912894132685011266632045742978310022352486438764546457173299684325973381782067271392573180084224.000000000000000000
connection 43 12 -5.517444147505009333 0 0.000000000000000000 82276501360772354352540470231221508596827781193578118361820127204495035152594560826316483912894132685011266632045742978310022352486438764546457173299684325973381782067271392573180084224.000000000000000000
connection 37 12 -3.445249865191882144 0 0.000000000000000000 82276501360772354352540470231221508596827781193578118361820127204495035152594560826316483912894132685011266632045742978310022352486438764546457173299684325973381782067271392573180084224.000000000000000000
connection 16 12 4.971830327117733539 0 0.000000000000000000 82276501360772354352540470231221508596827781193578118361820127204495035152594560826316483912894132685011266632045742978310022352486438764546457173299684325973381782067271392573180084224.000000000000000000
connection 20 12 2.570087760194625037 0 0.000000000000000000 82276501360772354352540470231221508596827781193578118361820127204495035152594560826316483912894132685011266632045742978310022352486438764546457173299684325973381782067271392573180084224.000000000000000000
connection 22 12 0.956571368016857049 0 0.000000000000000000 82276501360772354352540470231221508596827781193578118361820127204495035152594560826316483912894132685011266632045742978310022352486438764546457173299684325973381782067271392573180084224.000000000000000000
connection 41 12 -4.233097987846802468 0 0.000000000000000000 82276501360772354352540470231221508596827781193578118361820127204495035152594560826316483912894132685011266632045742978310022352486438764546457173299684325973381782067271392573180084224.000000000000000000
connection 24 12 -2.349013688583008186 0 0.000000000000000000 82276501360772354352540470231221508596827781193578118361820127204495035152594560826316483912894132685011266632045742978310022352486438764546457173299684325973381782067271392573180084224.000000000000000000
connection 54 12 -0.551739352093938540 0 0.000000000000000000 82276501360772354352540470231221508596827781193578118361820127204495035152594560826316483912894132685011266632045742978310022352486438764546457173299684325973381782067271392573180084224.000000000000000000
connection 55 12 -3.569381531589407963 0 0.000000000000000000 82276501360772354352540470231221508596827781193578118361820127204495035152594560826316483912894132685011266632045742978310022352486438764546457173299684325973381782067271392573180084224.000000000000000000
connection 56 12 0.968924795421208462 0 0.000000000000000000 82276501360772354352540470231221508596827781193578118361820127204495035152594560826316483912894132685011266632045742978310022352486438764546457173299684325973381782067271392573180084224.000000000000000000
connection 69 13 1.679383696655595504 0 0.000000000000000000 82276501360772354352540470231221508596827781193578118361820127204495035152594560826316483912894132685011266632045742978310022352486438764546457173299684325973381782067271392573180084224.000000000000000000
connection 30 13 1.245153925236124559 0 0.000000000000000000 82276501360772354352540470231221508596827781193578118361820127204495035152594560826316483912894132685011266632045742978310022352486438764546457173299684325973381782067271392573180084224.000000000000000000
connection 32 13 -2.782916562235671964 0 0.000000000000000000 82276501360772354352540470231221508596827781193578118361820127204495035152594560826316483912894132685011266632045742978310022352486438764546457173299684325973381782067271392573180084224.000000000000000000
connection 16 13 0.628352126702622971 0 0.000000000000000000 82276501360772354352540470231221508596827781193578118361820127204495035152594560826316483912894132685011266632045742978310022352486438764546457173299684325973381782067271392573180084224.000000000000000000
connection 20 13 -3.196079895245175440 0 0.000000000000000000 82276501360772354352540470231221508596827781193578118361820127204495035152594560826316483912894132685011266632045742978310022352486438764546457173299684325973381782067271392573180084224.000000000000000000
connection 21 13 3.368215503704389491 0 0.000000000000000000 82276501360772354352540470231221508596827781193578118361820127204495035152594560826316483912894132685011266632045742978310022352486438764546457173299684325973381782067271392573180084224.000000000000000000
connection 56 13 -3.729024025902276662 0 0.000000000000000000 82276501360772354352540470231221508596827781193578118361820127204495035152594560826316483912894132685011266632045742978310022352486438764546457173299684325973381782067271392573180084224.000000000000000000
NNend

