NNstart
14 8
neuron 1 1.000000000000000000 0.000000000000000000 0.000000000000000000 0.000000000000000000 11 0.000000000000000000
neuron 1 1.000000000000000000 0.000000000000000000 0.000000000000000000 0.000000000000000000 11 0.000000000000000000
neuron 1 1.000000000000000000 0.000000000000000000 0.000000000000000000 0.000000000000000000 11 0.000000000000000000
neuron 1 1.000000000000000000 0.000000000000000000 0.000000000000000000 0.000000000000000000 11 0.000000000000000000
neuron 1 1.000000000000000000 0.000000000000000000 0.000000000000000000 0.000000000000000000 11 0.000000000000000000
neuron 1 1.000000000000000000 0.000000000000000000 0.000000000000000000 0.000000000000000000 11 0.000000000000000000
neuron 1 1.000000000000000000 0.000000000000000000 0.000000000000000000 0.000000000000000000 11 0.000000000000000000
neuron 1 1.000000000000000000 0.000000000000000000 0.000000000000000000 0.000000000000000000 11 0.000000000000000000
neuron 1 1.000000000000000000 0.000000000000000000 0.000000000000000000 0.000000000000000000 11 0.000000000000000000
neuron 1 1.000000000000000000 0.000000000000000000 0.000000000000000000 0.000000000000000000 11 0.000000000000000000
neuron 1 1.000000000000000000 0.000000000000000000 0.000000000000000000 0.000000000000000000 11 0.000000000000000000
neuron 1 1.000000000000000000 0.000000000000000000 0.000000000000000000 0.000000000000000000 11 0.000000000000000000
neuron 1 1.000000000000000000 0.000000000000000000 0.000000000000000000 0.000000000000000000 11 0.000000000000000000
neuron 2 1.000000000000000000 0.000000000000000000 0.000000000000000000 0.000000000000000000 11 0.000000000000000000
neuron 4 1.000000000000000000 0.000000000000000000 0.000000000000000000 0.000000000000000000 1 0.000000000000000000
neuron 4 1.000000000000000000 0.000000000000000000 0.000000000000000000 0.000000000000000000 1 0.000000000000000000
neuron 4 1.000000000000000000 0.000000000000000000 0.000000000000000000 0.000000000000000000 1 0.000000000000000000
neuron 4 1.000000000000000000 0.000000000000000000 0.000000000000000000 0.000000000000000000 1 0.000000000000000000
neuron 4 1.000000000000000000 0.000000000000000000 0.000000000000000000 0.000000000000000000 1 0.000000000000000000
neuron 4 1.000000000000000000 0.000000000000000000 0.000000000000000000 0.000000000000000000 1 0.000000000000000000
neuron 4 1.000000000000000000 0.000000000000000000 0.000000000000000000 0.000000000000000000 1 0.000000000000000000
neuron 4 1.000000000000000000 0.000000000000000000 0.000000000000000000 0.000000000000000000 1 0.000000000000000000
neuron 3 1.000000000000000000 0.000000000000000000 0.000000000000000000 0.000000000000000000 0 0.000000000000000000
neuron 3 1.000000000000000000 0.000000000000000000 0.000000000000000000 0.000000000000000000 0 0.000000000000000000
neuron 3 1.000000000000000000 0.000000000000000000 0.000000000000000000 0.000000000000000000 0 0.000000000000000000
neuron 3 1.000000000000000000 0.000000000000000000 0.000000000000000000 0.000000000000000000 0 0.000000000000000000
neuron 3 1.000000000000000000 0.000000000000000000 0.000000000000000000 0.000000000000000000 0 0.000000000000000000
neuron 3 1.000000000000000000 0.000000000000000000 0.000000000000000000 0.000000000000000000 0 0.000000000000000000
neuron 3 1.000000000000000000 0.000000000000000000 0.000000000000000000 0.000000000000000000 0 0.000000000000000000
neuron 3 1.000000000000000000 0.000000000000000000 0.000000000000000000 0.000000000000000000 0 0.000000000000000000
neuron 3 1.000000000000000000 0.000000000000000000 0.000000000000000000 0.000000000000000000 0 0.000000000000000000
neuron 3 1.000000000000000000 0.000000000000000000 0.000000000000000000 0.000000000000000000 0 0.000000000000000000
neuron 3 1.000000000000000000 0.000000000000000000 0.000000000000000000 0.000000000000000000 0 0.000000000000000000
neuron 3 1.000000000000000000 0.000000000000000000 0.000000000000000000 0.000000000000000000 0 0.000000000000000000
neuron 3 1.000000000000000000 0.000000000000000000 0.000000000000000000 0.000000000000000000 0 0.000000000000000000
neuron 3 1.000000000000000000 0.000000000000000000 0.000000000000000000 0.000000000000000000 0 0.000000000000000000
neuron 3 1.000000000000000000 0.000000000000000000 0.000000000000000000 0.000000000000000000 0 0.000000000000000000
neuron 3 1.000000000000000000 0.000000000000000000 0.000000000000000000 0.000000000000000000 0 0.000000000000000000
neuron 3 1.000000000000000000 0.000000000000000000 0.000000000000000000 0.000000000000000000 0 0.000000000000000000
neuron 3 1.000000000000000000 0.000000000000000000 0.000000000000000000 0.000000000000000000 0 0.000000000000000000
neuron 3 1.000000000000000000 0.000000000000000000 0.000000000000000000 0.000000000000000000 0 0.000000000000000000
neuron 3 1.000000000000000000 0.000000000000000000 0.000000000000000000 0.000000000000000000 0 0.000000000000000000
neuron 3 1.000000000000000000 0.000000000000000000 0.000000000000000000 0.000000000000000000 0 0.000000000000000000
neuron 3 1.000000000000000000 0.000000000000000000 0.000000000000000000 0.000000000000000000 0 0.000000000000000000
neuron 3 1.000000000000000000 0.000000000000000000 0.000000000000000000 0.000000000000000000 0 0.000000000000000000
neuron 3 1.000000000000000000 0.000000000000000000 0.000000000000000000 0.000000000000000000 0 0.000000000000000000
neuron 3 1.000000000000000000 0.000000000000000000 0.000000000000000000 0.000000000000000000 0 0.000000000000000000
neuron 3 1.000000000000000000 0.000000000000000000 0.000000000000000000 0.000000000000000000 0 0.000000000000000000
neuron 3 1.000000000000000000 0.000000000000000000 0.000000000000000000 0.000000000000000000 0 0.000000000000000000
neuron 3 1.000000000000000000 0.000000000000000000 0.000000000000000000 0.000000000000000000 0 0.000000000000000000
neuron 3 1.000000000000000000 0.000000000000000000 0.000000000000000000 0.000000000000000000 0 0.000000000000000000
neuron 3 1.000000000000000000 0.000000000000000000 0.000000000000000000 0.000000000000000000 0 0.000000000000000000
neuron 3 1.000000000000000000 0.000000000000000000 0.000000000000000000 0.000000000000000000 0 0.000000000000000000
neuron 3 1.000000000000000000 0.000000000000000000 0.000000000000000000 0.000000000000000000 0 0.000000000000000000
neuron 3 1.000000000000000000 0.000000000000000000 0.000000000000000000 0.000000000000000000 0 0.000000000000000000
neuron 3 1.000000000000000000 0.000000000000000000 0.000000000000000000 0.000000000000000000 0 0.000000000000000000
neuron 3 1.000000000000000000 0.000000000000000000 0.000000000000000000 0.000000000000000000 0 0.000000000000000000
neuron 3 1.000000000000000000 0.000000000000000000 0.000000000000000000 0.000000000000000000 0 0.000000000000000000
neuron 3 1.000000000000000000 0.000000000000000000 0.000000000000000000 0.000000000000000000 0 0.000000000000000000
neuron 3 1.000000000000000000 0.000000000000000000 0.000000000000000000 0.000000000000000000 0 0.000000000000000000
neuron 3 1.000000000000000000 0.000000000000000000 0.000000000000000000 0.000000000000000000 0 0.000000000000000000
neuron 3 1.000000000000000000 0.000000000000000000 0.000000000000000000 0.000000000000000000 0 0.000000000000000000
neuron 3 1.000000000000000000 0.000000000000000000 0.000000000000000000 0.000000000000000000 0 0.000000000000000000
neuron 3 1.000000000000000000 0.000000000000000000 0.000000000000000000 0.000000000000000000 0 0.000000000000000000
neuron 3 1.000000000000000000 0.000000000000000000 0.000000000000000000 0.000000000000000000 0 0.000000000000000000
neuron 3 1.000000000000000000 0.000000000000000000 0.000000000000000000 0.000000000000000000 0 0.000000000000000000
neuron 3 1.000000000000000000 0.000000000000000000 0.000000000000000000 0.000000000000000000 0 0.000000000000000000
neuron 3 1.000000000000000000 0.000000000000000000 0.000000000000000000 0.000000000000000000 0 0.000000000000000000
neuron 3 1.000000000000000000 0.000000000000000000 0.000000000000000000 0.000000000000000000 0 0.000000000000000000
neuron 3 1.000000000000000000 0.000000000000000000 0.000000000000000000 0.000000000000000000 0 0.000000000000000000
neuron 3 1.000000000000000000 0.000000000000000000 0.000000000000000000 0.000000000000000000 0 0.000000000000000000
neuron 3 1.000000000000000000 0.000000000000000000 0.000000000000000000 0.000000000000000000 0 0.000000000000000000
neuron 3 1.000000000000000000 0.000000000000000000 0.000000000000000000 0.000000000000000000 0 0.000000000000000000
neuron 3 1.000000000000000000 0.000000000000000000 0.000000000000000000 0.000000000000000000 0 0.000000000000000000
neuron 3 1.000000000000000000 0.000000000000000000 0.000000000000000000 0.000000000000000000 0 0.000000000000000000
neuron 3 1.000000000000000000 0.000000000000000000 0.000000000000000000 0.000000000000000000 0 0.000000000000000000
neuron 3 1.000000000000000000 0.000000000000000000 0.000000000000000000 0.000000000000000000 0 0.000000000000000000
neuron 3 1.000000000000000000 0.000000000000000000 0.000000000000000000 0.000000000000000000 0 0.000000000000000000
neuron 3 1.000000000000000000 0.000000000000000000 0.000000000000000000 0.000000000000000000 0 0.000000000000000000
neuron 3 1.000000000000000000 0.000000000000000000 0.000000000000000000 0.000000000000000000 0 0.000000000000000000
neuron 3 1.000000000000000000 0.000000000000000000 0.000000000000000000 0.000000000000000000 0 0.000000000000000000
neuron 3 1.000000000000000000 0.000000000000000000 0.000000000000000000 0.000000000000000000 0 0.000000000000000000
neuron 3 1.000000000000000000 0.000000000000000000 0.000000000000000000 0.000000000000000000 0 0.000000000000000000
neuron 3 1.000000000000000000 0.000000000000000000 0.000000000000000000 0.000000000000000000 0 0.000000000000000000
neuron 3 1.000000000000000000 0.000000000000000000 0.000000000000000000 0.000000000000000000 0 0.000000000000000000
connection 0 22 5.634502903738007440 0 0.000000000000000000 0.000000000000000000
connection 0 23 2.917750792286422978 0 0.000000000000000000 0.000000000000000000
connection 0 24 5.724046055462517657 0 0.000000000000000000 0.000000000000000000
connection 0 25 6.942765803847794182 0 0.000000000000000000 0.000000000000000000
connection 0 26 0.221247664306933600 0 0.000000000000000000 0.000000000000000000
connection 0 27 5.073929524392465140 0 0.000000000000000000 0.000000000000000000
connection 0 28 1.538634083574756950 0 0.000000000000000000 0.000000000000000000
connection 0 29 6.657271184488878113 0 0.000000000000000000 0.000000000000000000
connection 0 30 -2.514558401148615729 0 0.000000000000000000 0.000000000000000000
connection 0 31 2.582017100847892710 0 0.000000000000000000 0.000000000000000000
connection 0 32 -2.327849160414613650 0 0.000000000000000000 0.000000000000000000
connection 0 33 0.441261962457910550 0 0.000000000000000000 0.000000000000000000
connection 0 34 5.544524129256520162 0 0.000000000000000000 0.000000000000000000
connection 0 35 7.375516205672612458 0 0.000000000000000000 0.000000000000000000
connection 0 36 7.355135707533061229 0 0.000000000000000000 0.000000000000000000
connection 1 22 6.955816574426881616 0 0.000000000000000000 0.000000000000000000
connection 1 37 3.186361195492796838 0 0.000000000000000000 0.000000000000000000
connection 1 38 1.768244651433926951 0 0.000000000000000000 0.000000000000000000
connection 1 39 5.348831392021627273 0 0.000000000000000000 0.000000000000000000
connection 1 24 6.687696439430833806 0 0.000000000000000000 0.000000000000000000
connection 1 25 7.587595193590089160 0 0.000000000000000000 0.000000000000000000
connection 1 26 -3.918032002702576566 0 0.000000000000000000 0.000000000000000000
connection 1 27 5.837557076800641731 0 0.000000000000000000 0.000000000000000000
connection 1 28 0.835998036346465079 0 0.000000000000000000 0.000000000000000000
connection 1 29 7.237873643415884573 0 0.000000000000000000 0.000000000000000000
connection 1 40 -4.105849623018498207 0 0.000000000000000000 0.000000000000000000
connection 1 41 -5.806745535510502876 0 0.000000000000000000 0.000000000000000000
connection 1 42 -5.530055208782451714 0 0.000000000000000000 0.000000000000000000
connection 1 43 -1.672051309926014584 0 0.000000000000000000 0.000000000000000000
connection 1 31 2.630586779159954869 0 0.000000000000000000 0.000000000000000000
connection 1 32 -3.979816369015609201 0 0.000000000000000000 0.000000000000000000
connection 1 34 6.111286316402451568 0 0.000000000000000000 0.000000000000000000
connection 1 35 7.675709355972490933 0 0.000000000000000000 0.000000000000000000
connection 1 36 7.706017561246469860 0 0.000000000000000000 0.000000000000000000
connection 2 22 7.520693429564910382 0 0.000000000000000000 0.000000000000000000
connection 2 37 3.363120644702477513 0 0.000000000000000000 0.000000000000000000
connection 2 44 -2.049605907786236081 0 0.000000000000000000 0.000000000000000000
connection 2 38 1.262836418697069085 0 0.000000000000000000 0.000000000000000000
connection 2 39 6.107252122931035032 0 0.000000000000000000 0.000000000000000000
connection 2 24 7.214545890904989989 0 0.000000000000000000 0.000000000000000000
connection 2 25 7.820578375894539747 0 0.000000000000000000 0.000000000000000000
connection 2 45 -5.461682113956956464 0 0.000000000000000000 0.000000000000000000
connection 2 46 -5.450436343850304510 0 0.000000000000000000 0.000000000000000000
connection 2 47 -6.793174270470776044 0 0.000000000000000000 0.000000000000000000
connection 2 48 -1.301210442762947839 0 0.000000000000000000 0.000000000000000000
connection 2 49 -5.515493880819877681 0 0.000000000000000000 0.000000000000000000
connection 2 50 -3.734064882279833686 0 0.000000000000000000 0.000000000000000000
connection 2 51 3.149923908224065094 0 0.000000000000000000 0.000000000000000000
connection 2 27 6.380455320531717156 0 0.000000000000000000 0.000000000000000000
connection 2 28 0.439285705171341190 0 0.000000000000000000 0.000000000000000000
connection 2 29 7.526547832599819188 0 0.000000000000000000 0.000000000000000000
connection 2 40 -5.528037938061311607 0 0.000000000000000000 0.000000000000000000
connection 2 41 -7.044879144448740860 0 0.000000000000000000 0.000000000000000000
connection 2 42 -6.620616650185591645 0 0.000000000000000000 0.000000000000000000
connection 2 43 -2.547494420944638627 0 0.000000000000000000 0.000000000000000000
connection 2 31 2.817027192809236524 0 0.000000000000000000 0.000000000000000000
connection 2 32 -4.941119666429727886 0 0.000000000000000000 0.000000000000000000
connection 2 33 -0.382049726242444265 0 0.000000000000000000 0.000000000000000000
connection 2 34 6.491922085158602584 0 0.000000000000000000 0.000000000000000000
connection 2 35 7.804677125081699529 0 0.000000000000000000 0.000000000000000000
connection 2 36 7.853609925389813284 0 0.000000000000000000 0.000000000000000000
connection 3 22 7.752524762859689389 0 0.000000000000000000 0.000000000000000000
connection 3 37 3.659013800180013209 0 0.000000000000000000 0.000000000000000000
connection 3 44 -3.444863554654365778 0 0.000000000000000000 0.000000000000000000
connection 3 38 1.030144427013319985 0 0.000000000000000000 0.000000000000000000
connection 3 39 6.616779131596963737 0 0.000000000000000000 0.000000000000000000
connection 3 24 7.484909719586114285 0 0.000000000000000000 0.000000000000000000
connection 3 25 7.909421815777248455 0 0.000000000000000000 0.000000000000000000
connection 3 45 -6.814725792761248790 0 0.000000000000000000 0.000000000000000000
connection 3 46 -6.934428615041748678 0 0.000000000000000000 0.000000000000000000
connection 3 47 -7.498962393662139014 0 0.000000000000000000 0.000000000000000000
connection 3 48 -2.040657519721471580 0 0.000000000000000000 0.000000000000000000
connection 3 49 -6.555193152079398899 0 0.000000000000000000 0.000000000000000000
connection 3 50 -4.625184659392961528 0 0.000000000000000000 0.000000000000000000
connection 3 51 3.421016302570409451 0 0.000000000000000000 0.000000000000000000
connection 3 27 6.726316740336913291 0 0.000000000000000000 0.000000000000000000
connection 3 28 0.310982927972576373 0 0.000000000000000000 0.000000000000000000
connection 3 29 7.664824150891960564 0 0.000000000000000000 0.000000000000000000
connection 3 40 -6.254945687383782982 0 0.000000000000000000 0.000000000000000000
connection 3 41 -7.528752719387298065 0 0.000000000000000000 0.000000000000000000
connection 3 42 -7.111953775694430213 0 0.000000000000000000 0.000000000000000000
connection 3 43 -2.999551209402128382 0 0.000000000000000000 0.000000000000000000
connection 3 31 3.057562473567971839 0 0.000000000000000000 0.000000000000000000
connection 3 32 -5.421083562086019825 0 0.000000000000000000 0.000000000000000000
connection 3 33 -0.397358521389870656 0 0.000000000000000000 0.000000000000000000
connection 3 34 6.713608609690068896 0 0.000000000000000000 0.000000000000000000
connection 3 35 7.859910316281101927 0 0.000000000000000000 0.000000000000000000
connection 3 36 7.919020397321181015 0 0.000000000000000000 0.000000000000000000
connection 4 22 7.849680290510816505 0 0.000000000000000000 0.000000000000000000
connection 4 37 3.991575047506284779 0 0.000000000000000000 0.000000000000000000
connection 4 44 -4.259563432167509767 0 0.000000000000000000 0.000000000000000000
connection 4 38 1.019319986932047728 0 0.000000000000000000 0.000000000000000000
connection 4 39 6.925948604722993451 0 0.000000000000000000 0.000000000000000000
connection 4 24 7.616316586391882026 0 0.000000000000000000 0.000000000000000000
connection 4 25 7.946000539229530979 0 0.000000000000000000 0.000000000000000000
connection 4 45 -7.374032496307219020 0 0.000000000000000000 0.000000000000000000
connection 4 46 -7.560421417928971266 0 0.000000000000000000 0.000000000000000000
connection 4 47 -7.758069716063356935 0 0.000000000000000000 0.000000000000000000
connection 4 48 -2.396455649323435910 0 0.000000000000000000 0.000000000000000000
connection 4 49 -7.030613313999076297 0 0.000000000000000000 0.000000000000000000
connection 4 50 -5.061926933370221704 0 0.000000000000000000 0.000000000000000000
connection 4 51 3.696375643612421324 0 0.000000000000000000 0.000000000000000000
connection 4 27 6.917533262674707473 0 0.000000000000000000 0.000000000000000000
connection 4 28 0.373688654261121522 0 0.000000000000000000 0.000000000000000000
connection 4 29 7.723880582873296596 0 0.000000000000000000 0.000000000000000000
connection 4 40 -6.585145256363881927 0 0.000000000000000000 0.000000000000000000
connection 4 41 -7.718630221820124149 0 0.000000000000000000 0.000000000000000000
connection 4 42 -7.319053571104859657 0 0.000000000000000000 0.000000000000000000
connection 4 43 -3.129377510582596500 0 0.000000000000000000 0.000000000000000000
connection 4 31 3.270870595272778569 0 0.000000000000000000 0.000000000000000000
connection 4 32 -5.583994919807164337 0 0.000000000000000000 0.000000000000000000
connection 4 33 -0.264645265399145846 0 0.000000000000000000 0.000000000000000000
connection 4 34 6.805154654878439402 0 0.000000000000000000 0.000000000000000000
connection 4 35 7.879529887224188123 0 0.000000000000000000 0.000000000000000000
connection 4 36 7.949718083420335368 0 0.000000000000000000 0.000000000000000000
connection 5 22 7.890329175487342361 0 0.000000000000000000 0.000000000000000000
connection 5 37 4.283373573569265069 0 0.000000000000000000 0.000000000000000000
connection 5 44 -4.646102013009227427 0 0.000000000000000000 0.000000000000000000
connection 5 38 1.147599580589052204 0 0.000000000000000000 0.000000000000000000
connection 5 39 7.088587066435753314 0 0.000000000000000000 0.000000000000000000
connection 5 24 7.669502779167472362 0 0.000000000000000000 0.000000000000000000
connection 5 25 7.961790909365764612 0 0.000000000000000000 0.000000000000000000
connection 5 45 -7.602087754289581056 0 0.000000000000000000 0.000000000000000000
connection 5 46 -7.806580166854059755 0 0.000000000000000000 0.000000000000000000
connection 5 47 -7.856912221189246814 0 0.000000000000000000 0.000000000000000000
connection 5 48 -2.461073238421380260 0 0.000000000000000000 0.000000000000000000
connection 5 49 -7.229227050706128921 0 0.000000000000000000 0.000000000000000000
connection 5 50 -5.188573178336756797 0 0.000000000000000000 0.000000000000000000
connection 5 51 3.905024272744375136 0 0.000000000000000000 0.000000000000000000
connection 5 27 6.988346965319101933 0 0.000000000000000000 0.000000000000000000
connection 5 28 0.534506436552196318 0 0.000000000000000000 0.000000000000000000
connection 5 29 7.734329965465656542 0 0.000000000000000000 0.000000000000000000
connection 5 40 -6.683011566345692600 0 0.000000000000000000 0.000000000000000000
connection 5 41 -7.791748119479304791 0 0.000000000000000000 0.000000000000000000
connection 5 42 -7.378856101816055002 0 0.000000000000000000 0.000000000000000000
connection 5 43 -3.032410044961854290 0 0.000000000000000000 0.000000000000000000
connection 5 31 3.393436178624178901 0 0.000000000000000000 0.000000000000000000
connection 5 32 -5.526353852337253514 0 0.000000000000000000 0.000000000000000000
connection 5 34 6.782745963006705736 0 0.000000000000000000 0.000000000000000000
connection 5 35 7.876839296549388081 0 0.000000000000000000 0.000000000000000000
connection 5 36 7.964709150475200339 0 0.000000000000000000 0.000000000000000000
connection 6 22 7.903655414178785144 0 0.000000000000000000 0.000000000000000000
connection 6 44 -4.731713737656471075 0 0.000000000000000000 0.000000000000000000
connection 6 38 1.323256023919465285 0 0.000000000000000000 0.000000000000000000
connection 6 39 7.141611734954105728 0 0.000000000000000000 0.000000000000000000
connection 6 24 7.670286225435316574 0 0.000000000000000000 0.000000000000000000
connection 6 25 7.968018705310396577 0 0.000000000000000000 0.000000000000000000
connection 6 45 -7.689586504411828116 0 0.000000000000000000 0.000000000000000000
connection 6 46 -7.904020696412900726 0 0.000000000000000000 0.000000000000000000
connection 6 47 -7.894151524454223079 0 0.000000000000000000 0.000000000000000000
connection 6 48 -2.328579998619155766 0 0.000000000000000000 0.000000000000000000
connection 6 49 -7.277356522159244889 0 0.000000000000000000 0.000000000000000000
connection 6 50 -5.095854193310138669 0 0.000000000000000000 0.000000000000000000
connection 6 27 6.955333853374551900 0 0.000000000000000000 0.000000000000000000
connection 6 28 0.703841333947713199 0 0.000000000000000000 0.000000000000000000
connection 6 29 7.704620274335094443 0 0.000000000000000000 0.000000000000000000
connection 6 40 -6.621950593464944745 0 0.000000000000000000 0.000000000000000000
connection 6 41 -7.809626540220888202 0 0.000000000000000000 0.000000000000000000
connection 6 42 -7.341246761506050156 0 0.000000000000000000 0.000000000000000000
connection 6 43 -2.795615412179092818 0 0.000000000000000000 0.000000000000000000
connection 6 32 -5.304857950268716316 0 0.000000000000000000 0.000000000000000000
connection 6 34 6.645983698162313047 0 0.000000000000000000 0.000000000000000000
connection 6 35 7.853293428409796384 0 0.000000000000000000 0.000000000000000000
connection 6 36 7.971879620287474211 0 0.000000000000000000 0.000000000000000000
connection 7 22 7.899278220415127727 0 0.000000000000000000 0.000000000000000000
connection 7 44 -4.603635219381005506 0 0.000000000000000000 0.000000000000000000
connection 7 38 1.464297714725343758 0 0.000000000000000000 0.000000000000000000
connection 7 39 7.100755836041980018 0 0.000000000000000000 0.000000000000000000
connection 7 24 7.623619233824550534 0 0.000000000000000000 0.000000000000000000
connection 7 25 7.968637131643450111 0 0.000000000000000000 0.000000000000000000
connection 7 45 -7.705337770069506931 0 0.000000000000000000 0.000000000000000000
connection 7 46 -7.944004793055194469 0 0.000000000000000000 0.000000000000000000
connection 7 47 -7.902309949781134435 0 0.000000000000000000 0.000000000000000000
connection 7 48 -2.089068937040162499 0 0.000000000000000000 0.000000000000000000
connection 7 49 -7.220931838127702562 0 0.000000000000000000 0.000000000000000000
connection 7 50 -4.844470460094896680 0 0.000000000000000000 0.000000000000000000
connection 7 27 6.816580323333441882 0 0.000000000000000000 0.000000000000000000
connection 7 29 7.628581794658369830 0 0.000000000000000000 0.000000000000000000
connection 7 40 -6.430523991881164747 0 0.000000000000000000 0.000000000000000000
connection 7 41 -7.790156261058944764 0 0.000000000000000000 0.000000000000000000
connection 7 42 -7.216397245289604356 0 0.000000000000000000 0.000000000000000000
connection 7 43 -2.500179110707783536 0 0.000000000000000000 0.000000000000000000
connection 7 32 -4.964082021593537952 0 0.000000000000000000 0.000000000000000000
connection 7 34 6.378995022839178297 0 0.000000000000000000 0.000000000000000000
connection 7 35 7.801988050478416703 0 0.000000000000000000 0.000000000000000000
connection 7 36 7.974524787311077390 0 0.000000000000000000 0.000000000000000000
connection 8 22 7.877436787335652113 0 0.000000000000000000 0.000000000000000000
connection 8 44 -4.328088866370191745 0 0.000000000000000000 0.000000000000000000
connection 8 39 6.962343011992930819 0 0.000000000000000000 0.000000000000000000
connection 8 24 7.519234118179659809 0 0.000000000000000000 0.000000000000000000
connection 8 25 7.964478276539941781 0 0.000000000000000000 0.000000000000000000
connection 8 45 -7.668978683889912773 0 0.000000000000000000 0.000000000000000000
connection 8 46 -7.960474073976492981 0 0.000000000000000000 0.000000000000000000
connection 8 47 -7.889950036762305885 0 0.000000000000000000 0.000000000000000000
connection 8 48 -1.825036705597137265 0 0.000000000000000000 0.000000000000000000
connection 8 49 -7.068955890697769640 0 0.000000000000000000 0.000000000000000000
connection 8 50 -4.487890390288005626 0 0.000000000000000000 0.000000000000000000
connection 8 27 6.553876697118497852 0 0.000000000000000000 0.000000000000000000
connection 8 29 7.486746297096686931 0 0.000000000000000000 0.000000000000000000
connection 8 40 -6.122482631567548239 0 0.000000000000000000 0.000000000000000000
connection 8 41 -7.731595863010255698 0 0.000000000000000000 0.000000000000000000
connection 8 42 -6.997110662590951158 0 0.000000000000000000 0.000000000000000000
connection 8 43 -2.217517445482394045 0 0.000000000000000000 0.000000000000000000
connection 8 32 -4.552542256395955000 0 0.000000000000000000 0.000000000000000000
connection 8 35 7.706758025113851218 0 0.000000000000000000 0.000000000000000000
connection 8 36 7.973813752879395977 0 0.000000000000000000 0.000000000000000000
connection 9 22 7.831345370606892509 0 0.000000000000000000 0.000000000000000000
connection 9 44 -3.967213842183797912 0 0.000000000000000000 0.000000000000000000
connection 9 39 6.706062720220563378 0 0.000000000000000000 0.000000000000000000
connection 9 24 7.332454874578114179 0 0.000000000000000000 0.000000000000000000
connection 9 25 7.954363813040114195 0 0.000000000000000000 0.000000000000000000
connection 9 45 -7.577279548131493847 0 0.000000000000000000 0.000000000000000000
connection 9 46 -7.965769036121982616 0 0.000000000000000000 0.000000000000000000
connection 9 47 -7.854155365791899435 0 0.000000000000000000 0.000000000000000000
connection 9 48 -1.603524068371164679 0 0.000000000000000000 0.000000000000000000
connection 9 49 -6.815881434321128474 0 0.000000000000000000 0.000000000000000000
connection 9 50 -4.082904152353337146 0 0.000000000000000000 0.000000000000000000
connection 9 28 0.673858555054407948 0 0.000000000000000000 0.000000000000000000
connection 9 40 -5.716679996061737157 0 0.000000000000000000 0.000000000000000000
connection 9 41 -7.619711318285861346 0 0.000000000000000000 0.000000000000000000
connection 9 42 -6.674050200582768433 0 0.000000000000000000 0.000000000000000000
connection 9 43 -2.000877985943466442 0 0.000000000000000000 0.000000000000000000
connection 9 32 -4.124805201782263175 0 0.000000000000000000 0.000000000000000000
connection 9 36 7.969640132414494538 0 0.000000000000000000 0.000000000000000000
connection 10 22 7.745895705549110666 0 0.000000000000000000 0.000000000000000000
connection 10 44 -3.583591970129709203 0 0.000000000000000000 0.000000000000000000
connection 10 45 -7.413949478969216855 0 0.000000000000000000 0.000000000000000000
connection 10 46 -7.963718073005120246 0 0.000000000000000000 0.000000000000000000
connection 10 47 -7.782919474307488095 0 0.000000000000000000 0.000000000000000000
connection 10 48 -1.468338439392739891 0 0.000000000000000000 0.000000000000000000
connection 10 49 -6.457943520664461978 0 0.000000000000000000 0.000000000000000000
connection 10 50 -3.686817727539159595 0 0.000000000000000000 0.000000000000000000
connection 10 40 -5.247589767920847414 0 0.000000000000000000 0.000000000000000000
connection 10 41 -7.431233742578156942 0 0.000000000000000000 0.000000000000000000
connection 10 42 -6.250271437122019158 0 0.000000000000000000 0.000000000000000000
connection 10 32 -3.732643322667322128 0 0.000000000000000000 0.000000000000000000
connection 10 36 7.960696785424128841 0 0.000000000000000000 0.000000000000000000
connection 11 44 -3.233629428953709528 0 0.000000000000000000 0.000000000000000000
connection 11 45 -7.157130039560463786 0 0.000000000000000000 0.000000000000000000
connection 11 46 -7.953809029540579445 0 0.000000000000000000 0.000000000000000000
connection 11 47 -7.654742727413254677 0 0.000000000000000000 0.000000000000000000
connection 11 49 -6.007225402888422217 0 0.000000000000000000 0.000000000000000000
connection 11 41 -7.140884541018466258 0 0.000000000000000000 0.000000000000000000
connection 12 45 -6.791087617049251790 0 0.000000000000000000 0.000000000000000000
connection 12 46 -7.931638196319933165 0 0.000000000000000000 0.000000000000000000
connection 12 43 -1.925218108200087208 0 0.000000000000000000 0.000000000000000000
connection 12 32 -3.184923739336565252 0 0.000000000000000000 0.000000000000000000
connection 12 33 -1.040080065414689336 0 0.000000000000000000 0.000000000000000000
connection 12 34 2.538353243627290645 0 0.000000000000000000 0.000000000000000000
connection 13 52 2.299404835926253110 0 0.000000000000000000 0.000000000000000000
connection 13 53 4.238046969446259027 0 0.000000000000000000 0.000000000000000000
connection 13 48 -1.654882540630340459 0 0.000000000000000000 0.000000000000000000
connection 13 50 -2.930302466889382007 0 0.000000000000000000 0.000000000000000000
connection 13 27 2.700548894367973407 0 0.000000000000000000 0.000000000000000000
connection 13 28 -0.824769506393527863 0 0.000000000000000000 0.000000000000000000
connection 13 54 1.148595618494212545 0 0.000000000000000000 0.000000000000000000
connection 13 29 4.433788041054295803 0 0.000000000000000000 0.000000000000000000
connection 13 40 -3.935886131511785901 0 0.000000000000000000 0.000000000000000000
connection 13 42 -4.722634636734516889 0 0.000000000000000000 0.000000000000000000
connection 13 43 -2.056022654563824936 0 0.000000000000000000 0.000000000000000000
connection 13 31 -0.253995973100578032 0 0.000000000000000000 0.000000000000000000
connection 13 32 -3.045022058844979451 0 0.000000000000000000 0.000000000000000000
connection 13 33 -1.429418748480714818 0 0.000000000000000000 0.000000000000000000
connection 13 34 1.474064273490380605 0 0.000000000000000000 0.000000000000000000
connection 13 55 2.964538735008226400 0 0.000000000000000000 0.000000000000000000
connection 13 56 4.573134553081910525 0 0.000000000000000000 0.000000000000000000
connection 22 57 -7.787489289901786016 0 0.000000000000000000 0.000000000000000000
connection 22 26 -7.911395621913199783 0 0.000000000000000000 0.000000000000000000
connection 22 29 6.980783529692149436 0 0.000000000000000000 0.000000000000000000
connection 22 40 -1.648504925118582598 0 0.000000000000000000 0.000000000000000000
connection 22 41 -2.797193376557679301 0 0.000000000000000000 0.000000000000000000
connection 22 42 4.086182558376579621 0 0.000000000000000000 0.000000000000000000
connection 23 22 -7.833690723507586107 0 0.000000000000000000 0.000000000000000000
connection 23 23 -7.867492862893760375 0 0.000000000000000000 0.000000000000000000
connection 23 59 -4.153027158152645448 0 0.000000000000000000 0.000000000000000000
connection 23 50 -2.299375203199425677 0 0.000000000000000000 0.000000000000000000
connection 23 51 -1.204770529503492726 0 0.000000000000000000 0.000000000000000000
connection 23 27 4.983673990525982589 0 0.000000000000000000 0.000000000000000000
connection 23 28 3.614856425347571900 0 0.000000000000000000 0.000000000000000000
connection 23 40 2.130389033602186455 0 0.000000000000000000 0.000000000000000000
connection 23 41 0.723387775408318667 0 0.000000000000000000 0.000000000000000000
connection 23 42 4.758995826741111657 0 0.000000000000000000 0.000000000000000000
connection 23 36 7.919798705492385515 0 0.000000000000000000 0.000000000000000000
connection 24 22 -7.692496384691421163 0 0.000000000000000000 0.000000000000000000
connection 24 23 -7.883116465872632261 0 0.000000000000000000 0.000000000000000000
connection 24 52 -6.853745247071182156 0 0.000000000000000000 0.000000000000000000
connection 24 59 -4.200701711531879212 0 0.000000000000000000 0.000000000000000000
connection 24 64 4.395644369183177247 0 0.000000000000000000 0.000000000000000000
connection 24 26 -7.781163466555036656 0 0.000000000000000000 0.000000000000000000
connection 25 22 -6.036136375303183144 0 0.000000000000000000 0.000000000000000000
connection 25 23 -7.506423890602293980 0 0.000000000000000000 0.000000000000000000
connection 25 24 -6.406126084436702506 0 0.000000000000000000 0.000000000000000000
connection 25 59 -3.912276985063284140 0 0.000000000000000000 0.000000000000000000
connection 25 65 -1.986979461180449880 0 0.000000000000000000 0.000000000000000000
connection 25 26 -7.891846632262017991 0 0.000000000000000000 0.000000000000000000
connection 25 27 1.033314013956816657 0 0.000000000000000000 0.000000000000000000
connection 25 28 -0.730744527748093953 0 0.000000000000000000 0.000000000000000000
connection 25 54 6.670650519477090867 0 0.000000000000000000 0.000000000000000000
connection 25 29 7.026606491660229104 0 0.000000000000000000 0.000000000000000000
connection 25 40 -2.430834341372472895 0 0.000000000000000000 0.000000000000000000
connection 25 41 -3.843898256589916240 0 0.000000000000000000 0.000000000000000000
connection 25 43 6.072854476180078898 0 0.000000000000000000 0.000000000000000000
connection 25 66 7.881332933014580711 0 0.000000000000000000 0.000000000000000000
connection 25 35 7.918828848669625664 0 0.000000000000000000 0.000000000000000000
connection 25 36 7.644530542588448441 0 0.000000000000000000 0.000000000000000000
connection 26 53 4.693366024698775618 0 0.000000000000000000 0.000000000000000000
connection 26 59 4.244272430904958426 0 0.000000000000000000 0.000000000000000000
connection 26 48 -1.251518773208675439 0 0.000000000000000000 0.000000000000000000
connection 26 49 -2.100243063080160510 0 0.000000000000000000 0.000000000000000000
connection 26 50 1.829687341468073214 0 0.000000000000000000 0.000000000000000000
connection 26 51 3.284833924871410460 0 0.000000000000000000 0.000000000000000000
connection 26 36 7.941915027878195588 0 0.000000000000000000 0.000000000000000000
connection 27 22 -7.292540383788187697 0 0.000000000000000000 0.000000000000000000
connection 27 23 -7.756257421079636671 0 0.000000000000000000 0.000000000000000000
connection 27 52 -4.636177170382563162 0 0.000000000000000000 0.000000000000000000
connection 27 65 6.210936038917068913 0 0.000000000000000000 0.000000000000000000
connection 27 64 6.579581721509750736 0 0.000000000000000000 0.000000000000000000
connection 27 45 -7.882384936025391475 0 0.000000000000000000 0.000000000000000000
connection 27 46 -7.918515188863460175 0 0.000000000000000000 0.000000000000000000
connection 27 48 -5.613308445168293304 0 0.000000000000000000 0.000000000000000000
connection 27 49 -6.260244268898458309 0 0.000000000000000000 0.000000000000000000
connection 28 22 -7.185619723388603219 0 0.000000000000000000 0.000000000000000000
connection 28 23 -7.629906196549078423 0 0.000000000000000000 0.000000000000000000
connection 28 52 -1.448214828760393091 0 0.000000000000000000 0.000000000000000000
connection 28 53 6.326576641513182331 0 0.000000000000000000 0.000000000000000000
connection 28 65 7.259564013742905608 0 0.000000000000000000 0.000000000000000000
connection 28 64 7.455370081152834061 0 0.000000000000000000 0.000000000000000000
connection 28 45 -7.768718551169716768 0 0.000000000000000000 0.000000000000000000
connection 28 36 7.965912822446952646 0 0.000000000000000000 0.000000000000000000
connection 49 22 -6.996791216769617350 0 0.000000000000000000 0.000000000000000000
connection 49 52 -0.959477048843624281 0 0.000000000000000000 0.000000000000000000
connection 49 48 -2.098573815441531654 0 0.000000000000000000 0.000000000000000000
connection 49 49 -2.941202118612735728 0 0.000000000000000000 0.000000000000000000
connection 49 50 2.324461936641447402 0 0.000000000000000000 0.000000000000000000
connection 49 51 3.803683624551841724 0 0.000000000000000000 0.000000000000000000
connection 49 36 7.958236334293734338 0 0.000000000000000000 0.000000000000000000
connection 29 22 -6.061282463916653818 0 0.000000000000000000 0.000000000000000000
connection 29 23 -7.488120701197804152 0 0.000000000000000000 0.000000000000000000
connection 29 52 -4.418396407276061311 0 0.000000000000000000 0.000000000000000000
connection 29 53 4.245091115889881195 0 0.000000000000000000 0.000000000000000000
connection 29 59 0.730943535731757743 0 0.000000000000000000 0.000000000000000000
connection 29 45 -7.831670123470169109 0 0.000000000000000000 0.000000000000000000
connection 29 46 -7.920668543665845718 0 0.000000000000000000 0.000000000000000000
connection 29 48 -5.617925489832015451 0 0.000000000000000000 0.000000000000000000
connection 29 49 -6.416455532869296263 0 0.000000000000000000 0.000000000000000000
connection 29 36 7.882747724549804325 0 0.000000000000000000 0.000000000000000000
connection 47 38 -3.686956920077849809 0 0.000000000000000000 0.000000000000000000
connection 47 39 -2.955326819649902070 0 0.000000000000000000 0.000000000000000000
connection 47 52 1.965622153875308031 0 0.000000000000000000 0.000000000000000000
connection 47 48 0.549082891241422733 0 0.000000000000000000 0.000000000000000000
connection 47 49 -0.648287700379932108 0 0.000000000000000000 0.000000000000000000
connection 47 50 3.505827842486766599 0 0.000000000000000000 0.000000000000000000
connection 47 51 4.891903208679853066 0 0.000000000000000000 0.000000000000000000
connection 47 36 7.961751507427200281 0 0.000000000000000000 0.000000000000000000
connection 30 37 -7.515982957914309814 0 0.000000000000000000 0.000000000000000000
connection 30 44 -7.610632079529891847 0 0.000000000000000000 0.000000000000000000
connection 30 39 -4.068967126069522600 0 0.000000000000000000 0.000000000000000000
connection 30 25 7.410811654640525603 0 0.000000000000000000 0.000000000000000000
connection 30 48 1.819833113886380582 0 0.000000000000000000 0.000000000000000000
connection 30 49 0.236179512421796273 0 0.000000000000000000 0.000000000000000000
connection 30 36 7.972034639693392322 0 0.000000000000000000 0.000000000000000000
connection 31 23 -7.136311827769830529 0 0.000000000000000000 0.000000000000000000
connection 31 52 1.724820233325628172 0 0.000000000000000000 0.000000000000000000
connection 31 53 7.201765348270722455 0 0.000000000000000000 0.000000000000000000
connection 31 65 7.465531040906383531 0 0.000000000000000000 0.000000000000000000
connection 31 64 7.462994320818275185 0 0.000000000000000000 0.000000000000000000
connection 31 45 -7.640932887393092621 0 0.000000000000000000 0.000000000000000000
connection 31 46 -7.795141295930853254 0 0.000000000000000000 0.000000000000000000
connection 31 49 -1.734700404057857526 0 0.000000000000000000 0.000000000000000000
connection 31 50 6.301475522140641772 0 0.000000000000000000 0.000000000000000000
connection 31 51 6.865647121676266451 0 0.000000000000000000 0.000000000000000000
connection 32 37 -7.346766451499503248 0 0.000000000000000000 0.000000000000000000
connection 32 44 -7.558531355238770288 0 0.000000000000000000 0.000000000000000000
connection 32 38 -4.391027741738480650 0 0.000000000000000000 0.000000000000000000
connection 32 39 -3.037751980906418847 0 0.000000000000000000 0.000000000000000000
connection 32 24 7.116168112501015663 0 0.000000000000000000 0.000000000000000000
connection 32 25 7.521666673541995252 0 0.000000000000000000 0.000000000000000000
connection 32 45 -7.221064256947075322 0 0.000000000000000000 0.000000000000000000
connection 32 49 1.854921805848497751 0 0.000000000000000000 0.000000000000000000
connection 32 51 7.418558494733765940 0 0.000000000000000000 0.000000000000000000
connection 32 36 7.953270133535920827 0 0.000000000000000000 0.000000000000000000
connection 54 22 -6.686527104128893839 0 0.000000000000000000 0.000000000000000000
connection 54 23 -7.556237642638111041 0 0.000000000000000000 0.000000000000000000
connection 54 52 -1.759428021028272449 0 0.000000000000000000 0.000000000000000000
connection 54 53 6.344007260306708140 0 0.000000000000000000 0.000000000000000000
connection 54 59 3.070302542034980764 0 0.000000000000000000 0.000000000000000000
connection 54 65 7.065301957445509373 0 0.000000000000000000 0.000000000000000000
connection 54 64 7.177856838555391583 0 0.000000000000000000 0.000000000000000000
connection 54 45 -7.803292486245050341 0 0.000000000000000000 0.000000000000000000
connection 54 46 -7.875927696656486177 0 0.000000000000000000 0.000000000000000000
connection 54 48 -3.337161701413742687 0 0.000000000000000000 0.000000000000000000
connection 54 49 -4.565498250563794436 0 0.000000000000000000 0.000000000000000000
connection 54 51 5.596062139428201299 0 0.000000000000000000 0.000000000000000000
connection 33 37 -7.025362670557829148 0 0.000000000000000000 0.000000000000000000
connection 33 44 -7.433399869701201368 0 0.000000000000000000 0.000000000000000000
connection 33 38 -4.405864366915144714 0 0.000000000000000000 0.000000000000000000
connection 33 39 -2.865766735556951605 0 0.000000000000000000 0.000000000000000000
connection 33 24 6.973890701336965314 0 0.000000000000000000 0.000000000000000000
connection 33 25 7.208306987431922330 0 0.000000000000000000 0.000000000000000000
connection 33 45 -7.293700536533454404 0 0.000000000000000000 0.000000000000000000
connection 33 46 -7.633369115769723656 0 0.000000000000000000 0.000000000000000000
connection 33 50 7.206399327873667993 0 0.000000000000000000 0.000000000000000000
connection 33 51 7.455265268736688711 0 0.000000000000000000 0.000000000000000000
connection 33 36 7.893363675911612809 0 0.000000000000000000 0.000000000000000000
connection 34 23 -6.406646332148456580 0 0.000000000000000000 0.000000000000000000
connection 34 52 1.491261938123653596 0 0.000000000000000000 0.000000000000000000
connection 34 53 6.912848948001512284 0 0.000000000000000000 0.000000000000000000
connection 34 59 4.218403483390242847 0 0.000000000000000000 0.000000000000000000
connection 34 65 6.934184828422372604 0 0.000000000000000000 0.000000000000000000
connection 34 64 6.690167887704239646 0 0.000000000000000000 0.000000000000000000
connection 34 45 -7.500201053701831100 0 0.000000000000000000 0.000000000000000000
connection 34 46 -7.800197036970054398 0 0.000000000000000000 0.000000000000000000
connection 34 49 -1.964495871045881525 0 0.000000000000000000 0.000000000000000000
connection 34 50 6.217207607975478112 0 0.000000000000000000 0.000000000000000000
connection 34 51 6.670265958810449369 0 0.000000000000000000 0.000000000000000000
connection 34 36 7.785929538418255191 0 0.000000000000000000 0.000000000000000000
connection 52 22 -7.775364053795899011 0 0.000000000000000000 0.000000000000000000
connection 52 23 -7.879170866398336415 0 0.000000000000000000 0.000000000000000000
connection 52 52 -6.078668184178236622 0 0.000000000000000000 0.000000000000000000
connection 52 53 1.785972598338632977 0 0.000000000000000000 0.000000000000000000
connection 52 59 -3.112701724719584284 0 0.000000000000000000 0.000000000000000000
connection 52 45 -7.907745348193341961 0 0.000000000000000000 0.000000000000000000
connection 52 50 -1.372764752011868428 0 0.000000000000000000 0.000000000000000000
connection 52 36 7.952415492884911785 0 0.000000000000000000 0.000000000000000000
connection 35 23 -5.836011461612629958 0 0.000000000000000000 0.000000000000000000
connection 35 52 -2.037452933999639892 0 0.000000000000000000 0.000000000000000000
connection 35 53 4.594662140611524670 0 0.000000000000000000 0.000000000000000000
connection 35 59 2.594782342645465700 0 0.000000000000000000 0.000000000000000000
connection 35 64 4.632886333644902876 0 0.000000000000000000 0.000000000000000000
connection 35 45 -7.460576420031678424 0 0.000000000000000000 0.000000000000000000
connection 35 46 -7.834274345962103148 0 0.000000000000000000 0.000000000000000000
connection 35 48 -3.862717520078277733 0 0.000000000000000000 0.000000000000000000
connection 35 49 -5.313721959345635959 0 0.000000000000000000 0.000000000000000000
connection 35 50 2.675483898764448920 0 0.000000000000000000 0.000000000000000000
connection 35 51 3.844327462578706722 0 0.000000000000000000 0.000000000000000000
connection 35 36 7.513612975217982992 0 0.000000000000000000 0.000000000000000000
connection 36 37 2.980805520033079858 0 0.000000000000000000 0.000000000000000000
connection 36 39 3.203807414134503428 0 0.000000000000000000 0.000000000000000000
connection 36 24 1.848161375018705588 0 0.000000000000000000 0.000000000000000000
connection 36 25 5.028247822252415844 0 0.000000000000000000 0.000000000000000000
connection 36 45 -4.560480940908800740 0 0.000000000000000000 0.000000000000000000
connection 36 46 -7.057948678647779417 0 0.000000000000000000 0.000000000000000000
connection 36 47 -6.622195373883027258 0 0.000000000000000000 0.000000000000000000
connection 36 48 -2.924775648725034927 0 0.000000000000000000 0.000000000000000000
connection 36 49 -5.272130088236330003 0 0.000000000000000000 0.000000000000000000
connection 36 50 -2.983743085400079043 0 0.000000000000000000 0.000000000000000000
connection 36 51 -0.733629799570847618 0 0.000000000000000000 0.000000000000000000
connection 36 27 3.138379257814371215 0 0.000000000000000000 0.000000000000000000
connection 36 28 2.275074312546191635 0 0.000000000000000000 0.000000000000000000
connection 36 54 6.327740978624972534 0 0.000000000000000000 0.000000000000000000
connection 36 29 6.082618141298653747 0 0.000000000000000000 0.000000000000000000
connection 36 40 0.942689916739175349 0 0.000000000000000000 0.000000000000000000
connection 36 41 -0.749058584421281703 0 0.000000000000000000 0.000000000000000000
connection 36 43 6.331602523348937694 0 0.000000000000000000 0.000000000000000000
connection 36 66 7.802772208133129439 0 0.000000000000000000 0.000000000000000000
connection 36 35 7.506868106011062913 0 0.000000000000000000 0.000000000000000000
connection 36 74 1.803529000855914832 0 0.000000000000000000 0.000000000000000000
connection 36 75 4.336055311078399477 0 0.000000000000000000 0.000000000000000000
connection 36 76 6.075467565193371833 0 0.000000000000000000 0.000000000000000000
connection 36 77 -0.690759094108004068 0 0.000000000000000000 0.000000000000000000
connection 36 78 2.663080207014231870 0 0.000000000000000000 0.000000000000000000
connection 36 79 2.627121431024018960 0 0.000000000000000000 0.000000000000000000
connection 36 80 -0.719981167899810592 0 0.000000000000000000 0.000000000000000000
connection 42 37 -7.326621136815123059 0 0.000000000000000000 0.000000000000000000
connection 42 44 -7.473146215744304932 0 0.000000000000000000 0.000000000000000000
connection 42 39 -2.710549077130830042 0 0.000000000000000000 0.000000000000000000
connection 42 24 6.999243301441726572 0 0.000000000000000000 0.000000000000000000
connection 42 25 7.589547465636683476 0 0.000000000000000000 0.000000000000000000
connection 42 48 3.203520644314306054 0 0.000000000000000000 0.000000000000000000
connection 42 49 1.617656734196400103 0 0.000000000000000000 0.000000000000000000
connection 42 36 7.970795928237140338 0 0.000000000000000000 0.000000000000000000
connection 37 22 -7.870218891861211041 0 0.000000000000000000 0.000000000000000000
connection 37 23 -7.891689718221359229 0 0.000000000000000000 0.000000000000000000
connection 37 53 -1.174114887296704657 0 0.000000000000000000 0.000000000000000000
connection 37 59 -5.211600479425623433 0 0.000000000000000000 0.000000000000000000
connection 37 65 1.923775862333618303 0 0.000000000000000000 0.000000000000000000
connection 37 27 4.078546716405502259 0 0.000000000000000000 0.000000000000000000
connection 37 28 2.603538562851026139 0 0.000000000000000000 0.000000000000000000
connection 37 40 1.138861773022521451 0 0.000000000000000000 0.000000000000000000
connection 37 42 4.001418299995583183 0 0.000000000000000000 0.000000000000000000
connection 37 43 5.320170042855920656 0 0.000000000000000000 0.000000000000000000
connection 37 36 7.893926931434494421 0 0.000000000000000000 0.000000000000000000
connection 51 22 -7.586951694018301495 0 0.000000000000000000 0.000000000000000000
connection 51 23 -7.797335516332226213 0 0.000000000000000000 0.000000000000000000
connection 51 52 -4.310715018668086707 0 0.000000000000000000 0.000000000000000000
connection 51 59 0.249512876187632238 0 0.000000000000000000 0.000000000000000000
connection 51 65 6.437235265881985136 0 0.000000000000000000 0.000000000000000000
connection 51 64 6.910572392957506693 0 0.000000000000000000 0.000000000000000000
connection 51 45 -7.859333687229156595 0 0.000000000000000000 0.000000000000000000
connection 51 50 1.528228370244107515 0 0.000000000000000000 0.000000000000000000
connection 51 36 7.962889536865037421 0 0.000000000000000000 0.000000000000000000
connection 38 22 -7.782386336661172521 0 0.000000000000000000 0.000000000000000000
connection 38 23 -7.835126792150281183 0 0.000000000000000000 0.000000000000000000
connection 38 53 1.580302932045371644 0 0.000000000000000000 0.000000000000000000
connection 38 59 -2.804813749560615133 0 0.000000000000000000 0.000000000000000000
connection 38 64 5.725033731538668569 0 0.000000000000000000 0.000000000000000000
connection 38 50 -1.260117870275607066 0 0.000000000000000000 0.000000000000000000
connection 38 36 7.937753307106071077 0 0.000000000000000000 0.000000000000000000
connection 39 22 -7.866736363033528079 0 0.000000000000000000 0.000000000000000000
connection 39 23 -7.921360970145276958 0 0.000000000000000000 0.000000000000000000
connection 39 52 -7.004351546650298133 0 0.000000000000000000 0.000000000000000000
connection 39 59 -5.497931672713304074 0 0.000000000000000000 0.000000000000000000
connection 39 26 -7.708317528528050744 0 0.000000000000000000 0.000000000000000000
connection 39 28 3.590710810961526001 0 0.000000000000000000 0.000000000000000000
connection 39 40 2.060819451682032177 0 0.000000000000000000 0.000000000000000000
connection 39 41 0.576239515392532264 0 0.000000000000000000 0.000000000000000000
connection 39 36 7.928950720326145785 0 0.000000000000000000 0.000000000000000000
connection 40 23 -7.122531418880660325 0 0.000000000000000000 0.000000000000000000
connection 40 52 1.982071748591277993 0 0.000000000000000000 0.000000000000000000
connection 40 25 7.142647628899248424 0 0.000000000000000000 0.000000000000000000
connection 40 48 0.352349885637198046 0 0.000000000000000000 0.000000000000000000
connection 40 49 -1.107735248077009960 0 0.000000000000000000 0.000000000000000000
connection 40 36 7.972116940109049921 0 0.000000000000000000 0.000000000000000000
connection 41 38 -3.348964806962465346 0 0.000000000000000000 0.000000000000000000
connection 41 39 -2.239592983239276247 0 0.000000000000000000 0.000000000000000000
connection 41 52 4.031904506296908330 0 0.000000000000000000 0.000000000000000000
connection 41 48 2.533134391328938140 0 0.000000000000000000 0.000000000000000000
connection 41 49 1.024010658993080858 0 0.000000000000000000 0.000000000000000000
connection 41 36 7.973914876339890156 0 0.000000000000000000 0.000000000000000000
connection 43 23 -7.272491333270310498 0 0.000000000000000000 0.000000000000000000
connection 43 53 7.218053954658618210 0 0.000000000000000000 0.000000000000000000
connection 43 25 7.080080480304319579 0 0.000000000000000000 0.000000000000000000
connection 43 45 -7.589869359984483310 0 0.000000000000000000 0.000000000000000000
connection 43 51 6.762550237285538834 0 0.000000000000000000 0.000000000000000000
connection 43 36 7.963079238549882533 0 0.000000000000000000 0.000000000000000000
connection 44 52 -4.749540384720107866 0 0.000000000000000000 0.000000000000000000
connection 44 53 1.016840990759925845 0 0.000000000000000000 0.000000000000000000
connection 44 65 4.031862157529930712 0 0.000000000000000000 0.000000000000000000
connection 44 48 -5.082587837701305844 0 0.000000000000000000 0.000000000000000000
connection 44 50 -1.415281155976223948 0 0.000000000000000000 0.000000000000000000
connection 44 51 -0.329954598433509272 0 0.000000000000000000 0.000000000000000000
connection 44 27 4.540913707507142405 0 0.000000000000000000 0.000000000000000000
connection 44 28 3.116921712541198541 0 0.000000000000000000 0.000000000000000000
connection 44 40 1.667818860477934928 0 0.000000000000000000 0.000000000000000000
connection 44 41 0.364149604567108987 0 0.000000000000000000 0.000000000000000000
connection 44 42 3.764561630480856458 0 0.000000000000000000 0.000000000000000000
connection 45 52 -1.985351075847688662 0 0.000000000000000000 0.000000000000000000
connection 45 53 2.974973443773793136 0 0.000000000000000000 0.000000000000000000
connection 45 59 1.847237741097493169 0 0.000000000000000000 0.000000000000000000
connection 45 47 -2.536402911945153882 0 0.000000000000000000 0.000000000000000000
connection 45 48 -2.729721003532470824 0 0.000000000000000000 0.000000000000000000
connection 45 49 -3.245419199816509614 0 0.000000000000000000 0.000000000000000000
connection 45 50 0.224245228650588546 0 0.000000000000000000 0.000000000000000000
connection 45 51 1.522722343173771309 0 0.000000000000000000 0.000000000000000000
connection 45 40 2.381319600301344153 0 0.000000000000000000 0.000000000000000000
connection 45 41 1.006585655471536667 0 0.000000000000000000 0.000000000000000000
connection 45 42 4.060673631154032570 0 0.000000000000000000 0.000000000000000000
connection 46 23 -4.086444633372671831 0 0.000000000000000000 0.000000000000000000
connection 46 52 -0.320553636934038100 0 0.000000000000000000 0.000000000000000000
connection 46 53 2.817497731109950720 0 0.000000000000000000 0.000000000000000000
connection 46 59 3.672796116383171938 0 0.000000000000000000 0.000000000000000000
connection 46 45 -4.255294289141112962 0 0.000000000000000000 0.000000000000000000
connection 46 46 -4.200565253258459641 0 0.000000000000000000 0.000000000000000000
connection 46 47 -1.968281996264816369 0 0.000000000000000000 0.000000000000000000
connection 46 83 -0.510184539569606410 0 0.000000000000000000 0.000000000000000000
connection 46 40 1.536121073107062696 0 0.000000000000000000 0.000000000000000000
connection 46 41 0.280625729789064249 0 0.000000000000000000 0.000000000000000000
connection 46 42 2.992253681477345495 0 0.000000000000000000 0.000000000000000000
connection 46 43 4.436208107500299036 0 0.000000000000000000 0.000000000000000000
connection 48 22 -7.604144944002777073 0 0.000000000000000000 0.000000000000000000
connection 48 23 -7.731029449125752073 0 0.000000000000000000 0.000000000000000000
connection 48 65 6.321038593493730318 0 0.000000000000000000 0.000000000000000000
connection 48 64 6.928842732248995162 0 0.000000000000000000 0.000000000000000000
connection 48 50 1.089318485754038335 0 0.000000000000000000 0.000000000000000000
connection 48 51 2.632326696056121573 0 0.000000000000000000 0.000000000000000000
connection 48 36 7.958876841835478722 0 0.000000000000000000 0.000000000000000000
connection 50 22 -7.226700330847704024 0 0.000000000000000000 0.000000000000000000
connection 50 23 -7.529425733526220910 0 0.000000000000000000 0.000000000000000000
connection 50 52 -1.099103472473478726 0 0.000000000000000000 0.000000000000000000
connection 50 65 7.210807157649753663 0 0.000000000000000000 0.000000000000000000
connection 50 64 7.495500146825188281 0 0.000000000000000000 0.000000000000000000
connection 50 48 -2.418594155893414310 0 0.000000000000000000 0.000000000000000000
connection 50 49 -3.412667473391817641 0 0.000000000000000000 0.000000000000000000
connection 50 50 3.446178505412801574 0 0.000000000000000000 0.000000000000000000
connection 50 36 7.968692077059552403 0 0.000000000000000000 0.000000000000000000
connection 53 22 -7.601063858570208609 0 0.000000000000000000 0.000000000000000000
connection 53 23 -7.854125627872566184 0 0.000000000000000000 0.000000000000000000
connection 53 52 -6.350035021958674974 0 0.000000000000000000 0.000000000000000000
connection 53 59 -2.894877159819315704 0 0.000000000000000000 0.000000000000000000
connection 53 26 -7.712332780072659766 0 0.000000000000000000 0.000000000000000000
connection 55 23 -7.112734232317926342 0 0.000000000000000000 0.000000000000000000
connection 55 52 -1.662984806825699824 0 0.000000000000000000 0.000000000000000000
connection 55 59 2.800710000656029930 0 0.000000000000000000 0.000000000000000000
connection 55 65 6.484789089092838132 0 0.000000000000000000 0.000000000000000000
connection 55 64 6.405365800061699311 0 0.000000000000000000 0.000000000000000000
connection 55 45 -7.721740655993132307 0 0.000000000000000000 0.000000000000000000
connection 55 46 -7.879855651842061270 0 0.000000000000000000 0.000000000000000000
connection 55 48 -3.370925213227770278 0 0.000000000000000000 0.000000000000000000
connection 55 49 -4.760303197941372133 0 0.000000000000000000 0.000000000000000000
connection 55 36 7.851016946601068192 0 0.000000000000000000 0.000000000000000000
connection 56 23 -5.303092810711071081 0 0.000000000000000000 0.000000000000000000
connection 56 52 -0.764623359399062674 0 0.000000000000000000 0.000000000000000000
connection 56 25 3.923794638827080572 0 0.000000000000000000 0.000000000000000000
connection 56 45 -7.312396410608813291 0 0.000000000000000000 0.000000000000000000
connection 56 46 -7.795223158662397012 0 0.000000000000000000 0.000000000000000000
connection 56 48 -2.630598054335158587 0 0.000000000000000000 0.000000000000000000
connection 56 49 -4.313981350099632905 0 0.000000000000000000 0.000000000000000000
connection 56 50 3.974605117920457786 0 0.000000000000000000 0.000000000000000000
connection 56 51 4.812481908011134735 0 0.000000000000000000 0.000000000000000000
connection 56 36 7.419283766566227456 0 0.000000000000000000 0.000000000000000000
connection 74 14 -6.984978886885033766 0 0.000000000000000000 0.000000000000000000
connection 75 14 -7.907738050189744961 0 0.000000000000000000 0.000000000000000000
connection 76 14 -6.957737548819540763 0 0.000000000000000000 0.000000000000000000
connection 77 14 -2.481717029764644256 0 0.000000000000000000 0.000000000000000000
connection 78 14 -5.135876837121674754 0 0.000000000000000000 0.000000000000000000
connection 79 14 -1.633011280619227845 0 0.000000000000000000 0.000000000000000000
connection 80 14 1.028783598905873786 0 0.000000000000000000 0.000000000000000000
connection 74 15 -7.573643876113605344 0 0.000000000000000000 0.000000000000000000
connection 76 15 -7.415788095492223952 0 0.000000000000000000 0.000000000000000000
connection 77 15 -2.741157894446700549 0 0.000000000000000000 0.000000000000000000
connection 78 15 -6.108886296969375351 0 0.000000000000000000 0.000000000000000000
connection 79 15 -1.578061150464795226 0 0.000000000000000000 0.000000000000000000
connection 80 15 2.749526036664762252 0 0.000000000000000000 0.000000000000000000
connection 26 16 -3.709292969339210710 0 0.000000000000000000 0.000000000000000000
connection 66 16 -5.070632119974217922 0 0.000000000000000000 0.000000000000000000
connection 35 16 -7.426872148771765048 0 0.000000000000000000 0.000000000000000000
connection 74 16 -7.698318843976616144 0 0.000000000000000000 0.000000000000000000
connection 75 16 -7.832554025215160642 0 0.000000000000000000 0.000000000000000000
connection 76 16 -7.323050779545018152 0 0.000000000000000000 0.000000000000000000
connection 77 16 -3.171846881539911234 0 0.000000000000000000 0.000000000000000000
connection 78 16 -6.482529055282331143 0 0.000000000000000000 0.000000000000000000
connection 79 16 -1.740098244711457021 0 0.000000000000000000 0.000000000000000000
connection 80 16 3.686167647987062868 0 0.000000000000000000 0.000000000000000000
connection 57 17 -6.537297968915334323 0 0.000000000000000000 0.000000000000000000
connection 26 17 -1.217900671272025059 0 0.000000000000000000 0.000000000000000000
connection 29 17 -3.342543398517807685 0 0.000000000000000000 0.000000000000000000
connection 30 17 2.481691839075677919 0 0.000000000000000000 0.000000000000000000
connection 56 17 -0.507496755294866486 0 0.000000000000000000 0.000000000000000000
connection 74 17 -7.339255727164147203 0 0.000000000000000000 0.000000000000000000
connection 75 17 -6.501976667957382716 0 0.000000000000000000 0.000000000000000000
connection 76 17 -5.701763551316193279 0 0.000000000000000000 0.000000000000000000
connection 77 17 -2.949275750470819357 0 0.000000000000000000 0.000000000000000000
connection 78 17 -5.690656670238467107 0 0.000000000000000000 0.000000000000000000
connection 79 17 -1.270965208559757142 0 0.000000000000000000 0.000000000000000000
connection 80 17 3.719712578347035503 0 0.000000000000000000 0.000000000000000000
connection 23 18 0.397964643181072608 0 0.000000000000000000 0.000000000000000000
connection 59 18 -5.009533270435380103 0 0.000000000000000000 0.000000000000000000
connection 65 18 -2.473042039522377777 0 0.000000000000000000 0.000000000000000000
connection 64 18 -5.289920143844073053 0 0.000000000000000000 0.000000000000000000
connection 45 18 0.586815983626150950 0 0.000000000000000000 0.000000000000000000
connection 47 18 3.445116252609506269 0 0.000000000000000000 0.000000000000000000
connection 83 18 3.906342349997276031 0 0.000000000000000000 0.000000000000000000
connection 74 18 -3.907269626542132279 0 0.000000000000000000 0.000000000000000000
connection 77 18 -0.832956387647452168 0 0.000000000000000000 0.000000000000000000
connection 78 18 -1.413314174864929829 0 0.000000000000000000 0.000000000000000000
connection 79 18 0.911255575886710911 0 0.000000000000000000 0.000000000000000000
connection 80 18 3.302377837678950989 0 0.000000000000000000 0.000000000000000000
connection 45 19 3.975937127739383570 0 0.000000000000000000 0.000000000000000000
connection 46 19 2.889149191859817112 0 0.000000000000000000 0.000000000000000000
connection 76 19 7.219038966235809873 0 0.000000000000000000 0.000000000000000000
NNend

