NNstart
10 4
neuron 1 1.000000000000000000 0.000000000000000000 0.000000000000000000 2527033898710517721763634669493900228497891728562273732860056636341760637427828468379121404982150230189918413033102328339378231715997889670389432608052401231664994117093103441294858094125058629913901501618808518626302024261647959632620352842687383583652760929072803920506383166932718190592.000000000000000000 11 0.000000000000000000
neuron 1 1.000000000000000000 0.000000000000000000 0.000000000000000000 2527033898710517721763634669493900228497891728562273732860056636341760637427828468379121404982150230189918413033102328339378231715997889670389432608052401231664994117093103441294858094125058629913901501618808518626302024261647959632620352842687383583652760929072803920506383166932718190592.000000000000000000 11 0.000000000000000000
neuron 1 1.000000000000000000 0.000000000000000000 0.000000000000000000 2527033898710517721763634669493900228497891728562273732860056636341760637427828468379121404982150230189918413033102328339378231715997889670389432608052401231664994117093103441294858094125058629913901501618808518626302024261647959632620352842687383583652760929072803920506383166932718190592.000000000000000000 11 0.000000000000000000
neuron 1 1.000000000000000000 0.000000000000000000 0.000000000000000000 2527033898710517721763634669493900228497891728562273732860056636341760637427828468379121404982150230189918413033102328339378231715997889670389432608052401231664994117093103441294858094125058629913901501618808518626302024261647959632620352842687383583652760929072803920506383166932718190592.000000000000000000 11 0.000000000000000000
neuron 1 1.000000000000000000 0.000000000000000000 0.000000000000000000 2527033898710517721763634669493900228497891728562273732860056636341760637427828468379121404982150230189918413033102328339378231715997889670389432608052401231664994117093103441294858094125058629913901501618808518626302024261647959632620352842687383583652760929072803920506383166932718190592.000000000000000000 11 0.000000000000000000
neuron 1 1.000000000000000000 0.000000000000000000 0.000000000000000000 2527033898710517721763634669493900228497891728562273732860056636341760637427828468379121404982150230189918413033102328339378231715997889670389432608052401231664994117093103441294858094125058629913901501618808518626302024261647959632620352842687383583652760929072803920506383166932718190592.000000000000000000 11 0.000000000000000000
neuron 1 1.000000000000000000 0.000000000000000000 0.000000000000000000 2527033898710517721763634669493900228497891728562273732860056636341760637427828468379121404982150230189918413033102328339378231715997889670389432608052401231664994117093103441294858094125058629913901501618808518626302024261647959632620352842687383583652760929072803920506383166932718190592.000000000000000000 11 0.000000000000000000
neuron 1 1.000000000000000000 0.000000000000000000 0.000000000000000000 2527033898710517721763634669493900228497891728562273732860056636341760637427828468379121404982150230189918413033102328339378231715997889670389432608052401231664994117093103441294858094125058629913901501618808518626302024261647959632620352842687383583652760929072803920506383166932718190592.000000000000000000 11 0.000000000000000000
neuron 1 1.000000000000000000 0.000000000000000000 0.000000000000000000 2527033898710517721763634669493900228497891728562273732860056636341760637427828468379121404982150230189918413033102328339378231715997889670389432608052401231664994117093103441294858094125058629913901501618808518626302024261647959632620352842687383583652760929072803920506383166932718190592.000000000000000000 11 0.000000000000000000
neuron 2 1.000000000000000000 0.000000000000000000 0.000000000000000000 0.000000000000000000 11 0.000000000000000000
neuron 4 1.000000000000000000 0.000000000000000000 0.000000000000000000 2527033898710517721763634669493900228497891728562273732860056636341760637427828468379121404982150230189918413033102328339378231715997889670389432608052401231664994117093103441294858094125058629913901501618808518626302024261647959632620352842687383583652760929072803920506383166932718190592.000000000000000000 1 0.000000000000000000
neuron 4 1.000000000000000000 0.000000000000000000 0.000000000000000000 2527033898710517721763634669493900228497891728562273732860056636341760637427828468379121404982150230189918413033102328339378231715997889670389432608052401231664994117093103441294858094125058629913901501618808518626302024261647959632620352842687383583652760929072803920506383166932718190592.000000000000000000 1 0.000000000000000000
neuron 4 1.000000000000000000 0.000000000000000000 0.000000000000000000 2527033898710517721763634669493900228497891728562273732860056636341760637427828468379121404982150230189918413033102328339378231715997889670389432608052401231664994117093103441294858094125058629913901501618808518626302024261647959632620352842687383583652760929072803920506383166932718190592.000000000000000000 1 0.000000000000000000
neuron 4 1.000000000000000000 0.000000000000000000 0.000000000000000000 2527033898710517721763634669493900228497891728562273732860056636341760637427828468379121404982150230189918413033102328339378231715997889670389432608052401231664994117093103441294858094125058629913901501618808518626302024261647959632620352842687383583652760929072803920506383166932718190592.000000000000000000 1 0.000000000000000000
neuron 3 1.000000000000000000 0.000000000000000000 0.000000000000000000 2527033898710517721763634669493900228497891728562273732860056636341760637427828468379121404982150230189918413033102328339378231715997889670389432608052401231664994117093103441294858094125058629913901501618808518626302024261647959632620352842687383583652760929072803920506383166932718190592.000000000000000000 0 0.000000000000000000
neuron 3 1.000000000000000000 0.000000000000000000 0.000000000000000000 2527033898710517721763634669493900228497891728562273732860056636341760637427828468379121404982150230189918413033102328339378231715997889670389432608052401231664994117093103441294858094125058629913901501618808518626302024261647959632620352842687383583652760929072803920506383166932718190592.000000000000000000 0 0.000000000000000000
neuron 3 1.000000000000000000 0.000000000000000000 0.000000000000000000 2527033898710517721763634669493900228497891728562273732860056636341760637427828468379121404982150230189918413033102328339378231715997889670389432608052401231664994117093103441294858094125058629913901501618808518626302024261647959632620352842687383583652760929072803920506383166932718190592.000000000000000000 0 0.000000000000000000
neuron 3 1.000000000000000000 0.000000000000000000 0.000000000000000000 2527033898710517721763634669493900228497891728562273732860056636341760637427828468379121404982150230189918413033102328339378231715997889670389432608052401231664994117093103441294858094125058629913901501618808518626302024261647959632620352842687383583652760929072803920506383166932718190592.000000000000000000 0 0.000000000000000000
neuron 3 1.000000000000000000 0.000000000000000000 0.000000000000000000 2527033898710517721763634669493900228497891728562273732860056636341760637427828468379121404982150230189918413033102328339378231715997889670389432608052401231664994117093103441294858094125058629913901501618808518626302024261647959632620352842687383583652760929072803920506383166932718190592.000000000000000000 0 0.000000000000000000
neuron 3 1.000000000000000000 0.000000000000000000 0.000000000000000000 2527033898710517721763634669493900228497891728562273732860056636341760637427828468379121404982150230189918413033102328339378231715997889670389432608052401231664994117093103441294858094125058629913901501618808518626302024261647959632620352842687383583652760929072803920506383166932718190592.000000000000000000 0 0.000000000000000000
neuron 3 1.000000000000000000 0.000000000000000000 0.000000000000000000 2527033898710517721763634669493900228497891728562273732860056636341760637427828468379121404982150230189918413033102328339378231715997889670389432608052401231664994117093103441294858094125058629913901501618808518626302024261647959632620352842687383583652760929072803920506383166932718190592.000000000000000000 0 0.000000000000000000
neuron 3 1.000000000000000000 0.000000000000000000 0.000000000000000000 2527033898710517721763634669493900228497891728562273732860056636341760637427828468379121404982150230189918413033102328339378231715997889670389432608052401231664994117093103441294858094125058629913901501618808518626302024261647959632620352842687383583652760929072803920506383166932718190592.000000000000000000 0 0.000000000000000000
neuron 3 1.000000000000000000 0.000000000000000000 0.000000000000000000 2527033898710517721763634669493900228497891728562273732860056636341760637427828468379121404982150230189918413033102328339378231715997889670389432608052401231664994117093103441294858094125058629913901501618808518626302024261647959632620352842687383583652760929072803920506383166932718190592.000000000000000000 0 0.000000000000000000
neuron 3 1.000000000000000000 0.000000000000000000 0.000000000000000000 2527033898710517721763634669493900228497891728562273732860056636341760637427828468379121404982150230189918413033102328339378231715997889670389432608052401231664994117093103441294858094125058629913901501618808518626302024261647959632620352842687383583652760929072803920506383166932718190592.000000000000000000 0 0.000000000000000000
neuron 3 1.000000000000000000 0.000000000000000000 0.000000000000000000 2527033898710517721763634669493900228497891728562273732860056636341760637427828468379121404982150230189918413033102328339378231715997889670389432608052401231664994117093103441294858094125058629913901501618808518626302024261647959632620352842687383583652760929072803920506383166932718190592.000000000000000000 0 0.000000000000000000
neuron 3 1.000000000000000000 0.000000000000000000 0.000000000000000000 2527033898710517721763634669493900228497891728562273732860056636341760637427828468379121404982150230189918413033102328339378231715997889670389432608052401231664994117093103441294858094125058629913901501618808518626302024261647959632620352842687383583652760929072803920506383166932718190592.000000000000000000 0 0.000000000000000000
neuron 3 1.000000000000000000 0.000000000000000000 0.000000000000000000 2527033898710517721763634669493900228497891728562273732860056636341760637427828468379121404982150230189918413033102328339378231715997889670389432608052401231664994117093103441294858094125058629913901501618808518626302024261647959632620352842687383583652760929072803920506383166932718190592.000000000000000000 0 0.000000000000000000
neuron 3 1.000000000000000000 0.000000000000000000 0.000000000000000000 2527033898710517721763634669493900228497891728562273732860056636341760637427828468379121404982150230189918413033102328339378231715997889670389432608052401231664994117093103441294858094125058629913901501618808518626302024261647959632620352842687383583652760929072803920506383166932718190592.000000000000000000 0 0.000000000000000000
neuron 3 1.000000000000000000 0.000000000000000000 0.000000000000000000 2527033898710517721763634669493900228497891728562273732860056636341760637427828468379121404982150230189918413033102328339378231715997889670389432608052401231664994117093103441294858094125058629913901501618808518626302024261647959632620352842687383583652760929072803920506383166932718190592.000000000000000000 0 0.000000000000000000
neuron 3 1.000000000000000000 0.000000000000000000 0.000000000000000000 2527033898710517721763634669493900228497891728562273732860056636341760637427828468379121404982150230189918413033102328339378231715997889670389432608052401231664994117093103441294858094125058629913901501618808518626302024261647959632620352842687383583652760929072803920506383166932718190592.000000000000000000 0 0.000000000000000000
neuron 3 1.000000000000000000 0.000000000000000000 0.000000000000000000 2527033898710517721763634669493900228497891728562273732860056636341760637427828468379121404982150230189918413033102328339378231715997889670389432608052401231664994117093103441294858094125058629913901501618808518626302024261647959632620352842687383583652760929072803920506383166932718190592.000000000000000000 0 0.000000000000000000
neuron 3 1.000000000000000000 0.000000000000000000 0.000000000000000000 2527033898710517721763634669493900228497891728562273732860056636341760637427828468379121404982150230189918413033102328339378231715997889670389432608052401231664994117093103441294858094125058629913901501618808518626302024261647959632620352842687383583652760929072803920506383166932718190592.000000000000000000 0 0.000000000000000000
neuron 3 1.000000000000000000 0.000000000000000000 0.000000000000000000 2527033898710517721763634669493900228497891728562273732860056636341760637427828468379121404982150230189918413033102328339378231715997889670389432608052401231664994117093103441294858094125058629913901501618808518626302024261647959632620352842687383583652760929072803920506383166932718190592.000000000000000000 0 0.000000000000000000
neuron 3 1.000000000000000000 0.000000000000000000 0.000000000000000000 2527033898710517721763634669493900228497891728562273732860056636341760637427828468379121404982150230189918413033102328339378231715997889670389432608052401231664994117093103441294858094125058629913901501618808518626302024261647959632620352842687383583652760929072803920506383166932718190592.000000000000000000 0 0.000000000000000000
neuron 3 1.000000000000000000 0.000000000000000000 0.000000000000000000 2527033898710517721763634669493900228497891728562273732860056636341760637427828468379121404982150230189918413033102328339378231715997889670389432608052401231664994117093103441294858094125058629913901501618808518626302024261647959632620352842687383583652760929072803920506383166932718190592.000000000000000000 0 0.000000000000000000
neuron 3 1.000000000000000000 0.000000000000000000 0.000000000000000000 2527033898710517721763634669493900228497891728562273732860056636341760637427828468379121404982150230189918413033102328339378231715997889670389432608052401231664994117093103441294858094125058629913901501618808518626302024261647959632620352842687383583652760929072803920506383166932718190592.000000000000000000 0 0.000000000000000000
neuron 3 1.000000000000000000 0.000000000000000000 0.000000000000000000 2527033898710517721763634669493900228497891728562273732860056636341760637427828468379121404982150230189918413033102328339378231715997889670389432608052401231664994117093103441294858094125058629913901501618808518626302024261647959632620352842687383583652760929072803920506383166932718190592.000000000000000000 0 0.000000000000000000
neuron 3 1.000000000000000000 0.000000000000000000 0.000000000000000000 2527033898710517721763634669493900228497891728562273732860056636341760637427828468379121404982150230189918413033102328339378231715997889670389432608052401231664994117093103441294858094125058629913901501618808518626302024261647959632620352842687383583652760929072803920506383166932718190592.000000000000000000 0 0.000000000000000000
neuron 3 1.000000000000000000 0.000000000000000000 0.000000000000000000 2527033898710517721763634669493900228497891728562273732860056636341760637427828468379121404982150230189918413033102328339378231715997889670389432608052401231664994117093103441294858094125058629913901501618808518626302024261647959632620352842687383583652760929072803920506383166932718190592.000000000000000000 0 0.000000000000000000
neuron 3 1.000000000000000000 0.000000000000000000 0.000000000000000000 2527033898710517721763634669493900228497891728562273732860056636341760637427828468379121404982150230189918413033102328339378231715997889670389432608052401231664994117093103441294858094125058629913901501618808518626302024261647959632620352842687383583652760929072803920506383166932718190592.000000000000000000 0 0.000000000000000000
neuron 3 1.000000000000000000 0.000000000000000000 0.000000000000000000 2527033898710517721763634669493900228497891728562273732860056636341760637427828468379121404982150230189918413033102328339378231715997889670389432608052401231664994117093103441294858094125058629913901501618808518626302024261647959632620352842687383583652760929072803920506383166932718190592.000000000000000000 0 0.000000000000000000
neuron 3 1.000000000000000000 0.000000000000000000 0.000000000000000000 2527033898710517721763634669493900228497891728562273732860056636341760637427828468379121404982150230189918413033102328339378231715997889670389432608052401231664994117093103441294858094125058629913901501618808518626302024261647959632620352842687383583652760929072803920506383166932718190592.000000000000000000 0 0.000000000000000000
neuron 3 1.000000000000000000 0.000000000000000000 0.000000000000000000 2527033898710517721763634669493900228497891728562273732860056636341760637427828468379121404982150230189918413033102328339378231715997889670389432608052401231664994117093103441294858094125058629913901501618808518626302024261647959632620352842687383583652760929072803920506383166932718190592.000000000000000000 0 0.000000000000000000
neuron 3 1.000000000000000000 0.000000000000000000 0.000000000000000000 2527033898710517721763634669493900228497891728562273732860056636341760637427828468379121404982150230189918413033102328339378231715997889670389432608052401231664994117093103441294858094125058629913901501618808518626302024261647959632620352842687383583652760929072803920506383166932718190592.000000000000000000 0 0.000000000000000000
neuron 3 1.000000000000000000 0.000000000000000000 0.000000000000000000 2527033898710517721763634669493900228497891728562273732860056636341760637427828468379121404982150230189918413033102328339378231715997889670389432608052401231664994117093103441294858094125058629913901501618808518626302024261647959632620352842687383583652760929072803920506383166932718190592.000000000000000000 0 0.000000000000000000
neuron 3 1.000000000000000000 0.000000000000000000 0.000000000000000000 2527033898710517721763634669493900228497891728562273732860056636341760637427828468379121404982150230189918413033102328339378231715997889670389432608052401231664994117093103441294858094125058629913901501618808518626302024261647959632620352842687383583652760929072803920506383166932718190592.000000000000000000 0 0.000000000000000000
neuron 3 1.000000000000000000 0.000000000000000000 0.000000000000000000 2527033898710517721763634669493900228497891728562273732860056636341760637427828468379121404982150230189918413033102328339378231715997889670389432608052401231664994117093103441294858094125058629913901501618808518626302024261647959632620352842687383583652760929072803920506383166932718190592.000000000000000000 0 0.000000000000000000
neuron 3 1.000000000000000000 0.000000000000000000 0.000000000000000000 2527033898710517721763634669493900228497891728562273732860056636341760637427828468379121404982150230189918413033102328339378231715997889670389432608052401231664994117093103441294858094125058629913901501618808518626302024261647959632620352842687383583652760929072803920506383166932718190592.000000000000000000 0 0.000000000000000000
neuron 3 1.000000000000000000 0.000000000000000000 0.000000000000000000 2527033898710517721763634669493900228497891728562273732860056636341760637427828468379121404982150230189918413033102328339378231715997889670389432608052401231664994117093103441294858094125058629913901501618808518626302024261647959632620352842687383583652760929072803920506383166932718190592.000000000000000000 0 0.000000000000000000
neuron 3 1.000000000000000000 0.000000000000000000 0.000000000000000000 2527033898710517721763634669493900228497891728562273732860056636341760637427828468379121404982150230189918413033102328339378231715997889670389432608052401231664994117093103441294858094125058629913901501618808518626302024261647959632620352842687383583652760929072803920506383166932718190592.000000000000000000 0 0.000000000000000000
neuron 3 1.000000000000000000 0.000000000000000000 0.000000000000000000 2527033898710517721763634669493900228497891728562273732860056636341760637427828468379121404982150230189918413033102328339378231715997889670389432608052401231664994117093103441294858094125058629913901501618808518626302024261647959632620352842687383583652760929072803920506383166932718190592.000000000000000000 0 0.000000000000000000
neuron 3 1.000000000000000000 0.000000000000000000 0.000000000000000000 2527033898710517721763634669493900228497891728562273732860056636341760637427828468379121404982150230189918413033102328339378231715997889670389432608052401231664994117093103441294858094125058629913901501618808518626302024261647959632620352842687383583652760929072803920506383166932718190592.000000000000000000 0 0.000000000000000000
neuron 3 1.000000000000000000 0.000000000000000000 0.000000000000000000 2527033898710517721763634669493900228497891728562273732860056636341760637427828468379121404982150230189918413033102328339378231715997889670389432608052401231664994117093103441294858094125058629913901501618808518626302024261647959632620352842687383583652760929072803920506383166932718190592.000000000000000000 0 0.000000000000000000
neuron 3 1.000000000000000000 0.000000000000000000 0.000000000000000000 2527033898710517721763634669493900228497891728562273732860056636341760637427828468379121404982150230189918413033102328339378231715997889670389432608052401231664994117093103441294858094125058629913901501618808518626302024261647959632620352842687383583652760929072803920506383166932718190592.000000000000000000 0 0.000000000000000000
neuron 3 1.000000000000000000 0.000000000000000000 0.000000000000000000 2527033898710517721763634669493900228497891728562273732860056636341760637427828468379121404982150230189918413033102328339378231715997889670389432608052401231664994117093103441294858094125058629913901501618808518626302024261647959632620352842687383583652760929072803920506383166932718190592.000000000000000000 0 0.000000000000000000
neuron 3 1.000000000000000000 0.000000000000000000 0.000000000000000000 2527033898710517721763634669493900228497891728562273732860056636341760637427828468379121404982150230189918413033102328339378231715997889670389432608052401231664994117093103441294858094125058629913901501618808518626302024261647959632620352842687383583652760929072803920506383166932718190592.000000000000000000 0 0.000000000000000000
neuron 3 1.000000000000000000 0.000000000000000000 0.000000000000000000 2527033898710517721763634669493900228497891728562273732860056636341760637427828468379121404982150230189918413033102328339378231715997889670389432608052401231664994117093103441294858094125058629913901501618808518626302024261647959632620352842687383583652760929072803920506383166932718190592.000000000000000000 0 0.000000000000000000
neuron 3 1.000000000000000000 0.000000000000000000 0.000000000000000000 2527033898710517721763634669493900228497891728562273732860056636341760637427828468379121404982150230189918413033102328339378231715997889670389432608052401231664994117093103441294858094125058629913901501618808518626302024261647959632620352842687383583652760929072803920506383166932718190592.000000000000000000 0 0.000000000000000000
neuron 3 1.000000000000000000 0.000000000000000000 0.000000000000000000 2527033898710517721763634669493900228497891728562273732860056636341760637427828468379121404982150230189918413033102328339378231715997889670389432608052401231664994117093103441294858094125058629913901501618808518626302024261647959632620352842687383583652760929072803920506383166932718190592.000000000000000000 0 0.000000000000000000
neuron 3 1.000000000000000000 0.000000000000000000 0.000000000000000000 2527033898710517721763634669493900228497891728562273732860056636341760637427828468379121404982150230189918413033102328339378231715997889670389432608052401231664994117093103441294858094125058629913901501618808518626302024261647959632620352842687383583652760929072803920506383166932718190592.000000000000000000 0 0.000000000000000000
neuron 3 1.000000000000000000 0.000000000000000000 0.000000000000000000 2527033898710517721763634669493900228497891728562273732860056636341760637427828468379121404982150230189918413033102328339378231715997889670389432608052401231664994117093103441294858094125058629913901501618808518626302024261647959632620352842687383583652760929072803920506383166932718190592.000000000000000000 0 0.000000000000000000
neuron 3 1.000000000000000000 0.000000000000000000 0.000000000000000000 2527033898710517721763634669493900228497891728562273732860056636341760637427828468379121404982150230189918413033102328339378231715997889670389432608052401231664994117093103441294858094125058629913901501618808518626302024261647959632620352842687383583652760929072803920506383166932718190592.000000000000000000 0 0.000000000000000000
neuron 3 1.000000000000000000 0.000000000000000000 0.000000000000000000 2527033898710517721763634669493900228497891728562273732860056636341760637427828468379121404982150230189918413033102328339378231715997889670389432608052401231664994117093103441294858094125058629913901501618808518626302024261647959632620352842687383583652760929072803920506383166932718190592.000000000000000000 0 0.000000000000000000
neuron 3 1.000000000000000000 0.000000000000000000 0.000000000000000000 2527033898710517721763634669493900228497891728562273732860056636341760637427828468379121404982150230189918413033102328339378231715997889670389432608052401231664994117093103441294858094125058629913901501618808518626302024261647959632620352842687383583652760929072803920506383166932718190592.000000000000000000 0 0.000000000000000000
connection 0 14 6.836813562937601674 0 0.000000000000000000 2527033898710517721763634669493900228497891728562273732860056636341760637427828468379121404982150230189918413033102328339378231715997889670389432608052401231664994117093103441294858094125058629913901501618808518626302024261647959632620352842687383583652760929072803920506383166932718190592.000000000000000000
connection 0 15 -7.123296798036419908 0 0.000000000000000000 2527033898710517721763634669493900228497891728562273732860056636341760637427828468379121404982150230189918413033102328339378231715997889670389432608052401231664994117093103441294858094125058629913901501618808518626302024261647959632620352842687383583652760929072803920506383166932718190592.000000000000000000
connection 0 16 -7.139854810226255566 0 0.000000000000000000 2527033898710517721763634669493900228497891728562273732860056636341760637427828468379121404982150230189918413033102328339378231715997889670389432608052401231664994117093103441294858094125058629913901501618808518626302024261647959632620352842687383583652760929072803920506383166932718190592.000000000000000000
connection 0 17 -7.088970255688894717 0 0.000000000000000000 2527033898710517721763634669493900228497891728562273732860056636341760637427828468379121404982150230189918413033102328339378231715997889670389432608052401231664994117093103441294858094125058629913901501618808518626302024261647959632620352842687383583652760929072803920506383166932718190592.000000000000000000
connection 0 18 -7.106334064979061615 0 0.000000000000000000 2527033898710517721763634669493900228497891728562273732860056636341760637427828468379121404982150230189918413033102328339378231715997889670389432608052401231664994117093103441294858094125058629913901501618808518626302024261647959632620352842687383583652760929072803920506383166932718190592.000000000000000000
connection 0 19 -6.971709217891134180 0 0.000000000000000000 2527033898710517721763634669493900228497891728562273732860056636341760637427828468379121404982150230189918413033102328339378231715997889670389432608052401231664994117093103441294858094125058629913901501618808518626302024261647959632620352842687383583652760929072803920506383166932718190592.000000000000000000
connection 0 20 -7.010771214910379356 0 0.000000000000000000 2527033898710517721763634669493900228497891728562273732860056636341760637427828468379121404982150230189918413033102328339378231715997889670389432608052401231664994117093103441294858094125058629913901501618808518626302024261647959632620352842687383583652760929072803920506383166932718190592.000000000000000000
connection 0 21 -7.156005642000669908 0 0.000000000000000000 2527033898710517721763634669493900228497891728562273732860056636341760637427828468379121404982150230189918413033102328339378231715997889670389432608052401231664994117093103441294858094125058629913901501618808518626302024261647959632620352842687383583652760929072803920506383166932718190592.000000000000000000
connection 0 22 -7.048397151600734212 0 0.000000000000000000 2527033898710517721763634669493900228497891728562273732860056636341760637427828468379121404982150230189918413033102328339378231715997889670389432608052401231664994117093103441294858094125058629913901501618808518626302024261647959632620352842687383583652760929072803920506383166932718190592.000000000000000000
connection 0 23 -7.084504256821061219 0 0.000000000000000000 2527033898710517721763634669493900228497891728562273732860056636341760637427828468379121404982150230189918413033102328339378231715997889670389432608052401231664994117093103441294858094125058629913901501618808518626302024261647959632620352842687383583652760929072803920506383166932718190592.000000000000000000
connection 1 14 6.779642045942280149 0 0.000000000000000000 2527033898710517721763634669493900228497891728562273732860056636341760637427828468379121404982150230189918413033102328339378231715997889670389432608052401231664994117093103441294858094125058629913901501618808518626302024261647959632620352842687383583652760929072803920506383166932718190592.000000000000000000
connection 1 24 6.846145208932839843 0 0.000000000000000000 2527033898710517721763634669493900228497891728562273732860056636341760637427828468379121404982150230189918413033102328339378231715997889670389432608052401231664994117093103441294858094125058629913901501618808518626302024261647959632620352842687383583652760929072803920506383166932718190592.000000000000000000
connection 1 15 -7.178642132272948118 0 0.000000000000000000 2527033898710517721763634669493900228497891728562273732860056636341760637427828468379121404982150230189918413033102328339378231715997889670389432608052401231664994117093103441294858094125058629913901501618808518626302024261647959632620352842687383583652760929072803920506383166932718190592.000000000000000000
connection 1 17 -7.147113734534563889 0 0.000000000000000000 2527033898710517721763634669493900228497891728562273732860056636341760637427828468379121404982150230189918413033102328339378231715997889670389432608052401231664994117093103441294858094125058629913901501618808518626302024261647959632620352842687383583652760929072803920506383166932718190592.000000000000000000
connection 1 18 -7.163082332351273784 0 0.000000000000000000 2527033898710517721763634669493900228497891728562273732860056636341760637427828468379121404982150230189918413033102328339378231715997889670389432608052401231664994117093103441294858094125058629913901501618808518626302024261647959632620352842687383583652760929072803920506383166932718190592.000000000000000000
connection 1 19 -7.038129836629522629 0 0.000000000000000000 2527033898710517721763634669493900228497891728562273732860056636341760637427828468379121404982150230189918413033102328339378231715997889670389432608052401231664994117093103441294858094125058629913901501618808518626302024261647959632620352842687383583652760929072803920506383166932718190592.000000000000000000
connection 1 20 -7.074664269109259607 0 0.000000000000000000 2527033898710517721763634669493900228497891728562273732860056636341760637427828468379121404982150230189918413033102328339378231715997889670389432608052401231664994117093103441294858094125058629913901501618808518626302024261647959632620352842687383583652760929072803920506383166932718190592.000000000000000000
connection 1 22 -7.109635163675946501 0 0.000000000000000000 2527033898710517721763634669493900228497891728562273732860056636341760637427828468379121404982150230189918413033102328339378231715997889670389432608052401231664994117093103441294858094125058629913901501618808518626302024261647959632620352842687383583652760929072803920506383166932718190592.000000000000000000
connection 1 25 -7.170876390340792383 0 0.000000000000000000 2527033898710517721763634669493900228497891728562273732860056636341760637427828468379121404982150230189918413033102328339378231715997889670389432608052401231664994117093103441294858094125058629913901501618808518626302024261647959632620352842687383583652760929072803920506383166932718190592.000000000000000000
connection 1 26 -7.096686829744455416 0 0.000000000000000000 2527033898710517721763634669493900228497891728562273732860056636341760637427828468379121404982150230189918413033102328339378231715997889670389432608052401231664994117093103441294858094125058629913901501618808518626302024261647959632620352842687383583652760929072803920506383166932718190592.000000000000000000
connection 1 27 -7.113874062592310921 0 0.000000000000000000 2527033898710517721763634669493900228497891728562273732860056636341760637427828468379121404982150230189918413033102328339378231715997889670389432608052401231664994117093103441294858094125058629913901501618808518626302024261647959632620352842687383583652760929072803920506383166932718190592.000000000000000000
connection 2 14 6.724466876651009173 0 0.000000000000000000 2527033898710517721763634669493900228497891728562273732860056636341760637427828468379121404982150230189918413033102328339378231715997889670389432608052401231664994117093103441294858094125058629913901501618808518626302024261647959632620352842687383583652760929072803920506383166932718190592.000000000000000000
connection 2 24 6.788707316671676928 0 0.000000000000000000 2527033898710517721763634669493900228497891728562273732860056636341760637427828468379121404982150230189918413033102328339378231715997889670389432608052401231664994117093103441294858094125058629913901501618808518626302024261647959632620352842687383583652760929072803920506383166932718190592.000000000000000000
connection 2 19 -7.100113247529550975 0 0.000000000000000000 2527033898710517721763634669493900228497891728562273732860056636341760637427828468379121404982150230189918413033102328339378231715997889670389432608052401231664994117093103441294858094125058629913901501618808518626302024261647959632620352842687383583652760929072803920506383166932718190592.000000000000000000
connection 2 20 -7.133925645028960538 0 0.000000000000000000 2527033898710517721763634669493900228497891728562273732860056636341760637427828468379121404982150230189918413033102328339378231715997889670389432608052401231664994117093103441294858094125058629913901501618808518626302024261647959632620352842687383583652760929072803920506383166932718190592.000000000000000000
connection 2 28 -7.192954815070183194 0 0.000000000000000000 2527033898710517721763634669493900228497891728562273732860056636341760637427828468379121404982150230189918413033102328339378231715997889670389432608052401231664994117093103441294858094125058629913901501618808518626302024261647959632620352842687383583652760929072803920506383166932718190592.000000000000000000
connection 2 29 -7.121415332980992829 0 0.000000000000000000 2527033898710517721763634669493900228497891728562273732860056636341760637427828468379121404982150230189918413033102328339378231715997889670389432608052401231664994117093103441294858094125058629913901501618808518626302024261647959632620352842687383583652760929072803920506383166932718190592.000000000000000000
connection 2 30 -7.138018858642561248 0 0.000000000000000000 2527033898710517721763634669493900228497891728562273732860056636341760637427828468379121404982150230189918413033102328339378231715997889670389432608052401231664994117093103441294858094125058629913901501618808518626302024261647959632620352842687383583652760929072803920506383166932718190592.000000000000000000
connection 2 26 -7.154215423050475309 0 0.000000000000000000 2527033898710517721763634669493900228497891728562273732860056636341760637427828468379121404982150230189918413033102328339378231715997889670389432608052401231664994117093103441294858094125058629913901501618808518626302024261647959632620352842687383583652760929072803920506383166932718190592.000000000000000000
connection 2 27 -7.170003554193407957 0 0.000000000000000000 2527033898710517721763634669493900228497891728562273732860056636341760637427828468379121404982150230189918413033102328339378231715997889670389432608052401231664994117093103441294858094125058629913901501618808518626302024261647959632620352842687383583652760929072803920506383166932718190592.000000000000000000
connection 3 14 6.671813951031558609 0 0.000000000000000000 2527033898710517721763634669493900228497891728562273732860056636341760637427828468379121404982150230189918413033102328339378231715997889670389432608052401231664994117093103441294858094125058629913901501618808518626302024261647959632620352842687383583652760929072803920506383166932718190592.000000000000000000
connection 3 24 6.733173788733414433 0 0.000000000000000000 2527033898710517721763634669493900228497891728562273732860056636341760637427828468379121404982150230189918413033102328339378231715997889670389432608052401231664994117093103441294858094125058629913901501618808518626302024261647959632620352842687383583652760929072803920506383166932718190592.000000000000000000
connection 3 19 -7.157366161814650241 0 0.000000000000000000 2527033898710517721763634669493900228497891728562273732860056636341760637427828468379121404982150230189918413033102328339378231715997889670389432608052401231664994117093103441294858094125058629913901501618808518626302024261647959632620352842687383583652760929072803920506383166932718190592.000000000000000000
connection 3 31 -7.214180501414836577 0 0.000000000000000000 2527033898710517721763634669493900228497891728562273732860056636341760637427828468379121404982150230189918413033102328339378231715997889670389432608052401231664994117093103441294858094125058629913901501618808518626302024261647959632620352842687383583652760929072803920506383166932718190592.000000000000000000
connection 3 32 -7.145298174824492143 0 0.000000000000000000 2527033898710517721763634669493900228497891728562273732860056636341760637427828468379121404982150230189918413033102328339378231715997889670389432608052401231664994117093103441294858094125058629913901501618808518626302024261647959632620352842687383583652760929072803920506383166932718190592.000000000000000000
connection 3 33 -7.161312563728310820 0 0.000000000000000000 2527033898710517721763634669493900228497891728562273732860056636341760637427828468379121404982150230189918413033102328339378231715997889670389432608052401231664994117093103441294858094125058629913901501618808518626302024261647959632620352842687383583652760929072803920506383166932718190592.000000000000000000
connection 3 29 -7.176918202557490467 0 0.000000000000000000 2527033898710517721763634669493900228497891728562273732860056636341760637427828468379121404982150230189918413033102328339378231715997889670389432608052401231664994117093103441294858094125058629913901501618808518626302024261647959632620352842687383583652760929072803920506383166932718190592.000000000000000000
connection 3 30 -7.192115098946824325 0 0.000000000000000000 2527033898710517721763634669493900228497891728562273732860056636341760637427828468379121404982150230189918413033102328339378231715997889670389432608052401231664994117093103441294858094125058629913901501618808518626302024261647959632620352842687383583652760929072803920506383166932718190592.000000000000000000
connection 3 26 -7.206904191748336075 0 0.000000000000000000 2527033898710517721763634669493900228497891728562273732860056636341760637427828468379121404982150230189918413033102328339378231715997889670389432608052401231664994117093103441294858094125058629913901501618808518626302024261647959632620352842687383583652760929072803920506383166932718190592.000000000000000000
connection 3 27 -7.221287277847286745 0 0.000000000000000000 2527033898710517721763634669493900228497891728562273732860056636341760637427828468379121404982150230189918413033102328339378231715997889670389432608052401231664994117093103441294858094125058629913901501618808518626302024261647959632620352842687383583652760929072803920506383166932718190592.000000000000000000
connection 4 14 6.622118899811588300 0 0.000000000000000000 2527033898710517721763634669493900228497891728562273732860056636341760637427828468379121404982150230189918413033102328339378231715997889670389432608052401231664994117093103441294858094125058629913901501618808518626302024261647959632620352842687383583652760929072803920506383166932718190592.000000000000000000
connection 4 24 6.680083781675977050 0 0.000000000000000000 2527033898710517721763634669493900228497891728562273732860056636341760637427828468379121404982150230189918413033102328339378231715997889670389432608052401231664994117093103441294858094125058629913901501618808518626302024261647959632620352842687383583652760929072803920506383166932718190592.000000000000000000
connection 4 34 -7.234559542811454413 0 0.000000000000000000 2527033898710517721763634669493900228497891728562273732860056636341760637427828468379121404982150230189918413033102328339378231715997889670389432608052401231664994117093103441294858094125058629913901501618808518626302024261647959632620352842687383583652760929072803920506383166932718190592.000000000000000000
connection 4 35 -7.168328265834293944 0 0.000000000000000000 2527033898710517721763634669493900228497891728562273732860056636341760637427828468379121404982150230189918413033102328339378231715997889670389432608052401231664994117093103441294858094125058629913901501618808518626302024261647959632620352842687383583652760929072803920506383166932718190592.000000000000000000
connection 4 36 -7.183751414866534901 0 0.000000000000000000 2527033898710517721763634669493900228497891728562273732860056636341760637427828468379121404982150230189918413033102328339378231715997889670389432608052401231664994117093103441294858094125058629913901501618808518626302024261647959632620352842687383583652760929072803920506383166932718190592.000000000000000000
connection 4 32 -7.198766129833216176 0 0.000000000000000000 2527033898710517721763634669493900228497891728562273732860056636341760637427828468379121404982150230189918413033102328339378231715997889670389432608052401231664994117093103441294858094125058629913901501618808518626302024261647959632620352842687383583652760929072803920506383166932718190592.000000000000000000
connection 4 33 -7.213373741476752699 0 0.000000000000000000 2527033898710517721763634669493900228497891728562273732860056636341760637427828468379121404982150230189918413033102328339378231715997889670389432608052401231664994117093103441294858094125058629913901501618808518626302024261647959632620352842687383583652760929072803920506383166932718190592.000000000000000000
connection 5 14 6.575718050545830806 0 0.000000000000000000 2527033898710517721763634669493900228497891728562273732860056636341760637427828468379121404982150230189918413033102328339378231715997889670389432608052401231664994117093103441294858094125058629913901501618808518626302024261647959632620352842687383583652760929072803920506383166932718190592.000000000000000000
connection 5 24 6.629888193323781209 0 0.000000000000000000 2527033898710517721763634669493900228497891728562273732860056636341760637427828468379121404982150230189918413033102328339378231715997889670389432608052401231664994117093103441294858094125058629913901501618808518626302024261647959632620352842687383583652760929072803920506383166932718190592.000000000000000000
connection 6 14 6.532845277895901859 0 0.000000000000000000 2527033898710517721763634669493900228497891728562273732860056636341760637427828468379121404982150230189918413033102328339378231715997889670389432608052401231664994117093103441294858094125058629913901501618808518626302024261647959632620352842687383583652760929072803920506383166932718190592.000000000000000000
connection 6 24 6.582939667618699531 0 0.000000000000000000 2527033898710517721763634669493900228497891728562273732860056636341760637427828468379121404982150230189918413033102328339378231715997889670389432608052401231664994117093103441294858094125058629913901501618808518626302024261647959632620352842687383583652760929072803920506383166932718190592.000000000000000000
connection 7 14 6.493634267604495136 0 0.000000000000000000 2527033898710517721763634669493900228497891728562273732860056636341760637427828468379121404982150230189918413033102328339378231715997889670389432608052401231664994117093103441294858094125058629913901501618808518626302024261647959632620352842687383583652760929072803920506383166932718190592.000000000000000000
connection 7 24 6.539488518893628921 0 0.000000000000000000 2527033898710517721763634669493900228497891728562273732860056636341760637427828468379121404982150230189918413033102328339378231715997889670389432608052401231664994117093103441294858094125058629913901501618808518626302024261647959632620352842687383583652760929072803920506383166932718190592.000000000000000000
connection 8 14 6.458125336833258068 0 0.000000000000000000 2527033898710517721763634669493900228497891728562273732860056636341760637427828468379121404982150230189918413033102328339378231715997889670389432608052401231664994117093103441294858094125058629913901501618808518626302024261647959632620352842687383583652760929072803920506383166932718190592.000000000000000000
connection 8 24 6.499684175702697075 0 0.000000000000000000 2527033898710517721763634669493900228497891728562273732860056636341760637427828468379121404982150230189918413033102328339378231715997889670389432608052401231664994117093103441294858094125058629913901501618808518626302024261647959632620352842687383583652760929072803920506383166932718190592.000000000000000000
connection 8 37 6.683453939195034721 0 0.000000000000000000 2527033898710517721763634669493900228497891728562273732860056636341760637427828468379121404982150230189918413033102328339378231715997889670389432608052401231664994117093103441294858094125058629913901501618808518626302024261647959632620352842687383583652760929072803920506383166932718190592.000000000000000000
connection 9 14 6.426275723146845031 0 0.000000000000000000 2527033898710517721763634669493900228497891728562273732860056636341760637427828468379121404982150230189918413033102328339378231715997889670389432608052401231664994117093103441294858094125058629913901501618808518626302024261647959632620352842687383583652760929072803920506383166932718190592.000000000000000000
connection 9 24 6.463581338331075621 0 0.000000000000000000 2527033898710517721763634669493900228497891728562273732860056636341760637427828468379121404982150230189918413033102328339378231715997889670389432608052401231664994117093103441294858094125058629913901501618808518626302024261647959632620352842687383583652760929072803920506383166932718190592.000000000000000000
connection 9 37 6.633058232990491909 0 0.000000000000000000 2527033898710517721763634669493900228497891728562273732860056636341760637427828468379121404982150230189918413033102328339378231715997889670389432608052401231664994117093103441294858094125058629913901501618808518626302024261647959632620352842687383583652760929072803920506383166932718190592.000000000000000000
connection 14 24 -7.290218010485446598 0 0.000000000000000000 2527033898710517721763634669493900228497891728562273732860056636341760637427828468379121404982150230189918413033102328339378231715997889670389432608052401231664994117093103441294858094125058629913901501618808518626302024261647959632620352842687383583652760929072803920506383166932718190592.000000000000000000
connection 14 15 -7.368097590122427043 0 0.000000000000000000 2527033898710517721763634669493900228497891728562273732860056636341760637427828468379121404982150230189918413033102328339378231715997889670389432608052401231664994117093103441294858094125058629913901501618808518626302024261647959632620352842687383583652760929072803920506383166932718190592.000000000000000000
connection 14 19 -6.834680418332420793 0 0.000000000000000000 2527033898710517721763634669493900228497891728562273732860056636341760637427828468379121404982150230189918413033102328339378231715997889670389432608052401231664994117093103441294858094125058629913901501618808518626302024261647959632620352842687383583652760929072803920506383166932718190592.000000000000000000
connection 14 31 -7.358374757513103326 0 0.000000000000000000 2527033898710517721763634669493900228497891728562273732860056636341760637427828468379121404982150230189918413033102328339378231715997889670389432608052401231664994117093103441294858094125058629913901501618808518626302024261647959632620352842687383583652760929072803920506383166932718190592.000000000000000000
connection 15 24 -7.474639530293105238 0 0.000000000000000000 2527033898710517721763634669493900228497891728562273732860056636341760637427828468379121404982150230189918413033102328339378231715997889670389432608052401231664994117093103441294858094125058629913901501618808518626302024261647959632620352842687383583652760929072803920506383166932718190592.000000000000000000
connection 15 44 -7.450273263523358835 0 0.000000000000000000 2527033898710517721763634669493900228497891728562273732860056636341760637427828468379121404982150230189918413033102328339378231715997889670389432608052401231664994117093103441294858094125058629913901501618808518626302024261647959632620352842687383583652760929072803920506383166932718190592.000000000000000000
connection 34 24 -7.514735099327294776 0 0.000000000000000000 2527033898710517721763634669493900228497891728562273732860056636341760637427828468379121404982150230189918413033102328339378231715997889670389432608052401231664994117093103441294858094125058629913901501618808518626302024261647959632620352842687383583652760929072803920506383166932718190592.000000000000000000
connection 34 44 -7.497340391042204288 0 0.000000000000000000 2527033898710517721763634669493900228497891728562273732860056636341760637427828468379121404982150230189918413033102328339378231715997889670389432608052401231664994117093103441294858094125058629913901501618808518626302024261647959632620352842687383583652760929072803920506383166932718190592.000000000000000000
connection 16 24 -7.461337078521887101 0 0.000000000000000000 2527033898710517721763634669493900228497891728562273732860056636341760637427828468379121404982150230189918413033102328339378231715997889670389432608052401231664994117093103441294858094125058629913901501618808518626302024261647959632620352842687383583652760929072803920506383166932718190592.000000000000000000
connection 16 44 -7.434759053204854418 0 0.000000000000000000 2527033898710517721763634669493900228497891728562273732860056636341760637427828468379121404982150230189918413033102328339378231715997889670389432608052401231664994117093103441294858094125058629913901501618808518626302024261647959632620352842687383583652760929072803920506383166932718190592.000000000000000000
connection 18 24 -7.486807079041621016 0 0.000000000000000000 2527033898710517721763634669493900228497891728562273732860056636341760637427828468379121404982150230189918413033102328339378231715997889670389432608052401231664994117093103441294858094125058629913901501618808518626302024261647959632620352842687383583652760929072803920506383166932718190592.000000000000000000
connection 18 44 -7.464505105588469469 0 0.000000000000000000 2527033898710517721763634669493900228497891728562273732860056636341760637427828468379121404982150230189918413033102328339378231715997889670389432608052401231664994117093103441294858094125058629913901501618808518626302024261647959632620352842687383583652760929072803920506383166932718190592.000000000000000000
connection 29 24 -7.491717985755450115 0 0.000000000000000000 2527033898710517721763634669493900228497891728562273732860056636341760637427828468379121404982150230189918413033102328339378231715997889670389432608052401231664994117093103441294858094125058629913901501618808518626302024261647959632620352842687383583652760929072803920506383166932718190592.000000000000000000
connection 29 44 -7.470261067591491333 0 0.000000000000000000 2527033898710517721763634669493900228497891728562273732860056636341760637427828468379121404982150230189918413033102328339378231715997889670389432608052401231664994117093103441294858094125058629913901501618808518626302024261647959632620352842687383583652760929072803920506383166932718190592.000000000000000000
connection 29 22 -7.593191093577971174 0 0.000000000000000000 2527033898710517721763634669493900228497891728562273732860056636341760637427828468379121404982150230189918413033102328339378231715997889670389432608052401231664994117093103441294858094125058629913901501618808518626302024261647959632620352842687383583652760929072803920506383166932718190592.000000000000000000
connection 19 24 -7.517911337416260054 0 0.000000000000000000 2527033898710517721763634669493900228497891728562273732860056636341760637427828468379121404982150230189918413033102328339378231715997889670389432608052401231664994117093103441294858094125058629913901501618808518626302024261647959632620352842687383583652760929072803920506383166932718190592.000000000000000000
connection 19 44 -7.501091702237401293 0 0.000000000000000000 2527033898710517721763634669493900228497891728562273732860056636341760637427828468379121404982150230189918413033102328339378231715997889670389432608052401231664994117093103441294858094125058629913901501618808518626302024261647959632620352842687383583652760929072803920506383166932718190592.000000000000000000
connection 24 56 -7.092651205632835243 0 0.000000000000000000 2527033898710517721763634669493900228497891728562273732860056636341760637427828468379121404982150230189918413033102328339378231715997889670389432608052401231664994117093103441294858094125058629913901501618808518626302024261647959632620352842687383583652760929072803920506383166932718190592.000000000000000000
connection 24 34 -6.809358486393921162 0 0.000000000000000000 2527033898710517721763634669493900228497891728562273732860056636341760637427828468379121404982150230189918413033102328339378231715997889670389432608052401231664994117093103441294858094125058629913901501618808518626302024261647959632620352842687383583652760929072803920506383166932718190592.000000000000000000
connection 24 35 -6.787441955854920828 0 0.000000000000000000 2527033898710517721763634669493900228497891728562273732860056636341760637427828468379121404982150230189918413033102328339378231715997889670389432608052401231664994117093103441294858094125058629913901501618808518626302024261647959632620352842687383583652760929072803920506383166932718190592.000000000000000000
connection 17 24 -7.497918634442871877 0 0.000000000000000000 2527033898710517721763634669493900228497891728562273732860056636341760637427828468379121404982150230189918413033102328339378231715997889670389432608052401231664994117093103441294858094125058629913901501618808518626302024261647959632620352842687383583652760929072803920506383166932718190592.000000000000000000
connection 17 15 -7.527138893846437639 0 0.000000000000000000 2527033898710517721763634669493900228497891728562273732860056636341760637427828468379121404982150230189918413033102328339378231715997889670389432608052401231664994117093103441294858094125058629913901501618808518626302024261647959632620352842687383583652760929072803920506383166932718190592.000000000000000000
connection 17 19 -7.285220082510541317 0 0.000000000000000000 2527033898710517721763634669493900228497891728562273732860056636341760637427828468379121404982150230189918413033102328339378231715997889670389432608052401231664994117093103441294858094125058629913901501618808518626302024261647959632620352842687383583652760929072803920506383166932718190592.000000000000000000
connection 17 31 -7.523595667404376464 0 0.000000000000000000 2527033898710517721763634669493900228497891728562273732860056636341760637427828468379121404982150230189918413033102328339378231715997889670389432608052401231664994117093103441294858094125058629913901501618808518626302024261647959632620352842687383583652760929072803920506383166932718190592.000000000000000000
connection 17 32 -7.519897294437023483 0 0.000000000000000000 2527033898710517721763634669493900228497891728562273732860056636341760637427828468379121404982150230189918413033102328339378231715997889670389432608052401231664994117093103441294858094125058629913901501618808518626302024261647959632620352842687383583652760929072803920506383166932718190592.000000000000000000
connection 37 24 -7.436809932705242154 0 0.000000000000000000 2527033898710517721763634669493900228497891728562273732860056636341760637427828468379121404982150230189918413033102328339378231715997889670389432608052401231664994117093103441294858094125058629913901501618808518626302024261647959632620352842687383583652760929072803920506383166932718190592.000000000000000000
connection 37 44 -7.406267437498033068 0 0.000000000000000000 2527033898710517721763634669493900228497891728562273732860056636341760637427828468379121404982150230189918413033102328339378231715997889670389432608052401231664994117093103441294858094125058629913901501618808518626302024261647959632620352842687383583652760929072803920506383166932718190592.000000000000000000
connection 37 28 -7.584440568003611105 0 0.000000000000000000 2527033898710517721763634669493900228497891728562273732860056636341760637427828468379121404982150230189918413033102328339378231715997889670389432608052401231664994117093103441294858094125058629913901501618808518626302024261647959632620352842687383583652760929072803920506383166932718190592.000000000000000000
connection 37 29 -7.583669451051060939 0 0.000000000000000000 2527033898710517721763634669493900228497891728562273732860056636341760637427828468379121404982150230189918413033102328339378231715997889670389432608052401231664994117093103441294858094125058629913901501618808518626302024261647959632620352842687383583652760929072803920506383166932718190592.000000000000000000
connection 20 24 -7.498690878169320229 0 0.000000000000000000 2527033898710517721763634669493900228497891728562273732860056636341760637427828468379121404982150230189918413033102328339378231715997889670389432608052401231664994117093103441294858094125058629913901501618808518626302024261647959632620352842687383583652760929072803920506383166932718190592.000000000000000000
connection 20 44 -7.478446301224940918 0 0.000000000000000000 2527033898710517721763634669493900228497891728562273732860056636341760637427828468379121404982150230189918413033102328339378231715997889670389432608052401231664994117093103441294858094125058629913901501618808518626302024261647959632620352842687383583652760929072803920506383166932718190592.000000000000000000
connection 20 21 -7.590834974943593494 0 0.000000000000000000 2527033898710517721763634669493900228497891728562273732860056636341760637427828468379121404982150230189918413033102328339378231715997889670389432608052401231664994117093103441294858094125058629913901501618808518626302024261647959632620352842687383583652760929072803920506383166932718190592.000000000000000000
connection 20 28 -7.590440898355402588 0 0.000000000000000000 2527033898710517721763634669493900228497891728562273732860056636341760637427828468379121404982150230189918413033102328339378231715997889670389432608052401231664994117093103441294858094125058629913901501618808518626302024261647959632620352842687383583652760929072803920506383166932718190592.000000000000000000
connection 20 29 -7.590022439325471382 0 0.000000000000000000 2527033898710517721763634669493900228497891728562273732860056636341760637427828468379121404982150230189918413033102328339378231715997889670389432608052401231664994117093103441294858094125058629913901501618808518626302024261647959632620352842687383583652760929072803920506383166932718190592.000000000000000000
connection 21 24 -7.446817527161217143 0 0.000000000000000000 2527033898710517721763634669493900228497891728562273732860056636341760637427828468379121404982150230189918413033102328339378231715997889670389432608052401231664994117093103441294858094125058629913901501618808518626302024261647959632620352842687383583652760929072803920506383166932718190592.000000000000000000
connection 21 44 -7.417875515754367655 0 0.000000000000000000 2527033898710517721763634669493900228497891728562273732860056636341760637427828468379121404982150230189918413033102328339378231715997889670389432608052401231664994117093103441294858094125058629913901501618808518626302024261647959632620352842687383583652760929072803920506383166932718190592.000000000000000000
connection 22 24 -7.475565660365562692 0 0.000000000000000000 2527033898710517721763634669493900228497891728562273732860056636341760637427828468379121404982150230189918413033102328339378231715997889670389432608052401231664994117093103441294858094125058629913901501618808518626302024261647959632620352842687383583652760929072803920506383166932718190592.000000000000000000
connection 22 44 -7.451355092977054895 0 0.000000000000000000 2527033898710517721763634669493900228497891728562273732860056636341760637427828468379121404982150230189918413033102328339378231715997889670389432608052401231664994117093103441294858094125058629913901501618808518626302024261647959632620352842687383583652760929072803920506383166932718190592.000000000000000000
connection 22 28 -7.588335682168048102 0 0.000000000000000000 2527033898710517721763634669493900228497891728562273732860056636341760637427828468379121404982150230189918413033102328339378231715997889670389432608052401231664994117093103441294858094125058629913901501618808518626302024261647959632620352842687383583652760929072803920506383166932718190592.000000000000000000
connection 22 29 -7.587789933698550371 0 0.000000000000000000 2527033898710517721763634669493900228497891728562273732860056636341760637427828468379121404982150230189918413033102328339378231715997889670389432608052401231664994117093103441294858094125058629913901501618808518626302024261647959632620352842687383583652760929072803920506383166932718190592.000000000000000000
connection 23 14 -7.595714164590561701 0 0.000000000000000000 2527033898710517721763634669493900228497891728562273732860056636341760637427828468379121404982150230189918413033102328339378231715997889670389432608052401231664994117093103441294858094125058629913901501618808518626302024261647959632620352842687383583652760929072803920506383166932718190592.000000000000000000
connection 23 24 -7.447921034480264879 0 0.000000000000000000 2527033898710517721763634669493900228497891728562273732860056636341760637427828468379121404982150230189918413033102328339378231715997889670389432608052401231664994117093103441294858094125058629913901501618808518626302024261647959632620352842687383583652760929072803920506383166932718190592.000000000000000000
connection 23 44 -7.419156922924449837 0 0.000000000000000000 2527033898710517721763634669493900228497891728562273732860056636341760637427828468379121404982150230189918413033102328339378231715997889670389432608052401231664994117093103441294858094125058629913901501618808518626302024261647959632620352842687383583652760929072803920506383166932718190592.000000000000000000
connection 23 22 -7.590897559643082104 0 0.000000000000000000 2527033898710517721763634669493900228497891728562273732860056636341760637427828468379121404982150230189918413033102328339378231715997889670389432608052401231664994117093103441294858094125058629913901501618808518626302024261647959632620352842687383583652760929072803920506383166932718190592.000000000000000000
connection 35 24 -7.529019320847460506 0 0.000000000000000000 2527033898710517721763634669493900228497891728562273732860056636341760637427828468379121404982150230189918413033102328339378231715997889670389432608052401231664994117093103441294858094125058629913901501618808518626302024261647959632620352842687383583652760929072803920506383166932718190592.000000000000000000
connection 35 44 -7.514242747958143731 0 0.000000000000000000 2527033898710517721763634669493900228497891728562273732860056636341760637427828468379121404982150230189918413033102328339378231715997889670389432608052401231664994117093103441294858094125058629913901501618808518626302024261647959632620352842687383583652760929072803920506383166932718190592.000000000000000000
connection 25 24 -7.442450349804733634 0 0.000000000000000000 2527033898710517721763634669493900228497891728562273732860056636341760637427828468379121404982150230189918413033102328339378231715997889670389432608052401231664994117093103441294858094125058629913901501618808518626302024261647959632620352842687383583652760929072803920506383166932718190592.000000000000000000
connection 25 44 -7.412807075417256364 0 0.000000000000000000 2527033898710517721763634669493900228497891728562273732860056636341760637427828468379121404982150230189918413033102328339378231715997889670389432608052401231664994117093103441294858094125058629913901501618808518626302024261647959632620352842687383583652760929072803920506383166932718190592.000000000000000000
connection 25 22 -7.590583950936285795 0 0.000000000000000000 2527033898710517721763634669493900228497891728562273732860056636341760637427828468379121404982150230189918413033102328339378231715997889670389432608052401231664994117093103441294858094125058629913901501618808518626302024261647959632620352842687383583652760929072803920506383166932718190592.000000000000000000
connection 26 14 -7.595891352026339582 0 0.000000000000000000 2527033898710517721763634669493900228497891728562273732860056636341760637427828468379121404982150230189918413033102328339378231715997889670389432608052401231664994117093103441294858094125058629913901501618808518626302024261647959632620352842687383583652760929072803920506383166932718190592.000000000000000000
connection 26 24 -7.467211004956760156 0 0.000000000000000000 2527033898710517721763634669493900228497891728562273732860056636341760637427828468379121404982150230189918413033102328339378231715997889670389432608052401231664994117093103441294858094125058629913901501618808518626302024261647959632620352842687383583652760929072803920506383166932718190592.000000000000000000
connection 26 44 -7.441604027215925399 0 0.000000000000000000 2527033898710517721763634669493900228497891728562273732860056636341760637427828468379121404982150230189918413033102328339378231715997889670389432608052401231664994117093103441294858094125058629913901501618808518626302024261647959632620352842687383583652760929072803920506383166932718190592.000000000000000000
connection 26 22 -7.591956773369037847 0 0.000000000000000000 2527033898710517721763634669493900228497891728562273732860056636341760637427828468379121404982150230189918413033102328339378231715997889670389432608052401231664994117093103441294858094125058629913901501618808518626302024261647959632620352842687383583652760929072803920506383166932718190592.000000000000000000
connection 27 14 -7.595764821642747577 0 0.000000000000000000 2527033898710517721763634669493900228497891728562273732860056636341760637427828468379121404982150230189918413033102328339378231715997889670389432608052401231664994117093103441294858094125058629913901501618808518626302024261647959632620352842687383583652760929072803920506383166932718190592.000000000000000000
connection 27 44 -7.425321076178295066 0 0.000000000000000000 2527033898710517721763634669493900228497891728562273732860056636341760637427828468379121404982150230189918413033102328339378231715997889670389432608052401231664994117093103441294858094125058629913901501618808518626302024261647959632620352842687383583652760929072803920506383166932718190592.000000000000000000
connection 27 22 -7.591196178917114956 0 0.000000000000000000 2527033898710517721763634669493900228497891728562273732860056636341760637427828468379121404982150230189918413033102328339378231715997889670389432608052401231664994117093103441294858094125058629913901501618808518626302024261647959632620352842687383583652760929072803920506383166932718190592.000000000000000000
connection 27 25 -7.596066641992643476 0 0.000000000000000000 2527033898710517721763634669493900228497891728562273732860056636341760637427828468379121404982150230189918413033102328339378231715997889670389432608052401231664994117093103441294858094125058629913901501618808518626302024261647959632620352842687383583652760929072803920506383166932718190592.000000000000000000
connection 27 26 -7.596027064152551134 0 0.000000000000000000 2527033898710517721763634669493900228497891728562273732860056636341760637427828468379121404982150230189918413033102328339378231715997889670389432608052401231664994117093103441294858094125058629913901501618808518626302024261647959632620352842687383583652760929072803920506383166932718190592.000000000000000000
connection 28 24 -7.470972167914539774 0 0.000000000000000000 2527033898710517721763634669493900228497891728562273732860056636341760637427828468379121404982150230189918413033102328339378231715997889670389432608052401231664994117093103441294858094125058629913901501618808518626302024261647959632620352842687383583652760929072803920506383166932718190592.000000000000000000
connection 28 44 -7.445991580959008260 0 0.000000000000000000 2527033898710517721763634669493900228497891728562273732860056636341760637427828468379121404982150230189918413033102328339378231715997889670389432608052401231664994117093103441294858094125058629913901501618808518626302024261647959632620352842687383583652760929072803920506383166932718190592.000000000000000000
connection 28 21 -7.588436672787840287 0 0.000000000000000000 2527033898710517721763634669493900228497891728562273732860056636341760637427828468379121404982150230189918413033102328339378231715997889670389432608052401231664994117093103441294858094125058629913901501618808518626302024261647959632620352842687383583652760929072803920506383166932718190592.000000000000000000
connection 28 28 -7.587896928764961579 0 0.000000000000000000 2527033898710517721763634669493900228497891728562273732860056636341760637427828468379121404982150230189918413033102328339378231715997889670389432608052401231664994117093103441294858094125058629913901501618808518626302024261647959632620352842687383583652760929072803920506383166932718190592.000000000000000000
connection 28 29 -7.587325200685362425 0 0.000000000000000000 2527033898710517721763634669493900228497891728562273732860056636341760637427828468379121404982150230189918413033102328339378231715997889670389432608052401231664994117093103441294858094125058629913901501618808518626302024261647959632620352842687383583652760929072803920506383166932718190592.000000000000000000
connection 30 14 -7.595998151491845540 0 0.000000000000000000 2527033898710517721763634669493900228497891728562273732860056636341760637427828468379121404982150230189918413033102328339378231715997889670389432608052401231664994117093103441294858094125058629913901501618808518626302024261647959632620352842687383583652760929072803920506383166932718190592.000000000000000000
connection 30 24 -7.480014742678986472 0 0.000000000000000000 2527033898710517721763634669493900228497891728562273732860056636341760637427828468379121404982150230189918413033102328339378231715997889670389432608052401231664994117093103441294858094125058629913901501618808518626302024261647959632620352842687383583652760929072803920506383166932718190592.000000000000000000
connection 30 44 -7.456555370757943280 0 0.000000000000000000 2527033898710517721763634669493900228497891728562273732860056636341760637427828468379121404982150230189918413033102328339378231715997889670389432608052401231664994117093103441294858094125058629913901501618808518626302024261647959632620352842687383583652760929072803920506383166932718190592.000000000000000000
connection 30 22 -7.592617874432727731 0 0.000000000000000000 2527033898710517721763634669493900228497891728562273732860056636341760637427828468379121404982150230189918413033102328339378231715997889670389432608052401231664994117093103441294858094125058629913901501618808518626302024261647959632620352842687383583652760929072803920506383166932718190592.000000000000000000
connection 31 24 -7.494858878335402430 0 0.000000000000000000 2527033898710517721763634669493900228497891728562273732860056636341760637427828468379121404982150230189918413033102328339378231715997889670389432608052401231664994117093103441294858094125058629913901501618808518626302024261647959632620352842687383583652760929072803920506383166932718190592.000000000000000000
connection 31 44 -7.473946201303296455 0 0.000000000000000000 2527033898710517721763634669493900228497891728562273732860056636341760637427828468379121404982150230189918413033102328339378231715997889670389432608052401231664994117093103441294858094125058629913901501618808518626302024261647959632620352842687383583652760929072803920506383166932718190592.000000000000000000
connection 32 24 -7.512129003187570042 0 0.000000000000000000 2527033898710517721763634669493900228497891728562273732860056636341760637427828468379121404982150230189918413033102328339378231715997889670389432608052401231664994117093103441294858094125058629913901501618808518626302024261647959632620352842687383583652760929072803920506383166932718190592.000000000000000000
connection 32 44 -7.494265270094421005 0 0.000000000000000000 2527033898710517721763634669493900228497891728562273732860056636341760637427828468379121404982150230189918413033102328339378231715997889670389432608052401231664994117093103441294858094125058629913901501618808518626302024261647959632620352842687383583652760929072803920506383166932718190592.000000000000000000
connection 32 21 -7.591904915687162969 0 0.000000000000000000 2527033898710517721763634669493900228497891728562273732860056636341760637427828468379121404982150230189918413033102328339378231715997889670389432608052401231664994117093103441294858094125058629913901501618808518626302024261647959632620352842687383583652760929072803920506383166932718190592.000000000000000000
connection 32 28 -7.591578105263211640 0 0.000000000000000000 2527033898710517721763634669493900228497891728562273732860056636341760637427828468379121404982150230189918413033102328339378231715997889670389432608052401231664994117093103441294858094125058629913901501618808518626302024261647959632620352842687383583652760929072803920506383166932718190592.000000000000000000
connection 32 29 -7.591230571519488990 0 0.000000000000000000 2527033898710517721763634669493900228497891728562273732860056636341760637427828468379121404982150230189918413033102328339378231715997889670389432608052401231664994117093103441294858094125058629913901501618808518626302024261647959632620352842687383583652760929072803920506383166932718190592.000000000000000000
connection 33 24 -7.502398142560918082 0 0.000000000000000000 2527033898710517721763634669493900228497891728562273732860056636341760637427828468379121404982150230189918413033102328339378231715997889670389432608052401231664994117093103441294858094125058629913901501618808518626302024261647959632620352842687383583652760929072803920506383166932718190592.000000000000000000
connection 33 44 -7.482804347807435974 0 0.000000000000000000 2527033898710517721763634669493900228497891728562273732860056636341760637427828468379121404982150230189918413033102328339378231715997889670389432608052401231664994117093103441294858094125058629913901501618808518626302024261647959632620352842687383583652760929072803920506383166932718190592.000000000000000000
connection 33 28 -7.590761314449911978 0 0.000000000000000000 2527033898710517721763634669493900228497891728562273732860056636341760637427828468379121404982150230189918413033102328339378231715997889670389432608052401231664994117093103441294858094125058629913901501618808518626302024261647959632620352842687383583652760929072803920506383166932718190592.000000000000000000
connection 33 29 -7.590362665309763557 0 0.000000000000000000 2527033898710517721763634669493900228497891728562273732860056636341760637427828468379121404982150230189918413033102328339378231715997889670389432608052401231664994117093103441294858094125058629913901501618808518626302024261647959632620352842687383583652760929072803920506383166932718190592.000000000000000000
connection 36 24 -7.520980629543006835 0 0.000000000000000000 2527033898710517721763634669493900228497891728562273732860056636341760637427828468379121404982150230189918413033102328339378231715997889670389432608052401231664994117093103441294858094125058629913901501618808518626302024261647959632620352842687383583652760929072803920506383166932718190592.000000000000000000
connection 36 44 -7.504720424053617833 0 0.000000000000000000 2527033898710517721763634669493900228497891728562273732860056636341760637427828468379121404982150230189918413033102328339378231715997889670389432608052401231664994117093103441294858094125058629913901501618808518626302024261647959632620352842687383583652760929072803920506383166932718190592.000000000000000000
connection 36 21 -7.592572852467432298 0 0.000000000000000000 2527033898710517721763634669493900228497891728562273732860056636341760637427828468379121404982150230189918413033102328339378231715997889670389432608052401231664994117093103441294858094125058629913901501618808518626302024261647959632620352842687383583652760929072803920506383166932718190592.000000000000000000
connection 36 28 -7.592288941059903706 0 0.000000000000000000 2527033898710517721763634669493900228497891728562273732860056636341760637427828468379121404982150230189918413033102328339378231715997889670389432608052401231664994117093103441294858094125058629913901501618808518626302024261647959632620352842687383583652760929072803920506383166932718190592.000000000000000000
connection 14 10 -6.520160442836740344 0 0.000000000000000000 2527033898710517721763634669493900228497891728562273732860056636341760637427828468379121404982150230189918413033102328339378231715997889670389432608052401231664994117093103441294858094125058629913901501618808518626302024261647959632620352842687383583652760929072803920506383166932718190592.000000000000000000
connection 24 10 -6.716504007287739775 0 0.000000000000000000 2527033898710517721763634669493900228497891728562273732860056636341760637427828468379121404982150230189918413033102328339378231715997889670389432608052401231664994117093103441294858094125058629913901501618808518626302024261647959632620352842687383583652760929072803920506383166932718190592.000000000000000000
connection 14 11 -6.466711055275338182 0 0.000000000000000000 2527033898710517721763634669493900228497891728562273732860056636341760637427828468379121404982150230189918413033102328339378231715997889670389432608052401231664994117093103441294858094125058629913901501618808518626302024261647959632620352842687383583652760929072803920506383166932718190592.000000000000000000
connection 24 11 -6.657334240345300636 0 0.000000000000000000 2527033898710517721763634669493900228497891728562273732860056636341760637427828468379121404982150230189918413033102328339378231715997889670389432608052401231664994117093103441294858094125058629913901501618808518626302024261647959632620352842687383583652760929072803920506383166932718190592.000000000000000000
connection 44 11 -6.989351107475053837 0 0.000000000000000000 2527033898710517721763634669493900228497891728562273732860056636341760637427828468379121404982150230189918413033102328339378231715997889670389432608052401231664994117093103441294858094125058629913901501618808518626302024261647959632620352842687383583652760929072803920506383166932718190592.000000000000000000
connection 14 12 -6.416922757339502681 0 0.000000000000000000 2527033898710517721763634669493900228497891728562273732860056636341760637427828468379121404982150230189918413033102328339378231715997889670389432608052401231664994117093103441294858094125058629913901501618808518626302024261647959632620352842687383583652760929072803920506383166932718190592.000000000000000000
connection 24 12 -6.598828324842441972 0 0.000000000000000000 2527033898710517721763634669493900228497891728562273732860056636341760637427828468379121404982150230189918413033102328339378231715997889670389432608052401231664994117093103441294858094125058629913901501618808518626302024261647959632620352842687383583652760929072803920506383166932718190592.000000000000000000
connection 44 12 -6.935984340949069349 0 0.000000000000000000 2527033898710517721763634669493900228497891728562273732860056636341760637427828468379121404982150230189918413033102328339378231715997889670389432608052401231664994117093103441294858094125058629913901501618808518626302024261647959632620352842687383583652760929072803920506383166932718190592.000000000000000000
connection 14 13 -6.371710019805940206 0 0.000000000000000000 2527033898710517721763634669493900228497891728562273732860056636341760637427828468379121404982150230189918413033102328339378231715997889670389432608052401231664994117093103441294858094125058629913901501618808518626302024261647959632620352842687383583652760929072803920506383166932718190592.000000000000000000
connection 56 13 -6.675140631531318647 0 0.000000000000000000 2527033898710517721763634669493900228497891728562273732860056636341760637427828468379121404982150230189918413033102328339378231715997889670389432608052401231664994117093103441294858094125058629913901501618808518626302024261647959632620352842687383583652760929072803920506383166932718190592.000000000000000000
connection 44 13 -6.880475521456006049 0 0.000000000000000000 2527033898710517721763634669493900228497891728562273732860056636341760637427828468379121404982150230189918413033102328339378231715997889670389432608052401231664994117093103441294858094125058629913901501618808518626302024261647959632620352842687383583652760929072803920506383166932718190592.000000000000000000
connection 37 13 -6.682464980641571906 0 0.000000000000000000 2527033898710517721763634669493900228497891728562273732860056636341760637427828468379121404982150230189918413033102328339378231715997889670389432608052401231664994117093103441294858094125058629913901501618808518626302024261647959632620352842687383583652760929072803920506383166932718190592.000000000000000000
NNend

