NNstart
14 8
neuron 1 1.000000000000000000 0.000000000000000000 0.000000000000000000 -2100356588923037280657933220151015272849259634823401706875243090220709792562417574020093529256336851510606983856128.000000000000000000 11 0.000000000000000000
neuron 1 1.000000000000000000 0.000000000000000000 0.000000000000000000 -2100356588923037280657933220151015272849259634823401706875243090220709792562417574020093529256336851510606983856128.000000000000000000 11 0.000000000000000000
neuron 1 1.000000000000000000 0.000000000000000000 0.000000000000000000 -2100356588923037280657933220151015272849259634823401706875243090220709792562417574020093529256336851510606983856128.000000000000000000 11 0.000000000000000000
neuron 1 1.000000000000000000 0.000000000000000000 0.000000000000000000 -2100356588923037280657933220151015272849259634823401706875243090220709792562417574020093529256336851510606983856128.000000000000000000 11 0.000000000000000000
neuron 1 1.000000000000000000 0.000000000000000000 0.000000000000000000 -2100356588923037280657933220151015272849259634823401706875243090220709792562417574020093529256336851510606983856128.000000000000000000 11 0.000000000000000000
neuron 1 1.000000000000000000 0.000000000000000000 0.000000000000000000 -2100356588923037280657933220151015272849259634823401706875243090220709792562417574020093529256336851510606983856128.000000000000000000 11 0.000000000000000000
neuron 1 1.000000000000000000 0.000000000000000000 0.000000000000000000 -2100356588923037280657933220151015272849259634823401706875243090220709792562417574020093529256336851510606983856128.000000000000000000 11 0.000000000000000000
neuron 1 1.000000000000000000 0.000000000000000000 0.000000000000000000 -2100356588923037280657933220151015272849259634823401706875243090220709792562417574020093529256336851510606983856128.000000000000000000 11 0.000000000000000000
neuron 1 1.000000000000000000 0.000000000000000000 0.000000000000000000 -2100356588923037280657933220151015272849259634823401706875243090220709792562417574020093529256336851510606983856128.000000000000000000 11 0.000000000000000000
neuron 1 1.000000000000000000 0.000000000000000000 0.000000000000000000 -2100356588923037280657933220151015272849259634823401706875243090220709792562417574020093529256336851510606983856128.000000000000000000 11 0.000000000000000000
neuron 1 1.000000000000000000 0.000000000000000000 0.000000000000000000 -2100356588923037280657933220151015272849259634823401706875243090220709792562417574020093529256336851510606983856128.000000000000000000 11 0.000000000000000000
neuron 1 1.000000000000000000 0.000000000000000000 0.000000000000000000 -2100356588923037280657933220151015272849259634823401706875243090220709792562417574020093529256336851510606983856128.000000000000000000 11 0.000000000000000000
neuron 1 1.000000000000000000 0.000000000000000000 0.000000000000000000 -2100356588923037280657933220151015272849259634823401706875243090220709792562417574020093529256336851510606983856128.000000000000000000 11 0.000000000000000000
neuron 2 1.000000000000000000 0.000000000000000000 0.000000000000000000 0.000000000000000000 11 0.000000000000000000
neuron 4 1.000000000000000000 0.000000000000000000 0.000000000000000000 -2100356588923037280657933220151015272849259634823401706875243090220709792562417574020093529256336851510606983856128.000000000000000000 1 0.000000000000000000
neuron 4 1.000000000000000000 0.000000000000000000 0.000000000000000000 -2100356588923037280657933220151015272849259634823401706875243090220709792562417574020093529256336851510606983856128.000000000000000000 1 0.000000000000000000
neuron 4 1.000000000000000000 0.000000000000000000 0.000000000000000000 -2100356588923037280657933220151015272849259634823401706875243090220709792562417574020093529256336851510606983856128.000000000000000000 1 0.000000000000000000
neuron 4 1.000000000000000000 0.000000000000000000 0.000000000000000000 -2100356588923037280657933220151015272849259634823401706875243090220709792562417574020093529256336851510606983856128.000000000000000000 1 0.000000000000000000
neuron 4 1.000000000000000000 0.000000000000000000 0.000000000000000000 -2100356588923037280657933220151015272849259634823401706875243090220709792562417574020093529256336851510606983856128.000000000000000000 1 0.000000000000000000
neuron 4 1.000000000000000000 0.000000000000000000 0.000000000000000000 -2100356588923037280657933220151015272849259634823401706875243090220709792562417574020093529256336851510606983856128.000000000000000000 1 0.000000000000000000
neuron 4 1.000000000000000000 0.000000000000000000 0.000000000000000000 -2100356588923037280657933220151015272849259634823401706875243090220709792562417574020093529256336851510606983856128.000000000000000000 1 0.000000000000000000
neuron 4 1.000000000000000000 0.000000000000000000 0.000000000000000000 -2100356588923037280657933220151015272849259634823401706875243090220709792562417574020093529256336851510606983856128.000000000000000000 1 0.000000000000000000
neuron 3 1.000000000000000000 0.000000000000000000 0.000000000000000000 -2100356588923037280657933220151015272849259634823401706875243090220709792562417574020093529256336851510606983856128.000000000000000000 0 0.000000000000000000
neuron 3 1.000000000000000000 0.000000000000000000 0.000000000000000000 -2100356588923037280657933220151015272849259634823401706875243090220709792562417574020093529256336851510606983856128.000000000000000000 0 0.000000000000000000
neuron 3 1.000000000000000000 0.000000000000000000 0.000000000000000000 -2100356588923037280657933220151015272849259634823401706875243090220709792562417574020093529256336851510606983856128.000000000000000000 0 0.000000000000000000
neuron 3 1.000000000000000000 0.000000000000000000 0.000000000000000000 -2100356588923037280657933220151015272849259634823401706875243090220709792562417574020093529256336851510606983856128.000000000000000000 0 0.000000000000000000
neuron 3 1.000000000000000000 0.000000000000000000 0.000000000000000000 -2100356588923037280657933220151015272849259634823401706875243090220709792562417574020093529256336851510606983856128.000000000000000000 0 0.000000000000000000
neuron 3 1.000000000000000000 0.000000000000000000 0.000000000000000000 -2100356588923037280657933220151015272849259634823401706875243090220709792562417574020093529256336851510606983856128.000000000000000000 0 0.000000000000000000
neuron 3 1.000000000000000000 0.000000000000000000 0.000000000000000000 -2100356588923037280657933220151015272849259634823401706875243090220709792562417574020093529256336851510606983856128.000000000000000000 0 0.000000000000000000
neuron 3 1.000000000000000000 0.000000000000000000 0.000000000000000000 -2100356588923037280657933220151015272849259634823401706875243090220709792562417574020093529256336851510606983856128.000000000000000000 0 0.000000000000000000
neuron 3 1.000000000000000000 0.000000000000000000 0.000000000000000000 -2100356588923037280657933220151015272849259634823401706875243090220709792562417574020093529256336851510606983856128.000000000000000000 0 0.000000000000000000
neuron 3 1.000000000000000000 0.000000000000000000 0.000000000000000000 -2100356588923037280657933220151015272849259634823401706875243090220709792562417574020093529256336851510606983856128.000000000000000000 0 0.000000000000000000
neuron 3 1.000000000000000000 0.000000000000000000 0.000000000000000000 -2100356588923037280657933220151015272849259634823401706875243090220709792562417574020093529256336851510606983856128.000000000000000000 0 0.000000000000000000
neuron 3 1.000000000000000000 0.000000000000000000 0.000000000000000000 -2100356588923037280657933220151015272849259634823401706875243090220709792562417574020093529256336851510606983856128.000000000000000000 0 0.000000000000000000
neuron 3 1.000000000000000000 0.000000000000000000 0.000000000000000000 -2100356588923037280657933220151015272849259634823401706875243090220709792562417574020093529256336851510606983856128.000000000000000000 0 0.000000000000000000
neuron 3 1.000000000000000000 0.000000000000000000 0.000000000000000000 -2100356588923037280657933220151015272849259634823401706875243090220709792562417574020093529256336851510606983856128.000000000000000000 0 0.000000000000000000
neuron 3 1.000000000000000000 0.000000000000000000 0.000000000000000000 -2100356588923037280657933220151015272849259634823401706875243090220709792562417574020093529256336851510606983856128.000000000000000000 0 0.000000000000000000
neuron 3 1.000000000000000000 0.000000000000000000 0.000000000000000000 -2100356588923037280657933220151015272849259634823401706875243090220709792562417574020093529256336851510606983856128.000000000000000000 0 0.000000000000000000
neuron 3 1.000000000000000000 0.000000000000000000 0.000000000000000000 -2100356588923037280657933220151015272849259634823401706875243090220709792562417574020093529256336851510606983856128.000000000000000000 0 0.000000000000000000
neuron 3 1.000000000000000000 0.000000000000000000 0.000000000000000000 -2100356588923037280657933220151015272849259634823401706875243090220709792562417574020093529256336851510606983856128.000000000000000000 0 0.000000000000000000
neuron 3 1.000000000000000000 0.000000000000000000 0.000000000000000000 -2100356588923037280657933220151015272849259634823401706875243090220709792562417574020093529256336851510606983856128.000000000000000000 0 0.000000000000000000
neuron 3 1.000000000000000000 0.000000000000000000 0.000000000000000000 -2100356588923037280657933220151015272849259634823401706875243090220709792562417574020093529256336851510606983856128.000000000000000000 0 0.000000000000000000
neuron 3 1.000000000000000000 0.000000000000000000 0.000000000000000000 -2100356588923037280657933220151015272849259634823401706875243090220709792562417574020093529256336851510606983856128.000000000000000000 0 0.000000000000000000
neuron 3 1.000000000000000000 0.000000000000000000 0.000000000000000000 -2100356588923037280657933220151015272849259634823401706875243090220709792562417574020093529256336851510606983856128.000000000000000000 0 0.000000000000000000
neuron 3 1.000000000000000000 0.000000000000000000 0.000000000000000000 -2100356588923037280657933220151015272849259634823401706875243090220709792562417574020093529256336851510606983856128.000000000000000000 0 0.000000000000000000
neuron 3 1.000000000000000000 0.000000000000000000 0.000000000000000000 -2100356588923037280657933220151015272849259634823401706875243090220709792562417574020093529256336851510606983856128.000000000000000000 0 0.000000000000000000
neuron 3 1.000000000000000000 0.000000000000000000 0.000000000000000000 -2100356588923037280657933220151015272849259634823401706875243090220709792562417574020093529256336851510606983856128.000000000000000000 0 0.000000000000000000
neuron 3 1.000000000000000000 0.000000000000000000 0.000000000000000000 -2100356588923037280657933220151015272849259634823401706875243090220709792562417574020093529256336851510606983856128.000000000000000000 0 0.000000000000000000
neuron 3 1.000000000000000000 0.000000000000000000 0.000000000000000000 -2100356588923037280657933220151015272849259634823401706875243090220709792562417574020093529256336851510606983856128.000000000000000000 0 0.000000000000000000
neuron 3 1.000000000000000000 0.000000000000000000 0.000000000000000000 -2100356588923037280657933220151015272849259634823401706875243090220709792562417574020093529256336851510606983856128.000000000000000000 0 0.000000000000000000
neuron 3 1.000000000000000000 0.000000000000000000 0.000000000000000000 -2100356588923037280657933220151015272849259634823401706875243090220709792562417574020093529256336851510606983856128.000000000000000000 0 0.000000000000000000
neuron 3 1.000000000000000000 0.000000000000000000 0.000000000000000000 -2100356588923037280657933220151015272849259634823401706875243090220709792562417574020093529256336851510606983856128.000000000000000000 0 0.000000000000000000
neuron 3 1.000000000000000000 0.000000000000000000 0.000000000000000000 -2100356588923037280657933220151015272849259634823401706875243090220709792562417574020093529256336851510606983856128.000000000000000000 0 0.000000000000000000
neuron 3 1.000000000000000000 0.000000000000000000 0.000000000000000000 -2100356588923037280657933220151015272849259634823401706875243090220709792562417574020093529256336851510606983856128.000000000000000000 0 0.000000000000000000
neuron 3 1.000000000000000000 0.000000000000000000 0.000000000000000000 -2100356588923037280657933220151015272849259634823401706875243090220709792562417574020093529256336851510606983856128.000000000000000000 0 0.000000000000000000
neuron 3 1.000000000000000000 0.000000000000000000 0.000000000000000000 -2100356588923037280657933220151015272849259634823401706875243090220709792562417574020093529256336851510606983856128.000000000000000000 0 0.000000000000000000
neuron 3 1.000000000000000000 0.000000000000000000 0.000000000000000000 -2100356588923037280657933220151015272849259634823401706875243090220709792562417574020093529256336851510606983856128.000000000000000000 0 0.000000000000000000
neuron 3 1.000000000000000000 0.000000000000000000 0.000000000000000000 -2100356588923037280657933220151015272849259634823401706875243090220709792562417574020093529256336851510606983856128.000000000000000000 0 0.000000000000000000
neuron 3 1.000000000000000000 0.000000000000000000 0.000000000000000000 -2100356588923037280657933220151015272849259634823401706875243090220709792562417574020093529256336851510606983856128.000000000000000000 0 0.000000000000000000
neuron 3 1.000000000000000000 0.000000000000000000 0.000000000000000000 -2100356588923037280657933220151015272849259634823401706875243090220709792562417574020093529256336851510606983856128.000000000000000000 0 0.000000000000000000
neuron 3 1.000000000000000000 0.000000000000000000 0.000000000000000000 -2100356588923037280657933220151015272849259634823401706875243090220709792562417574020093529256336851510606983856128.000000000000000000 0 0.000000000000000000
neuron 3 1.000000000000000000 0.000000000000000000 0.000000000000000000 -2100356588923037280657933220151015272849259634823401706875243090220709792562417574020093529256336851510606983856128.000000000000000000 0 0.000000000000000000
neuron 3 1.000000000000000000 0.000000000000000000 0.000000000000000000 -2100356588923037280657933220151015272849259634823401706875243090220709792562417574020093529256336851510606983856128.000000000000000000 0 0.000000000000000000
neuron 3 1.000000000000000000 0.000000000000000000 0.000000000000000000 -2100356588923037280657933220151015272849259634823401706875243090220709792562417574020093529256336851510606983856128.000000000000000000 0 0.000000000000000000
neuron 3 1.000000000000000000 0.000000000000000000 0.000000000000000000 -2100356588923037280657933220151015272849259634823401706875243090220709792562417574020093529256336851510606983856128.000000000000000000 0 0.000000000000000000
neuron 3 1.000000000000000000 0.000000000000000000 0.000000000000000000 -2100356588923037280657933220151015272849259634823401706875243090220709792562417574020093529256336851510606983856128.000000000000000000 0 0.000000000000000000
neuron 3 1.000000000000000000 0.000000000000000000 0.000000000000000000 -2100356588923037280657933220151015272849259634823401706875243090220709792562417574020093529256336851510606983856128.000000000000000000 0 0.000000000000000000
neuron 3 1.000000000000000000 0.000000000000000000 0.000000000000000000 -2100356588923037280657933220151015272849259634823401706875243090220709792562417574020093529256336851510606983856128.000000000000000000 0 0.000000000000000000
neuron 3 1.000000000000000000 0.000000000000000000 0.000000000000000000 -2100356588923037280657933220151015272849259634823401706875243090220709792562417574020093529256336851510606983856128.000000000000000000 0 0.000000000000000000
connection 0 22 6.999745591568676595 0 0.000000000000000000 -2100356588923037280657933220151015272849259634823401706875243090220709792562417574020093529256336851510606983856128.000000000000000000
connection 0 23 3.517308960226655401 0 0.000000000000000000 -2100356588923037280657933220151015272849259634823401706875243090220709792562417574020093529256336851510606983856128.000000000000000000
connection 0 24 2.858482320384827080 0 0.000000000000000000 -2100356588923037280657933220151015272849259634823401706875243090220709792562417574020093529256336851510606983856128.000000000000000000
connection 0 25 5.848844123021716968 0 0.000000000000000000 -2100356588923037280657933220151015272849259634823401706875243090220709792562417574020093529256336851510606983856128.000000000000000000
connection 0 26 5.668511996068500203 0 0.000000000000000000 -2100356588923037280657933220151015272849259634823401706875243090220709792562417574020093529256336851510606983856128.000000000000000000
connection 0 27 4.069658930986553180 0 0.000000000000000000 -2100356588923037280657933220151015272849259634823401706875243090220709792562417574020093529256336851510606983856128.000000000000000000
connection 0 28 5.147583540807117330 0 0.000000000000000000 -2100356588923037280657933220151015272849259634823401706875243090220709792562417574020093529256336851510606983856128.000000000000000000
connection 0 29 2.407894656818548640 0 0.000000000000000000 -2100356588923037280657933220151015272849259634823401706875243090220709792562417574020093529256336851510606983856128.000000000000000000
connection 1 22 7.205010301281175700 0 0.000000000000000000 -2100356588923037280657933220151015272849259634823401706875243090220709792562417574020093529256336851510606983856128.000000000000000000
connection 1 23 3.732470145187473776 0 0.000000000000000000 -2100356588923037280657933220151015272849259634823401706875243090220709792562417574020093529256336851510606983856128.000000000000000000
connection 1 30 5.658027114863508622 0 0.000000000000000000 -2100356588923037280657933220151015272849259634823401706875243090220709792562417574020093529256336851510606983856128.000000000000000000
connection 1 31 3.326769977424011149 0 0.000000000000000000 -2100356588923037280657933220151015272849259634823401706875243090220709792562417574020093529256336851510606983856128.000000000000000000
connection 1 32 1.366204590309632483 0 0.000000000000000000 -2100356588923037280657933220151015272849259634823401706875243090220709792562417574020093529256336851510606983856128.000000000000000000
connection 1 33 3.087498063570427664 0 0.000000000000000000 -2100356588923037280657933220151015272849259634823401706875243090220709792562417574020093529256336851510606983856128.000000000000000000
connection 1 25 5.525986304684764150 0 0.000000000000000000 -2100356588923037280657933220151015272849259634823401706875243090220709792562417574020093529256336851510606983856128.000000000000000000
connection 1 26 5.649870474631273787 0 0.000000000000000000 -2100356588923037280657933220151015272849259634823401706875243090220709792562417574020093529256336851510606983856128.000000000000000000
connection 1 27 3.540001181657840057 0 0.000000000000000000 -2100356588923037280657933220151015272849259634823401706875243090220709792562417574020093529256336851510606983856128.000000000000000000
connection 1 28 4.883261271586952113 0 0.000000000000000000 -2100356588923037280657933220151015272849259634823401706875243090220709792562417574020093529256336851510606983856128.000000000000000000
connection 1 29 1.766633016168183357 0 0.000000000000000000 -2100356588923037280657933220151015272849259634823401706875243090220709792562417574020093529256336851510606983856128.000000000000000000
connection 2 22 7.374898232091541495 0 0.000000000000000000 -2100356588923037280657933220151015272849259634823401706875243090220709792562417574020093529256336851510606983856128.000000000000000000
connection 2 23 4.020610371994387755 0 0.000000000000000000 -2100356588923037280657933220151015272849259634823401706875243090220709792562417574020093529256336851510606983856128.000000000000000000
connection 2 30 6.049898181446263123 0 0.000000000000000000 -2100356588923037280657933220151015272849259634823401706875243090220709792562417574020093529256336851510606983856128.000000000000000000
connection 2 31 3.708421005063906595 0 0.000000000000000000 -2100356588923037280657933220151015272849259634823401706875243090220709792562417574020093529256336851510606983856128.000000000000000000
connection 2 32 1.439415510627654715 0 0.000000000000000000 -2100356588923037280657933220151015272849259634823401706875243090220709792562417574020093529256336851510606983856128.000000000000000000
connection 2 33 3.531032555769335612 0 0.000000000000000000 -2100356588923037280657933220151015272849259634823401706875243090220709792562417574020093529256336851510606983856128.000000000000000000
connection 2 25 5.152700090720843562 0 0.000000000000000000 -2100356588923037280657933220151015272849259634823401706875243090220709792562417574020093529256336851510606983856128.000000000000000000
connection 2 26 5.614690596568880032 0 0.000000000000000000 -2100356588923037280657933220151015272849259634823401706875243090220709792562417574020093529256336851510606983856128.000000000000000000
connection 2 27 2.965293476488434443 0 0.000000000000000000 -2100356588923037280657933220151015272849259634823401706875243090220709792562417574020093529256336851510606983856128.000000000000000000
connection 2 28 4.569445851442292650 0 0.000000000000000000 -2100356588923037280657933220151015272849259634823401706875243090220709792562417574020093529256336851510606983856128.000000000000000000
connection 2 29 1.109015802265924888 0 0.000000000000000000 -2100356588923037280657933220151015272849259634823401706875243090220709792562417574020093529256336851510606983856128.000000000000000000
connection 3 22 7.512247124939802845 0 0.000000000000000000 -2100356588923037280657933220151015272849259634823401706875243090220709792562417574020093529256336851510606983856128.000000000000000000
connection 3 34 6.410320832347612630 0 0.000000000000000000 -2100356588923037280657933220151015272849259634823401706875243090220709792562417574020093529256336851510606983856128.000000000000000000
connection 3 35 4.454254060603497045 0 0.000000000000000000 -2100356588923037280657933220151015272849259634823401706875243090220709792562417574020093529256336851510606983856128.000000000000000000
connection 3 36 2.482469076643446293 0 0.000000000000000000 -2100356588923037280657933220151015272849259634823401706875243090220709792562417574020093529256336851510606983856128.000000000000000000
connection 3 37 4.286871359631708067 0 0.000000000000000000 -2100356588923037280657933220151015272849259634823401706875243090220709792562417574020093529256336851510606983856128.000000000000000000
connection 3 30 6.405630700307392011 0 0.000000000000000000 -2100356588923037280657933220151015272849259634823401706875243090220709792562417574020093529256336851510606983856128.000000000000000000
connection 3 31 4.141699432845064699 0 0.000000000000000000 -2100356588923037280657933220151015272849259634823401706875243090220709792562417574020093529256336851510606983856128.000000000000000000
connection 3 32 1.615737843670598917 0 0.000000000000000000 -2100356588923037280657933220151015272849259634823401706875243090220709792562417574020093529256336851510606983856128.000000000000000000
connection 3 33 4.019661835818514994 0 0.000000000000000000 -2100356588923037280657933220151015272849259634823401706875243090220709792562417574020093529256336851510606983856128.000000000000000000
connection 3 25 4.728831021771078724 0 0.000000000000000000 -2100356588923037280657933220151015272849259634823401706875243090220709792562417574020093529256336851510606983856128.000000000000000000
connection 3 26 5.560806808949639191 0 0.000000000000000000 -2100356588923037280657933220151015272849259634823401706875243090220709792562417574020093529256336851510606983856128.000000000000000000
connection 3 27 2.358201364240587683 0 0.000000000000000000 -2100356588923037280657933220151015272849259634823401706875243090220709792562417574020093529256336851510606983856128.000000000000000000
connection 3 28 4.201107881722071724 0 0.000000000000000000 -2100356588923037280657933220151015272849259634823401706875243090220709792562417574020093529256336851510606983856128.000000000000000000
connection 4 34 6.702086398579405468 0 0.000000000000000000 -2100356588923037280657933220151015272849259634823401706875243090220709792562417574020093529256336851510606983856128.000000000000000000
connection 4 35 4.817042467878616563 0 0.000000000000000000 -2100356588923037280657933220151015272849259634823401706875243090220709792562417574020093529256336851510606983856128.000000000000000000
connection 4 36 2.622067281343454237 0 0.000000000000000000 -2100356588923037280657933220151015272849259634823401706875243090220709792562417574020093529256336851510606983856128.000000000000000000
connection 4 37 4.701127623075064932 0 0.000000000000000000 -2100356588923037280657933220151015272849259634823401706875243090220709792562417574020093529256336851510606983856128.000000000000000000
connection 4 30 6.717043559158656585 0 0.000000000000000000 -2100356588923037280657933220151015272849259634823401706875243090220709792562417574020093529256336851510606983856128.000000000000000000
connection 4 31 4.605492874738719600 0 0.000000000000000000 -2100356588923037280657933220151015272849259634823401706875243090220709792562417574020093529256336851510606983856128.000000000000000000
connection 4 32 1.892096631717342436 0 0.000000000000000000 -2100356588923037280657933220151015272849259634823401706875243090220709792562417574020093529256336851510606983856128.000000000000000000
connection 4 33 4.530213849003426496 0 0.000000000000000000 -2100356588923037280657933220151015272849259634823401706875243090220709792562417574020093529256336851510606983856128.000000000000000000
connection 4 25 4.257754806350327215 0 0.000000000000000000 -2100356588923037280657933220151015272849259634823401706875243090220709792562417574020093529256336851510606983856128.000000000000000000
connection 4 26 5.485665194359977015 0 0.000000000000000000 -2100356588923037280657933220151015272849259634823401706875243090220709792562417574020093529256336851510606983856128.000000000000000000
connection 4 28 3.774341684013601039 0 0.000000000000000000 -2100356588923037280657933220151015272849259634823401706875243090220709792562417574020093529256336851510606983856128.000000000000000000
connection 5 34 6.956968901861590560 0 0.000000000000000000 -2100356588923037280657933220151015272849259634823401706875243090220709792562417574020093529256336851510606983856128.000000000000000000
connection 5 35 5.205224444593012478 0 0.000000000000000000 -2100356588923037280657933220151015272849259634823401706875243090220709792562417574020093529256336851510606983856128.000000000000000000
connection 5 36 2.854208374617996480 0 0.000000000000000000 -2100356588923037280657933220151015272849259634823401706875243090220709792562417574020093529256336851510606983856128.000000000000000000
connection 5 37 5.132507542959831248 0 0.000000000000000000 -2100356588923037280657933220151015272849259634823401706875243090220709792562417574020093529256336851510606983856128.000000000000000000
connection 5 30 6.981073923430417771 0 0.000000000000000000 -2100356588923037280657933220151015272849259634823401706875243090220709792562417574020093529256336851510606983856128.000000000000000000
connection 5 31 5.077214787610729196 0 0.000000000000000000 -2100356588923037280657933220151015272849259634823401706875243090220709792562417574020093529256336851510606983856128.000000000000000000
connection 5 32 2.261085287452456516 0 0.000000000000000000 -2100356588923037280657933220151015272849259634823401706875243090220709792562417574020093529256336851510606983856128.000000000000000000
connection 5 33 5.038786402660667463 0 0.000000000000000000 -2100356588923037280657933220151015272849259634823401706875243090220709792562417574020093529256336851510606983856128.000000000000000000
connection 5 38 4.479241753262805048 0 0.000000000000000000 -2100356588923037280657933220151015272849259634823401706875243090220709792562417574020093529256336851510606983856128.000000000000000000
connection 5 39 5.742655697724631914 0 0.000000000000000000 -2100356588923037280657933220151015272849259634823401706875243090220709792562417574020093529256336851510606983856128.000000000000000000
connection 5 26 5.386264975707554470 0 0.000000000000000000 -2100356588923037280657933220151015272849259634823401706875243090220709792562417574020093529256336851510606983856128.000000000000000000
connection 5 28 3.287282986616529179 0 0.000000000000000000 -2100356588923037280657933220151015272849259634823401706875243090220709792562417574020093529256336851510606983856128.000000000000000000
connection 6 34 7.172695634068248616 0 0.000000000000000000 -2100356588923037280657933220151015272849259634823401706875243090220709792562417574020093529256336851510606983856128.000000000000000000
connection 6 35 5.598977328397742426 0 0.000000000000000000 -2100356588923037280657933220151015272849259634823401706875243090220709792562417574020093529256336851510606983856128.000000000000000000
connection 6 36 3.170839833004821084 0 0.000000000000000000 -2100356588923037280657933220151015272849259634823401706875243090220709792562417574020093529256336851510606983856128.000000000000000000
connection 6 37 5.560121630572968598 0 0.000000000000000000 -2100356588923037280657933220151015272849259634823401706875243090220709792562417574020093529256336851510606983856128.000000000000000000
connection 6 30 7.198861341439043215 0 0.000000000000000000 -2100356588923037280657933220151015272849259634823401706875243090220709792562417574020093529256336851510606983856128.000000000000000000
connection 6 31 5.535287078312751241 0 0.000000000000000000 -2100356588923037280657933220151015272849259634823401706875243090220709792562417574020093529256336851510606983856128.000000000000000000
connection 6 32 2.710290686374351665 0 0.000000000000000000 -2100356588923037280657933220151015272849259634823401706875243090220709792562417574020093529256336851510606983856128.000000000000000000
connection 6 33 5.523512091658764334 0 0.000000000000000000 -2100356588923037280657933220151015272849259634823401706875243090220709792562417574020093529256336851510606983856128.000000000000000000
connection 6 25 3.209025000294115859 0 0.000000000000000000 -2100356588923037280657933220151015272849259634823401706875243090220709792562417574020093529256336851510606983856128.000000000000000000
connection 6 26 5.259107839659002970 0 0.000000000000000000 -2100356588923037280657933220151015272849259634823401706875243090220709792562417574020093529256336851510606983856128.000000000000000000
connection 6 28 2.741144173395273498 0 0.000000000000000000 -2100356588923037280657933220151015272849259634823401706875243090220709792562417574020093529256336851510606983856128.000000000000000000
connection 7 23 5.971325379187067739 0 0.000000000000000000 -2100356588923037280657933220151015272849259634823401706875243090220709792562417574020093529256336851510606983856128.000000000000000000
connection 7 40 1.027238524456473456 0 0.000000000000000000 -2100356588923037280657933220151015272849259634823401706875243090220709792562417574020093529256336851510606983856128.000000000000000000
connection 7 30 7.374435234690443153 0 0.000000000000000000 -2100356588923037280657933220151015272849259634823401706875243090220709792562417574020093529256336851510606983856128.000000000000000000
connection 7 31 5.961590591801257943 0 0.000000000000000000 -2100356588923037280657933220151015272849259634823401706875243090220709792562417574020093529256336851510606983856128.000000000000000000
connection 7 32 3.222032788794163771 0 0.000000000000000000 -2100356588923037280657933220151015272849259634823401706875243090220709792562417574020093529256336851510606983856128.000000000000000000
connection 7 33 5.967045524670096412 0 0.000000000000000000 -2100356588923037280657933220151015272849259634823401706875243090220709792562417574020093529256336851510606983856128.000000000000000000
connection 7 25 2.659590446477499093 0 0.000000000000000000 -2100356588923037280657933220151015272849259634823401706875243090220709792562417574020093529256336851510606983856128.000000000000000000
connection 7 26 5.100168257768168623 0 0.000000000000000000 -2100356588923037280657933220151015272849259634823401706875243090220709792562417574020093529256336851510606983856128.000000000000000000
connection 7 41 -0.909104391856912719 0 0.000000000000000000 -2100356588923037280657933220151015272849259634823401706875243090220709792562417574020093529256336851510606983856128.000000000000000000
connection 8 23 6.332774459137167078 0 0.000000000000000000 -2100356588923037280657933220151015272849259634823401706875243090220709792562417574020093529256336851510606983856128.000000000000000000
connection 8 42 3.875549915338798446 0 0.000000000000000000 -2100356588923037280657933220151015272849259634823401706875243090220709792562417574020093529256336851510606983856128.000000000000000000
connection 8 43 1.438506271384007551 0 0.000000000000000000 -2100356588923037280657933220151015272849259634823401706875243090220709792562417574020093529256336851510606983856128.000000000000000000
connection 8 44 1.046480660169325949 0 0.000000000000000000 -2100356588923037280657933220151015272849259634823401706875243090220709792562417574020093529256336851510606983856128.000000000000000000
connection 8 24 6.349969664035905126 0 0.000000000000000000 -2100356588923037280657933220151015272849259634823401706875243090220709792562417574020093529256336851510606983856128.000000000000000000
connection 8 25 2.117656396358730930 0 0.000000000000000000 -2100356588923037280657933220151015272849259634823401706875243090220709792562417574020093529256336851510606983856128.000000000000000000
connection 8 26 4.904905110647520772 0 0.000000000000000000 -2100356588923037280657933220151015272849259634823401706875243090220709792562417574020093529256336851510606983856128.000000000000000000
connection 9 23 6.652484773532683526 0 0.000000000000000000 -2100356588923037280657933220151015272849259634823401706875243090220709792562417574020093529256336851510606983856128.000000000000000000
connection 9 42 4.398186613592437233 0 0.000000000000000000 -2100356588923037280657933220151015272849259634823401706875243090220709792562417574020093529256336851510606983856128.000000000000000000
connection 9 43 1.715994542310683491 0 0.000000000000000000 -2100356588923037280657933220151015272849259634823401706875243090220709792562417574020093529256336851510606983856128.000000000000000000
connection 9 44 1.393459216246127008 0 0.000000000000000000 -2100356588923037280657933220151015272849259634823401706875243090220709792562417574020093529256336851510606983856128.000000000000000000
connection 9 24 6.682058186509604703 0 0.000000000000000000 -2100356588923037280657933220151015272849259634823401706875243090220709792562417574020093529256336851510606983856128.000000000000000000
connection 9 25 1.603107344986355542 0 0.000000000000000000 -2100356588923037280657933220151015272849259634823401706875243090220709792562417574020093529256336851510606983856128.000000000000000000
connection 9 26 4.668343669707729404 0 0.000000000000000000 -2100356588923037280657933220151015272849259634823401706875243090220709792562417574020093529256336851510606983856128.000000000000000000
connection 9 45 4.302973523151681690 0 0.000000000000000000 -2100356588923037280657933220151015272849259634823401706875243090220709792562417574020093529256336851510606983856128.000000000000000000
connection 9 46 1.106215527256053655 0 0.000000000000000000 -2100356588923037280657933220151015272849259634823401706875243090220709792562417574020093529256336851510606983856128.000000000000000000
connection 9 47 -1.230908196857234849 0 0.000000000000000000 -2100356588923037280657933220151015272849259634823401706875243090220709792562417574020093529256336851510606983856128.000000000000000000
connection 9 48 0.855279742251270458 0 0.000000000000000000 -2100356588923037280657933220151015272849259634823401706875243090220709792562417574020093529256336851510606983856128.000000000000000000
connection 9 28 0.823896491149801125 0 0.000000000000000000 -2100356588923037280657933220151015272849259634823401706875243090220709792562417574020093529256336851510606983856128.000000000000000000
connection 10 23 6.926015711553309195 0 0.000000000000000000 -2100356588923037280657933220151015272849259634823401706875243090220709792562417574020093529256336851510606983856128.000000000000000000
connection 10 42 4.920673909407947910 0 0.000000000000000000 -2100356588923037280657933220151015272849259634823401706875243090220709792562417574020093529256336851510606983856128.000000000000000000
connection 10 43 2.087810277532434089 0 0.000000000000000000 -2100356588923037280657933220151015272849259634823401706875243090220709792562417574020093529256336851510606983856128.000000000000000000
connection 10 44 1.833289087857885358 0 0.000000000000000000 -2100356588923037280657933220151015272849259634823401706875243090220709792562417574020093529256336851510606983856128.000000000000000000
connection 10 24 6.958933191744709035 0 0.000000000000000000 -2100356588923037280657933220151015272849259634823401706875243090220709792562417574020093529256336851510606983856128.000000000000000000
connection 10 25 1.135078597948845358 0 0.000000000000000000 -2100356588923037280657933220151015272849259634823401706875243090220709792562417574020093529256336851510606983856128.000000000000000000
connection 10 26 4.385265961750612895 0 0.000000000000000000 -2100356588923037280657933220151015272849259634823401706875243090220709792562417574020093529256336851510606983856128.000000000000000000
connection 10 45 4.888619570267806580 0 0.000000000000000000 -2100356588923037280657933220151015272849259634823401706875243090220709792562417574020093529256336851510606983856128.000000000000000000
connection 10 46 1.612148695575135182 0 0.000000000000000000 -2100356588923037280657933220151015272849259634823401706875243090220709792562417574020093529256336851510606983856128.000000000000000000
connection 10 47 -1.106387568445438063 0 0.000000000000000000 -2100356588923037280657933220151015272849259634823401706875243090220709792562417574020093529256336851510606983856128.000000000000000000
connection 10 48 1.424651675339687174 0 0.000000000000000000 -2100356588923037280657933220151015272849259634823401706875243090220709792562417574020093529256336851510606983856128.000000000000000000
connection 11 23 7.153385949123154397 0 0.000000000000000000 -2100356588923037280657933220151015272849259634823401706875243090220709792562417574020093529256336851510606983856128.000000000000000000
connection 11 42 5.420398129451028169 0 0.000000000000000000 -2100356588923037280657933220151015272849259634823401706875243090220709792562417574020093529256336851510606983856128.000000000000000000
connection 11 43 2.542024384008290117 0 0.000000000000000000 -2100356588923037280657933220151015272849259634823401706875243090220709792562417574020093529256336851510606983856128.000000000000000000
connection 11 44 2.352080730414012777 0 0.000000000000000000 -2100356588923037280657933220151015272849259634823401706875243090220709792562417574020093529256336851510606983856128.000000000000000000
connection 11 24 7.184112889359091980 0 0.000000000000000000 -2100356588923037280657933220151015272849259634823401706875243090220709792562417574020093529256336851510606983856128.000000000000000000
connection 11 26 4.050553319068133540 0 0.000000000000000000 -2100356588923037280657933220151015272849259634823401706875243090220709792562417574020093529256336851510606983856128.000000000000000000
connection 11 45 5.430799069875487106 0 0.000000000000000000 -2100356588923037280657933220151015272849259634823401706875243090220709792562417574020093529256336851510606983856128.000000000000000000
connection 11 46 2.192892911446139514 0 0.000000000000000000 -2100356588923037280657933220151015272849259634823401706875243090220709792562417574020093529256336851510606983856128.000000000000000000
connection 11 47 -0.875129101799120956 0 0.000000000000000000 -2100356588923037280657933220151015272849259634823401706875243090220709792562417574020093529256336851510606983856128.000000000000000000
connection 11 48 2.064075901740813901 0 0.000000000000000000 -2100356588923037280657933220151015272849259634823401706875243090220709792562417574020093529256336851510606983856128.000000000000000000
connection 11 28 -0.536555563894130172 0 0.000000000000000000 -2100356588923037280657933220151015272849259634823401706875243090220709792562417574020093529256336851510606983856128.000000000000000000
connection 12 23 7.337853660632480235 0 0.000000000000000000 -2100356588923037280657933220151015272849259634823401706875243090220709792562417574020093529256336851510606983856128.000000000000000000
connection 12 42 5.879143030415383997 0 0.000000000000000000 -2100356588923037280657933220151015272849259634823401706875243090220709792562417574020093529256336851510606983856128.000000000000000000
connection 12 43 3.061345943753323695 0 0.000000000000000000 -2100356588923037280657933220151015272849259634823401706875243090220709792562417574020093529256336851510606983856128.000000000000000000
connection 12 44 2.930257063436373599 0 0.000000000000000000 -2100356588923037280657933220151015272849259634823401706875243090220709792562417574020093529256336851510606983856128.000000000000000000
connection 12 24 7.363590171211317426 0 0.000000000000000000 -2100356588923037280657933220151015272849259634823401706875243090220709792562417574020093529256336851510606983856128.000000000000000000
connection 12 49 5.878004452426832671 0 0.000000000000000000 -2100356588923037280657933220151015272849259634823401706875243090220709792562417574020093529256336851510606983856128.000000000000000000
connection 12 50 3.406479990068791874 0 0.000000000000000000 -2100356588923037280657933220151015272849259634823401706875243090220709792562417574020093529256336851510606983856128.000000000000000000
connection 12 51 1.083927568379292605 0 0.000000000000000000 -2100356588923037280657933220151015272849259634823401706875243090220709792562417574020093529256336851510606983856128.000000000000000000
connection 12 52 3.220185346888908118 0 0.000000000000000000 -2100356588923037280657933220151015272849259634823401706875243090220709792562417574020093529256336851510606983856128.000000000000000000
connection 12 39 2.667401647464429537 0 0.000000000000000000 -2100356588923037280657933220151015272849259634823401706875243090220709792562417574020093529256336851510606983856128.000000000000000000
connection 12 53 0.773211507636906603 0 0.000000000000000000 -2100356588923037280657933220151015272849259634823401706875243090220709792562417574020093529256336851510606983856128.000000000000000000
connection 12 54 4.330841730114024735 0 0.000000000000000000 -2100356588923037280657933220151015272849259634823401706875243090220709792562417574020093529256336851510606983856128.000000000000000000
connection 12 55 4.202419289401723823 0 0.000000000000000000 -2100356588923037280657933220151015272849259634823401706875243090220709792562417574020093529256336851510606983856128.000000000000000000
connection 12 56 2.901796195202841044 0 0.000000000000000000 -2100356588923037280657933220151015272849259634823401706875243090220709792562417574020093529256336851510606983856128.000000000000000000
connection 12 45 5.913885457640779109 0 0.000000000000000000 -2100356588923037280657933220151015272849259634823401706875243090220709792562417574020093529256336851510606983856128.000000000000000000
connection 12 46 2.826542219948436241 0 0.000000000000000000 -2100356588923037280657933220151015272849259634823401706875243090220709792562417574020093529256336851510606983856128.000000000000000000
connection 12 47 -0.536329773040083668 0 0.000000000000000000 -2100356588923037280657933220151015272849259634823401706875243090220709792562417574020093529256336851510606983856128.000000000000000000
connection 12 48 2.749252332205310623 0 0.000000000000000000 -2100356588923037280657933220151015272849259634823401706875243090220709792562417574020093529256336851510606983856128.000000000000000000
connection 13 23 7.484586798796744489 0 0.000000000000000000 -2100356588923037280657933220151015272849259634823401706875243090220709792562417574020093529256336851510606983856128.000000000000000000
connection 13 42 6.284786655883904061 0 0.000000000000000000 -2100356588923037280657933220151015272849259634823401706875243090220709792562417574020093529256336851510606983856128.000000000000000000
connection 13 43 3.623582839811453127 0 0.000000000000000000 -2100356588923037280657933220151015272849259634823401706875243090220709792562417574020093529256336851510606983856128.000000000000000000
connection 13 57 0.506088795513773060 0 0.000000000000000000 -2100356588923037280657933220151015272849259634823401706875243090220709792562417574020093529256336851510606983856128.000000000000000000
connection 13 44 3.543321932240190097 0 0.000000000000000000 -2100356588923037280657933220151015272849259634823401706875243090220709792562417574020093529256336851510606983856128.000000000000000000
connection 13 24 7.504410851182685249 0 0.000000000000000000 -2100356588923037280657933220151015272849259634823401706875243090220709792562417574020093529256336851510606983856128.000000000000000000
connection 13 49 6.260573928567106705 0 0.000000000000000000 -2100356588923037280657933220151015272849259634823401706875243090220709792562417574020093529256336851510606983856128.000000000000000000
connection 13 50 3.857275238982828647 0 0.000000000000000000 -2100356588923037280657933220151015272849259634823401706875243090220709792562417574020093529256336851510606983856128.000000000000000000
connection 13 51 1.259827069280735845 0 0.000000000000000000 -2100356588923037280657933220151015272849259634823401706875243090220709792562417574020093529256336851510606983856128.000000000000000000
connection 13 52 3.728090030739918070 0 0.000000000000000000 -2100356588923037280657933220151015272849259634823401706875243090220709792562417574020093529256336851510606983856128.000000000000000000
connection 13 39 2.043591896707746436 0 0.000000000000000000 -2100356588923037280657933220151015272849259634823401706875243090220709792562417574020093529256336851510606983856128.000000000000000000
connection 13 54 3.946131867117588676 0 0.000000000000000000 -2100356588923037280657933220151015272849259634823401706875243090220709792562417574020093529256336851510606983856128.000000000000000000
connection 13 55 4.071647284909978737 0 0.000000000000000000 -2100356588923037280657933220151015272849259634823401706875243090220709792562417574020093529256336851510606983856128.000000000000000000
connection 13 56 2.388100129624351364 0 0.000000000000000000 -2100356588923037280657933220151015272849259634823401706875243090220709792562417574020093529256336851510606983856128.000000000000000000
connection 13 45 6.329746649933260194 0 0.000000000000000000 -2100356588923037280657933220151015272849259634823401706875243090220709792562417574020093529256336851510606983856128.000000000000000000
connection 13 46 3.486345523185078843 0 0.000000000000000000 -2100356588923037280657933220151015272849259634823401706875243090220709792562417574020093529256336851510606983856128.000000000000000000
connection 13 48 3.451249927639649773 0 0.000000000000000000 -2100356588923037280657933220151015272849259634823401706875243090220709792562417574020093529256336851510606983856128.000000000000000000
connection 22 58 -5.388053357243670405 0 0.000000000000000000 -2100356588923037280657933220151015272849259634823401706875243090220709792562417574020093529256336851510606983856128.000000000000000000
connection 22 38 -5.419007915125384933 0 0.000000000000000000 -2100356588923037280657933220151015272849259634823401706875243090220709792562417574020093529256336851510606983856128.000000000000000000
connection 22 39 -2.313939983517811161 0 0.000000000000000000 -2100356588923037280657933220151015272849259634823401706875243090220709792562417574020093529256336851510606983856128.000000000000000000
connection 22 26 -1.019250728480955770 0 0.000000000000000000 -2100356588923037280657933220151015272849259634823401706875243090220709792562417574020093529256336851510606983856128.000000000000000000
connection 22 41 -0.356022082976813870 0 0.000000000000000000 -2100356588923037280657933220151015272849259634823401706875243090220709792562417574020093529256336851510606983856128.000000000000000000
connection 23 58 -7.380360933729885886 0 0.000000000000000000 -2100356588923037280657933220151015272849259634823401706875243090220709792562417574020093529256336851510606983856128.000000000000000000
connection 23 25 -7.338202086937622326 0 0.000000000000000000 -2100356588923037280657933220151015272849259634823401706875243090220709792562417574020093529256336851510606983856128.000000000000000000
connection 23 26 -4.874486784175639187 0 0.000000000000000000 -2100356588923037280657933220151015272849259634823401706875243090220709792562417574020093529256336851510606983856128.000000000000000000
connection 24 58 -6.197623185045596728 0 0.000000000000000000 -2100356588923037280657933220151015272849259634823401706875243090220709792562417574020093529256336851510606983856128.000000000000000000
connection 24 25 -5.640428280077318668 0 0.000000000000000000 -2100356588923037280657933220151015272849259634823401706875243090220709792562417574020093529256336851510606983856128.000000000000000000
connection 24 26 -1.292461950318068098 0 0.000000000000000000 -2100356588923037280657933220151015272849259634823401706875243090220709792562417574020093529256336851510606983856128.000000000000000000
connection 24 41 -1.191159543725079928 0 0.000000000000000000 -2100356588923037280657933220151015272849259634823401706875243090220709792562417574020093529256336851510606983856128.000000000000000000
connection 25 58 -7.446494298962464953 0 0.000000000000000000 -2100356588923037280657933220151015272849259634823401706875243090220709792562417574020093529256336851510606983856128.000000000000000000
connection 55 61 3.066910624968040011 0 0.000000000000000000 -2100356588923037280657933220151015272849259634823401706875243090220709792562417574020093529256336851510606983856128.000000000000000000
connection 55 62 2.331876894316681881 0 0.000000000000000000 -2100356588923037280657933220151015272849259634823401706875243090220709792562417574020093529256336851510606983856128.000000000000000000
connection 55 34 1.504752240345903713 0 0.000000000000000000 -2100356588923037280657933220151015272849259634823401706875243090220709792562417574020093529256336851510606983856128.000000000000000000
connection 55 35 0.592442871375188029 0 0.000000000000000000 -2100356588923037280657933220151015272849259634823401706875243090220709792562417574020093529256336851510606983856128.000000000000000000
connection 55 36 -3.218853257411951940 0 0.000000000000000000 -2100356588923037280657933220151015272849259634823401706875243090220709792562417574020093529256336851510606983856128.000000000000000000
connection 55 37 -2.203006500718645899 0 0.000000000000000000 -2100356588923037280657933220151015272849259634823401706875243090220709792562417574020093529256336851510606983856128.000000000000000000
connection 55 40 -6.838902280477667794 0 0.000000000000000000 -2100356588923037280657933220151015272849259634823401706875243090220709792562417574020093529256336851510606983856128.000000000000000000
connection 55 24 -5.860331415229086183 0 0.000000000000000000 -2100356588923037280657933220151015272849259634823401706875243090220709792562417574020093529256336851510606983856128.000000000000000000
connection 55 49 -0.388227466458488768 0 0.000000000000000000 -2100356588923037280657933220151015272849259634823401706875243090220709792562417574020093529256336851510606983856128.000000000000000000
connection 55 50 -1.409631401217556590 0 0.000000000000000000 -2100356588923037280657933220151015272849259634823401706875243090220709792562417574020093529256336851510606983856128.000000000000000000
connection 55 51 -4.997734576336724466 0 0.000000000000000000 -2100356588923037280657933220151015272849259634823401706875243090220709792562417574020093529256336851510606983856128.000000000000000000
connection 55 52 -4.161607882459255059 0 0.000000000000000000 -2100356588923037280657933220151015272849259634823401706875243090220709792562417574020093529256336851510606983856128.000000000000000000
connection 55 39 -7.688339216590725833 0 0.000000000000000000 -2100356588923037280657933220151015272849259634823401706875243090220709792562417574020093529256336851510606983856128.000000000000000000
connection 26 61 2.060592884549792281 0 0.000000000000000000 -2100356588923037280657933220151015272849259634823401706875243090220709792562417574020093529256336851510606983856128.000000000000000000
connection 26 62 1.033967869780498372 0 0.000000000000000000 -2100356588923037280657933220151015272849259634823401706875243090220709792562417574020093529256336851510606983856128.000000000000000000
connection 26 68 -2.187143857695398541 0 0.000000000000000000 -2100356588923037280657933220151015272849259634823401706875243090220709792562417574020093529256336851510606983856128.000000000000000000
connection 26 35 -1.246491979030437625 0 0.000000000000000000 -2100356588923037280657933220151015272849259634823401706875243090220709792562417574020093529256336851510606983856128.000000000000000000
connection 26 36 -5.185812458581660955 0 0.000000000000000000 -2100356588923037280657933220151015272849259634823401706875243090220709792562417574020093529256336851510606983856128.000000000000000000
connection 26 37 -4.319530859829128211 0 0.000000000000000000 -2100356588923037280657933220151015272849259634823401706875243090220709792562417574020093529256336851510606983856128.000000000000000000
connection 26 40 -7.451534689427009361 0 0.000000000000000000 -2100356588923037280657933220151015272849259634823401706875243090220709792562417574020093529256336851510606983856128.000000000000000000
connection 26 24 -6.960947780559934017 0 0.000000000000000000 -2100356588923037280657933220151015272849259634823401706875243090220709792562417574020093529256336851510606983856128.000000000000000000
connection 26 25 -7.285273452164053865 0 0.000000000000000000 -2100356588923037280657933220151015272849259634823401706875243090220709792562417574020093529256336851510606983856128.000000000000000000
connection 40 58 -7.363539884842087879 0 0.000000000000000000 -2100356588923037280657933220151015272849259634823401706875243090220709792562417574020093529256336851510606983856128.000000000000000000
connection 40 25 -7.504923388356711911 0 0.000000000000000000 -2100356588923037280657933220151015272849259634823401706875243090220709792562417574020093529256336851510606983856128.000000000000000000
connection 40 41 -6.101232740671703070 0 0.000000000000000000 -2100356588923037280657933220151015272849259634823401706875243090220709792562417574020093529256336851510606983856128.000000000000000000
connection 27 58 -7.146161084969476107 0 0.000000000000000000 -2100356588923037280657933220151015272849259634823401706875243090220709792562417574020093529256336851510606983856128.000000000000000000
connection 27 25 -7.531306192950443901 0 0.000000000000000000 -2100356588923037280657933220151015272849259634823401706875243090220709792562417574020093529256336851510606983856128.000000000000000000
connection 27 41 -6.831714861333958666 0 0.000000000000000000 -2100356588923037280657933220151015272849259634823401706875243090220709792562417574020093529256336851510606983856128.000000000000000000
connection 39 61 -0.939902186057162137 0 0.000000000000000000 -2100356588923037280657933220151015272849259634823401706875243090220709792562417574020093529256336851510606983856128.000000000000000000
connection 39 62 -2.047435548162999108 0 0.000000000000000000 -2100356588923037280657933220151015272849259634823401706875243090220709792562417574020093529256336851510606983856128.000000000000000000
connection 39 68 -4.838338575083705351 0 0.000000000000000000 -2100356588923037280657933220151015272849259634823401706875243090220709792562417574020093529256336851510606983856128.000000000000000000
connection 39 34 -3.120256218113258040 0 0.000000000000000000 -2100356588923037280657933220151015272849259634823401706875243090220709792562417574020093529256336851510606983856128.000000000000000000
connection 39 35 -4.110315446715640419 0 0.000000000000000000 -2100356588923037280657933220151015272849259634823401706875243090220709792562417574020093529256336851510606983856128.000000000000000000
connection 39 36 -6.690876631565465971 0 0.000000000000000000 -2100356588923037280657933220151015272849259634823401706875243090220709792562417574020093529256336851510606983856128.000000000000000000
connection 39 37 -6.213214431889156231 0 0.000000000000000000 -2100356588923037280657933220151015272849259634823401706875243090220709792562417574020093529256336851510606983856128.000000000000000000
connection 39 24 -7.545507580510804502 0 0.000000000000000000 -2100356588923037280657933220151015272849259634823401706875243090220709792562417574020093529256336851510606983856128.000000000000000000
connection 28 61 0.306526176402178607 0 0.000000000000000000 -2100356588923037280657933220151015272849259634823401706875243090220709792562417574020093529256336851510606983856128.000000000000000000
connection 28 62 -1.063661047851778729 0 0.000000000000000000 -2100356588923037280657933220151015272849259634823401706875243090220709792562417574020093529256336851510606983856128.000000000000000000
connection 28 68 -4.417208880025937923 0 0.000000000000000000 -2100356588923037280657933220151015272849259634823401706875243090220709792562417574020093529256336851510606983856128.000000000000000000
connection 28 34 -2.379695876378576269 0 0.000000000000000000 -2100356588923037280657933220151015272849259634823401706875243090220709792562417574020093529256336851510606983856128.000000000000000000
connection 28 35 -3.564530923572511334 0 0.000000000000000000 -2100356588923037280657933220151015272849259634823401706875243090220709792562417574020093529256336851510606983856128.000000000000000000
connection 28 36 -6.405543103023023654 0 0.000000000000000000 -2100356588923037280657933220151015272849259634823401706875243090220709792562417574020093529256336851510606983856128.000000000000000000
connection 28 37 -5.909648374539428595 0 0.000000000000000000 -2100356588923037280657933220151015272849259634823401706875243090220709792562417574020093529256336851510606983856128.000000000000000000
connection 28 40 -7.469001023223110103 0 0.000000000000000000 -2100356588923037280657933220151015272849259634823401706875243090220709792562417574020093529256336851510606983856128.000000000000000000
connection 28 24 -7.244096700900839458 0 0.000000000000000000 -2100356588923037280657933220151015272849259634823401706875243090220709792562417574020093529256336851510606983856128.000000000000000000
connection 28 26 -6.943552802317573658 0 0.000000000000000000 -2100356588923037280657933220151015272849259634823401706875243090220709792562417574020093529256336851510606983856128.000000000000000000
connection 28 41 -7.306836347211418392 0 0.000000000000000000 -2100356588923037280657933220151015272849259634823401706875243090220709792562417574020093529256336851510606983856128.000000000000000000
connection 31 58 -6.635431214584214032 0 0.000000000000000000 -2100356588923037280657933220151015272849259634823401706875243090220709792562417574020093529256336851510606983856128.000000000000000000
connection 31 25 -6.274380781320435752 0 0.000000000000000000 -2100356588923037280657933220151015272849259634823401706875243090220709792562417574020093529256336851510606983856128.000000000000000000
connection 31 26 -2.284976004455784526 0 0.000000000000000000 -2100356588923037280657933220151015272849259634823401706875243090220709792562417574020093529256336851510606983856128.000000000000000000
connection 31 41 -2.333861361261714951 0 0.000000000000000000 -2100356588923037280657933220151015272849259634823401706875243090220709792562417574020093529256336851510606983856128.000000000000000000
connection 46 58 -6.835900920194913688 0 0.000000000000000000 -2100356588923037280657933220151015272849259634823401706875243090220709792562417574020093529256336851510606983856128.000000000000000000
connection 46 25 -6.842389022563053480 0 0.000000000000000000 -2100356588923037280657933220151015272849259634823401706875243090220709792562417574020093529256336851510606983856128.000000000000000000
connection 46 26 -3.011403492528899939 0 0.000000000000000000 -2100356588923037280657933220151015272849259634823401706875243090220709792562417574020093529256336851510606983856128.000000000000000000
connection 29 58 -6.502598817604548387 0 0.000000000000000000 -2100356588923037280657933220151015272849259634823401706875243090220709792562417574020093529256336851510606983856128.000000000000000000
connection 29 25 -6.818795029924866746 0 0.000000000000000000 -2100356588923037280657933220151015272849259634823401706875243090220709792562417574020093529256336851510606983856128.000000000000000000
connection 29 41 -3.970505349748676416 0 0.000000000000000000 -2100356588923037280657933220151015272849259634823401706875243090220709792562417574020093529256336851510606983856128.000000000000000000
connection 30 58 -5.143761822304992570 0 0.000000000000000000 -2100356588923037280657933220151015272849259634823401706875243090220709792562417574020093529256336851510606983856128.000000000000000000
connection 30 38 -5.194385517844561484 0 0.000000000000000000 -2100356588923037280657933220151015272849259634823401706875243090220709792562417574020093529256336851510606983856128.000000000000000000
connection 30 39 -1.888360567132864043 0 0.000000000000000000 -2100356588923037280657933220151015272849259634823401706875243090220709792562417574020093529256336851510606983856128.000000000000000000
connection 30 41 0.392111823120357084 0 0.000000000000000000 -2100356588923037280657933220151015272849259634823401706875243090220709792562417574020093529256336851510606983856128.000000000000000000
connection 50 41 -7.658948100304741935 0 0.000000000000000000 -2100356588923037280657933220151015272849259634823401706875243090220709792562417574020093529256336851510606983856128.000000000000000000
connection 32 58 -6.775146939078598329 0 0.000000000000000000 -2100356588923037280657933220151015272849259634823401706875243090220709792562417574020093529256336851510606983856128.000000000000000000
connection 32 25 -6.607822434821153834 0 0.000000000000000000 -2100356588923037280657933220151015272849259634823401706875243090220709792562417574020093529256336851510606983856128.000000000000000000
connection 32 26 -2.600803368179027686 0 0.000000000000000000 -2100356588923037280657933220151015272849259634823401706875243090220709792562417574020093529256336851510606983856128.000000000000000000
connection 33 58 -5.616701602071658250 0 0.000000000000000000 -2100356588923037280657933220151015272849259634823401706875243090220709792562417574020093529256336851510606983856128.000000000000000000
connection 33 25 -4.812835569149207515 0 0.000000000000000000 -2100356588923037280657933220151015272849259634823401706875243090220709792562417574020093529256336851510606983856128.000000000000000000
connection 33 26 -0.283902609773322989 0 0.000000000000000000 -2100356588923037280657933220151015272849259634823401706875243090220709792562417574020093529256336851510606983856128.000000000000000000
connection 34 58 -7.108627671227045752 0 0.000000000000000000 -2100356588923037280657933220151015272849259634823401706875243090220709792562417574020093529256336851510606983856128.000000000000000000
connection 34 25 -6.863558839309318316 0 0.000000000000000000 -2100356588923037280657933220151015272849259634823401706875243090220709792562417574020093529256336851510606983856128.000000000000000000
connection 34 26 -3.836735113705549871 0 0.000000000000000000 -2100356588923037280657933220151015272849259634823401706875243090220709792562417574020093529256336851510606983856128.000000000000000000
connection 49 25 -7.756356970021275110 0 0.000000000000000000 -2100356588923037280657933220151015272849259634823401706875243090220709792562417574020093529256336851510606983856128.000000000000000000
connection 49 41 -7.100528889292625045 0 0.000000000000000000 -2100356588923037280657933220151015272849259634823401706875243090220709792562417574020093529256336851510606983856128.000000000000000000
connection 35 58 -7.512108874195867259 0 0.000000000000000000 -2100356588923037280657933220151015272849259634823401706875243090220709792562417574020093529256336851510606983856128.000000000000000000
connection 35 25 -7.515612788167269187 0 0.000000000000000000 -2100356588923037280657933220151015272849259634823401706875243090220709792562417574020093529256336851510606983856128.000000000000000000
connection 36 58 -7.505552207482804938 0 0.000000000000000000 -2100356588923037280657933220151015272849259634823401706875243090220709792562417574020093529256336851510606983856128.000000000000000000
connection 36 25 -7.581967297114744930 0 0.000000000000000000 -2100356588923037280657933220151015272849259634823401706875243090220709792562417574020093529256336851510606983856128.000000000000000000
connection 36 41 -6.271541879439588740 0 0.000000000000000000 -2100356588923037280657933220151015272849259634823401706875243090220709792562417574020093529256336851510606983856128.000000000000000000
connection 37 58 -7.202333005317099079 0 0.000000000000000000 -2100356588923037280657933220151015272849259634823401706875243090220709792562417574020093529256336851510606983856128.000000000000000000
connection 37 25 -7.090286346074874402 0 0.000000000000000000 -2100356588923037280657933220151015272849259634823401706875243090220709792562417574020093529256336851510606983856128.000000000000000000
connection 37 26 -4.099715770376899826 0 0.000000000000000000 -2100356588923037280657933220151015272849259634823401706875243090220709792562417574020093529256336851510606983856128.000000000000000000
connection 38 58 -7.481134398942819175 0 0.000000000000000000 -2100356588923037280657933220151015272849259634823401706875243090220709792562417574020093529256336851510606983856128.000000000000000000
connection 44 58 -7.233002814496767741 0 0.000000000000000000 -2100356588923037280657933220151015272849259634823401706875243090220709792562417574020093529256336851510606983856128.000000000000000000
connection 44 25 -7.349287575738398637 0 0.000000000000000000 -2100356588923037280657933220151015272849259634823401706875243090220709792562417574020093529256336851510606983856128.000000000000000000
connection 44 41 -5.428655962957324554 0 0.000000000000000000 -2100356588923037280657933220151015272849259634823401706875243090220709792562417574020093529256336851510606983856128.000000000000000000
connection 47 58 -6.821634511610074725 0 0.000000000000000000 -2100356588923037280657933220151015272849259634823401706875243090220709792562417574020093529256336851510606983856128.000000000000000000
connection 47 25 -6.995445150001676105 0 0.000000000000000000 -2100356588923037280657933220151015272849259634823401706875243090220709792562417574020093529256336851510606983856128.000000000000000000
connection 47 41 -4.281823809266800396 0 0.000000000000000000 -2100356588923037280657933220151015272849259634823401706875243090220709792562417574020093529256336851510606983856128.000000000000000000
connection 41 58 -6.901826037497541755 0 0.000000000000000000 -2100356588923037280657933220151015272849259634823401706875243090220709792562417574020093529256336851510606983856128.000000000000000000
connection 41 25 -7.275921370114103226 0 0.000000000000000000 -2100356588923037280657933220151015272849259634823401706875243090220709792562417574020093529256336851510606983856128.000000000000000000
connection 41 41 -5.745983160944544643 0 0.000000000000000000 -2100356588923037280657933220151015272849259634823401706875243090220709792562417574020093529256336851510606983856128.000000000000000000
connection 42 58 -7.242770277678212132 0 0.000000000000000000 -2100356588923037280657933220151015272849259634823401706875243090220709792562417574020093529256336851510606983856128.000000000000000000
connection 42 25 -7.247610283247601259 0 0.000000000000000000 -2100356588923037280657933220151015272849259634823401706875243090220709792562417574020093529256336851510606983856128.000000000000000000
connection 42 26 -4.435048592672818479 0 0.000000000000000000 -2100356588923037280657933220151015272849259634823401706875243090220709792562417574020093529256336851510606983856128.000000000000000000
connection 57 25 -7.628991988670534852 0 0.000000000000000000 -2100356588923037280657933220151015272849259634823401706875243090220709792562417574020093529256336851510606983856128.000000000000000000
connection 57 41 -6.925939756242465606 0 0.000000000000000000 -2100356588923037280657933220151015272849259634823401706875243090220709792562417574020093529256336851510606983856128.000000000000000000
connection 43 25 -7.618470467029350601 0 0.000000000000000000 -2100356588923037280657933220151015272849259634823401706875243090220709792562417574020093529256336851510606983856128.000000000000000000
connection 43 41 -6.622771616020021845 0 0.000000000000000000 -2100356588923037280657933220151015272849259634823401706875243090220709792562417574020093529256336851510606983856128.000000000000000000
connection 45 58 -5.945194393631319407 0 0.000000000000000000 -2100356588923037280657933220151015272849259634823401706875243090220709792562417574020093529256336851510606983856128.000000000000000000
connection 45 25 -5.432510643991887100 0 0.000000000000000000 -2100356588923037280657933220151015272849259634823401706875243090220709792562417574020093529256336851510606983856128.000000000000000000
connection 45 26 -0.520319263925844377 0 0.000000000000000000 -2100356588923037280657933220151015272849259634823401706875243090220709792562417574020093529256336851510606983856128.000000000000000000
connection 45 41 -0.571980286829359086 0 0.000000000000000000 -2100356588923037280657933220151015272849259634823401706875243090220709792562417574020093529256336851510606983856128.000000000000000000
connection 48 58 -6.147066129025888337 0 0.000000000000000000 -2100356588923037280657933220151015272849259634823401706875243090220709792562417574020093529256336851510606983856128.000000000000000000
connection 48 25 -5.905006867813968441 0 0.000000000000000000 -2100356588923037280657933220151015272849259634823401706875243090220709792562417574020093529256336851510606983856128.000000000000000000
connection 48 26 -0.865508467267608661 0 0.000000000000000000 -2100356588923037280657933220151015272849259634823401706875243090220709792562417574020093529256336851510606983856128.000000000000000000
connection 51 41 -7.740407550609456955 0 0.000000000000000000 -2100356588923037280657933220151015272849259634823401706875243090220709792562417574020093529256336851510606983856128.000000000000000000
connection 52 41 -7.303579220805898942 0 0.000000000000000000 -2100356588923037280657933220151015272849259634823401706875243090220709792562417574020093529256336851510606983856128.000000000000000000
connection 53 62 -1.403470791558563802 0 0.000000000000000000 -2100356588923037280657933220151015272849259634823401706875243090220709792562417574020093529256336851510606983856128.000000000000000000
connection 53 68 -4.614304780533680983 0 0.000000000000000000 -2100356588923037280657933220151015272849259634823401706875243090220709792562417574020093529256336851510606983856128.000000000000000000
connection 53 34 -2.644358705035753321 0 0.000000000000000000 -2100356588923037280657933220151015272849259634823401706875243090220709792562417574020093529256336851510606983856128.000000000000000000
connection 53 35 -3.778777503794278569 0 0.000000000000000000 -2100356588923037280657933220151015272849259634823401706875243090220709792562417574020093529256336851510606983856128.000000000000000000
connection 53 36 -6.602095028231998342 0 0.000000000000000000 -2100356588923037280657933220151015272849259634823401706875243090220709792562417574020093529256336851510606983856128.000000000000000000
connection 53 37 -6.102715492507334361 0 0.000000000000000000 -2100356588923037280657933220151015272849259634823401706875243090220709792562417574020093529256336851510606983856128.000000000000000000
connection 53 40 -7.679028131014053571 0 0.000000000000000000 -2100356588923037280657933220151015272849259634823401706875243090220709792562417574020093529256336851510606983856128.000000000000000000
connection 53 24 -7.463265851467463463 0 0.000000000000000000 -2100356588923037280657933220151015272849259634823401706875243090220709792562417574020093529256336851510606983856128.000000000000000000
connection 53 26 -7.744891341970811638 0 0.000000000000000000 -2100356588923037280657933220151015272849259634823401706875243090220709792562417574020093529256336851510606983856128.000000000000000000
connection 53 41 -7.823176123135533899 0 0.000000000000000000 -2100356588923037280657933220151015272849259634823401706875243090220709792562417574020093529256336851510606983856128.000000000000000000
connection 54 61 1.374636707322641094 0 0.000000000000000000 -2100356588923037280657933220151015272849259634823401706875243090220709792562417574020093529256336851510606983856128.000000000000000000
connection 54 62 0.402829765271188855 0 0.000000000000000000 -2100356588923037280657933220151015272849259634823401706875243090220709792562417574020093529256336851510606983856128.000000000000000000
connection 54 68 -2.539083542918330494 0 0.000000000000000000 -2100356588923037280657933220151015272849259634823401706875243090220709792562417574020093529256336851510606983856128.000000000000000000
connection 54 34 -0.634678845318106699 0 0.000000000000000000 -2100356588923037280657933220151015272849259634823401706875243090220709792562417574020093529256336851510606983856128.000000000000000000
connection 54 35 -1.702910202333779210 0 0.000000000000000000 -2100356588923037280657933220151015272849259634823401706875243090220709792562417574020093529256336851510606983856128.000000000000000000
connection 54 36 -5.300557506107740124 0 0.000000000000000000 -2100356588923037280657933220151015272849259634823401706875243090220709792562417574020093529256336851510606983856128.000000000000000000
connection 54 37 -4.495631893650191557 0 0.000000000000000000 -2100356588923037280657933220151015272849259634823401706875243090220709792562417574020093529256336851510606983856128.000000000000000000
connection 54 40 -7.477872888314980315 0 0.000000000000000000 -2100356588923037280657933220151015272849259634823401706875243090220709792562417574020093529256336851510606983856128.000000000000000000
connection 54 24 -6.993402272025620370 0 0.000000000000000000 -2100356588923037280657933220151015272849259634823401706875243090220709792562417574020093529256336851510606983856128.000000000000000000
connection 54 25 -7.311330342056724163 0 0.000000000000000000 -2100356588923037280657933220151015272849259634823401706875243090220709792562417574020093529256336851510606983856128.000000000000000000
connection 56 61 2.602008515431275981 0 0.000000000000000000 -2100356588923037280657933220151015272849259634823401706875243090220709792562417574020093529256336851510606983856128.000000000000000000
connection 56 62 1.530533745794935507 0 0.000000000000000000 -2100356588923037280657933220151015272849259634823401706875243090220709792562417574020093529256336851510606983856128.000000000000000000
connection 56 68 -1.925146476990315048 0 0.000000000000000000 -2100356588923037280657933220151015272849259634823401706875243090220709792562417574020093529256336851510606983856128.000000000000000000
connection 56 34 0.348007069029504013 0 0.000000000000000000 -2100356588923037280657933220151015272849259634823401706875243090220709792562417574020093529256336851510606983856128.000000000000000000
connection 56 35 -0.896825884552131858 0 0.000000000000000000 -2100356588923037280657933220151015272849259634823401706875243090220709792562417574020093529256336851510606983856128.000000000000000000
connection 56 36 -5.099462468051493502 0 0.000000000000000000 -2100356588923037280657933220151015272849259634823401706875243090220709792562417574020093529256336851510606983856128.000000000000000000
connection 56 37 -4.191536215381867159 0 0.000000000000000000 -2100356588923037280657933220151015272849259634823401706875243090220709792562417574020093529256336851510606983856128.000000000000000000
connection 56 40 -7.408764958483338603 0 0.000000000000000000 -2100356588923037280657933220151015272849259634823401706875243090220709792562417574020093529256336851510606983856128.000000000000000000
connection 56 24 -6.916183375007152634 0 0.000000000000000000 -2100356588923037280657933220151015272849259634823401706875243090220709792562417574020093529256336851510606983856128.000000000000000000
connection 56 25 -7.245424181466924907 0 0.000000000000000000 -2100356588923037280657933220151015272849259634823401706875243090220709792562417574020093529256336851510606983856128.000000000000000000
connection 58 14 -7.095863851603125383 0 0.000000000000000000 -2100356588923037280657933220151015272849259634823401706875243090220709792562417574020093529256336851510606983856128.000000000000000000
connection 25 14 -7.072988097058142465 0 0.000000000000000000 -2100356588923037280657933220151015272849259634823401706875243090220709792562417574020093529256336851510606983856128.000000000000000000
connection 53 14 -5.947580570256077337 0 0.000000000000000000 -2100356588923037280657933220151015272849259634823401706875243090220709792562417574020093529256336851510606983856128.000000000000000000
connection 54 14 -4.303079802359349060 0 0.000000000000000000 -2100356588923037280657933220151015272849259634823401706875243090220709792562417574020093529256336851510606983856128.000000000000000000
connection 55 14 -2.045144056944210753 0 0.000000000000000000 -2100356588923037280657933220151015272849259634823401706875243090220709792562417574020093529256336851510606983856128.000000000000000000
connection 56 14 -3.933069281783861726 0 0.000000000000000000 -2100356588923037280657933220151015272849259634823401706875243090220709792562417574020093529256336851510606983856128.000000000000000000
connection 41 14 -6.606036202129283552 0 0.000000000000000000 -2100356588923037280657933220151015272849259634823401706875243090220709792562417574020093529256336851510606983856128.000000000000000000
connection 58 15 -6.958695581848641787 0 0.000000000000000000 -2100356588923037280657933220151015272849259634823401706875243090220709792562417574020093529256336851510606983856128.000000000000000000
connection 25 15 -7.747514208378984080 0 0.000000000000000000 -2100356588923037280657933220151015272849259634823401706875243090220709792562417574020093529256336851510606983856128.000000000000000000
connection 26 15 -6.916191344495183024 0 0.000000000000000000 -2100356588923037280657933220151015272849259634823401706875243090220709792562417574020093529256336851510606983856128.000000000000000000
connection 41 15 -7.256815126566241503 0 0.000000000000000000 -2100356588923037280657933220151015272849259634823401706875243090220709792562417574020093529256336851510606983856128.000000000000000000
connection 61 16 -1.004555544449173166 0 0.000000000000000000 -2100356588923037280657933220151015272849259634823401706875243090220709792562417574020093529256336851510606983856128.000000000000000000
connection 25 16 -7.892428996503047856 0 0.000000000000000000 -2100356588923037280657933220151015272849259634823401706875243090220709792562417574020093529256336851510606983856128.000000000000000000
connection 26 16 -7.726009021934156173 0 0.000000000000000000 -2100356588923037280657933220151015272849259634823401706875243090220709792562417574020093529256336851510606983856128.000000000000000000
connection 41 16 -7.271924965644008587 0 0.000000000000000000 -2100356588923037280657933220151015272849259634823401706875243090220709792562417574020093529256336851510606983856128.000000000000000000
connection 61 17 0.223042063551691983 0 0.000000000000000000 -2100356588923037280657933220151015272849259634823401706875243090220709792562417574020093529256336851510606983856128.000000000000000000
connection 62 17 -2.716692243682786501 0 0.000000000000000000 -2100356588923037280657933220151015272849259634823401706875243090220709792562417574020093529256336851510606983856128.000000000000000000
connection 68 17 -0.323852659515410868 0 0.000000000000000000 -2100356588923037280657933220151015272849259634823401706875243090220709792562417574020093529256336851510606983856128.000000000000000000
connection 30 17 -0.992567479668826302 0 0.000000000000000000 -2100356588923037280657933220151015272849259634823401706875243090220709792562417574020093529256336851510606983856128.000000000000000000
connection 33 17 -1.765258423002690646 0 0.000000000000000000 -2100356588923037280657933220151015272849259634823401706875243090220709792562417574020093529256336851510606983856128.000000000000000000
connection 26 17 -7.901373053634172194 0 0.000000000000000000 -2100356588923037280657933220151015272849259634823401706875243090220709792562417574020093529256336851510606983856128.000000000000000000
connection 22 18 -0.929768798718042522 0 0.000000000000000000 -2100356588923037280657933220151015272849259634823401706875243090220709792562417574020093529256336851510606983856128.000000000000000000
connection 24 18 -1.734076559270255835 0 0.000000000000000000 -2100356588923037280657933220151015272849259634823401706875243090220709792562417574020093529256336851510606983856128.000000000000000000
connection 45 18 -1.123294909499711336 0 0.000000000000000000 -2100356588923037280657933220151015272849259634823401706875243090220709792562417574020093529256336851510606983856128.000000000000000000
connection 48 18 -1.764212015156726432 0 0.000000000000000000 -2100356588923037280657933220151015272849259634823401706875243090220709792562417574020093529256336851510606983856128.000000000000000000
connection 22 19 -1.338275239367436198 0 0.000000000000000000 -2100356588923037280657933220151015272849259634823401706875243090220709792562417574020093529256336851510606983856128.000000000000000000
connection 23 19 -4.942078256597699948 0 0.000000000000000000 -2100356588923037280657933220151015272849259634823401706875243090220709792562417574020093529256336851510606983856128.000000000000000000
connection 24 19 -1.515471073957542769 0 0.000000000000000000 -2100356588923037280657933220151015272849259634823401706875243090220709792562417574020093529256336851510606983856128.000000000000000000
connection 29 19 -3.008841463489909440 0 0.000000000000000000 -2100356588923037280657933220151015272849259634823401706875243090220709792562417574020093529256336851510606983856128.000000000000000000
connection 22 20 -2.392078414348877580 0 0.000000000000000000 -2100356588923037280657933220151015272849259634823401706875243090220709792562417574020093529256336851510606983856128.000000000000000000
connection 23 20 -5.025410684433930797 0 0.000000000000000000 -2100356588923037280657933220151015272849259634823401706875243090220709792562417574020093529256336851510606983856128.000000000000000000
connection 40 20 -5.233241374083239528 0 0.000000000000000000 -2100356588923037280657933220151015272849259634823401706875243090220709792562417574020093529256336851510606983856128.000000000000000000
connection 24 20 -2.182458849079198959 0 0.000000000000000000 -2100356588923037280657933220151015272849259634823401706875243090220709792562417574020093529256336851510606983856128.000000000000000000
connection 29 20 -2.513755700136248272 0 0.000000000000000000 -2100356588923037280657933220151015272849259634823401706875243090220709792562417574020093529256336851510606983856128.000000000000000000
connection 58 21 -4.550952821682026972 0 0.000000000000000000 -2100356588923037280657933220151015272849259634823401706875243090220709792562417574020093529256336851510606983856128.000000000000000000
connection 41 21 -4.388434451184929586 0 0.000000000000000000 -2100356588923037280657933220151015272849259634823401706875243090220709792562417574020093529256336851510606983856128.000000000000000000
NNend

