NNstart
8 5
neuron 1 1.000000000000000000 0.000000000000000000 0.000000000000000000 -0.000000000000000000 11 0.000000000000000000
neuron 1 1.000000000000000000 0.000000000000000000 0.000000000000000000 -0.000000000000000000 11 0.000000000000000000
neuron 1 1.000000000000000000 0.000000000000000000 0.000000000000000000 -0.000000000000000000 11 0.000000000000000000
neuron 1 1.000000000000000000 0.000000000000000000 0.000000000000000000 -0.000000000000000000 11 0.000000000000000000
neuron 1 1.000000000000000000 0.000000000000000000 0.000000000000000000 -0.000000000000000000 11 0.000000000000000000
neuron 1 1.000000000000000000 0.000000000000000000 0.000000000000000000 -0.000000000000000000 11 0.000000000000000000
neuron 1 1.000000000000000000 0.000000000000000000 0.000000000000000000 -0.000000000000000000 11 0.000000000000000000
neuron 2 1.000000000000000000 0.000000000000000000 0.000000000000000000 0.000000000000000000 11 0.000000000000000000
neuron 4 1.000000000000000000 0.000000000000000000 0.000000000000000000 -0.000000000000000000 1 0.000000000000000000
neuron 4 1.000000000000000000 0.000000000000000000 0.000000000000000000 -0.000000000000000000 1 0.000000000000000000
neuron 4 1.000000000000000000 0.000000000000000000 0.000000000000000000 -0.000000000000000000 1 0.000000000000000000
neuron 4 1.000000000000000000 0.000000000000000000 0.000000000000000000 -0.000000000000000000 1 0.000000000000000000
neuron 4 1.000000000000000000 0.000000000000000000 0.000000000000000000 -0.000000000000000000 1 0.000000000000000000
neuron 3 1.000000000000000000 0.000000000000000000 0.000000000000000000 -0.000000000000000000 0 0.000000000000000000
neuron 3 1.000000000000000000 0.000000000000000000 0.000000000000000000 -0.000000000000000000 0 0.000000000000000000
neuron 3 1.000000000000000000 0.000000000000000000 0.000000000000000000 -0.000000000000000000 0 0.000000000000000000
neuron 3 1.000000000000000000 0.000000000000000000 0.000000000000000000 -0.000000000000000000 0 0.000000000000000000
neuron 3 1.000000000000000000 0.000000000000000000 0.000000000000000000 -0.000000000000000000 0 0.000000000000000000
neuron 3 1.000000000000000000 0.000000000000000000 0.000000000000000000 -0.000000000000000000 0 0.000000000000000000
neuron 3 1.000000000000000000 0.000000000000000000 0.000000000000000000 -0.000000000000000000 0 0.000000000000000000
neuron 3 1.000000000000000000 0.000000000000000000 0.000000000000000000 -0.000000000000000000 0 0.000000000000000000
neuron 3 1.000000000000000000 0.000000000000000000 0.000000000000000000 -0.000000000000000000 0 0.000000000000000000
neuron 3 1.000000000000000000 0.000000000000000000 0.000000000000000000 -0.000000000000000000 0 0.000000000000000000
neuron 3 1.000000000000000000 0.000000000000000000 0.000000000000000000 -0.000000000000000000 0 0.000000000000000000
neuron 3 1.000000000000000000 0.000000000000000000 0.000000000000000000 -0.000000000000000000 0 0.000000000000000000
neuron 3 1.000000000000000000 0.000000000000000000 0.000000000000000000 -0.000000000000000000 0 0.000000000000000000
neuron 3 1.000000000000000000 0.000000000000000000 0.000000000000000000 -0.000000000000000000 0 0.000000000000000000
neuron 3 1.000000000000000000 0.000000000000000000 0.000000000000000000 -0.000000000000000000 0 0.000000000000000000
neuron 3 1.000000000000000000 0.000000000000000000 0.000000000000000000 -0.000000000000000000 0 0.000000000000000000
neuron 3 1.000000000000000000 0.000000000000000000 0.000000000000000000 -0.000000000000000000 0 0.000000000000000000
neuron 3 1.000000000000000000 0.000000000000000000 0.000000000000000000 -0.000000000000000000 0 0.000000000000000000
neuron 3 1.000000000000000000 0.000000000000000000 0.000000000000000000 -0.000000000000000000 0 0.000000000000000000
neuron 3 1.000000000000000000 0.000000000000000000 0.000000000000000000 -0.000000000000000000 0 0.000000000000000000
neuron 3 1.000000000000000000 0.000000000000000000 0.000000000000000000 -0.000000000000000000 0 0.000000000000000000
neuron 3 1.000000000000000000 0.000000000000000000 0.000000000000000000 -0.000000000000000000 0 0.000000000000000000
neuron 3 1.000000000000000000 0.000000000000000000 0.000000000000000000 -0.000000000000000000 0 0.000000000000000000
neuron 3 1.000000000000000000 0.000000000000000000 0.000000000000000000 -0.000000000000000000 0 0.000000000000000000
neuron 3 1.000000000000000000 0.000000000000000000 0.000000000000000000 -0.000000000000000000 0 0.000000000000000000
neuron 3 1.000000000000000000 0.000000000000000000 0.000000000000000000 -0.000000000000000000 0 0.000000000000000000
neuron 3 1.000000000000000000 0.000000000000000000 0.000000000000000000 -0.000000000000000000 0 0.000000000000000000
neuron 3 1.000000000000000000 0.000000000000000000 0.000000000000000000 -0.000000000000000000 0 0.000000000000000000
neuron 3 1.000000000000000000 0.000000000000000000 0.000000000000000000 -0.000000000000000000 0 0.000000000000000000
neuron 3 1.000000000000000000 0.000000000000000000 0.000000000000000000 -0.000000000000000000 0 0.000000000000000000
neuron 3 1.000000000000000000 0.000000000000000000 0.000000000000000000 -0.000000000000000000 0 0.000000000000000000
neuron 3 1.000000000000000000 0.000000000000000000 0.000000000000000000 -0.000000000000000000 0 0.000000000000000000
neuron 3 1.000000000000000000 0.000000000000000000 0.000000000000000000 -0.000000000000000000 0 0.000000000000000000
neuron 3 1.000000000000000000 0.000000000000000000 0.000000000000000000 -0.000000000000000000 0 0.000000000000000000
neuron 3 1.000000000000000000 0.000000000000000000 0.000000000000000000 -0.000000000000000000 0 0.000000000000000000
neuron 3 1.000000000000000000 0.000000000000000000 0.000000000000000000 -0.000000000000000000 0 0.000000000000000000
neuron 3 1.000000000000000000 0.000000000000000000 0.000000000000000000 -0.000000000000000000 0 0.000000000000000000
neuron 3 1.000000000000000000 0.000000000000000000 0.000000000000000000 -0.000000000000000000 0 0.000000000000000000
neuron 3 1.000000000000000000 0.000000000000000000 0.000000000000000000 -0.000000000000000000 0 0.000000000000000000
neuron 3 1.000000000000000000 0.000000000000000000 0.000000000000000000 -0.000000000000000000 0 0.000000000000000000
neuron 3 1.000000000000000000 0.000000000000000000 0.000000000000000000 -0.000000000000000000 0 0.000000000000000000
neuron 3 1.000000000000000000 0.000000000000000000 0.000000000000000000 -0.000000000000000000 0 0.000000000000000000
neuron 3 1.000000000000000000 0.000000000000000000 0.000000000000000000 -0.000000000000000000 0 0.000000000000000000
neuron 3 1.000000000000000000 0.000000000000000000 0.000000000000000000 -0.000000000000000000 0 0.000000000000000000
neuron 3 1.000000000000000000 0.000000000000000000 0.000000000000000000 -0.000000000000000000 0 0.000000000000000000
neuron 3 1.000000000000000000 0.000000000000000000 0.000000000000000000 -0.000000000000000000 0 0.000000000000000000
neuron 3 1.000000000000000000 0.000000000000000000 0.000000000000000000 -0.000000000000000000 0 0.000000000000000000
neuron 3 1.000000000000000000 0.000000000000000000 0.000000000000000000 -0.000000000000000000 0 0.000000000000000000
neuron 3 1.000000000000000000 0.000000000000000000 0.000000000000000000 -0.000000000000000000 0 0.000000000000000000
neuron 3 1.000000000000000000 0.000000000000000000 0.000000000000000000 -0.000000000000000000 0 0.000000000000000000
neuron 3 1.000000000000000000 0.000000000000000000 0.000000000000000000 -0.000000000000000000 0 0.000000000000000000
neuron 3 1.000000000000000000 0.000000000000000000 0.000000000000000000 -0.000000000000000000 0 0.000000000000000000
neuron 3 1.000000000000000000 0.000000000000000000 0.000000000000000000 -0.000000000000000000 0 0.000000000000000000
neuron 3 1.000000000000000000 0.000000000000000000 0.000000000000000000 -0.000000000000000000 0 0.000000000000000000
neuron 3 1.000000000000000000 0.000000000000000000 0.000000000000000000 -0.000000000000000000 0 0.000000000000000000
neuron 3 1.000000000000000000 0.000000000000000000 0.000000000000000000 -0.000000000000000000 0 0.000000000000000000
neuron 3 1.000000000000000000 0.000000000000000000 0.000000000000000000 -0.000000000000000000 0 0.000000000000000000
neuron 3 1.000000000000000000 0.000000000000000000 0.000000000000000000 -0.000000000000000000 0 0.000000000000000000
neuron 3 1.000000000000000000 0.000000000000000000 0.000000000000000000 -0.000000000000000000 0 0.000000000000000000
neuron 3 1.000000000000000000 0.000000000000000000 0.000000000000000000 -0.000000000000000000 0 0.000000000000000000
neuron 3 1.000000000000000000 0.000000000000000000 0.000000000000000000 -0.000000000000000000 0 0.000000000000000000
neuron 3 1.000000000000000000 0.000000000000000000 0.000000000000000000 -0.000000000000000000 0 0.000000000000000000
neuron 3 1.000000000000000000 0.000000000000000000 0.000000000000000000 -0.000000000000000000 0 0.000000000000000000
neuron 3 1.000000000000000000 0.000000000000000000 0.000000000000000000 -0.000000000000000000 0 0.000000000000000000
neuron 3 1.000000000000000000 0.000000000000000000 0.000000000000000000 -0.000000000000000000 0 0.000000000000000000
neuron 3 1.000000000000000000 0.000000000000000000 0.000000000000000000 -0.000000000000000000 0 0.000000000000000000
connection 0 13 -0.849604283885306510 0 0.000000000000000000 -0.000000000000000000
connection 0 14 3.618106838939901149 0 0.000000000000000000 -0.000000000000000000
connection 0 15 2.737898872613923285 0 0.000000000000000000 -0.000000000000000000
connection 0 16 -2.001505478565867246 0 0.000000000000000000 -0.000000000000000000
connection 0 17 5.171415011814855411 0 0.000000000000000000 -0.000000000000000000
connection 0 19 -3.093266858310104617 0 0.000000000000000000 -0.000000000000000000
connection 0 20 1.739764949278931327 0 0.000000000000000000 -0.000000000000000000
connection 0 21 -7.983683013113847871 0 0.000000000000000000 -0.000000000000000000
connection 0 22 -4.139718632990433633 0 0.000000000000000000 -0.000000000000000000
connection 0 23 0.583535172448070960 0 0.000000000000000000 -0.000000000000000000
connection 0 24 -0.572245231865348480 0 0.000000000000000000 -0.000000000000000000
connection 0 25 -4.986898663451977853 0 0.000000000000000000 -0.000000000000000000
connection 0 26 4.545513857187795104 0 0.000000000000000000 -0.000000000000000000
connection 1 14 -0.770790302838531449 0 0.000000000000000000 -0.000000000000000000
connection 1 27 3.673155167843144220 0 0.000000000000000000 -0.000000000000000000
connection 1 15 -1.924910432898005563 0 0.000000000000000000 -0.000000000000000000
connection 1 28 2.801347799025500240 0 0.000000000000000000 -0.000000000000000000
connection 1 17 1.810664629562146466 0 0.000000000000000000 -0.000000000000000000
connection 1 20 -3.022275712078855481 0 0.000000000000000000 -0.000000000000000000
connection 1 21 -7.978842689301666624 0 0.000000000000000000 -0.000000000000000000
connection 1 30 -5.043535868058251381 0 0.000000000000000000 -0.000000000000000000
connection 1 22 0.496175229922584393 0 0.000000000000000000 -0.000000000000000000
connection 1 23 4.490912298281259041 0 0.000000000000000000 -0.000000000000000000
connection 1 24 3.755739433210745215 0 0.000000000000000000 -0.000000000000000000
connection 1 25 -0.661058400736759810 0 0.000000000000000000 -0.000000000000000000
connection 2 27 -0.691909609767228928 0 0.000000000000000000 -0.000000000000000000
connection 2 31 3.727650925068459298 0 0.000000000000000000 -0.000000000000000000
connection 2 32 2.864278342333773875 0 0.000000000000000000 -0.000000000000000000
connection 2 28 -1.848001698977563168 0 0.000000000000000000 -0.000000000000000000
connection 2 17 -2.950764182264012714 0 0.000000000000000000 -0.000000000000000000
connection 2 21 -7.959123231603292936 0 0.000000000000000000 -0.000000000000000000
connection 2 33 -1.902208005066120311 0 0.000000000000000000 -0.000000000000000000
connection 2 30 -0.746548627406250387 0 0.000000000000000000 -0.000000000000000000
connection 2 34 -5.097864784195276222 0 0.000000000000000000 -0.000000000000000000
connection 2 22 4.438669198584563880 0 0.000000000000000000 -0.000000000000000000
connection 2 25 3.694554577155206410 0 0.000000000000000000 -0.000000000000000000
connection 3 35 -7.965400381241211747 0 0.000000000000000000 -0.000000000000000000
connection 3 36 3.781582208367821885 0 0.000000000000000000 -0.000000000000000000
connection 3 32 -1.770816004260313381 0 0.000000000000000000 -0.000000000000000000
connection 3 37 2.926672311531085313 0 0.000000000000000000 -0.000000000000000000
connection 3 38 -4.334715318101518555 0 0.000000000000000000 -0.000000000000000000
connection 3 39 -5.150434555382920720 0 0.000000000000000000 -0.000000000000000000
connection 3 40 0.330034767907174786 0 0.000000000000000000 -0.000000000000000000
connection 3 41 4.387931453885300925 0 0.000000000000000000 -0.000000000000000000
connection 3 42 -1.982811243317717187 0 0.000000000000000000 -0.000000000000000000
connection 3 33 2.756534172720571441 0 0.000000000000000000 -0.000000000000000000
connection 3 30 3.635036667873147387 0 0.000000000000000000 -0.000000000000000000
connection 3 34 -0.829744085822518573 0 0.000000000000000000 -0.000000000000000000
connection 4 35 -7.980641141870813193 0 0.000000000000000000 -0.000000000000000000
connection 4 36 -0.534090228471455375 0 0.000000000000000000 -0.000000000000000000
connection 4 43 3.834942391719007304 0 0.000000000000000000 -0.000000000000000000
connection 4 44 2.988517757020020316 0 0.000000000000000000 -0.000000000000000000
connection 4 37 -1.693381921715710225 0 0.000000000000000000 -0.000000000000000000
connection 4 45 -4.395942264015197054 0 0.000000000000000000 -0.000000000000000000
connection 4 38 0.249445484829480618 0 0.000000000000000000 -0.000000000000000000
connection 4 39 -0.911374407664954256 0 0.000000000000000000 -0.000000000000000000
connection 4 46 -5.201624592883646869 0 0.000000000000000000 -0.000000000000000000
connection 4 40 4.338064346333863952 0 0.000000000000000000 -0.000000000000000000
connection 4 42 2.689454376371655631 0 0.000000000000000000 -0.000000000000000000
connection 4 48 -2.061739741032401430 0 0.000000000000000000 -0.000000000000000000
connection 4 34 3.576490542582812626 0 0.000000000000000000 -0.000000000000000000
connection 5 35 -7.983702487396516112 0 0.000000000000000000 -0.000000000000000000
connection 5 43 -0.455204770369303069 0 0.000000000000000000 -0.000000000000000000
connection 5 49 3.887728077071422650 0 0.000000000000000000 -0.000000000000000000
connection 5 44 -1.615723052867099163 0 0.000000000000000000 -0.000000000000000000
connection 5 50 -5.251691965888252156 0 0.000000000000000000 -0.000000000000000000
connection 5 38 4.288607230990523433 0 0.000000000000000000 -0.000000000000000000
connection 5 39 3.518415265507648382 0 0.000000000000000000 -0.000000000000000000
connection 5 46 -0.991944246745655955 0 0.000000000000000000 -0.000000000000000000
connection 5 52 -2.139458937530598792 0 0.000000000000000000 -0.000000000000000000
connection 5 48 2.622943168507139156 0 0.000000000000000000 -0.000000000000000000
connection 6 35 -7.978956871555202390 0 0.000000000000000000 -0.000000000000000000
connection 6 49 -0.376364337331637155 0 0.000000000000000000 -0.000000000000000000
connection 6 53 3.939937837040706992 0 0.000000000000000000 -0.000000000000000000
connection 6 54 -2.216280054262756760 0 0.000000000000000000 -0.000000000000000000
connection 6 50 -1.071793293474789577 0 0.000000000000000000 -0.000000000000000000
connection 6 55 -5.300807619001444593 0 0.000000000000000000 -0.000000000000000000
connection 6 45 4.239233452556307569 0 0.000000000000000000 -0.000000000000000000
connection 6 46 3.460458345451610018 0 0.000000000000000000 -0.000000000000000000
connection 6 56 -3.291265655132009194 0 0.000000000000000000 -0.000000000000000000
connection 6 52 2.556628507603164735 0 0.000000000000000000 -0.000000000000000000
connection 7 35 -7.959494049331761190 0 0.000000000000000000 -0.000000000000000000
connection 7 57 -7.963633365171726375 0 0.000000000000000000 -0.000000000000000000
connection 7 58 -2.292405112150951663 0 0.000000000000000000 -0.000000000000000000
connection 7 54 2.490257317080678767 0 0.000000000000000000 -0.000000000000000000
connection 7 50 3.402377414317063753 0 0.000000000000000000 -0.000000000000000000
connection 7 55 -1.151143366954613834 0 0.000000000000000000 -0.000000000000000000
connection 7 56 1.464467591784057721 0 0.000000000000000000 -0.000000000000000000
connection 7 59 -3.360934635943223725 0 0.000000000000000000 -0.000000000000000000
connection 17 13 2.030851485259311584 0 0.000000000000000000 -0.000000000000000000
connection 17 62 -2.976182659133099762 0 0.000000000000000000 -0.000000000000000000
connection 14 50 2.979720412484941683 0 0.000000000000000000 -0.000000000000000000
connection 14 55 2.749562315308820004 0 0.000000000000000000 -0.000000000000000000
connection 15 50 -6.404638784947795926 0 0.000000000000000000 -0.000000000000000000
connection 15 55 -5.749212760865736627 0 0.000000000000000000 -0.000000000000000000
connection 15 45 -1.695187122660820611 0 0.000000000000000000 -0.000000000000000000
connection 15 38 -2.875212052929200901 0 0.000000000000000000 -0.000000000000000000
connection 15 46 -6.542916689500109406 0 0.000000000000000000 -0.000000000000000000
connection 15 40 -3.084494817130426281 0 0.000000000000000000 -0.000000000000000000
connection 15 41 -3.078190999715240572 0 0.000000000000000000 -0.000000000000000000
connection 16 50 -4.674566238025488651 0 0.000000000000000000 -0.000000000000000000
connection 16 55 -4.330798132337707607 0 0.000000000000000000 -0.000000000000000000
connection 16 45 0.745543379597499944 0 0.000000000000000000 -0.000000000000000000
connection 16 38 0.554816097963281685 0 0.000000000000000000 -0.000000000000000000
connection 16 46 -4.610612636739632286 0 0.000000000000000000 -0.000000000000000000
connection 16 40 0.656419635197397655 0 0.000000000000000000 -0.000000000000000000
connection 19 13 -0.939086851955658553 0 0.000000000000000000 -0.000000000000000000
connection 19 14 -2.345610551802383537 0 0.000000000000000000 -0.000000000000000000
connection 20 13 1.637828258889639788 0 0.000000000000000000 -0.000000000000000000
connection 20 14 -2.114418092395480286 0 0.000000000000000000 -0.000000000000000000
connection 20 62 -3.632786716360675072 0 0.000000000000000000 -0.000000000000000000
connection 21 15 -1.594319038321666770 0 0.000000000000000000 -0.000000000000000000
connection 21 66 3.805429667616186951 0 0.000000000000000000 -0.000000000000000000
connection 21 67 -0.999992268990253619 0 0.000000000000000000 -0.000000000000000000
connection 21 68 2.199596432811442348 0 0.000000000000000000 -0.000000000000000000
connection 22 70 4.885828912085013798 0 0.000000000000000000 -0.000000000000000000
connection 22 71 2.974351677070617317 0 0.000000000000000000 -0.000000000000000000
connection 22 72 -2.159108410427685865 0 0.000000000000000000 -0.000000000000000000
connection 22 66 5.032400570732781908 0 0.000000000000000000 -0.000000000000000000
connection 22 67 0.236376811077650573 0 0.000000000000000000 -0.000000000000000000
connection 22 32 -2.333093414703854673 0 0.000000000000000000 -0.000000000000000000
connection 23 70 2.251093494209046586 0 0.000000000000000000 -0.000000000000000000
connection 23 71 1.773175058318442687 0 0.000000000000000000 -0.000000000000000000
connection 23 72 -3.644060953246163415 0 0.000000000000000000 -0.000000000000000000
connection 23 73 -3.380136616268168304 0 0.000000000000000000 -0.000000000000000000
connection 23 66 2.047825989884843878 0 0.000000000000000000 -0.000000000000000000
connection 23 67 -3.386550505613150186 0 0.000000000000000000 -0.000000000000000000
connection 23 68 -2.602367892732605714 0 0.000000000000000000 -0.000000000000000000
connection 23 36 6.459180910813582699 0 0.000000000000000000 -0.000000000000000000
connection 23 28 3.823775904097677536 0 0.000000000000000000 -0.000000000000000000
connection 23 19 -1.040884501047043553 0 0.000000000000000000 -0.000000000000000000
connection 24 13 4.111270581250670020 0 0.000000000000000000 -0.000000000000000000
connection 24 14 2.703704670072836436 0 0.000000000000000000 -0.000000000000000000
connection 24 74 -2.254766632987182273 0 0.000000000000000000 -0.000000000000000000
connection 24 27 1.786927986794416112 0 0.000000000000000000 -0.000000000000000000
connection 24 31 1.757476658554770754 0 0.000000000000000000 -0.000000000000000000
connection 24 15 -3.771671385950517319 0 0.000000000000000000 -0.000000000000000000
connection 24 16 -3.489363034688117704 0 0.000000000000000000 -0.000000000000000000
connection 24 36 1.810846232663102295 0 0.000000000000000000 -0.000000000000000000
connection 24 43 0.207265393388022107 0 0.000000000000000000 -0.000000000000000000
connection 24 32 -4.627040640744995770 0 0.000000000000000000 -0.000000000000000000
connection 24 28 -3.725985902167372465 0 0.000000000000000000 -0.000000000000000000
connection 24 49 -3.683318702854486482 0 0.000000000000000000 -0.000000000000000000
connection 25 13 5.102846864922497616 0 0.000000000000000000 -0.000000000000000000
connection 25 14 4.580422349301041862 0 0.000000000000000000 -0.000000000000000000
connection 25 62 1.373391774540114074 0 0.000000000000000000 -0.000000000000000000
connection 25 27 4.659412364495867820 0 0.000000000000000000 -0.000000000000000000
connection 25 31 4.837194908050352460 0 0.000000000000000000 -0.000000000000000000
connection 25 16 -0.266420948592558937 0 0.000000000000000000 -0.000000000000000000
connection 25 36 3.899495858519280489 0 0.000000000000000000 -0.000000000000000000
connection 25 43 0.290898527718868538 0 0.000000000000000000 -0.000000000000000000
connection 25 32 -4.342307506035194109 0 0.000000000000000000 -0.000000000000000000
connection 25 28 -1.248003139996035182 0 0.000000000000000000 -0.000000000000000000
connection 26 27 6.510835603069252464 0 0.000000000000000000 -0.000000000000000000
connection 26 31 6.696575024158947009 0 0.000000000000000000 -0.000000000000000000
connection 26 15 3.952809071685980946 0 0.000000000000000000 -0.000000000000000000
connection 26 16 3.717522193018030663 0 0.000000000000000000 -0.000000000000000000
connection 26 70 -1.589468742298649984 0 0.000000000000000000 -0.000000000000000000
connection 26 71 -1.481859927099296259 0 0.000000000000000000 -0.000000000000000000
connection 26 66 -1.012788188333618722 0 0.000000000000000000 -0.000000000000000000
connection 26 36 6.373210625695173270 0 0.000000000000000000 -0.000000000000000000
connection 26 43 4.475248393355513166 0 0.000000000000000000 -0.000000000000000000
connection 26 28 3.238264108790379847 0 0.000000000000000000 -0.000000000000000000
connection 26 19 -2.141900700688674775 0 0.000000000000000000 -0.000000000000000000
connection 26 20 -4.591012442745952882 0 0.000000000000000000 -0.000000000000000000
connection 27 50 -0.798157622997313188 0 0.000000000000000000 -0.000000000000000000
connection 27 55 -0.347933409340704936 0 0.000000000000000000 -0.000000000000000000
connection 27 45 4.303426621935799723 0 0.000000000000000000 -0.000000000000000000
connection 27 38 4.299251814847612430 0 0.000000000000000000 -0.000000000000000000
connection 27 46 -0.668452386989459746 0 0.000000000000000000 -0.000000000000000000
connection 36 50 -5.405931420051495628 0 0.000000000000000000 -0.000000000000000000
connection 36 55 -3.900106620450899175 0 0.000000000000000000 -0.000000000000000000
connection 36 45 0.913546442193449271 0 0.000000000000000000 -0.000000000000000000
connection 36 38 -1.080627195473015556 0 0.000000000000000000 -0.000000000000000000
connection 36 39 -6.294424205868033084 0 0.000000000000000000 -0.000000000000000000
connection 36 46 -6.138922867959125007 0 0.000000000000000000 -0.000000000000000000
connection 36 40 -2.266750029638613828 0 0.000000000000000000 -0.000000000000000000
connection 36 41 -2.460221649508840702 0 0.000000000000000000 -0.000000000000000000
connection 30 13 6.185373154746016233 0 0.000000000000000000 -0.000000000000000000
connection 30 14 6.307391660862495364 0 0.000000000000000000 -0.000000000000000000
connection 30 74 3.192213066414246292 0 0.000000000000000000 -0.000000000000000000
connection 30 62 3.366116449977651470 0 0.000000000000000000 -0.000000000000000000
connection 30 27 6.503955425070362395 0 0.000000000000000000 -0.000000000000000000
connection 30 31 6.140709615291224388 0 0.000000000000000000 -0.000000000000000000
connection 30 15 2.669684288720835852 0 0.000000000000000000 -0.000000000000000000
connection 30 16 3.421635634769522483 0 0.000000000000000000 -0.000000000000000000
connection 30 70 -2.154505594247833056 0 0.000000000000000000 -0.000000000000000000
connection 30 71 -2.753804544940310350 0 0.000000000000000000 -0.000000000000000000
connection 30 66 -2.244497133201311723 0 0.000000000000000000 -0.000000000000000000
connection 30 36 4.057749850339664732 0 0.000000000000000000 -0.000000000000000000
connection 30 28 -0.632771664460110572 0 0.000000000000000000 -0.000000000000000000
connection 31 50 -3.826635680665225081 0 0.000000000000000000 -0.000000000000000000
connection 31 55 -2.530285231544272762 0 0.000000000000000000 -0.000000000000000000
connection 31 45 2.439795748994587399 0 0.000000000000000000 -0.000000000000000000
connection 31 38 1.372997670450376795 0 0.000000000000000000 -0.000000000000000000
connection 31 39 -4.117925992787404788 0 0.000000000000000000 -0.000000000000000000
connection 31 46 -4.182724082505267837 0 0.000000000000000000 -0.000000000000000000
connection 31 40 1.231707771222046111 0 0.000000000000000000 -0.000000000000000000
connection 31 41 1.341337878506876136 0 0.000000000000000000 -0.000000000000000000
connection 33 13 0.565010818231304168 0 0.000000000000000000 -0.000000000000000000
connection 33 14 -1.386296493041499156 0 0.000000000000000000 -0.000000000000000000
connection 33 27 -2.471580357843869091 0 0.000000000000000000 -0.000000000000000000
connection 33 31 -2.597951205553175491 0 0.000000000000000000 -0.000000000000000000
connection 41 70 5.694353001466848418 0 0.000000000000000000 -0.000000000000000000
connection 41 71 2.358721513553132532 0 0.000000000000000000 -0.000000000000000000
connection 41 72 -2.510498570512199379 0 0.000000000000000000 -0.000000000000000000
connection 41 73 1.891098567945587394 0 0.000000000000000000 -0.000000000000000000
connection 41 66 6.575015936857142584 0 0.000000000000000000 -0.000000000000000000
connection 41 67 3.627581240239047933 0 0.000000000000000000 -0.000000000000000000
connection 41 68 3.635315293765786215 0 0.000000000000000000 -0.000000000000000000
connection 41 56 -3.309221451419108284 0 0.000000000000000000 -0.000000000000000000
connection 34 27 7.175564747036237812 0 0.000000000000000000 -0.000000000000000000
connection 34 31 6.260850674003537009 0 0.000000000000000000 -0.000000000000000000
connection 34 15 3.340551414231049066 0 0.000000000000000000 -0.000000000000000000
connection 34 16 5.454453323733853054 0 0.000000000000000000 -0.000000000000000000
connection 34 70 1.118561899199279397 0 0.000000000000000000 -0.000000000000000000
connection 34 71 -1.654421202820657522 0 0.000000000000000000 -0.000000000000000000
connection 34 73 -4.161917791459064375 0 0.000000000000000000 -0.000000000000000000
connection 34 66 1.600600968780277800 0 0.000000000000000000 -0.000000000000000000
connection 34 67 -3.943094716855857218 0 0.000000000000000000 -0.000000000000000000
connection 34 68 -3.937663765394958659 0 0.000000000000000000 -0.000000000000000000
connection 35 50 -4.866661983122124724 0 0.000000000000000000 -0.000000000000000000
connection 35 55 -4.826414828207760799 0 0.000000000000000000 -0.000000000000000000
connection 35 45 0.203247199054436029 0 0.000000000000000000 -0.000000000000000000
connection 35 38 0.317238441795174297 0 0.000000000000000000 -0.000000000000000000
connection 38 77 6.883750904382143432 0 0.000000000000000000 -0.000000000000000000
connection 38 49 0.829198932564287117 0 0.000000000000000000 -0.000000000000000000
connection 38 53 -1.690968640214337793 0 0.000000000000000000 -0.000000000000000000
connection 38 42 -3.969704837212172155 0 0.000000000000000000 -0.000000000000000000
connection 38 33 -0.943901568806956526 0 0.000000000000000000 -0.000000000000000000
connection 39 16 5.898739011337869265 0 0.000000000000000000 -0.000000000000000000
connection 39 70 2.420954427530942699 0 0.000000000000000000 -0.000000000000000000
connection 39 73 -2.739111233395774114 0 0.000000000000000000 -0.000000000000000000
connection 39 66 4.455598104464159270 0 0.000000000000000000 -0.000000000000000000
connection 39 67 -0.668187367530785004 0 0.000000000000000000 -0.000000000000000000
connection 39 68 -0.465157772828032556 0 0.000000000000000000 -0.000000000000000000
connection 46 70 1.813185214049306326 0 0.000000000000000000 -0.000000000000000000
connection 46 73 -3.044599176853290956 0 0.000000000000000000 -0.000000000000000000
connection 46 66 5.385296527940711897 0 0.000000000000000000 -0.000000000000000000
connection 46 67 1.273569946077804271 0 0.000000000000000000 -0.000000000000000000
connection 46 68 3.071315745366856031 0 0.000000000000000000 -0.000000000000000000
connection 40 73 1.651937218505639349 0 0.000000000000000000 -0.000000000000000000
connection 40 77 6.688677476320336268 0 0.000000000000000000 -0.000000000000000000
connection 40 42 -4.411182677199565028 0 0.000000000000000000 -0.000000000000000000
connection 40 33 -3.606405654847867126 0 0.000000000000000000 -0.000000000000000000
connection 40 56 -3.237765244270546461 0 0.000000000000000000 -0.000000000000000000
connection 42 13 2.176962072978468665 0 0.000000000000000000 -0.000000000000000000
connection 42 14 1.170247358226195633 0 0.000000000000000000 -0.000000000000000000
connection 42 74 -4.021605177616165427 0 0.000000000000000000 -0.000000000000000000
connection 42 62 -2.832701045663354122 0 0.000000000000000000 -0.000000000000000000
connection 42 27 1.094961786770205281 0 0.000000000000000000 -0.000000000000000000
connection 42 31 1.143107407379526430 0 0.000000000000000000 -0.000000000000000000
connection 42 15 -4.251822261373478185 0 0.000000000000000000 -0.000000000000000000
connection 42 16 -4.301223377963569128 0 0.000000000000000000 -0.000000000000000000
connection 42 36 -0.447202545833565168 0 0.000000000000000000 -0.000000000000000000
connection 42 28 -5.034010628645479102 0 0.000000000000000000 -0.000000000000000000
connection 43 50 -6.212985993035718302 0 0.000000000000000000 -0.000000000000000000
connection 43 55 -4.860803133474983717 0 0.000000000000000000 -0.000000000000000000
connection 43 45 -0.383169202598724001 0 0.000000000000000000 -0.000000000000000000
connection 43 38 -2.718277057121413876 0 0.000000000000000000 -0.000000000000000000
connection 45 73 -0.769218132264423815 0 0.000000000000000000 -0.000000000000000000
connection 45 32 -0.435277553550090235 0 0.000000000000000000 -0.000000000000000000
connection 45 49 1.912471446369057526 0 0.000000000000000000 -0.000000000000000000
connection 45 53 -0.520148663819154922 0 0.000000000000000000 -0.000000000000000000
connection 45 37 -2.918313208693319893 0 0.000000000000000000 -0.000000000000000000
connection 48 13 4.173270645001962542 0 0.000000000000000000 -0.000000000000000000
connection 48 14 4.217546107411906497 0 0.000000000000000000 -0.000000000000000000
connection 48 74 -0.955690671914494749 0 0.000000000000000000 -0.000000000000000000
connection 48 62 -0.591909528341245439 0 0.000000000000000000 -0.000000000000000000
connection 48 27 4.396048798970309868 0 0.000000000000000000 -0.000000000000000000
connection 48 31 3.390539795149665192 0 0.000000000000000000 -0.000000000000000000
connection 48 15 -1.888565305639422487 0 0.000000000000000000 -0.000000000000000000
connection 48 16 -0.844347344260384491 0 0.000000000000000000 -0.000000000000000000
connection 50 67 1.069806932655870346 0 0.000000000000000000 -0.000000000000000000
connection 50 68 4.660682497208727959 0 0.000000000000000000 -0.000000000000000000
connection 50 33 -4.842256573230629080 0 0.000000000000000000 -0.000000000000000000
connection 52 13 6.075501022684980157 0 0.000000000000000000 -0.000000000000000000
connection 52 14 6.282410109944985166 0 0.000000000000000000 -0.000000000000000000
connection 52 74 2.845265131732530151 0 0.000000000000000000 -0.000000000000000000
connection 52 62 2.625175047713402154 0 0.000000000000000000 -0.000000000000000000
connection 52 27 5.875818983773407389 0 0.000000000000000000 -0.000000000000000000
connection 52 31 3.603014680820056270 0 0.000000000000000000 -0.000000000000000000
connection 52 15 -1.246429347258431797 0 0.000000000000000000 -0.000000000000000000
connection 52 16 2.064864567891804725 0 0.000000000000000000 -0.000000000000000000
connection 52 70 -3.330052995201886468 0 0.000000000000000000 -0.000000000000000000
connection 52 66 -2.796774858174346345 0 0.000000000000000000 -0.000000000000000000
connection 54 27 6.036446594813837052 0 0.000000000000000000 -0.000000000000000000
connection 54 16 2.821079573105611527 0 0.000000000000000000 -0.000000000000000000
connection 54 70 -2.248316073765030065 0 0.000000000000000000 -0.000000000000000000
connection 54 66 0.445297428945070128 0 0.000000000000000000 -0.000000000000000000
connection 54 67 -4.633873158950035709 0 0.000000000000000000 -0.000000000000000000
connection 54 68 -4.458349535543482567 0 0.000000000000000000 -0.000000000000000000
connection 59 13 3.730500677988680458 0 0.000000000000000000 -0.000000000000000000
connection 59 14 3.907587981682456135 0 0.000000000000000000 -0.000000000000000000
connection 59 74 -1.534295862517203846 0 0.000000000000000000 -0.000000000000000000
connection 59 62 -1.634750254137396164 0 0.000000000000000000 -0.000000000000000000
connection 59 27 2.841225228421005333 0 0.000000000000000000 -0.000000000000000000
connection 59 31 -0.930260505846489338 0 0.000000000000000000 -0.000000000000000000
connection 59 16 -2.504049290303643094 0 0.000000000000000000 -0.000000000000000000
connection 55 70 -0.455846450336741371 0 0.000000000000000000 -0.000000000000000000
connection 55 68 4.589947928896529916 0 0.000000000000000000 -0.000000000000000000
connection 55 43 0.249052451724750629 0 0.000000000000000000 -0.000000000000000000
connection 55 49 -2.269190534346452015 0 0.000000000000000000 -0.000000000000000000
connection 55 33 -4.413967971644052746 0 0.000000000000000000 -0.000000000000000000
connection 58 66 1.836738901848008254 0 0.000000000000000000 -0.000000000000000000
connection 58 67 -3.286981016612128048 0 0.000000000000000000 -0.000000000000000000
connection 58 68 -1.349324966537081005 0 0.000000000000000000 -0.000000000000000000
connection 56 13 0.531920159478600940 0 0.000000000000000000 -0.000000000000000000
connection 56 14 0.411397897964585590 0 0.000000000000000000 -0.000000000000000000
connection 56 74 -4.782605708042663828 0 0.000000000000000000 -0.000000000000000000
connection 56 62 -4.511938063869599169 0 0.000000000000000000 -0.000000000000000000
connection 56 27 0.455093472821532785 0 0.000000000000000000 -0.000000000000000000
connection 56 31 -1.096833830551912525 0 0.000000000000000000 -0.000000000000000000
connection 56 16 -4.729409507338671936 0 0.000000000000000000 -0.000000000000000000
connection 57 13 -0.256477918393736071 0 0.000000000000000000 -0.000000000000000000
connection 57 62 -4.828905573893716330 0 0.000000000000000000 -0.000000000000000000
connection 50 8 -4.411967419412228253 0 0.000000000000000000 -0.000000000000000000
connection 55 8 -3.460031242938227614 0 0.000000000000000000 -0.000000000000000000
connection 45 8 0.698523079793843649 0 0.000000000000000000 -0.000000000000000000
connection 38 8 -0.463551780698384208 0 0.000000000000000000 -0.000000000000000000
connection 40 8 -1.634112534163906227 0 0.000000000000000000 -0.000000000000000000
connection 41 8 -2.748888196933256811 0 0.000000000000000000 -0.000000000000000000
connection 13 11 3.516663259853548773 0 0.000000000000000000 -0.000000000000000000
connection 14 11 0.225308361395015005 0 0.000000000000000000 -0.000000000000000000
connection 74 11 -3.893699988261093203 0 0.000000000000000000 -0.000000000000000000
connection 62 11 -0.577625421290126284 0 0.000000000000000000 -0.000000000000000000
connection 27 11 -2.322001955451194810 0 0.000000000000000000 -0.000000000000000000
connection 31 11 -3.873177182314769595 0 0.000000000000000000 -0.000000000000000000
connection 15 11 -6.444771543926911761 0 0.000000000000000000 -0.000000000000000000
connection 16 11 -5.628415869448606834 0 0.000000000000000000 -0.000000000000000000
connection 77 11 -6.598256992497310236 0 0.000000000000000000 -0.000000000000000000
connection 57 11 -7.605938168302576408 0 0.000000000000000000 -0.000000000000000000
connection 21 11 -7.982064914422154267 0 0.000000000000000000 -0.000000000000000000
connection 15 12 1.731003607537862310 0 0.000000000000000000 -0.000000000000000000
connection 16 12 3.483093042532148687 0 0.000000000000000000 -0.000000000000000000
connection 70 12 -0.411333109368080430 0 0.000000000000000000 -0.000000000000000000
connection 71 12 -2.467132991432306799 0 0.000000000000000000 -0.000000000000000000
connection 72 12 -5.714599486363794334 0 0.000000000000000000 -0.000000000000000000
connection 73 12 -4.375888258504835093 0 0.000000000000000000 -0.000000000000000000
connection 66 12 2.551883198955477994 0 0.000000000000000000 -0.000000000000000000
connection 67 12 -1.687241699451262011 0 0.000000000000000000 -0.000000000000000000
connection 68 12 2.142128294196190996 0 0.000000000000000000 -0.000000000000000000
connection 43 12 3.038343299162025613 0 0.000000000000000000 -0.000000000000000000
connection 32 12 -0.940311527176787121 0 0.000000000000000000 -0.000000000000000000
connection 28 12 0.311387781515960860 0 0.000000000000000000 -0.000000000000000000
connection 49 12 2.052866937881907550 0 0.000000000000000000 -0.000000000000000000
connection 53 12 0.970850408625970163 0 0.000000000000000000 -0.000000000000000000
connection 44 12 -3.211887094290284850 0 0.000000000000000000 -0.000000000000000000
connection 37 12 -2.115920733094662332 0 0.000000000000000000 -0.000000000000000000
NNend

