NNstart
13 2
neuron 1 1.000000000000000000 0.000000000000000000 0.000000000000000000 0.000000000000000000 11 0.000000000000000000
neuron 1 1.000000000000000000 0.000000000000000000 0.000000000000000000 0.000000000000000000 11 0.000000000000000000
neuron 1 1.000000000000000000 0.000000000000000000 0.000000000000000000 0.000000000000000000 11 0.000000000000000000
neuron 1 1.000000000000000000 0.000000000000000000 0.000000000000000000 0.000000000000000000 11 0.000000000000000000
neuron 1 1.000000000000000000 0.000000000000000000 0.000000000000000000 0.000000000000000000 11 0.000000000000000000
neuron 1 1.000000000000000000 0.000000000000000000 0.000000000000000000 0.000000000000000000 11 0.000000000000000000
neuron 1 1.000000000000000000 0.000000000000000000 0.000000000000000000 0.000000000000000000 11 0.000000000000000000
neuron 1 1.000000000000000000 0.000000000000000000 0.000000000000000000 0.000000000000000000 11 0.000000000000000000
neuron 1 1.000000000000000000 0.000000000000000000 0.000000000000000000 0.000000000000000000 11 0.000000000000000000
neuron 1 1.000000000000000000 0.000000000000000000 0.000000000000000000 0.000000000000000000 11 0.000000000000000000
neuron 1 1.000000000000000000 0.000000000000000000 0.000000000000000000 0.000000000000000000 11 0.000000000000000000
neuron 1 1.000000000000000000 0.000000000000000000 0.000000000000000000 0.000000000000000000 11 0.000000000000000000
neuron 2 1.000000000000000000 0.000000000000000000 0.000000000000000000 0.000000000000000000 11 0.000000000000000000
neuron 4 1.000000000000000000 0.000000000000000000 0.000000000000000000 0.000000000000000000 1 0.000000000000000000
neuron 4 1.000000000000000000 0.000000000000000000 0.000000000000000000 0.000000000000000000 1 0.000000000000000000
neuron 3 1.000000000000000000 0.000000000000000000 0.000000000000000000 0.000000000000000000 0 0.000000000000000000
neuron 3 1.000000000000000000 0.000000000000000000 0.000000000000000000 0.000000000000000000 0 0.000000000000000000
neuron 3 1.000000000000000000 0.000000000000000000 0.000000000000000000 0.000000000000000000 0 0.000000000000000000
neuron 3 1.000000000000000000 0.000000000000000000 0.000000000000000000 0.000000000000000000 0 0.000000000000000000
neuron 3 1.000000000000000000 0.000000000000000000 0.000000000000000000 0.000000000000000000 0 0.000000000000000000
neuron 3 1.000000000000000000 0.000000000000000000 0.000000000000000000 0.000000000000000000 0 0.000000000000000000
neuron 3 1.000000000000000000 0.000000000000000000 0.000000000000000000 0.000000000000000000 0 0.000000000000000000
neuron 3 1.000000000000000000 0.000000000000000000 0.000000000000000000 0.000000000000000000 0 0.000000000000000000
neuron 3 1.000000000000000000 0.000000000000000000 0.000000000000000000 0.000000000000000000 0 0.000000000000000000
neuron 3 1.000000000000000000 0.000000000000000000 0.000000000000000000 0.000000000000000000 0 0.000000000000000000
neuron 3 1.000000000000000000 0.000000000000000000 0.000000000000000000 0.000000000000000000 0 0.000000000000000000
neuron 3 1.000000000000000000 0.000000000000000000 0.000000000000000000 0.000000000000000000 0 0.000000000000000000
neuron 3 1.000000000000000000 0.000000000000000000 0.000000000000000000 0.000000000000000000 0 0.000000000000000000
neuron 3 1.000000000000000000 0.000000000000000000 0.000000000000000000 0.000000000000000000 0 0.000000000000000000
neuron 3 1.000000000000000000 0.000000000000000000 0.000000000000000000 0.000000000000000000 0 0.000000000000000000
neuron 3 1.000000000000000000 0.000000000000000000 0.000000000000000000 0.000000000000000000 0 0.000000000000000000
neuron 3 1.000000000000000000 0.000000000000000000 0.000000000000000000 0.000000000000000000 0 0.000000000000000000
neuron 3 1.000000000000000000 0.000000000000000000 0.000000000000000000 0.000000000000000000 0 0.000000000000000000
neuron 3 1.000000000000000000 0.000000000000000000 0.000000000000000000 0.000000000000000000 0 0.000000000000000000
neuron 3 1.000000000000000000 0.000000000000000000 0.000000000000000000 0.000000000000000000 0 0.000000000000000000
neuron 3 1.000000000000000000 0.000000000000000000 0.000000000000000000 0.000000000000000000 0 0.000000000000000000
neuron 3 1.000000000000000000 0.000000000000000000 0.000000000000000000 0.000000000000000000 0 0.000000000000000000
neuron 3 1.000000000000000000 0.000000000000000000 0.000000000000000000 0.000000000000000000 0 0.000000000000000000
neuron 3 1.000000000000000000 0.000000000000000000 0.000000000000000000 0.000000000000000000 0 0.000000000000000000
neuron 3 1.000000000000000000 0.000000000000000000 0.000000000000000000 0.000000000000000000 0 0.000000000000000000
neuron 3 1.000000000000000000 0.000000000000000000 0.000000000000000000 0.000000000000000000 0 0.000000000000000000
neuron 3 1.000000000000000000 0.000000000000000000 0.000000000000000000 0.000000000000000000 0 0.000000000000000000
neuron 3 1.000000000000000000 0.000000000000000000 0.000000000000000000 0.000000000000000000 0 0.000000000000000000
neuron 3 1.000000000000000000 0.000000000000000000 0.000000000000000000 0.000000000000000000 0 0.000000000000000000
neuron 3 1.000000000000000000 0.000000000000000000 0.000000000000000000 0.000000000000000000 0 0.000000000000000000
neuron 3 1.000000000000000000 0.000000000000000000 0.000000000000000000 0.000000000000000000 0 0.000000000000000000
neuron 3 1.000000000000000000 0.000000000000000000 0.000000000000000000 0.000000000000000000 0 0.000000000000000000
neuron 3 1.000000000000000000 0.000000000000000000 0.000000000000000000 0.000000000000000000 0 0.000000000000000000
neuron 3 1.000000000000000000 0.000000000000000000 0.000000000000000000 0.000000000000000000 0 0.000000000000000000
neuron 3 1.000000000000000000 0.000000000000000000 0.000000000000000000 0.000000000000000000 0 0.000000000000000000
neuron 3 1.000000000000000000 0.000000000000000000 0.000000000000000000 0.000000000000000000 0 0.000000000000000000
neuron 3 1.000000000000000000 0.000000000000000000 0.000000000000000000 0.000000000000000000 0 0.000000000000000000
neuron 3 1.000000000000000000 0.000000000000000000 0.000000000000000000 0.000000000000000000 0 0.000000000000000000
neuron 3 1.000000000000000000 0.000000000000000000 0.000000000000000000 0.000000000000000000 0 0.000000000000000000
neuron 3 1.000000000000000000 0.000000000000000000 0.000000000000000000 0.000000000000000000 0 0.000000000000000000
neuron 3 1.000000000000000000 0.000000000000000000 0.000000000000000000 0.000000000000000000 0 0.000000000000000000
neuron 3 1.000000000000000000 0.000000000000000000 0.000000000000000000 0.000000000000000000 0 0.000000000000000000
neuron 3 1.000000000000000000 0.000000000000000000 0.000000000000000000 0.000000000000000000 0 0.000000000000000000
neuron 3 1.000000000000000000 0.000000000000000000 0.000000000000000000 0.000000000000000000 0 0.000000000000000000
neuron 3 1.000000000000000000 0.000000000000000000 0.000000000000000000 0.000000000000000000 0 0.000000000000000000
neuron 3 1.000000000000000000 0.000000000000000000 0.000000000000000000 0.000000000000000000 0 0.000000000000000000
neuron 3 1.000000000000000000 0.000000000000000000 0.000000000000000000 0.000000000000000000 0 0.000000000000000000
neuron 3 1.000000000000000000 0.000000000000000000 0.000000000000000000 0.000000000000000000 0 0.000000000000000000
neuron 3 1.000000000000000000 0.000000000000000000 0.000000000000000000 0.000000000000000000 0 0.000000000000000000
neuron 3 1.000000000000000000 0.000000000000000000 0.000000000000000000 0.000000000000000000 0 0.000000000000000000
neuron 3 1.000000000000000000 0.000000000000000000 0.000000000000000000 0.000000000000000000 0 0.000000000000000000
neuron 3 1.000000000000000000 0.000000000000000000 0.000000000000000000 0.000000000000000000 0 0.000000000000000000
neuron 3 1.000000000000000000 0.000000000000000000 0.000000000000000000 0.000000000000000000 0 0.000000000000000000
neuron 3 1.000000000000000000 0.000000000000000000 0.000000000000000000 0.000000000000000000 0 0.000000000000000000
neuron 3 1.000000000000000000 0.000000000000000000 0.000000000000000000 0.000000000000000000 0 0.000000000000000000
neuron 3 1.000000000000000000 0.000000000000000000 0.000000000000000000 0.000000000000000000 0 0.000000000000000000
neuron 3 1.000000000000000000 0.000000000000000000 0.000000000000000000 0.000000000000000000 0 0.000000000000000000
neuron 3 1.000000000000000000 0.000000000000000000 0.000000000000000000 0.000000000000000000 0 0.000000000000000000
neuron 3 1.000000000000000000 0.000000000000000000 0.000000000000000000 0.000000000000000000 0 0.000000000000000000
neuron 3 1.000000000000000000 0.000000000000000000 0.000000000000000000 0.000000000000000000 0 0.000000000000000000
neuron 3 1.000000000000000000 0.000000000000000000 0.000000000000000000 0.000000000000000000 0 0.000000000000000000
neuron 3 1.000000000000000000 0.000000000000000000 0.000000000000000000 0.000000000000000000 0 0.000000000000000000
neuron 3 1.000000000000000000 0.000000000000000000 0.000000000000000000 0.000000000000000000 0 0.000000000000000000
neuron 3 1.000000000000000000 0.000000000000000000 0.000000000000000000 0.000000000000000000 0 0.000000000000000000
neuron 3 1.000000000000000000 0.000000000000000000 0.000000000000000000 0.000000000000000000 0 0.000000000000000000
neuron 3 1.000000000000000000 0.000000000000000000 0.000000000000000000 0.000000000000000000 0 0.000000000000000000
neuron 3 1.000000000000000000 0.000000000000000000 0.000000000000000000 0.000000000000000000 0 0.000000000000000000
neuron 3 1.000000000000000000 0.000000000000000000 0.000000000000000000 0.000000000000000000 0 0.000000000000000000
neuron 3 1.000000000000000000 0.000000000000000000 0.000000000000000000 0.000000000000000000 0 0.000000000000000000
neuron 3 1.000000000000000000 0.000000000000000000 0.000000000000000000 0.000000000000000000 0 0.000000000000000000
neuron 3 1.000000000000000000 0.000000000000000000 0.000000000000000000 0.000000000000000000 0 0.000000000000000000
neuron 3 1.000000000000000000 0.000000000000000000 0.000000000000000000 0.000000000000000000 0 0.000000000000000000
neuron 3 1.000000000000000000 0.000000000000000000 0.000000000000000000 0.000000000000000000 0 0.000000000000000000
neuron 3 1.000000000000000000 0.000000000000000000 0.000000000000000000 0.000000000000000000 0 0.000000000000000000
neuron 3 1.000000000000000000 0.000000000000000000 0.000000000000000000 0.000000000000000000 0 0.000000000000000000
neuron 3 1.000000000000000000 0.000000000000000000 0.000000000000000000 0.000000000000000000 0 0.000000000000000000
neuron 3 1.000000000000000000 0.000000000000000000 0.000000000000000000 0.000000000000000000 0 0.000000000000000000
neuron 3 1.000000000000000000 0.000000000000000000 0.000000000000000000 0.000000000000000000 0 0.000000000000000000
neuron 3 1.000000000000000000 0.000000000000000000 0.000000000000000000 0.000000000000000000 0 0.000000000000000000
neuron 3 1.000000000000000000 0.000000000000000000 0.000000000000000000 0.000000000000000000 0 0.000000000000000000
connection 0 15 -3.625233012148916689 0 0.000000000000000000 0.000000000000000000
connection 0 16 -0.644899049157179993 0 0.000000000000000000 0.000000000000000000
connection 0 17 1.789546072303928925 0 0.000000000000000000 0.000000000000000000
connection 0 18 -0.743504704380708814 0 0.000000000000000000 0.000000000000000000
connection 0 19 3.205438680434771204 0 0.000000000000000000 0.000000000000000000
connection 0 20 -3.361042630342925719 0 0.000000000000000000 0.000000000000000000
connection 0 21 -0.713330244477840769 0 0.000000000000000000 0.000000000000000000
connection 0 22 1.946767559221761701 0 0.000000000000000000 0.000000000000000000
connection 0 23 -0.540935958867411859 0 0.000000000000000000 0.000000000000000000
connection 0 24 2.717619060448333457 0 0.000000000000000000 0.000000000000000000
connection 0 25 1.367705261448124876 0 0.000000000000000000 0.000000000000000000
connection 0 26 -2.076735378542326149 0 0.000000000000000000 0.000000000000000000
connection 0 27 -0.943080266221544394 0 0.000000000000000000 0.000000000000000000
connection 0 28 2.675221331948458570 0 0.000000000000000000 0.000000000000000000
connection 0 29 -2.887183638014162224 0 0.000000000000000000 0.000000000000000000
connection 0 30 1.204130545354563875 0 0.000000000000000000 0.000000000000000000
connection 0 31 3.752647367848661375 0 0.000000000000000000 0.000000000000000000
connection 0 32 3.727225743890290932 0 0.000000000000000000 0.000000000000000000
connection 0 33 2.164044250194106400 0 0.000000000000000000 0.000000000000000000
connection 0 34 -0.298376749701234900 0 0.000000000000000000 0.000000000000000000
connection 0 35 3.036729850085294835 0 0.000000000000000000 0.000000000000000000
connection 0 36 1.012686341079352959 0 0.000000000000000000 0.000000000000000000
connection 0 37 -3.660630745370800021 0 0.000000000000000000 0.000000000000000000
connection 0 38 -2.293497260156896811 0 0.000000000000000000 0.000000000000000000
connection 0 39 4.188957539501083183 0 0.000000000000000000 0.000000000000000000
connection 1 40 -3.622228792084409843 0 0.000000000000000000 0.000000000000000000
connection 1 41 -2.111848176781746744 0 0.000000000000000000 0.000000000000000000
connection 1 42 0.690975191518965803 0 0.000000000000000000 0.000000000000000000
connection 1 43 -1.509260289646080055 0 0.000000000000000000 0.000000000000000000
connection 1 44 2.671100944572596170 0 0.000000000000000000 0.000000000000000000
connection 1 19 4.867773213915345565 0 0.000000000000000000 0.000000000000000000
connection 1 45 3.431771443913003594 0 0.000000000000000000 0.000000000000000000
connection 1 24 3.870187876909057856 0 0.000000000000000000 0.000000000000000000
connection 1 25 1.657110083183519933 0 0.000000000000000000 0.000000000000000000
connection 1 26 -2.442747809594989050 0 0.000000000000000000 0.000000000000000000
connection 1 27 -1.111307517494884989 0 0.000000000000000000 0.000000000000000000
connection 1 28 3.507066972062719223 0 0.000000000000000000 0.000000000000000000
connection 1 46 0.259389987503158614 0 0.000000000000000000 0.000000000000000000
connection 1 29 -3.174531900244348392 0 0.000000000000000000 0.000000000000000000
connection 1 30 1.600981035646410033 0 0.000000000000000000 0.000000000000000000
connection 1 31 5.764688086435251435 0 0.000000000000000000 0.000000000000000000
connection 1 32 4.995860848838491464 0 0.000000000000000000 0.000000000000000000
connection 1 33 2.854611813125143893 0 0.000000000000000000 0.000000000000000000
connection 1 35 3.977011553522030063 0 0.000000000000000000 0.000000000000000000
connection 1 36 1.567489808290676523 0 0.000000000000000000 0.000000000000000000
connection 1 37 -3.835679587589105211 0 0.000000000000000000 0.000000000000000000
connection 1 38 -2.235978451147494717 0 0.000000000000000000 0.000000000000000000
connection 1 39 5.361503484900230987 0 0.000000000000000000 0.000000000000000000
connection 2 47 5.927694100878773575 0 0.000000000000000000 0.000000000000000000
connection 2 24 5.126275747329194665 0 0.000000000000000000 0.000000000000000000
connection 2 25 2.223342302686523553 0 0.000000000000000000 0.000000000000000000
connection 2 26 -2.623784854107032771 0 0.000000000000000000 0.000000000000000000
connection 2 27 -1.031031484991597358 0 0.000000000000000000 0.000000000000000000
connection 2 28 4.556632508023208850 0 0.000000000000000000 0.000000000000000000
connection 2 46 0.670084463694656907 0 0.000000000000000000 0.000000000000000000
connection 2 29 -3.229507783275737953 0 0.000000000000000000 0.000000000000000000
connection 2 30 2.341749754612088896 0 0.000000000000000000 0.000000000000000000
connection 2 31 7.043097095381161132 0 0.000000000000000000 0.000000000000000000
connection 2 32 6.181343711980905375 0 0.000000000000000000 0.000000000000000000
connection 2 33 3.849157948857178102 0 0.000000000000000000 0.000000000000000000
connection 2 34 0.537721521009842163 0 0.000000000000000000 0.000000000000000000
connection 2 35 5.099025700607406897 0 0.000000000000000000 0.000000000000000000
connection 2 36 2.524579861777942469 0 0.000000000000000000 0.000000000000000000
connection 2 37 -3.738154444696577094 0 0.000000000000000000 0.000000000000000000
connection 2 38 -1.791504974457632127 0 0.000000000000000000 0.000000000000000000
connection 2 39 6.432541791751860139 0 0.000000000000000000 0.000000000000000000
connection 3 47 7.309916455460791163 0 0.000000000000000000 0.000000000000000000
connection 3 24 6.281980001295561777 0 0.000000000000000000 0.000000000000000000
connection 3 25 3.133037442512358606 0 0.000000000000000000 0.000000000000000000
connection 3 26 -2.523249205355762914 0 0.000000000000000000 0.000000000000000000
connection 3 27 -0.577824854138974442 0 0.000000000000000000 0.000000000000000000
connection 3 28 5.690230262731447830 0 0.000000000000000000 0.000000000000000000
connection 3 46 1.504228892666971129 0 0.000000000000000000 0.000000000000000000
connection 3 29 -2.949399634703913087 0 0.000000000000000000 0.000000000000000000
connection 3 30 3.454080077427509110 0 0.000000000000000000 0.000000000000000000
connection 3 31 7.648269938964150860 0 0.000000000000000000 0.000000000000000000
connection 3 32 7.067342574378543851 0 0.000000000000000000 0.000000000000000000
connection 3 33 5.047601999803366546 0 0.000000000000000000 0.000000000000000000
connection 3 34 1.640304847277365585 0 0.000000000000000000 0.000000000000000000
connection 3 35 6.198462250474956470 0 0.000000000000000000 0.000000000000000000
connection 3 36 3.844578616394754178 0 0.000000000000000000 0.000000000000000000
connection 3 37 -3.252701642562228823 0 0.000000000000000000 0.000000000000000000
connection 3 38 -0.817921770752075283 0 0.000000000000000000 0.000000000000000000
connection 3 39 7.207037894213947027 0 0.000000000000000000 0.000000000000000000
connection 4 47 7.784241836915231971 0 0.000000000000000000 0.000000000000000000
connection 4 24 7.129293916612112092 0 0.000000000000000000 0.000000000000000000
connection 4 25 4.341586734552097759 0 0.000000000000000000 0.000000000000000000
connection 4 26 -2.016905903918056353 0 0.000000000000000000 0.000000000000000000
connection 4 27 0.374360148876099197 0 0.000000000000000000 0.000000000000000000
connection 4 28 6.676762831906579265 0 0.000000000000000000 0.000000000000000000
connection 4 46 2.791758796942957588 0 0.000000000000000000 0.000000000000000000
connection 4 29 -2.194182500576875139 0 0.000000000000000000 0.000000000000000000
connection 4 30 4.802531345672202079 0 0.000000000000000000 0.000000000000000000
connection 4 31 7.878326746782548184 0 0.000000000000000000 0.000000000000000000
connection 4 32 7.586129264424103624 0 0.000000000000000000 0.000000000000000000
connection 4 33 6.200145356794017459 0 0.000000000000000000 0.000000000000000000
connection 4 34 3.184606815417831083 0 0.000000000000000000 0.000000000000000000
connection 4 35 7.044183758910035564 0 0.000000000000000000 0.000000000000000000
connection 4 36 5.281605186602724267 0 0.000000000000000000 0.000000000000000000
connection 4 37 -2.216634599558619190 0 0.000000000000000000 0.000000000000000000
connection 4 38 0.775463317050836709 0 0.000000000000000000 0.000000000000000000
connection 4 39 7.647130530590100506 0 0.000000000000000000 0.000000000000000000
connection 5 47 7.926524810235089369 0 0.000000000000000000 0.000000000000000000
connection 5 24 7.616392892312505936 0 0.000000000000000000 0.000000000000000000
connection 5 25 5.627448537500119308 0 0.000000000000000000 0.000000000000000000
connection 5 26 -0.957982548752527530 0 0.000000000000000000 0.000000000000000000
connection 5 27 1.871696213762677807 0 0.000000000000000000 0.000000000000000000
connection 5 48 -7.825780857430848059 0 0.000000000000000000 0.000000000000000000
connection 5 28 7.347037484680556396 0 0.000000000000000000 0.000000000000000000
connection 5 46 4.361417152936263975 0 0.000000000000000000 0.000000000000000000
connection 5 29 -0.809995734214284280 0 0.000000000000000000 0.000000000000000000
connection 5 30 6.077354849248010282 0 0.000000000000000000 0.000000000000000000
connection 5 49 2.295203871383440841 0 0.000000000000000000 0.000000000000000000
connection 5 50 -7.931160188400429689 0 0.000000000000000000 0.000000000000000000
connection 5 51 -7.985521669862031935 0 0.000000000000000000 0.000000000000000000
connection 5 31 7.955745921021333267 0 0.000000000000000000 0.000000000000000000
connection 5 52 7.348671174807774875 0 0.000000000000000000 0.000000000000000000
connection 5 36 6.476486049690921121 0 0.000000000000000000 0.000000000000000000
connection 5 37 -0.484524510420141497 0 0.000000000000000000 0.000000000000000000
connection 5 38 2.831759831154383011 0 0.000000000000000000 0.000000000000000000
connection 5 39 7.851495483408323928 0 0.000000000000000000 0.000000000000000000
connection 6 47 7.969063362637363923 0 0.000000000000000000 0.000000000000000000
connection 6 24 7.843126353938597362 0 0.000000000000000000 0.000000000000000000
connection 6 25 6.683702287644358364 0 0.000000000000000000 0.000000000000000000
connection 6 26 0.738567571430128522 0 0.000000000000000000 0.000000000000000000
connection 6 53 -4.740146959341243971 0 0.000000000000000000 0.000000000000000000
connection 6 27 3.717923228700387384 0 0.000000000000000000 0.000000000000000000
connection 6 48 -7.792531155103364249 0 0.000000000000000000 0.000000000000000000
connection 6 28 7.707677034768711799 0 0.000000000000000000 0.000000000000000000
connection 6 46 5.827696184468930340 0 0.000000000000000000 0.000000000000000000
connection 6 29 1.217462046754698379 0 0.000000000000000000 0.000000000000000000
connection 6 30 6.996440910467432772 0 0.000000000000000000 0.000000000000000000
connection 6 49 4.273548820378057833 0 0.000000000000000000 0.000000000000000000
connection 6 54 -4.620011013190553406 0 0.000000000000000000 0.000000000000000000
connection 6 50 -7.917326103229360257 0 0.000000000000000000 0.000000000000000000
connection 6 51 -7.982273275891919262 0 0.000000000000000000 0.000000000000000000
connection 6 55 -7.706937593843409928 0 0.000000000000000000 0.000000000000000000
connection 6 31 7.980973969925726941 0 0.000000000000000000 0.000000000000000000
connection 6 52 7.701832073171120285 0 0.000000000000000000 0.000000000000000000
connection 6 36 7.235536871106070578 0 0.000000000000000000 0.000000000000000000
connection 6 37 1.827308321650490175 0 0.000000000000000000 0.000000000000000000
connection 6 38 4.830467140674456594 0 0.000000000000000000 0.000000000000000000
connection 6 39 7.934608339139518129 0 0.000000000000000000 0.000000000000000000
connection 7 47 7.982214665498946538 0 0.000000000000000000 0.000000000000000000
connection 7 24 7.934438756071654275 0 0.000000000000000000 0.000000000000000000
connection 7 25 7.351356134396158204 0 0.000000000000000000 0.000000000000000000
connection 7 26 2.878593093002998593 0 0.000000000000000000 0.000000000000000000
connection 7 27 5.438825308059581864 0 0.000000000000000000 0.000000000000000000
connection 7 48 -7.709143770970650067 0 0.000000000000000000 0.000000000000000000
connection 7 28 7.870232135892758052 0 0.000000000000000000 0.000000000000000000
connection 7 46 6.860146853988306148 0 0.000000000000000000 0.000000000000000000
connection 7 29 3.505290948989927102 0 0.000000000000000000 0.000000000000000000
connection 7 30 7.514306030375554890 0 0.000000000000000000 0.000000000000000000
connection 7 49 5.888599615143276012 0 0.000000000000000000 0.000000000000000000
connection 7 56 -6.672159483172007022 0 0.000000000000000000 0.000000000000000000
connection 7 57 0.725835204786391630 0 0.000000000000000000 0.000000000000000000
connection 7 50 -7.882850950818378166 0 0.000000000000000000 0.000000000000000000
connection 7 55 -7.524271703019389079 0 0.000000000000000000 0.000000000000000000
connection 7 58 7.934478732282998159 0 0.000000000000000000 0.000000000000000000
connection 8 47 7.985204087281767116 0 0.000000000000000000 0.000000000000000000
connection 8 24 7.968667439632906024 0 0.000000000000000000 0.000000000000000000
connection 8 25 7.691408801141004226 0 0.000000000000000000 0.000000000000000000
connection 8 26 4.896615215312651870 0 0.000000000000000000 0.000000000000000000
connection 8 27 6.633670242501796821 0 0.000000000000000000 0.000000000000000000
connection 8 59 2.587905206999021601 0 0.000000000000000000 0.000000000000000000
connection 8 48 -7.518944367428493258 0 0.000000000000000000 0.000000000000000000
connection 8 60 7.630299656196943836 0 0.000000000000000000 0.000000000000000000
connection 8 49 6.880926500084582287 0 0.000000000000000000 0.000000000000000000
connection 8 56 -5.655970897250649720 0 0.000000000000000000 0.000000000000000000
connection 8 57 3.287190186604249220 0 0.000000000000000000 0.000000000000000000
connection 8 50 -7.802353830396011602 0 0.000000000000000000 0.000000000000000000
connection 8 61 -7.401271371989294856 0 0.000000000000000000 0.000000000000000000
connection 8 62 -7.814126986402937902 0 0.000000000000000000 0.000000000000000000
connection 8 63 -6.678314727881695667 0 0.000000000000000000 0.000000000000000000
connection 8 58 7.961222744680127583 0 0.000000000000000000 0.000000000000000000
connection 9 47 7.982082054455196918 0 0.000000000000000000 0.000000000000000000
connection 9 24 7.980879556526403462 0 0.000000000000000000 0.000000000000000000
connection 9 25 7.841620418666630066 0 0.000000000000000000 0.000000000000000000
connection 9 26 6.294825838835285126 0 0.000000000000000000 0.000000000000000000
connection 9 27 7.282344525749158137 0 0.000000000000000000 0.000000000000000000
connection 9 59 4.743542807549885332 0 0.000000000000000000 0.000000000000000000
connection 9 48 -7.089035499722480260 0 0.000000000000000000 0.000000000000000000
connection 9 64 -1.369732707464955679 0 0.000000000000000000 0.000000000000000000
connection 9 60 7.795637211293372282 0 0.000000000000000000 0.000000000000000000
connection 9 49 7.374275754501548263 0 0.000000000000000000 0.000000000000000000
connection 9 57 5.171657356513009063 0 0.000000000000000000 0.000000000000000000
connection 9 50 -7.610144075516752871 0 0.000000000000000000 0.000000000000000000
connection 9 61 -6.786919356165856954 0 0.000000000000000000 0.000000000000000000
connection 9 62 -7.604054116420779330 0 0.000000000000000000 0.000000000000000000
connection 9 63 -5.423370758380555934 0 0.000000000000000000 0.000000000000000000
connection 9 58 7.968960261649800536 0 0.000000000000000000 0.000000000000000000
connection 10 47 7.969861040515167971 0 0.000000000000000000 0.000000000000000000
connection 10 24 7.983747734356053449 0 0.000000000000000000 0.000000000000000000
connection 10 25 7.901492059767357468 0 0.000000000000000000 0.000000000000000000
connection 10 26 7.047686701573006474 0 0.000000000000000000 0.000000000000000000
connection 10 53 3.946503844575559583 0 0.000000000000000000 0.000000000000000000
connection 10 27 7.579496514354554293 0 0.000000000000000000 0.000000000000000000
connection 10 59 6.075051522175303198 0 0.000000000000000000 0.000000000000000000
connection 10 48 -6.163517723044182439 0 0.000000000000000000 0.000000000000000000
connection 10 60 7.858767103999042547 0 0.000000000000000000 0.000000000000000000
connection 10 49 7.581189175511817702 0 0.000000000000000000 0.000000000000000000
connection 10 57 6.205709477149769171 0 0.000000000000000000 0.000000000000000000
connection 10 50 -7.150085461198974812 0 0.000000000000000000 0.000000000000000000
connection 10 61 -5.536908929872043750 0 0.000000000000000000 0.000000000000000000
connection 10 62 -7.089434792615241676 0 0.000000000000000000 0.000000000000000000
connection 10 63 -3.377016312800088738 0 0.000000000000000000 0.000000000000000000
connection 10 58 7.964298090224531279 0 0.000000000000000000 0.000000000000000000
connection 11 47 7.935553971547550489 0 0.000000000000000000 0.000000000000000000
connection 11 24 7.979882600409436755 0 0.000000000000000000 0.000000000000000000
connection 11 65 7.567922530934914072 0 0.000000000000000000 0.000000000000000000
connection 11 59 6.713703296261076758 0 0.000000000000000000 0.000000000000000000
connection 11 48 -4.479437864926993029 0 0.000000000000000000 0.000000000000000000
connection 11 60 7.866444111429595765 0 0.000000000000000000 0.000000000000000000
connection 11 49 7.628013483239294956 0 0.000000000000000000 0.000000000000000000
connection 11 57 6.620072889727650178 0 0.000000000000000000 0.000000000000000000
connection 11 66 -1.882174331699696834 0 0.000000000000000000 0.000000000000000000
connection 11 67 -6.654631380653249551 0 0.000000000000000000 0.000000000000000000
connection 11 68 -7.359749642855085483 0 0.000000000000000000 0.000000000000000000
connection 11 69 -5.470756266353285824 0 0.000000000000000000 0.000000000000000000
connection 11 61 -3.561304356948991501 0 0.000000000000000000 0.000000000000000000
connection 11 62 -5.976115901307014866 0 0.000000000000000000 0.000000000000000000
connection 11 63 -1.055524608352937932 0 0.000000000000000000 0.000000000000000000
connection 11 58 7.940433634529551199 0 0.000000000000000000 0.000000000000000000
connection 12 47 7.843205369787971115 0 0.000000000000000000 0.000000000000000000
connection 12 24 7.964047836085795140 0 0.000000000000000000 0.000000000000000000
connection 12 65 7.603478538203639836 0 0.000000000000000000 0.000000000000000000
connection 12 59 6.903183565688572720 0 0.000000000000000000 0.000000000000000000
connection 12 48 -2.260860191585225998 0 0.000000000000000000 0.000000000000000000
connection 12 60 7.818961593427940393 0 0.000000000000000000 0.000000000000000000
connection 12 49 7.534847647331376130 0 0.000000000000000000 0.000000000000000000
connection 12 66 0.278573970505128832 0 0.000000000000000000 0.000000000000000000
connection 12 67 -5.206281342764159881 0 0.000000000000000000 0.000000000000000000
connection 12 68 -6.424823869143667210 0 0.000000000000000000 0.000000000000000000
connection 12 69 -3.520086458720330214 0 0.000000000000000000 0.000000000000000000
connection 12 61 -1.465509737904029608 0 0.000000000000000000 0.000000000000000000
connection 12 62 -4.167987477749790948 0 0.000000000000000000 0.000000000000000000
connection 12 63 0.593193401342249627 0 0.000000000000000000 0.000000000000000000
connection 12 58 7.862217553380640211 0 0.000000000000000000 0.000000000000000000
connection 15 47 -7.987219708532770746 0 0.000000000000000000 0.000000000000000000
connection 15 70 -7.978158426600620245 0 0.000000000000000000 0.000000000000000000
connection 15 71 -2.798471709045665445 0 0.000000000000000000 0.000000000000000000
connection 15 61 -2.271664548697556629 0 0.000000000000000000 0.000000000000000000
connection 15 62 0.603094541401158368 0 0.000000000000000000 0.000000000000000000
connection 15 63 0.340689908793421758 0 0.000000000000000000 0.000000000000000000
connection 15 31 -7.563794134285271475 0 0.000000000000000000 0.000000000000000000
connection 15 52 -7.327944639436277718 0 0.000000000000000000 0.000000000000000000
connection 15 36 -3.853279648920436173 0 0.000000000000000000 0.000000000000000000
connection 15 37 -3.329170743660383014 0 0.000000000000000000 0.000000000000000000
connection 15 38 -0.327366908955325886 0 0.000000000000000000 0.000000000000000000
connection 15 72 -4.841852373973932089 0 0.000000000000000000 0.000000000000000000
connection 15 73 -4.360581634663208916 0 0.000000000000000000 0.000000000000000000
connection 30 47 -7.521526138470728817 0 0.000000000000000000 0.000000000000000000
connection 30 24 -6.693517356892598080 0 0.000000000000000000 0.000000000000000000
connection 30 65 -5.087335352506848984 0 0.000000000000000000 0.000000000000000000
connection 30 59 -4.063254482458100725 0 0.000000000000000000 0.000000000000000000
connection 30 76 -2.431077096018182893 0 0.000000000000000000 0.000000000000000000
connection 30 64 -1.613994889687874856 0 0.000000000000000000 0.000000000000000000
connection 30 60 -4.983584653744084214 0 0.000000000000000000 0.000000000000000000
connection 30 32 -3.643359691639338926 0 0.000000000000000000 0.000000000000000000
connection 30 33 -2.601102238786130894 0 0.000000000000000000 0.000000000000000000
connection 30 34 0.478975062348513225 0 0.000000000000000000 0.000000000000000000
connection 30 35 -0.344593190588460940 0 0.000000000000000000 0.000000000000000000
connection 30 39 1.539934821904167084 0 0.000000000000000000 0.000000000000000000
connection 16 47 -7.982484328869308143 0 0.000000000000000000 0.000000000000000000
connection 16 70 -7.964619952275088011 0 0.000000000000000000 0.000000000000000000
connection 16 66 -6.860397624344575007 0 0.000000000000000000 0.000000000000000000
connection 16 67 -6.593545351018414991 0 0.000000000000000000 0.000000000000000000
connection 16 68 -3.656473364602808473 0 0.000000000000000000 0.000000000000000000
connection 16 69 -4.196195635914176769 0 0.000000000000000000 0.000000000000000000
connection 16 51 0.702427657012165030 0 0.000000000000000000 0.000000000000000000
connection 16 31 -7.260184004943979197 0 0.000000000000000000 0.000000000000000000
connection 16 52 -6.876849607056380265 0 0.000000000000000000 0.000000000000000000
connection 16 36 -2.561485663406724456 0 0.000000000000000000 0.000000000000000000
connection 16 37 -2.038889244627289710 0 0.000000000000000000 0.000000000000000000
connection 16 38 0.464074960609218545 0 0.000000000000000000 0.000000000000000000
connection 16 72 -3.621161174660352700 0 0.000000000000000000 0.000000000000000000
connection 16 73 -3.092357256920331920 0 0.000000000000000000 0.000000000000000000
connection 17 47 -7.972027034839095805 0 0.000000000000000000 0.000000000000000000
connection 17 70 -7.928226905455852958 0 0.000000000000000000 0.000000000000000000
connection 17 49 -6.814081229036079712 0 0.000000000000000000 0.000000000000000000
connection 17 54 -6.523475922162109697 0 0.000000000000000000 0.000000000000000000
connection 17 56 -3.578278456580390010 0 0.000000000000000000 0.000000000000000000
connection 17 57 -4.142724616343167909 0 0.000000000000000000 0.000000000000000000
connection 17 66 -6.169332738521148940 0 0.000000000000000000 0.000000000000000000
connection 17 67 -5.742199595858042294 0 0.000000000000000000 0.000000000000000000
connection 17 68 -2.372397301743742748 0 0.000000000000000000 0.000000000000000000
connection 17 69 -2.985140976666658563 0 0.000000000000000000 0.000000000000000000
connection 17 51 1.118777778277240342 0 0.000000000000000000 0.000000000000000000
connection 17 55 0.729402947745763863 0 0.000000000000000000 0.000000000000000000
connection 17 31 -6.867860061842943509 0 0.000000000000000000 0.000000000000000000
connection 17 52 -6.302490585504553877 0 0.000000000000000000 0.000000000000000000
connection 17 72 -2.569313810156195199 0 0.000000000000000000 0.000000000000000000
connection 17 73 -2.040072175491387974 0 0.000000000000000000 0.000000000000000000
connection 18 47 -7.982210521024233785 0 0.000000000000000000 0.000000000000000000
connection 18 70 -7.962777578041452919 0 0.000000000000000000 0.000000000000000000
connection 18 84 -6.454267666917578694 0 0.000000000000000000 0.000000000000000000
connection 18 50 -5.732856428903327917 0 0.000000000000000000 0.000000000000000000
connection 18 51 0.609494812437392897 0 0.000000000000000000 0.000000000000000000
connection 18 31 -7.328561291086782781 0 0.000000000000000000 0.000000000000000000
connection 18 52 -6.972226528272405410 0 0.000000000000000000 0.000000000000000000
connection 18 36 -2.810856938081752077 0 0.000000000000000000 0.000000000000000000
connection 18 37 -2.278814695697929604 0 0.000000000000000000 0.000000000000000000
connection 18 38 0.332764816434269750 0 0.000000000000000000 0.000000000000000000
connection 18 72 -3.871738776905889967 0 0.000000000000000000 0.000000000000000000
connection 18 73 -3.345278903471418985 0 0.000000000000000000 0.000000000000000000
connection 19 47 -7.937392009115519009 0 0.000000000000000000 0.000000000000000000
connection 19 70 -7.771796477008221515 0 0.000000000000000000 0.000000000000000000
connection 19 49 -5.976756736986392760 0 0.000000000000000000 0.000000000000000000
connection 19 54 -5.450977125239736765 0 0.000000000000000000 0.000000000000000000
connection 19 56 -2.109090368611583610 0 0.000000000000000000 0.000000000000000000
connection 19 57 -2.807689791426584591 0 0.000000000000000000 0.000000000000000000
connection 19 66 -4.809561246756214992 0 0.000000000000000000 0.000000000000000000
connection 19 67 -4.041770948625792670 0 0.000000000000000000 0.000000000000000000
connection 19 68 -0.651386810823102347 0 0.000000000000000000 0.000000000000000000
connection 19 69 -1.386486176253020508 0 0.000000000000000000 0.000000000000000000
connection 19 51 1.546832379895124898 0 0.000000000000000000 0.000000000000000000
connection 19 55 1.237014394319653654 0 0.000000000000000000 0.000000000000000000
connection 19 31 -6.284051907483233279 0 0.000000000000000000 0.000000000000000000
connection 19 32 -6.740770810717763517 0 0.000000000000000000 0.000000000000000000
connection 19 33 -6.401470899116207924 0 0.000000000000000000 0.000000000000000000
connection 19 34 -3.471611823391675955 0 0.000000000000000000 0.000000000000000000
connection 19 35 -4.091731529858659400 0 0.000000000000000000 0.000000000000000000
connection 20 47 -7.986922705678357381 0 0.000000000000000000 0.000000000000000000
connection 20 70 -7.976656190211348196 0 0.000000000000000000 0.000000000000000000
connection 20 84 -7.146031356038404780 0 0.000000000000000000 0.000000000000000000
connection 20 50 -6.696619154756294101 0 0.000000000000000000 0.000000000000000000
connection 20 51 -0.332961437259473580 0 0.000000000000000000 0.000000000000000000
connection 20 71 -3.299981372646396238 0 0.000000000000000000 0.000000000000000000
connection 20 61 -2.761393042164282274 0 0.000000000000000000 0.000000000000000000
connection 20 62 0.358522462778297413 0 0.000000000000000000 0.000000000000000000
connection 20 31 -7.644603778430906438 0 0.000000000000000000 0.000000000000000000
connection 20 52 -7.447539931092102883 0 0.000000000000000000 0.000000000000000000
connection 20 36 -4.342732956608866601 0 0.000000000000000000 0.000000000000000000
connection 20 37 -3.830416374996237661 0 0.000000000000000000 0.000000000000000000
connection 20 38 -0.717038509001247992 0 0.000000000000000000 0.000000000000000000
connection 20 73 -4.827938557684701593 0 0.000000000000000000 0.000000000000000000
connection 21 47 -7.981441600839853656 0 0.000000000000000000 0.000000000000000000
connection 21 70 -7.959300185769088820 0 0.000000000000000000 0.000000000000000000
connection 21 84 -6.561058616879288152 0 0.000000000000000000 0.000000000000000000
connection 21 50 -5.853169483565395126 0 0.000000000000000000 0.000000000000000000
connection 21 51 0.516441370723710769 0 0.000000000000000000 0.000000000000000000
connection 21 31 -7.388833723307161705 0 0.000000000000000000 0.000000000000000000
connection 21 52 -7.055741594312021192 0 0.000000000000000000 0.000000000000000000
connection 21 36 -3.055995296104399017 0 0.000000000000000000 0.000000000000000000
connection 21 37 -2.515282994926707705 0 0.000000000000000000 0.000000000000000000
connection 21 72 -4.115408009819031321 0 0.000000000000000000 0.000000000000000000
connection 21 73 -3.592744133125002293 0 0.000000000000000000 0.000000000000000000
connection 22 47 -7.965890492278018264 0 0.000000000000000000 0.000000000000000000
connection 22 70 -7.898602230582680406 0 0.000000000000000000 0.000000000000000000
connection 22 84 -5.712781580295525963 0 0.000000000000000000 0.000000000000000000
connection 22 66 -6.224742451125354847 0 0.000000000000000000 0.000000000000000000
connection 22 67 -5.747998798662994346 0 0.000000000000000000 0.000000000000000000
connection 22 68 -2.508857301736267864 0 0.000000000000000000 0.000000000000000000
connection 22 69 -3.202128842218862737 0 0.000000000000000000 0.000000000000000000
connection 22 51 1.127522728110409211 0 0.000000000000000000 0.000000000000000000
connection 22 55 0.590305709327247463 0 0.000000000000000000 0.000000000000000000
connection 22 31 -7.028129238400058654 0 0.000000000000000000 0.000000000000000000
connection 22 52 -6.495585628175219561 0 0.000000000000000000 0.000000000000000000
connection 22 72 -3.039816311598727783 0 0.000000000000000000 0.000000000000000000
connection 22 73 -2.485730000016712182 0 0.000000000000000000 0.000000000000000000
connection 23 47 -7.979997697422339442 0 0.000000000000000000 0.000000000000000000
connection 23 70 -7.953460351908301362 0 0.000000000000000000 0.000000000000000000
connection 23 84 -6.649210729220301985 0 0.000000000000000000 0.000000000000000000
connection 23 50 -5.944785671227859503 0 0.000000000000000000 0.000000000000000000
connection 23 51 0.428760620869377773 0 0.000000000000000000 0.000000000000000000
connection 23 55 -0.305890068743098265 0 0.000000000000000000 0.000000000000000000
connection 23 31 -7.441087731651362169 0 0.000000000000000000 0.000000000000000000
connection 23 52 -7.127009833471324995 0 0.000000000000000000 0.000000000000000000
connection 23 36 -3.293347490634663366 0 0.000000000000000000 0.000000000000000000
connection 23 37 -2.744080415639808201 0 0.000000000000000000 0.000000000000000000
connection 23 72 -4.349785208036514916 0 0.000000000000000000 0.000000000000000000
connection 23 73 -3.831803433300046358 0 0.000000000000000000 0.000000000000000000
connection 25 47 -7.907625453293561257 0 0.000000000000000000 0.000000000000000000
connection 25 70 -7.663895749655152301 0 0.000000000000000000 0.000000000000000000
connection 25 49 -4.556665375725976297 0 0.000000000000000000 0.000000000000000000
connection 25 54 -3.884428595302525267 0 0.000000000000000000 0.000000000000000000
connection 25 56 -0.446657645794384606 0 0.000000000000000000 0.000000000000000000
connection 25 57 -1.030560126613752070 0 0.000000000000000000 0.000000000000000000
connection 25 66 -3.131405047148761778 0 0.000000000000000000 0.000000000000000000
connection 25 67 -2.305301518687115081 0 0.000000000000000000 0.000000000000000000
connection 25 68 0.658515748155629965 0 0.000000000000000000 0.000000000000000000
connection 25 51 1.230476354193930755 0 0.000000000000000000 0.000000000000000000
connection 25 55 1.320491950238886769 0 0.000000000000000000 0.000000000000000000
connection 25 32 -5.652921958747075593 0 0.000000000000000000 0.000000000000000000
connection 25 33 -5.145582422503203190 0 0.000000000000000000 0.000000000000000000
connection 25 34 -1.627494408102314161 0 0.000000000000000000 0.000000000000000000
connection 25 35 -2.229658095351472635 0 0.000000000000000000 0.000000000000000000
connection 25 39 0.991714423905454390 0 0.000000000000000000 0.000000000000000000
connection 69 47 6.962638725152439534 0 0.000000000000000000 0.000000000000000000
connection 69 70 7.747695850371790094 0 0.000000000000000000 0.000000000000000000
connection 69 58 7.131000968024074460 0 0.000000000000000000 0.000000000000000000
connection 24 47 -7.951794854262692169 0 0.000000000000000000 0.000000000000000000
connection 24 70 -7.852011673536894776 0 0.000000000000000000 0.000000000000000000
connection 24 49 -5.922626613562937514 0 0.000000000000000000 0.000000000000000000
connection 24 54 -5.455201474891778091 0 0.000000000000000000 0.000000000000000000
connection 24 56 -1.995913050878390660 0 0.000000000000000000 0.000000000000000000
connection 24 57 -2.606063945982922903 0 0.000000000000000000 0.000000000000000000
connection 24 66 -4.905360054926243940 0 0.000000000000000000 0.000000000000000000
connection 24 67 -4.268677624052938491 0 0.000000000000000000 0.000000000000000000
connection 24 68 -0.777893022724840622 0 0.000000000000000000 0.000000000000000000
connection 24 69 -1.383615914248673473 0 0.000000000000000000 0.000000000000000000
connection 24 51 1.336996998756243116 0 0.000000000000000000 0.000000000000000000
connection 24 55 1.193378697734576388 0 0.000000000000000000 0.000000000000000000
connection 24 31 -6.073783017714344368 0 0.000000000000000000 0.000000000000000000
connection 24 32 -6.639561232767693610 0 0.000000000000000000 0.000000000000000000
connection 24 33 -6.314622044150539182 0 0.000000000000000000 0.000000000000000000
connection 24 34 -3.204634859305461436 0 0.000000000000000000 0.000000000000000000
connection 24 35 -3.782130103867875626 0 0.000000000000000000 0.000000000000000000
connection 24 39 0.366924838032070044 0 0.000000000000000000 0.000000000000000000
connection 26 47 -7.786635532177405672 0 0.000000000000000000 0.000000000000000000
connection 26 70 -7.060008505542119117 0 0.000000000000000000 0.000000000000000000
connection 26 32 -4.184684330090348681 0 0.000000000000000000 0.000000000000000000
connection 26 33 -3.451407315250755836 0 0.000000000000000000 0.000000000000000000
connection 26 35 -0.703914264807757317 0 0.000000000000000000 0.000000000000000000
connection 26 39 1.294241814716662997 0 0.000000000000000000 0.000000000000000000
connection 27 47 -7.735711771736159648 0 0.000000000000000000 0.000000000000000000
connection 27 70 -6.730723165789247453 0 0.000000000000000000 0.000000000000000000
connection 27 32 -4.113851848177357162 0 0.000000000000000000 0.000000000000000000
connection 27 33 -3.304572391459601466 0 0.000000000000000000 0.000000000000000000
connection 27 35 -0.675763707486919829 0 0.000000000000000000 0.000000000000000000
connection 27 39 1.349783442183189575 0 0.000000000000000000 0.000000000000000000
connection 36 44 -2.384243569413075026 0 0.000000000000000000 0.000000000000000000
connection 36 45 -3.339135301899878172 0 0.000000000000000000 0.000000000000000000
connection 36 24 0.608008664348336225 0 0.000000000000000000 0.000000000000000000
connection 36 58 3.954611147617280942 0 0.000000000000000000 0.000000000000000000
connection 28 47 -7.870281646025023115 0 0.000000000000000000 0.000000000000000000
connection 28 70 -7.432382435888197136 0 0.000000000000000000 0.000000000000000000
connection 28 49 -4.436776796721549232 0 0.000000000000000000 0.000000000000000000
connection 28 54 -3.621908462227487746 0 0.000000000000000000 0.000000000000000000
connection 28 56 -0.285768332008483950 0 0.000000000000000000 0.000000000000000000
connection 28 57 -1.001989635163715642 0 0.000000000000000000 0.000000000000000000
connection 28 66 -2.686069205731872245 0 0.000000000000000000 0.000000000000000000
connection 28 67 -1.643353111918946396 0 0.000000000000000000 0.000000000000000000
connection 28 68 1.117250852316573395 0 0.000000000000000000 0.000000000000000000
connection 28 69 0.423773982752414902 0 0.000000000000000000 0.000000000000000000
connection 28 51 1.668333233029401175 0 0.000000000000000000 0.000000000000000000
connection 28 55 1.565865525448886908 0 0.000000000000000000 0.000000000000000000
connection 28 32 -5.703739188102714408 0 0.000000000000000000 0.000000000000000000
connection 28 33 -5.128527581301946192 0 0.000000000000000000 0.000000000000000000
connection 28 34 -1.714441833102406498 0 0.000000000000000000 0.000000000000000000
connection 28 35 -2.412150608061024215 0 0.000000000000000000 0.000000000000000000
connection 28 39 0.921960155044863283 0 0.000000000000000000 0.000000000000000000
connection 29 47 -6.461540787913326866 0 0.000000000000000000 0.000000000000000000
connection 29 24 -4.071511961228758913 0 0.000000000000000000 0.000000000000000000
connection 29 65 -0.752368261201351807 0 0.000000000000000000 0.000000000000000000
connection 29 28 -2.841544769720552477 0 0.000000000000000000 0.000000000000000000
connection 29 46 -0.957317464566794341 0 0.000000000000000000 0.000000000000000000
connection 29 29 1.435146945489186976 0 0.000000000000000000 0.000000000000000000
connection 29 30 -0.335324575470129560 0 0.000000000000000000 0.000000000000000000
connection 29 58 2.173307550151999390 0 0.000000000000000000 0.000000000000000000
connection 48 44 2.040396412446059404 0 0.000000000000000000 0.000000000000000000
connection 48 45 2.229651962227411133 0 0.000000000000000000 0.000000000000000000
connection 48 70 6.849318691410660520 0 0.000000000000000000 0.000000000000000000
connection 48 84 6.899949756951841096 0 0.000000000000000000 0.000000000000000000
connection 48 50 7.392745186477615249 0 0.000000000000000000 0.000000000000000000
connection 48 71 4.844497863823948869 0 0.000000000000000000 0.000000000000000000
connection 48 61 5.087436226771423264 0 0.000000000000000000 0.000000000000000000
connection 48 58 4.964186201675855337 0 0.000000000000000000 0.000000000000000000
connection 31 47 -7.899643429732089217 0 0.000000000000000000 0.000000000000000000
connection 31 70 -7.560941287642756414 0 0.000000000000000000 0.000000000000000000
connection 31 49 -5.811701295892349073 0 0.000000000000000000 0.000000000000000000
connection 31 54 -5.149759177075424965 0 0.000000000000000000 0.000000000000000000
connection 31 56 -1.905268172276960437 0 0.000000000000000000 0.000000000000000000
connection 31 57 -2.745622188974472522 0 0.000000000000000000 0.000000000000000000
connection 31 66 -4.318513426250542686 0 0.000000000000000000 0.000000000000000000
connection 31 67 -3.304838103393116011 0 0.000000000000000000 0.000000000000000000
connection 31 69 -1.016232443233594074 0 0.000000000000000000 0.000000000000000000
connection 31 51 1.919478365269655429 0 0.000000000000000000 0.000000000000000000
connection 31 55 1.394770024097437444 0 0.000000000000000000 0.000000000000000000
connection 31 31 -6.385011603416291592 0 0.000000000000000000 0.000000000000000000
connection 31 52 -5.443522876344227157 0 0.000000000000000000 0.000000000000000000
connection 61 47 7.164658824088501632 0 0.000000000000000000 0.000000000000000000
connection 61 70 7.746947720135912263 0 0.000000000000000000 0.000000000000000000
connection 61 58 7.468065482838443181 0 0.000000000000000000 0.000000000000000000
connection 32 47 -7.772675819629781380 0 0.000000000000000000 0.000000000000000000
connection 32 70 -6.833552912261316337 0 0.000000000000000000 0.000000000000000000
connection 32 49 -3.888064845109417966 0 0.000000000000000000 0.000000000000000000
connection 32 54 -2.816864616321024251 0 0.000000000000000000 0.000000000000000000
connection 32 56 0.303916103603558252 0 0.000000000000000000 0.000000000000000000
connection 32 57 -0.594122075487520052 0 0.000000000000000000 0.000000000000000000
connection 32 66 -1.587832849220778053 0 0.000000000000000000 0.000000000000000000
connection 32 67 -0.246066975549286748 0 0.000000000000000000 0.000000000000000000
connection 32 68 2.066245202614238607 0 0.000000000000000000 0.000000000000000000
connection 32 69 1.197595193483093734 0 0.000000000000000000 0.000000000000000000
connection 32 51 2.323358342762688711 0 0.000000000000000000 0.000000000000000000
connection 32 55 1.974177684082919049 0 0.000000000000000000 0.000000000000000000
connection 32 32 -5.510150412132425402 0 0.000000000000000000 0.000000000000000000
connection 32 33 -4.784185991054549447 0 0.000000000000000000 0.000000000000000000
connection 32 34 -1.475601000686376452 0 0.000000000000000000 0.000000000000000000
connection 32 35 -2.321119945728957301 0 0.000000000000000000 0.000000000000000000
connection 32 39 0.924899061104742293 0 0.000000000000000000 0.000000000000000000
connection 33 47 -7.305423653500205283 0 0.000000000000000000 0.000000000000000000
connection 33 24 -5.944677256423487322 0 0.000000000000000000 0.000000000000000000
connection 33 65 -3.741581001411454999 0 0.000000000000000000 0.000000000000000000
connection 33 59 -2.658300900136974398 0 0.000000000000000000 0.000000000000000000
connection 33 76 -0.727441696028130580 0 0.000000000000000000 0.000000000000000000
connection 33 48 1.583228303586678098 0 0.000000000000000000 0.000000000000000000
connection 33 64 -0.245785097040199768 0 0.000000000000000000 0.000000000000000000
connection 33 60 -4.028047005411224291 0 0.000000000000000000 0.000000000000000000
connection 33 32 -3.178972127895718813 0 0.000000000000000000 0.000000000000000000
connection 33 33 -1.973468733159480459 0 0.000000000000000000 0.000000000000000000
connection 33 34 0.929648693763828193 0 0.000000000000000000 0.000000000000000000
connection 33 39 1.700813888652052075 0 0.000000000000000000 0.000000000000000000
connection 42 47 -7.987196428137377069 0 0.000000000000000000 0.000000000000000000
connection 42 70 -7.977749780918721889 0 0.000000000000000000 0.000000000000000000
connection 42 84 -7.066740973009827620 0 0.000000000000000000 0.000000000000000000
connection 42 50 -6.592133995332869922 0 0.000000000000000000 0.000000000000000000
connection 42 71 -3.051319834875925618 0 0.000000000000000000 0.000000000000000000
connection 42 61 -2.518036874986042228 0 0.000000000000000000 0.000000000000000000
connection 42 62 0.485276816067851002 0 0.000000000000000000 0.000000000000000000
connection 42 31 -7.606632001993014036 0 0.000000000000000000 0.000000000000000000
connection 42 52 -7.391391782613563777 0 0.000000000000000000 0.000000000000000000
connection 42 36 -4.101640514600688903 0 0.000000000000000000 0.000000000000000000
connection 42 37 -3.582632727605369105 0 0.000000000000000000 0.000000000000000000
connection 42 38 -0.517772395733422597 0 0.000000000000000000 0.000000000000000000
connection 42 72 -5.065207580934186993 0 0.000000000000000000 0.000000000000000000
connection 42 73 -4.598631442433902095 0 0.000000000000000000 0.000000000000000000
connection 52 47 -7.150379546502444228 0 0.000000000000000000 0.000000000000000000
connection 52 24 -5.449711346294871639 0 0.000000000000000000 0.000000000000000000
connection 52 65 -2.968646498258611821 0 0.000000000000000000 0.000000000000000000
connection 52 59 -1.824323278281145377 0 0.000000000000000000 0.000000000000000000
connection 52 48 2.353530470702936306 0 0.000000000000000000 0.000000000000000000
connection 52 64 0.523668186078160569 0 0.000000000000000000 0.000000000000000000
connection 52 60 -3.419495166204422620 0 0.000000000000000000 0.000000000000000000
connection 52 32 -2.871737368146753955 0 0.000000000000000000 0.000000000000000000
connection 52 33 -1.574581425027126835 0 0.000000000000000000 0.000000000000000000
connection 52 34 1.213554330158308048 0 0.000000000000000000 0.000000000000000000
connection 52 35 0.240740368413933259 0 0.000000000000000000 0.000000000000000000
connection 52 39 1.804524748052702909 0 0.000000000000000000 0.000000000000000000
connection 57 44 0.417244810960954504 0 0.000000000000000000 0.000000000000000000
connection 57 20 -1.797929976288833664 0 0.000000000000000000 0.000000000000000000
connection 57 21 0.228053646158160733 0 0.000000000000000000 0.000000000000000000
connection 57 22 2.332322309653503734 0 0.000000000000000000 0.000000000000000000
connection 57 23 0.439158093867589638 0 0.000000000000000000 0.000000000000000000
connection 57 58 5.007377342416934773 0 0.000000000000000000 0.000000000000000000
connection 34 44 -3.881345504192893259 0 0.000000000000000000 0.000000000000000000
connection 34 45 -4.602981049868746233 0 0.000000000000000000 0.000000000000000000
connection 34 24 -0.863655504688824571 0 0.000000000000000000 0.000000000000000000
connection 34 65 2.297800275277864124 0 0.000000000000000000 0.000000000000000000
connection 34 60 2.674677806047759621 0 0.000000000000000000 0.000000000000000000
connection 34 58 3.253957789884843521 0 0.000000000000000000 0.000000000000000000
connection 66 70 7.179230675875994727 0 0.000000000000000000 0.000000000000000000
connection 66 84 7.295035053628535771 0 0.000000000000000000 0.000000000000000000
connection 66 50 7.634606826344177755 0 0.000000000000000000 0.000000000000000000
connection 66 71 5.682670091776986787 0 0.000000000000000000 0.000000000000000000
connection 66 61 5.935166281097109753 0 0.000000000000000000 0.000000000000000000
connection 66 58 5.664331081389796019 0 0.000000000000000000 0.000000000000000000
connection 35 47 -6.952737848522718700 0 0.000000000000000000 0.000000000000000000
connection 35 24 -4.872709751053736049 0 0.000000000000000000 0.000000000000000000
connection 35 65 -2.162763750622215930 0 0.000000000000000000 0.000000000000000000
connection 35 59 -0.924555773030142802 0 0.000000000000000000 0.000000000000000000
connection 35 76 1.129549549071366732 0 0.000000000000000000 0.000000000000000000
connection 35 48 3.112523830295029548 0 0.000000000000000000 0.000000000000000000
connection 35 64 1.327291687410667054 0 0.000000000000000000 0.000000000000000000
connection 35 60 -2.719251737448149076 0 0.000000000000000000 0.000000000000000000
connection 35 32 -2.507154387952828412 0 0.000000000000000000 0.000000000000000000
connection 35 33 -1.114545672515032892 0 0.000000000000000000 0.000000000000000000
connection 35 34 1.537943747123278193 0 0.000000000000000000 0.000000000000000000
connection 35 35 0.515998399957037446 0 0.000000000000000000 0.000000000000000000
connection 35 39 1.926578595445362252 0 0.000000000000000000 0.000000000000000000
connection 37 44 1.687931680559335845 0 0.000000000000000000 0.000000000000000000
connection 37 45 2.077465690315318358 0 0.000000000000000000 0.000000000000000000
connection 37 70 6.597753153986742447 0 0.000000000000000000 0.000000000000000000
connection 38 70 6.872116007003130633 0 0.000000000000000000 0.000000000000000000
connection 67 47 6.603942786451677982 0 0.000000000000000000 0.000000000000000000
connection 67 70 7.716654725897688749 0 0.000000000000000000 0.000000000000000000
connection 67 31 6.986019790783409178 0 0.000000000000000000 0.000000000000000000
connection 67 52 7.478867146333081806 0 0.000000000000000000 0.000000000000000000
connection 67 36 6.011004272623878819 0 0.000000000000000000 0.000000000000000000
connection 67 37 6.247614887481874213 0 0.000000000000000000 0.000000000000000000
connection 67 72 5.471326549549553775 0 0.000000000000000000 0.000000000000000000
connection 67 73 5.752343265030853914 0 0.000000000000000000 0.000000000000000000
connection 39 47 -5.997888007280073097 0 0.000000000000000000 0.000000000000000000
connection 39 24 -2.777905732397889516 0 0.000000000000000000 0.000000000000000000
connection 39 28 -2.136447086998938261 0 0.000000000000000000 0.000000000000000000
connection 39 29 1.931730727569138883 0 0.000000000000000000 0.000000000000000000
connection 39 52 1.108236562408639214 0 0.000000000000000000 0.000000000000000000
connection 39 39 2.423262112092724685 0 0.000000000000000000 0.000000000000000000
connection 40 47 -7.990897738153178054 0 0.000000000000000000 0.000000000000000000
connection 40 70 -7.988464187333899069 0 0.000000000000000000 0.000000000000000000
connection 40 84 -7.640950849995444827 0 0.000000000000000000 0.000000000000000000
connection 40 71 -5.241189051723528891 0 0.000000000000000000 0.000000000000000000
connection 40 61 -4.789705819055823710 0 0.000000000000000000 0.000000000000000000
connection 40 62 -1.118233945272874452 0 0.000000000000000000 0.000000000000000000
connection 40 63 -1.589557075126827757 0 0.000000000000000000 0.000000000000000000
connection 40 31 -7.848994249587254224 0 0.000000000000000000 0.000000000000000000
connection 40 52 -7.767787489979141924 0 0.000000000000000000 0.000000000000000000
connection 40 38 -2.606188108767473199 0 0.000000000000000000 0.000000000000000000
connection 59 47 -6.939026382136047388 0 0.000000000000000000 0.000000000000000000
connection 59 24 -5.343207785214040939 0 0.000000000000000000 0.000000000000000000
connection 59 65 -2.520381553137113873 0 0.000000000000000000 0.000000000000000000
connection 59 59 -0.704868411464583344 0 0.000000000000000000 0.000000000000000000
connection 59 76 1.289643225390894044 0 0.000000000000000000 0.000000000000000000
connection 59 48 3.271396775398572210 0 0.000000000000000000 0.000000000000000000
connection 59 64 1.712360904557521657 0 0.000000000000000000 0.000000000000000000
connection 59 28 -4.160174792876339289 0 0.000000000000000000 0.000000000000000000
connection 59 46 -2.584426431256489742 0 0.000000000000000000 0.000000000000000000
connection 59 30 -1.609250578030556378 0 0.000000000000000000 0.000000000000000000
connection 59 58 1.806648725079302409 0 0.000000000000000000 0.000000000000000000
connection 41 47 -7.989697765979300037 0 0.000000000000000000 0.000000000000000000
connection 41 70 -7.984910444247280914 0 0.000000000000000000 0.000000000000000000
connection 41 84 -7.389581629304575294 0 0.000000000000000000 0.000000000000000000
connection 41 71 -4.081617553184832659 0 0.000000000000000000 0.000000000000000000
connection 41 61 -3.564069471761875274 0 0.000000000000000000 0.000000000000000000
connection 41 63 -0.500436192318334583 0 0.000000000000000000 0.000000000000000000
connection 41 31 -7.744200191810863387 0 0.000000000000000000 0.000000000000000000
connection 41 52 -7.604267873517684073 0 0.000000000000000000 0.000000000000000000
connection 41 36 -5.045194827966684947 0 0.000000000000000000 0.000000000000000000
connection 41 37 -4.578189549853019180 0 0.000000000000000000 0.000000000000000000
connection 41 38 -1.376579539201112201 0 0.000000000000000000 0.000000000000000000
connection 43 47 -7.989713429658618971 0 0.000000000000000000 0.000000000000000000
connection 43 70 -7.984902065392283532 0 0.000000000000000000 0.000000000000000000
connection 43 84 -7.448217334714136939 0 0.000000000000000000 0.000000000000000000
connection 43 50 -7.152452167741976119 0 0.000000000000000000 0.000000000000000000
connection 43 71 -4.326480137708597518 0 0.000000000000000000 0.000000000000000000
connection 43 61 -3.816611426129427720 0 0.000000000000000000 0.000000000000000000
connection 43 62 -0.301553626203279967 0 0.000000000000000000 0.000000000000000000
connection 43 63 -0.700683016968000727 0 0.000000000000000000 0.000000000000000000
connection 43 31 -7.769767645650914822 0 0.000000000000000000 0.000000000000000000
connection 43 52 -7.643487941670475294 0 0.000000000000000000 0.000000000000000000
connection 43 37 -4.810539553434770355 0 0.000000000000000000 0.000000000000000000
connection 43 38 -1.613093913321141937 0 0.000000000000000000 0.000000000000000000
connection 51 47 7.760285581917261588 0 0.000000000000000000 0.000000000000000000
connection 51 70 7.822051054032254314 0 0.000000000000000000 0.000000000000000000
connection 51 58 7.919471812399407007 0 0.000000000000000000 0.000000000000000000
connection 44 47 -7.982401007182837738 0 0.000000000000000000 0.000000000000000000
connection 44 70 -7.963870683733478728 0 0.000000000000000000 0.000000000000000000
connection 44 84 -6.394379956944248100 0 0.000000000000000000 0.000000000000000000
connection 44 66 -6.900663421389112706 0 0.000000000000000000 0.000000000000000000
connection 44 67 -6.637726239267852435 0 0.000000000000000000 0.000000000000000000
connection 44 68 -3.758734571136922220 0 0.000000000000000000 0.000000000000000000
connection 44 69 -4.299989973637037721 0 0.000000000000000000 0.000000000000000000
connection 44 51 0.656255334728783835 0 0.000000000000000000 0.000000000000000000
connection 44 31 -7.295394650408971060 0 0.000000000000000000 0.000000000000000000
connection 44 52 -6.926002478938475981 0 0.000000000000000000 0.000000000000000000
connection 44 36 -2.686503339972383664 0 0.000000000000000000 0.000000000000000000
connection 44 37 -2.159054985809316207 0 0.000000000000000000 0.000000000000000000
connection 44 38 0.399608373168781561 0 0.000000000000000000 0.000000000000000000
connection 44 72 -3.747174929341401395 0 0.000000000000000000 0.000000000000000000
connection 44 73 -3.219332793743147736 0 0.000000000000000000 0.000000000000000000
connection 45 47 -7.980818866861247862 0 0.000000000000000000 0.000000000000000000
connection 45 70 -7.956737251379261799 0 0.000000000000000000 0.000000000000000000
connection 45 84 -6.607576018686325270 0 0.000000000000000000 0.000000000000000000
connection 45 50 -5.902849815613008921 0 0.000000000000000000 0.000000000000000000
connection 45 51 0.471515661579794576 0 0.000000000000000000 0.000000000000000000
connection 45 55 -0.230313869572484259 0 0.000000000000000000 0.000000000000000000
connection 45 31 -7.415961483940654020 0 0.000000000000000000 0.000000000000000000
connection 45 52 -7.092937301005381556 0 0.000000000000000000 0.000000000000000000
connection 45 36 -3.175893368687470630 0 0.000000000000000000 0.000000000000000000
connection 45 37 -2.630940483573372290 0 0.000000000000000000 0.000000000000000000
connection 45 72 -4.233918212636909040 0 0.000000000000000000 0.000000000000000000
connection 45 73 -3.713526966330023882 0 0.000000000000000000 0.000000000000000000
connection 46 47 -7.653919039991963658 0 0.000000000000000000 0.000000000000000000
connection 46 24 -7.174425459609599542 0 0.000000000000000000 0.000000000000000000
connection 46 65 -6.088342402648711627 0 0.000000000000000000 0.000000000000000000
connection 46 59 -5.096960620557692501 0 0.000000000000000000 0.000000000000000000
connection 46 76 -3.811592500234036951 0 0.000000000000000000 0.000000000000000000
connection 46 48 -1.187848721302893873 0 0.000000000000000000 0.000000000000000000
connection 46 64 -2.701361308687024732 0 0.000000000000000000 0.000000000000000000
connection 46 60 -5.645608475332020149 0 0.000000000000000000 0.000000000000000000
connection 46 32 -3.942885435374775760 0 0.000000000000000000 0.000000000000000000
connection 46 33 -3.032218383742634416 0 0.000000000000000000 0.000000000000000000
connection 46 35 -0.563830172789331008 0 0.000000000000000000 0.000000000000000000
connection 46 39 1.427703134335020385 0 0.000000000000000000 0.000000000000000000
connection 53 47 -7.240067894119470715 0 0.000000000000000000 0.000000000000000000
connection 53 24 -6.257509478340972819 0 0.000000000000000000 0.000000000000000000
connection 53 65 -4.107475869131260282 0 0.000000000000000000 0.000000000000000000
connection 53 59 -2.285407979408016210 0 0.000000000000000000 0.000000000000000000
connection 53 76 -0.424267550540642913 0 0.000000000000000000 0.000000000000000000
connection 53 48 1.983720656446836594 0 0.000000000000000000 0.000000000000000000
connection 53 64 0.412553873266761739 0 0.000000000000000000 0.000000000000000000
connection 53 28 -5.119439564074837357 0 0.000000000000000000 0.000000000000000000
connection 53 46 -3.877753817245723766 0 0.000000000000000000 0.000000000000000000
connection 53 29 -1.157901532530209554 0 0.000000000000000000 0.000000000000000000
connection 53 30 -2.609145429151555007 0 0.000000000000000000 0.000000000000000000
connection 53 58 1.542109094703866701 0 0.000000000000000000 0.000000000000000000
connection 54 44 -1.170032398327560896 0 0.000000000000000000 0.000000000000000000
connection 54 19 2.447763032802332539 0 0.000000000000000000 0.000000000000000000
connection 54 20 -3.433473748049225449 0 0.000000000000000000 0.000000000000000000
connection 54 21 -1.620609309578701307 0 0.000000000000000000 0.000000000000000000
connection 54 22 0.721889769350691490 0 0.000000000000000000 0.000000000000000000
connection 54 23 -1.137308396169726565 0 0.000000000000000000 0.000000000000000000
connection 54 24 2.191000739940912379 0 0.000000000000000000 0.000000000000000000
connection 54 50 7.058080273909075331 0 0.000000000000000000 0.000000000000000000
connection 54 71 4.761944607207709623 0 0.000000000000000000 0.000000000000000000
connection 54 61 5.059725772617715833 0 0.000000000000000000 0.000000000000000000
connection 54 62 1.570928473636579836 0 0.000000000000000000 0.000000000000000000
connection 54 63 1.625966151171079010 0 0.000000000000000000 0.000000000000000000
connection 54 58 4.304338409960125844 0 0.000000000000000000 0.000000000000000000
connection 47 47 -7.981897249588087107 0 0.000000000000000000 0.000000000000000000
connection 47 70 -7.961280052565735232 0 0.000000000000000000 0.000000000000000000
connection 47 84 -6.509888047041770598 0 0.000000000000000000 0.000000000000000000
connection 47 50 -5.796330705160868568 0 0.000000000000000000 0.000000000000000000
connection 47 51 0.562680232130846947 0 0.000000000000000000 0.000000000000000000
connection 47 31 -7.359703013572041819 0 0.000000000000000000 0.000000000000000000
connection 47 52 -7.015487151041742919 0 0.000000000000000000 0.000000000000000000
connection 47 36 -2.934161823802995617 0 0.000000000000000000 0.000000000000000000
connection 47 37 -2.397723114778115505 0 0.000000000000000000 0.000000000000000000
connection 47 38 0.263718079594836063 0 0.000000000000000000 0.000000000000000000
connection 47 72 -3.994579469531323035 0 0.000000000000000000 0.000000000000000000
connection 47 73 -3.469867386550086863 0 0.000000000000000000 0.000000000000000000
connection 49 44 -5.184943241267432334 0 0.000000000000000000 0.000000000000000000
connection 49 45 -5.504897749546430852 0 0.000000000000000000 0.000000000000000000
connection 49 24 -2.509663656513730245 0 0.000000000000000000 0.000000000000000000
connection 49 65 0.929299326569387962 0 0.000000000000000000 0.000000000000000000
connection 49 28 -1.178593147978759470 0 0.000000000000000000 0.000000000000000000
connection 49 46 0.867979889276466299 0 0.000000000000000000 0.000000000000000000
connection 49 29 2.917875000291237253 0 0.000000000000000000 0.000000000000000000
connection 49 30 1.158295455190494261 0 0.000000000000000000 0.000000000000000000
connection 49 58 2.654991191339088896 0 0.000000000000000000 0.000000000000000000
connection 50 47 6.806803949911716778 0 0.000000000000000000 0.000000000000000000
connection 50 70 7.736414183587212001 0 0.000000000000000000 0.000000000000000000
connection 50 58 6.911247644101336185 0 0.000000000000000000 0.000000000000000000
connection 55 47 7.222352127407678068 0 0.000000000000000000 0.000000000000000000
connection 55 70 7.734495087967660609 0 0.000000000000000000 0.000000000000000000
connection 55 58 7.590819713802210877 0 0.000000000000000000 0.000000000000000000
connection 56 70 7.370750593938371509 0 0.000000000000000000 0.000000000000000000
connection 56 58 6.307302528261493180 0 0.000000000000000000 0.000000000000000000
connection 58 47 -6.702231498290223577 0 0.000000000000000000 0.000000000000000000
connection 58 24 -4.222053811733494477 0 0.000000000000000000 0.000000000000000000
connection 58 65 -1.356704813403337928 0 0.000000000000000000 0.000000000000000000
connection 58 28 -3.753683337394343233 0 0.000000000000000000 0.000000000000000000
connection 58 46 -1.999110680069478674 0 0.000000000000000000 0.000000000000000000
connection 58 29 0.234206654899780792 0 0.000000000000000000 0.000000000000000000
connection 58 30 -1.668145103016513309 0 0.000000000000000000 0.000000000000000000
connection 58 32 -2.080293184977789700 0 0.000000000000000000 0.000000000000000000
connection 58 33 -0.592328420020464930 0 0.000000000000000000 0.000000000000000000
connection 58 34 1.902356955602319877 0 0.000000000000000000 0.000000000000000000
connection 58 35 0.834847721971278767 0 0.000000000000000000 0.000000000000000000
connection 58 39 2.069088817688782278 0 0.000000000000000000 0.000000000000000000
connection 68 47 7.611143798068199295 0 0.000000000000000000 0.000000000000000000
connection 68 70 7.865786371291664913 0 0.000000000000000000 0.000000000000000000
connection 68 58 7.581944008244191124 0 0.000000000000000000 0.000000000000000000
connection 60 47 -7.595729798586555503 0 0.000000000000000000 0.000000000000000000
connection 60 24 -6.962346492373651330 0 0.000000000000000000 0.000000000000000000
connection 60 65 -5.632211438126690339 0 0.000000000000000000 0.000000000000000000
connection 60 59 -4.624561780829581359 0 0.000000000000000000 0.000000000000000000
connection 60 76 -3.166811865265576120 0 0.000000000000000000 0.000000000000000000
connection 60 48 -0.573842232224535453 0 0.000000000000000000 0.000000000000000000
connection 60 64 -2.194041057840663278 0 0.000000000000000000 0.000000000000000000
connection 60 60 -5.346447155749900482 0 0.000000000000000000 0.000000000000000000
connection 60 32 -3.811274749084727187 0 0.000000000000000000 0.000000000000000000
connection 60 33 -2.838808908945278819 0 0.000000000000000000 0.000000000000000000
connection 60 34 0.308020701376073291 0 0.000000000000000000 0.000000000000000000
connection 60 35 -0.469189788637619565 0 0.000000000000000000 0.000000000000000000
connection 60 39 1.478687467203894546 0 0.000000000000000000 0.000000000000000000
connection 62 47 7.607058921471147706 0 0.000000000000000000 0.000000000000000000
connection 62 70 7.777291309092408511 0 0.000000000000000000 0.000000000000000000
connection 62 58 7.868328840042876138 0 0.000000000000000000 0.000000000000000000
connection 63 47 7.256133004264631481 0 0.000000000000000000 0.000000000000000000
connection 63 70 7.712609359429087874 0 0.000000000000000000 0.000000000000000000
connection 63 58 7.688009619093609359 0 0.000000000000000000 0.000000000000000000
connection 64 44 -2.854877044711514156 0 0.000000000000000000 0.000000000000000000
connection 64 20 -4.703352557073506190 0 0.000000000000000000 0.000000000000000000
connection 64 21 -3.234536553564294259 0 0.000000000000000000 0.000000000000000000
connection 64 22 -0.774602067707894526 0 0.000000000000000000 0.000000000000000000
connection 64 23 -2.453347144651371270 0 0.000000000000000000 0.000000000000000000
connection 64 24 0.692391726825695497 0 0.000000000000000000 0.000000000000000000
connection 64 50 6.578915166415296945 0 0.000000000000000000 0.000000000000000000
connection 64 71 3.999441634181248428 0 0.000000000000000000 0.000000000000000000
connection 64 61 4.253465777851794805 0 0.000000000000000000 0.000000000000000000
connection 64 62 0.567359846375779409 0 0.000000000000000000 0.000000000000000000
connection 64 63 0.731533091558967397 0 0.000000000000000000 0.000000000000000000
connection 64 58 3.650273731012274148 0 0.000000000000000000 0.000000000000000000
connection 65 47 -7.764166428215204085 0 0.000000000000000000 0.000000000000000000
connection 65 70 -6.913864252128403720 0 0.000000000000000000 0.000000000000000000
connection 65 32 -4.160292967296079780 0 0.000000000000000000 0.000000000000000000
connection 65 33 -3.391848577171826751 0 0.000000000000000000 0.000000000000000000
connection 65 35 -0.698952883239824074 0 0.000000000000000000 0.000000000000000000
connection 65 39 1.319864660883449892 0 0.000000000000000000 0.000000000000000000
connection 47 13 -7.945224638090294000 0 0.000000000000000000 0.000000000000000000
connection 24 13 -7.827842644929464910 0 0.000000000000000000 0.000000000000000000
connection 25 13 -7.627432387788891432 0 0.000000000000000000 0.000000000000000000
connection 26 13 -6.871077962483697732 0 0.000000000000000000 0.000000000000000000
connection 53 13 -3.300636189456081837 0 0.000000000000000000 0.000000000000000000
connection 27 13 -6.190807979364208791 0 0.000000000000000000 0.000000000000000000
connection 59 13 -1.793675563936826034 0 0.000000000000000000 0.000000000000000000
connection 76 13 2.048511803370872020 0 0.000000000000000000 0.000000000000000000
connection 28 13 -6.977755912523385895 0 0.000000000000000000 0.000000000000000000
connection 46 13 -5.211015537133707909 0 0.000000000000000000 0.000000000000000000
connection 29 13 -0.427100714286169081 0 0.000000000000000000 0.000000000000000000
connection 30 13 -3.967342818413502226 0 0.000000000000000000 0.000000000000000000
connection 84 13 2.925912709703903491 0 0.000000000000000000 0.000000000000000000
connection 71 13 2.092463818270596576 0 0.000000000000000000 0.000000000000000000
connection 31 13 -6.645603680956359227 0 0.000000000000000000 0.000000000000000000
connection 32 13 -5.408011582303064557 0 0.000000000000000000 0.000000000000000000
connection 33 13 -2.618868297110313659 0 0.000000000000000000 0.000000000000000000
connection 34 13 1.189915156147570929 0 0.000000000000000000 0.000000000000000000
connection 35 13 -1.396696729201800879 0 0.000000000000000000 0.000000000000000000
connection 72 13 -3.002917680911222131 0 0.000000000000000000 0.000000000000000000
connection 73 13 -0.500760243454272058 0 0.000000000000000000 0.000000000000000000
connection 47 14 0.956576719073536585 0 0.000000000000000000 0.000000000000000000
connection 70 14 -2.231176578249082443 0 0.000000000000000000 0.000000000000000000
connection 84 14 -1.191798885246746265 0 0.000000000000000000 0.000000000000000000
connection 66 14 -1.979212425828964728 0 0.000000000000000000 0.000000000000000000
connection 67 14 -1.762935256481420687 0 0.000000000000000000 0.000000000000000000
connection 51 14 5.496078711713427545 0 0.000000000000000000 0.000000000000000000
connection 62 14 5.442858921045873544 0 0.000000000000000000 0.000000000000000000
connection 63 14 4.548985666345974899 0 0.000000000000000000 0.000000000000000000
connection 58 14 0.390204831496824001 0 0.000000000000000000 0.000000000000000000
NNend

