NNstart
14 8
neuron 1 1.000000000000000000 0.000000000000000000 0.000000000000000000 -0.000000000000000000 11 0.000000000000000000
neuron 1 1.000000000000000000 0.000000000000000000 0.000000000000000000 -0.000000000000000000 11 0.000000000000000000
neuron 1 1.000000000000000000 0.000000000000000000 0.000000000000000000 -0.000000000000000000 11 0.000000000000000000
neuron 1 1.000000000000000000 0.000000000000000000 0.000000000000000000 -0.000000000000000000 11 0.000000000000000000
neuron 1 1.000000000000000000 0.000000000000000000 0.000000000000000000 -0.000000000000000000 11 0.000000000000000000
neuron 1 1.000000000000000000 0.000000000000000000 0.000000000000000000 -0.000000000000000000 11 0.000000000000000000
neuron 1 1.000000000000000000 0.000000000000000000 0.000000000000000000 -0.000000000000000000 11 0.000000000000000000
neuron 1 1.000000000000000000 0.000000000000000000 0.000000000000000000 -0.000000000000000000 11 0.000000000000000000
neuron 1 1.000000000000000000 0.000000000000000000 0.000000000000000000 -0.000000000000000000 11 0.000000000000000000
neuron 1 1.000000000000000000 0.000000000000000000 0.000000000000000000 -0.000000000000000000 11 0.000000000000000000
neuron 1 1.000000000000000000 0.000000000000000000 0.000000000000000000 -0.000000000000000000 11 0.000000000000000000
neuron 1 1.000000000000000000 0.000000000000000000 0.000000000000000000 -0.000000000000000000 11 0.000000000000000000
neuron 1 1.000000000000000000 0.000000000000000000 0.000000000000000000 -0.000000000000000000 11 0.000000000000000000
neuron 2 1.000000000000000000 0.000000000000000000 0.000000000000000000 0.000000000000000000 11 0.000000000000000000
neuron 4 1.000000000000000000 0.000000000000000000 0.000000000000000000 -0.000000000000000000 1 0.000000000000000000
neuron 4 1.000000000000000000 0.000000000000000000 0.000000000000000000 -0.000000000000000000 1 0.000000000000000000
neuron 4 1.000000000000000000 0.000000000000000000 0.000000000000000000 -0.000000000000000000 1 0.000000000000000000
neuron 4 1.000000000000000000 0.000000000000000000 0.000000000000000000 -0.000000000000000000 1 0.000000000000000000
neuron 4 1.000000000000000000 0.000000000000000000 0.000000000000000000 -0.000000000000000000 1 0.000000000000000000
neuron 4 1.000000000000000000 0.000000000000000000 0.000000000000000000 -0.000000000000000000 1 0.000000000000000000
neuron 4 1.000000000000000000 0.000000000000000000 0.000000000000000000 -0.000000000000000000 1 0.000000000000000000
neuron 4 1.000000000000000000 0.000000000000000000 0.000000000000000000 -0.000000000000000000 1 0.000000000000000000
neuron 3 1.000000000000000000 0.000000000000000000 0.000000000000000000 -0.000000000000000000 0 0.000000000000000000
neuron 3 1.000000000000000000 0.000000000000000000 0.000000000000000000 -0.000000000000000000 0 0.000000000000000000
neuron 3 1.000000000000000000 0.000000000000000000 0.000000000000000000 -0.000000000000000000 0 0.000000000000000000
neuron 3 1.000000000000000000 0.000000000000000000 0.000000000000000000 -0.000000000000000000 0 0.000000000000000000
neuron 3 1.000000000000000000 0.000000000000000000 0.000000000000000000 -0.000000000000000000 0 0.000000000000000000
neuron 3 1.000000000000000000 0.000000000000000000 0.000000000000000000 -0.000000000000000000 0 0.000000000000000000
neuron 3 1.000000000000000000 0.000000000000000000 0.000000000000000000 -0.000000000000000000 0 0.000000000000000000
neuron 3 1.000000000000000000 0.000000000000000000 0.000000000000000000 -0.000000000000000000 0 0.000000000000000000
neuron 3 1.000000000000000000 0.000000000000000000 0.000000000000000000 -0.000000000000000000 0 0.000000000000000000
neuron 3 1.000000000000000000 0.000000000000000000 0.000000000000000000 -0.000000000000000000 0 0.000000000000000000
neuron 3 1.000000000000000000 0.000000000000000000 0.000000000000000000 -0.000000000000000000 0 0.000000000000000000
neuron 3 1.000000000000000000 0.000000000000000000 0.000000000000000000 -0.000000000000000000 0 0.000000000000000000
neuron 3 1.000000000000000000 0.000000000000000000 0.000000000000000000 -0.000000000000000000 0 0.000000000000000000
neuron 3 1.000000000000000000 0.000000000000000000 0.000000000000000000 -0.000000000000000000 0 0.000000000000000000
neuron 3 1.000000000000000000 0.000000000000000000 0.000000000000000000 -0.000000000000000000 0 0.000000000000000000
neuron 3 1.000000000000000000 0.000000000000000000 0.000000000000000000 -0.000000000000000000 0 0.000000000000000000
neuron 3 1.000000000000000000 0.000000000000000000 0.000000000000000000 -0.000000000000000000 0 0.000000000000000000
neuron 3 1.000000000000000000 0.000000000000000000 0.000000000000000000 -0.000000000000000000 0 0.000000000000000000
neuron 3 1.000000000000000000 0.000000000000000000 0.000000000000000000 -0.000000000000000000 0 0.000000000000000000
neuron 3 1.000000000000000000 0.000000000000000000 0.000000000000000000 -0.000000000000000000 0 0.000000000000000000
neuron 3 1.000000000000000000 0.000000000000000000 0.000000000000000000 -0.000000000000000000 0 0.000000000000000000
neuron 3 1.000000000000000000 0.000000000000000000 0.000000000000000000 -0.000000000000000000 0 0.000000000000000000
neuron 3 1.000000000000000000 0.000000000000000000 0.000000000000000000 -0.000000000000000000 0 0.000000000000000000
neuron 3 1.000000000000000000 0.000000000000000000 0.000000000000000000 -0.000000000000000000 0 0.000000000000000000
neuron 3 1.000000000000000000 0.000000000000000000 0.000000000000000000 -0.000000000000000000 0 0.000000000000000000
neuron 3 1.000000000000000000 0.000000000000000000 0.000000000000000000 -0.000000000000000000 0 0.000000000000000000
neuron 3 1.000000000000000000 0.000000000000000000 0.000000000000000000 -0.000000000000000000 0 0.000000000000000000
neuron 3 1.000000000000000000 0.000000000000000000 0.000000000000000000 -0.000000000000000000 0 0.000000000000000000
neuron 3 1.000000000000000000 0.000000000000000000 0.000000000000000000 -0.000000000000000000 0 0.000000000000000000
neuron 3 1.000000000000000000 0.000000000000000000 0.000000000000000000 -0.000000000000000000 0 0.000000000000000000
neuron 3 1.000000000000000000 0.000000000000000000 0.000000000000000000 -0.000000000000000000 0 0.000000000000000000
neuron 3 1.000000000000000000 0.000000000000000000 0.000000000000000000 -0.000000000000000000 0 0.000000000000000000
neuron 3 1.000000000000000000 0.000000000000000000 0.000000000000000000 -0.000000000000000000 0 0.000000000000000000
neuron 3 1.000000000000000000 0.000000000000000000 0.000000000000000000 -0.000000000000000000 0 0.000000000000000000
neuron 3 1.000000000000000000 0.000000000000000000 0.000000000000000000 -0.000000000000000000 0 0.000000000000000000
neuron 3 1.000000000000000000 0.000000000000000000 0.000000000000000000 -0.000000000000000000 0 0.000000000000000000
neuron 3 1.000000000000000000 0.000000000000000000 0.000000000000000000 -0.000000000000000000 0 0.000000000000000000
neuron 3 1.000000000000000000 0.000000000000000000 0.000000000000000000 -0.000000000000000000 0 0.000000000000000000
neuron 3 1.000000000000000000 0.000000000000000000 0.000000000000000000 -0.000000000000000000 0 0.000000000000000000
neuron 3 1.000000000000000000 0.000000000000000000 0.000000000000000000 -0.000000000000000000 0 0.000000000000000000
neuron 3 1.000000000000000000 0.000000000000000000 0.000000000000000000 -0.000000000000000000 0 0.000000000000000000
neuron 3 1.000000000000000000 0.000000000000000000 0.000000000000000000 -0.000000000000000000 0 0.000000000000000000
neuron 3 1.000000000000000000 0.000000000000000000 0.000000000000000000 -0.000000000000000000 0 0.000000000000000000
neuron 3 1.000000000000000000 0.000000000000000000 0.000000000000000000 -0.000000000000000000 0 0.000000000000000000
neuron 3 1.000000000000000000 0.000000000000000000 0.000000000000000000 -0.000000000000000000 0 0.000000000000000000
neuron 3 1.000000000000000000 0.000000000000000000 0.000000000000000000 -0.000000000000000000 0 0.000000000000000000
neuron 3 1.000000000000000000 0.000000000000000000 0.000000000000000000 -0.000000000000000000 0 0.000000000000000000
neuron 3 1.000000000000000000 0.000000000000000000 0.000000000000000000 -0.000000000000000000 0 0.000000000000000000
neuron 3 1.000000000000000000 0.000000000000000000 0.000000000000000000 -0.000000000000000000 0 0.000000000000000000
neuron 3 1.000000000000000000 0.000000000000000000 0.000000000000000000 -0.000000000000000000 0 0.000000000000000000
neuron 3 1.000000000000000000 0.000000000000000000 0.000000000000000000 -0.000000000000000000 0 0.000000000000000000
neuron 3 1.000000000000000000 0.000000000000000000 0.000000000000000000 -0.000000000000000000 0 0.000000000000000000
neuron 3 1.000000000000000000 0.000000000000000000 0.000000000000000000 -0.000000000000000000 0 0.000000000000000000
neuron 3 1.000000000000000000 0.000000000000000000 0.000000000000000000 -0.000000000000000000 0 0.000000000000000000
neuron 3 1.000000000000000000 0.000000000000000000 0.000000000000000000 -0.000000000000000000 0 0.000000000000000000
neuron 3 1.000000000000000000 0.000000000000000000 0.000000000000000000 -0.000000000000000000 0 0.000000000000000000
neuron 3 1.000000000000000000 0.000000000000000000 0.000000000000000000 -0.000000000000000000 0 0.000000000000000000
neuron 3 1.000000000000000000 0.000000000000000000 0.000000000000000000 -0.000000000000000000 0 0.000000000000000000
neuron 3 1.000000000000000000 0.000000000000000000 0.000000000000000000 -0.000000000000000000 0 0.000000000000000000
neuron 3 1.000000000000000000 0.000000000000000000 0.000000000000000000 -0.000000000000000000 0 0.000000000000000000
neuron 3 1.000000000000000000 0.000000000000000000 0.000000000000000000 -0.000000000000000000 0 0.000000000000000000
neuron 3 1.000000000000000000 0.000000000000000000 0.000000000000000000 -0.000000000000000000 0 0.000000000000000000
neuron 3 1.000000000000000000 0.000000000000000000 0.000000000000000000 -0.000000000000000000 0 0.000000000000000000
neuron 3 1.000000000000000000 0.000000000000000000 0.000000000000000000 -0.000000000000000000 0 0.000000000000000000
neuron 3 1.000000000000000000 0.000000000000000000 0.000000000000000000 -0.000000000000000000 0 0.000000000000000000
neuron 3 1.000000000000000000 0.000000000000000000 0.000000000000000000 -0.000000000000000000 0 0.000000000000000000
neuron 3 1.000000000000000000 0.000000000000000000 0.000000000000000000 -0.000000000000000000 0 0.000000000000000000
neuron 3 1.000000000000000000 0.000000000000000000 0.000000000000000000 -0.000000000000000000 0 0.000000000000000000
neuron 3 1.000000000000000000 0.000000000000000000 0.000000000000000000 -0.000000000000000000 0 0.000000000000000000
neuron 3 1.000000000000000000 0.000000000000000000 0.000000000000000000 -0.000000000000000000 0 0.000000000000000000
neuron 3 1.000000000000000000 0.000000000000000000 0.000000000000000000 -0.000000000000000000 0 0.000000000000000000
neuron 3 1.000000000000000000 0.000000000000000000 0.000000000000000000 -0.000000000000000000 0 0.000000000000000000
neuron 3 1.000000000000000000 0.000000000000000000 0.000000000000000000 -0.000000000000000000 0 0.000000000000000000
neuron 3 1.000000000000000000 0.000000000000000000 0.000000000000000000 -0.000000000000000000 0 0.000000000000000000
neuron 3 1.000000000000000000 0.000000000000000000 0.000000000000000000 -0.000000000000000000 0 0.000000000000000000
neuron 3 1.000000000000000000 0.000000000000000000 0.000000000000000000 -0.000000000000000000 0 0.000000000000000000
neuron 3 1.000000000000000000 0.000000000000000000 0.000000000000000000 -0.000000000000000000 0 0.000000000000000000
neuron 3 1.000000000000000000 0.000000000000000000 0.000000000000000000 -0.000000000000000000 0 0.000000000000000000
neuron 3 1.000000000000000000 0.000000000000000000 0.000000000000000000 -0.000000000000000000 0 0.000000000000000000
neuron 3 1.000000000000000000 0.000000000000000000 0.000000000000000000 -0.000000000000000000 0 0.000000000000000000
neuron 3 1.000000000000000000 0.000000000000000000 0.000000000000000000 -0.000000000000000000 0 0.000000000000000000
neuron 3 1.000000000000000000 0.000000000000000000 0.000000000000000000 -0.000000000000000000 0 0.000000000000000000
neuron 3 1.000000000000000000 0.000000000000000000 0.000000000000000000 -0.000000000000000000 0 0.000000000000000000
neuron 3 1.000000000000000000 0.000000000000000000 0.000000000000000000 -0.000000000000000000 0 0.000000000000000000
connection 0 22 7.873240525604872531 0 0.000000000000000000 -0.000000000000000000
connection 0 23 6.207704819966513909 0 0.000000000000000000 -0.000000000000000000
connection 0 24 6.299342607450498122 0 0.000000000000000000 -0.000000000000000000
connection 0 25 7.915164709332952242 0 0.000000000000000000 -0.000000000000000000
connection 1 22 7.846439518402778646 0 0.000000000000000000 -0.000000000000000000
connection 1 26 6.686267614918321556 0 0.000000000000000000 -0.000000000000000000
connection 1 27 3.331303332256133398 0 0.000000000000000000 -0.000000000000000000
connection 1 28 3.335770455358780140 0 0.000000000000000000 -0.000000000000000000
connection 1 29 6.756281134206586714 0 0.000000000000000000 -0.000000000000000000
connection 1 30 6.760984034609679227 0 0.000000000000000000 -0.000000000000000000
connection 1 31 3.250798153630175324 0 0.000000000000000000 -0.000000000000000000
connection 1 32 3.159162478784812045 0 0.000000000000000000 -0.000000000000000000
connection 1 33 6.732583681593556690 0 0.000000000000000000 -0.000000000000000000
connection 1 25 7.876137862895253861 0 0.000000000000000000 -0.000000000000000000
connection 2 22 7.793970889005645830 0 0.000000000000000000 -0.000000000000000000
connection 2 26 6.137351382463491767 0 0.000000000000000000 -0.000000000000000000
connection 2 34 3.185673250922055111 0 0.000000000000000000 -0.000000000000000000
connection 2 35 3.172523356012072249 0 0.000000000000000000 -0.000000000000000000
connection 2 36 3.136085267277136435 0 0.000000000000000000 -0.000000000000000000
connection 2 37 3.087141896291446752 0 0.000000000000000000 -0.000000000000000000
connection 2 29 6.144760674641189802 0 0.000000000000000000 -0.000000000000000000
connection 2 30 6.104300881731976602 0 0.000000000000000000 -0.000000000000000000
connection 2 38 3.036101439188866102 0 0.000000000000000000 -0.000000000000000000
connection 2 39 2.992881660018579026 0 0.000000000000000000 -0.000000000000000000
connection 2 40 2.966699867003243618 0 0.000000000000000000 -0.000000000000000000
connection 2 41 2.965809415653804404 0 0.000000000000000000 -0.000000000000000000
connection 2 33 6.057034681364831030 0 0.000000000000000000 -0.000000000000000000
connection 2 25 7.808894527435588984 0 0.000000000000000000 -0.000000000000000000
connection 3 22 7.700638442514996740 0 0.000000000000000000 -0.000000000000000000
connection 3 26 5.278557697100985102 0 0.000000000000000000 -0.000000000000000000
connection 3 34 1.510146488201395742 0 0.000000000000000000 -0.000000000000000000
connection 3 42 -1.684685777932841910 0 0.000000000000000000 -0.000000000000000000
connection 3 43 -1.741555810926532333 0 0.000000000000000000 -0.000000000000000000
connection 3 35 1.454612486178006314 0 0.000000000000000000 -0.000000000000000000
connection 3 36 1.396644434337915186 0 0.000000000000000000 -0.000000000000000000
connection 3 44 -1.788785411926102631 0 0.000000000000000000 -0.000000000000000000
connection 3 45 -1.816499485766280619 0 0.000000000000000000 -0.000000000000000000
connection 3 37 1.347480031356671937 0 0.000000000000000000 -0.000000000000000000
connection 3 29 5.223266548357714534 0 0.000000000000000000 -0.000000000000000000
connection 3 30 5.158277584890128331 0 0.000000000000000000 -0.000000000000000000
connection 3 38 1.317463697155316638 0 0.000000000000000000 -0.000000000000000000
connection 3 46 -1.815939997841262921 0 0.000000000000000000 -0.000000000000000000
connection 3 47 -1.779423943488119386 0 0.000000000000000000 -0.000000000000000000
connection 3 39 1.315835130338089298 0 0.000000000000000000 -0.000000000000000000
connection 3 40 1.350536890478787333 0 0.000000000000000000 -0.000000000000000000
connection 3 48 -1.700257844413379349 0 0.000000000000000000 -0.000000000000000000
connection 3 49 -1.572655014480988989 0 0.000000000000000000 -0.000000000000000000
connection 3 41 1.428045818395954569 0 0.000000000000000000 -0.000000000000000000
connection 3 33 5.135826640238918550 0 0.000000000000000000 -0.000000000000000000
connection 3 25 7.696732954395268500 0 0.000000000000000000 -0.000000000000000000
connection 4 22 7.541254299085629498 0 0.000000000000000000 -0.000000000000000000
connection 4 26 4.047512120807029490 0 0.000000000000000000 -0.000000000000000000
connection 4 34 -0.373448955922692394 0 0.000000000000000000 -0.000000000000000000
connection 4 42 -3.379011297320495100 0 0.000000000000000000 -0.000000000000000000
connection 4 43 -3.403356938883135285 0 0.000000000000000000 -0.000000000000000000
connection 4 35 -0.424255313141835455 0 0.000000000000000000 -0.000000000000000000
connection 4 36 -0.455503418711408037 0 0.000000000000000000 -0.000000000000000000
connection 4 44 -3.403405325133877390 0 0.000000000000000000 -0.000000000000000000
connection 4 45 -3.372494003672430019 0 0.000000000000000000 -0.000000000000000000
connection 4 37 -0.457808333544831414 0 0.000000000000000000 -0.000000000000000000
connection 4 29 3.963177287362566137 0 0.000000000000000000 -0.000000000000000000
connection 4 30 3.933387245256024123 0 0.000000000000000000 -0.000000000000000000
connection 4 38 -0.423003585563484219 0 0.000000000000000000 -0.000000000000000000
connection 4 46 -3.304619535952037612 0 0.000000000000000000 -0.000000000000000000
connection 4 47 -3.194251338595341050 0 0.000000000000000000 -0.000000000000000000
connection 4 39 -0.344167121233824924 0 0.000000000000000000 -0.000000000000000000
connection 4 40 -0.215643797583758817 0 0.000000000000000000 -0.000000000000000000
connection 4 48 -3.036189440272063944 0 0.000000000000000000 -0.000000000000000000
connection 4 49 -2.825509550114094104 0 0.000000000000000000 -0.000000000000000000
connection 4 33 4.012597529351785042 0 0.000000000000000000 -0.000000000000000000
connection 4 25 7.517897315836072458 0 0.000000000000000000 -0.000000000000000000
connection 5 22 7.279419405068971116 0 0.000000000000000000 -0.000000000000000000
connection 5 50 3.855147221968467264 0 0.000000000000000000 -0.000000000000000000
connection 5 51 0.965631352679546695 0 0.000000000000000000 -0.000000000000000000
connection 5 52 0.932682655509232572 0 0.000000000000000000 -0.000000000000000000
connection 5 53 3.814305339670978512 0 0.000000000000000000 -0.000000000000000000
connection 5 27 -3.564008078398226864 0 0.000000000000000000 -0.000000000000000000
connection 5 28 -3.471083281781866425 0 0.000000000000000000 -0.000000000000000000
connection 5 54 3.787216362891706378 0 0.000000000000000000 -0.000000000000000000
connection 5 55 0.927598366018725251 0 0.000000000000000000 -0.000000000000000000
connection 5 56 0.958576004440557461 0 0.000000000000000000 -0.000000000000000000
connection 5 57 3.781532373414588921 0 0.000000000000000000 -0.000000000000000000
connection 5 30 2.533318466607005437 0 0.000000000000000000 -0.000000000000000000
connection 5 31 -3.212899330675587528 0 0.000000000000000000 -0.000000000000000000
connection 5 32 -2.748709960463367352 0 0.000000000000000000 -0.000000000000000000
connection 5 33 2.798585702254780649 0 0.000000000000000000 -0.000000000000000000
connection 5 25 7.250186695486211974 0 0.000000000000000000 -0.000000000000000000
connection 6 22 6.872069424593783893 0 0.000000000000000000 -0.000000000000000000
connection 6 50 2.266365216962571871 0 0.000000000000000000 -0.000000000000000000
connection 6 51 -0.851109847482915627 0 0.000000000000000000 -0.000000000000000000
connection 6 52 -0.820798772200108218 0 0.000000000000000000 -0.000000000000000000
connection 6 53 2.259066085925222289 0 0.000000000000000000 -0.000000000000000000
connection 6 27 -4.774384102990777201 0 0.000000000000000000 -0.000000000000000000
connection 6 28 -4.569657029350418398 0 0.000000000000000000 -0.000000000000000000
connection 6 54 2.284780111282282089 0 0.000000000000000000 -0.000000000000000000
connection 6 55 -0.747419336283561275 0 0.000000000000000000 -0.000000000000000000
connection 6 56 -0.625094478850769519 0 0.000000000000000000 -0.000000000000000000
connection 6 57 2.349809959878670806 0 0.000000000000000000 -0.000000000000000000
connection 6 58 2.458776264721850513 0 0.000000000000000000 -0.000000000000000000
connection 6 59 -0.449142145548087290 0 0.000000000000000000 -0.000000000000000000
connection 6 60 -0.216176669586350872 0 0.000000000000000000 -0.000000000000000000
connection 6 61 2.614427244447398824 0 0.000000000000000000 -0.000000000000000000
connection 6 31 -4.193976764559983472 0 0.000000000000000000 -0.000000000000000000
connection 6 32 -3.605025833723406681 0 0.000000000000000000 -0.000000000000000000
connection 6 33 1.630380509571687675 0 0.000000000000000000 -0.000000000000000000
connection 6 25 6.880551963147940597 0 0.000000000000000000 -0.000000000000000000
connection 7 22 6.284606311687652713 0 0.000000000000000000 -0.000000000000000000
connection 7 50 0.562371064940255350 0 0.000000000000000000 -0.000000000000000000
connection 7 51 -2.455582533971820247 0 0.000000000000000000 -0.000000000000000000
connection 7 52 -2.344337408341994777 0 0.000000000000000000 -0.000000000000000000
connection 7 53 0.632085960750801701 0 0.000000000000000000 -0.000000000000000000
connection 7 28 -5.339902811637906588 0 0.000000000000000000 -0.000000000000000000
connection 7 54 0.750007213430680886 0 0.000000000000000000 -0.000000000000000000
connection 7 55 -2.182710595878871285 0 0.000000000000000000 -0.000000000000000000
connection 7 56 -1.966064462845777960 0 0.000000000000000000 -0.000000000000000000
connection 7 57 0.920132108283022054 0 0.000000000000000000 -0.000000000000000000
connection 7 58 1.144727767706268606 0 0.000000000000000000 -0.000000000000000000
connection 7 59 -1.690495438024787411 0 0.000000000000000000 -0.000000000000000000
connection 7 60 -1.353103613936751826 0 0.000000000000000000 -0.000000000000000000
connection 7 61 1.424133768117049836 0 0.000000000000000000 -0.000000000000000000
connection 7 31 -4.884361449191618298 0 0.000000000000000000 -0.000000000000000000
connection 7 32 -4.207410684241562393 0 0.000000000000000000 -0.000000000000000000
connection 7 33 0.615736908773145908 0 0.000000000000000000 -0.000000000000000000
connection 7 25 6.416325731705368796 0 0.000000000000000000 -0.000000000000000000
connection 8 62 6.749124187013715748 0 0.000000000000000000 -0.000000000000000000
connection 8 63 3.377160154086522592 0 0.000000000000000000 -0.000000000000000000
connection 8 64 3.602359225910082952 0 0.000000000000000000 -0.000000000000000000
connection 8 65 6.770867250829535777 0 0.000000000000000000 -0.000000000000000000
connection 8 26 -2.373793884781948638 0 0.000000000000000000 -0.000000000000000000
connection 8 29 -1.893843450266200268 0 0.000000000000000000 -0.000000000000000000
connection 8 30 -1.168861414256962661 0 0.000000000000000000 -0.000000000000000000
connection 8 31 -5.352588846464350070 0 0.000000000000000000 -0.000000000000000000
connection 8 32 -4.612277792692608180 0 0.000000000000000000 -0.000000000000000000
connection 8 25 5.890235437512315819 0 0.000000000000000000 -0.000000000000000000
connection 9 62 6.158090296594203039 0 0.000000000000000000 -0.000000000000000000
connection 9 63 2.044621819219433423 0 0.000000000000000000 -0.000000000000000000
connection 9 64 2.503204710606251826 0 0.000000000000000000 -0.000000000000000000
connection 9 65 6.262240230177650524 0 0.000000000000000000 -0.000000000000000000
connection 9 26 -3.475171763201976294 0 0.000000000000000000 -0.000000000000000000
connection 9 29 -2.841996124125915735 0 0.000000000000000000 -0.000000000000000000
connection 9 30 -1.948572108578539686 0 0.000000000000000000 -0.000000000000000000
connection 9 32 -4.869060061667329187 0 0.000000000000000000 -0.000000000000000000
connection 9 33 -0.787138903058167583 0 0.000000000000000000 -0.000000000000000000
connection 9 66 6.440825890873765225 0 0.000000000000000000 -0.000000000000000000
connection 9 67 3.146002307488922067 0 0.000000000000000000 -0.000000000000000000
connection 9 68 3.923373039586989464 0 0.000000000000000000 -0.000000000000000000
connection 10 62 5.438782554925218449 0 0.000000000000000000 -0.000000000000000000
connection 10 70 2.054036643537066720 0 0.000000000000000000 -0.000000000000000000
connection 10 71 -0.777526515646053795 0 0.000000000000000000 -0.000000000000000000
connection 10 72 -0.440791285734133564 0 0.000000000000000000 -0.000000000000000000
connection 10 73 2.309065357651213457 0 0.000000000000000000 -0.000000000000000000
connection 10 64 1.512637984280866377 0 0.000000000000000000 -0.000000000000000000
connection 10 65 5.687182865173073587 0 0.000000000000000000 -0.000000000000000000
connection 10 26 -4.271941417564681487 0 0.000000000000000000 -0.000000000000000000
connection 10 29 -3.525683288955268058 0 0.000000000000000000 -0.000000000000000000
connection 10 30 -2.501354233962609808 0 0.000000000000000000 -0.000000000000000000
connection 10 32 -5.015732005278952244 0 0.000000000000000000 -0.000000000000000000
connection 10 33 -1.190155108878669932 0 0.000000000000000000 -0.000000000000000000
connection 10 66 6.019710358408747908 0 0.000000000000000000 -0.000000000000000000
connection 10 67 2.418683553970183198 0 0.000000000000000000 -0.000000000000000000
connection 10 68 3.440503570889239526 0 0.000000000000000000 -0.000000000000000000
connection 11 62 4.653686699505552582 0 0.000000000000000000 -0.000000000000000000
connection 11 63 -0.262875039968151869 0 0.000000000000000000 -0.000000000000000000
connection 11 64 0.698720510192348154 0 0.000000000000000000 -0.000000000000000000
connection 11 65 5.102016344061334863 0 0.000000000000000000 -0.000000000000000000
connection 11 30 -2.866037905407427644 0 0.000000000000000000 -0.000000000000000000
connection 11 32 -5.079970893498319207 0 0.000000000000000000 -0.000000000000000000
connection 11 33 -1.431964379638716922 0 0.000000000000000000 -0.000000000000000000
connection 11 66 5.622769921851169528 0 0.000000000000000000 -0.000000000000000000
connection 11 67 1.847670955794590286 0 0.000000000000000000 -0.000000000000000000
connection 11 68 3.088081997163135028 0 0.000000000000000000 -0.000000000000000000
connection 12 62 3.883923499674089008 0 0.000000000000000000 -0.000000000000000000
connection 12 63 -1.088873619038531748 0 0.000000000000000000 -0.000000000000000000
connection 12 65 4.564727030579652123 0 0.000000000000000000 -0.000000000000000000
connection 12 30 -3.081401788873106895 0 0.000000000000000000 -0.000000000000000000
connection 12 32 -5.081692060787537990 0 0.000000000000000000 -0.000000000000000000
connection 12 33 -1.543803049767275226 0 0.000000000000000000 -0.000000000000000000
connection 12 66 5.285569009941056606 0 0.000000000000000000 -0.000000000000000000
connection 12 67 1.441045885315406005 0 0.000000000000000000 -0.000000000000000000
connection 12 68 2.864150746686791926 0 0.000000000000000000 -0.000000000000000000
connection 13 62 3.201661674496985910 0 0.000000000000000000 -0.000000000000000000
connection 13 63 -1.688894759486642139 0 0.000000000000000000 -0.000000000000000000
connection 13 64 -0.342715391794777391 0 0.000000000000000000 -0.000000000000000000
connection 13 65 4.118738657000193371 0 0.000000000000000000 -0.000000000000000000
connection 13 30 -3.180475011687322162 0 0.000000000000000000 -0.000000000000000000
connection 13 32 -5.035346752986784580 0 0.000000000000000000 -0.000000000000000000
connection 13 33 -1.553452333569907751 0 0.000000000000000000 -0.000000000000000000
connection 13 66 5.029485910504662982 0 0.000000000000000000 -0.000000000000000000
connection 13 67 1.186750646648788932 0 0.000000000000000000 -0.000000000000000000
connection 13 68 2.754462763732688391 0 0.000000000000000000 -0.000000000000000000
connection 22 63 4.818000775542354397 0 0.000000000000000000 -0.000000000000000000
connection 22 50 3.584113018401803519 0 0.000000000000000000 -0.000000000000000000
connection 22 51 1.383676532289259242 0 0.000000000000000000 -0.000000000000000000
connection 22 52 -1.361315569891927924 0 0.000000000000000000 -0.000000000000000000
connection 22 53 0.918991630072802157 0 0.000000000000000000 -0.000000000000000000
connection 22 34 -1.325975785023971953 0 0.000000000000000000 -0.000000000000000000
connection 22 35 -3.634783963277336660 0 0.000000000000000000 -0.000000000000000000
connection 22 29 -4.203071996850644254 0 0.000000000000000000 -0.000000000000000000
connection 22 67 -5.745156624217264252 0 0.000000000000000000 -0.000000000000000000
connection 22 68 -7.495219736832536839 0 0.000000000000000000 -0.000000000000000000
connection 23 34 -0.252192375795232127 0 0.000000000000000000 -0.000000000000000000
connection 23 35 -1.223910284680403970 0 0.000000000000000000 -0.000000000000000000
connection 23 55 2.565112554909194653 0 0.000000000000000000 -0.000000000000000000
connection 23 56 1.383538175416834992 0 0.000000000000000000 -0.000000000000000000
connection 23 60 -1.460188370348041387 0 0.000000000000000000 -0.000000000000000000
connection 23 61 2.573357137903613090 0 0.000000000000000000 -0.000000000000000000
connection 23 85 0.814245709666241546 0 0.000000000000000000 -0.000000000000000000
connection 23 86 -2.964007776712310083 0 0.000000000000000000 -0.000000000000000000
connection 23 87 -4.360486976450595797 0 0.000000000000000000 -0.000000000000000000
connection 23 88 -1.175555963012796301 0 0.000000000000000000 -0.000000000000000000
connection 32 45 -0.514728017206795507 0 0.000000000000000000 -0.000000000000000000
connection 32 37 2.092513125084575876 0 0.000000000000000000 -0.000000000000000000
connection 32 58 3.384422709704598464 0 0.000000000000000000 -0.000000000000000000
connection 32 59 1.541757964894850064 0 0.000000000000000000 -0.000000000000000000
connection 32 60 -1.479469212084896235 0 0.000000000000000000 -0.000000000000000000
connection 32 61 0.455932605561507609 0 0.000000000000000000 -0.000000000000000000
connection 32 38 -0.675326501652542932 0 0.000000000000000000 -0.000000000000000000
connection 32 46 -2.998439509674153403 0 0.000000000000000000 -0.000000000000000000
connection 32 47 -5.029549404114948885 0 0.000000000000000000 -0.000000000000000000
connection 32 39 -3.377592217389257634 0 0.000000000000000000 -0.000000000000000000
connection 32 32 -6.538817410446749356 0 0.000000000000000000 -0.000000000000000000
connection 32 33 -4.621667882832045215 0 0.000000000000000000 -0.000000000000000000
connection 32 67 4.321288896598426632 0 0.000000000000000000 -0.000000000000000000
connection 24 27 4.354589827583124517 0 0.000000000000000000 -0.000000000000000000
connection 24 36 2.475134769046073657 0 0.000000000000000000 -0.000000000000000000
connection 24 44 -0.252041109902274019 0 0.000000000000000000 -0.000000000000000000
connection 24 45 -2.676711280836039819 0 0.000000000000000000 -0.000000000000000000
connection 24 29 4.281844406381048351 0 0.000000000000000000 -0.000000000000000000
connection 24 58 1.212054975495810094 0 0.000000000000000000 -0.000000000000000000
connection 24 59 -0.802285950009069215 0 0.000000000000000000 -0.000000000000000000
connection 24 60 -3.601599359280628576 0 0.000000000000000000 -0.000000000000000000
connection 24 61 -1.907214967764842450 0 0.000000000000000000 -0.000000000000000000
connection 24 31 -4.848556054827423800 0 0.000000000000000000 -0.000000000000000000
connection 24 32 -7.157860738164797176 0 0.000000000000000000 -0.000000000000000000
connection 24 33 -5.953907423876672489 0 0.000000000000000000 -0.000000000000000000
connection 24 66 5.110165901823338963 0 0.000000000000000000 -0.000000000000000000
connection 24 97 4.399217427611161746 0 0.000000000000000000 -0.000000000000000000
connection 24 98 2.971283686727967499 0 0.000000000000000000 -0.000000000000000000
connection 24 99 1.679203442003854851 0 0.000000000000000000 -0.000000000000000000
connection 64 65 4.621524779847187681 0 0.000000000000000000 -0.000000000000000000
connection 64 51 3.449773374670176640 0 0.000000000000000000 -0.000000000000000000
connection 64 52 0.940920731437542401 0 0.000000000000000000 -0.000000000000000000
connection 64 53 3.105390156488398556 0 0.000000000000000000 -0.000000000000000000
connection 64 34 0.907220063458645254 0 0.000000000000000000 -0.000000000000000000
connection 64 35 -1.619160731113733709 0 0.000000000000000000 -0.000000000000000000
connection 64 28 -5.617950307797272558 0 0.000000000000000000 -0.000000000000000000
connection 64 54 0.270264311202104701 0 0.000000000000000000 -0.000000000000000000
connection 64 55 -1.879836604726289329 0 0.000000000000000000 -0.000000000000000000
connection 64 56 -4.351633406277876759 0 0.000000000000000000 -0.000000000000000000
connection 64 57 -2.704645246860708063 0 0.000000000000000000 -0.000000000000000000
connection 64 67 -4.308245985583781135 0 0.000000000000000000 -0.000000000000000000
connection 64 68 -7.101692534064071083 0 0.000000000000000000 -0.000000000000000000
connection 25 63 -4.865946307489354972 0 0.000000000000000000 -0.000000000000000000
connection 25 64 -7.108373209021657146 0 0.000000000000000000 -0.000000000000000000
connection 25 65 -5.087299560893740136 0 0.000000000000000000 -0.000000000000000000
connection 47 37 3.689628877880310132 0 0.000000000000000000 -0.000000000000000000
connection 47 30 4.993009822204093950 0 0.000000000000000000 -0.000000000000000000
connection 47 38 1.989164169623601985 0 0.000000000000000000 -0.000000000000000000
connection 47 46 -1.710633520478506364 0 0.000000000000000000 -0.000000000000000000
connection 47 47 -3.393833648274442449 0 0.000000000000000000 -0.000000000000000000
connection 47 32 -4.497599739566666699 0 0.000000000000000000 -0.000000000000000000
connection 47 85 3.160591270555404009 0 0.000000000000000000 -0.000000000000000000
connection 47 86 0.651870791124649962 0 0.000000000000000000 -0.000000000000000000
connection 47 87 -1.923406493963308428 0 0.000000000000000000 -0.000000000000000000
connection 47 88 0.540988123455567460 0 0.000000000000000000 -0.000000000000000000
connection 26 51 2.840493487990502164 0 0.000000000000000000 -0.000000000000000000
connection 26 52 1.841394097672200969 0 0.000000000000000000 -0.000000000000000000
connection 26 55 0.690660871173719437 0 0.000000000000000000 -0.000000000000000000
connection 26 58 2.249218898737341821 0 0.000000000000000000 -0.000000000000000000
connection 26 59 -1.953758645119025195 0 0.000000000000000000 -0.000000000000000000
connection 26 60 -3.311686292771203188 0 0.000000000000000000 -0.000000000000000000
connection 26 61 0.573839483505201420 0 0.000000000000000000 -0.000000000000000000
connection 26 85 -1.297585219090344300 0 0.000000000000000000 -0.000000000000000000
connection 26 86 -4.566258608482915982 0 0.000000000000000000 -0.000000000000000000
connection 26 88 -3.161824657359541657 0 0.000000000000000000 -0.000000000000000000
connection 27 51 -0.942514005086557249 0 0.000000000000000000 -0.000000000000000000
connection 27 57 1.586600250506515319 0 0.000000000000000000 -0.000000000000000000
connection 27 58 0.638928582531992029 0 0.000000000000000000 -0.000000000000000000
connection 27 61 -0.383089528944911883 0 0.000000000000000000 -0.000000000000000000
connection 27 85 -1.462727789336656592 0 0.000000000000000000 -0.000000000000000000
connection 28 34 1.631603041542098786 0 0.000000000000000000 -0.000000000000000000
connection 28 35 0.683001644015529874 0 0.000000000000000000 -0.000000000000000000
connection 28 36 -0.342177346066994847 0 0.000000000000000000 -0.000000000000000000
connection 28 37 -1.427149053487858588 0 0.000000000000000000 -0.000000000000000000
connection 28 60 0.562015979274121613 0 0.000000000000000000 -0.000000000000000000
connection 28 85 2.810861953449312889 0 0.000000000000000000 -0.000000000000000000
connection 28 86 -1.035775565264608344 0 0.000000000000000000 -0.000000000000000000
connection 28 87 -2.680324169025126491 0 0.000000000000000000 -0.000000000000000000
connection 28 88 0.963467958484232390 0 0.000000000000000000 -0.000000000000000000
connection 61 65 5.010889253744237770 0 0.000000000000000000 -0.000000000000000000
connection 61 26 4.319710730502445806 0 0.000000000000000000 -0.000000000000000000
connection 61 34 2.859021049374590895 0 0.000000000000000000 -0.000000000000000000
connection 61 42 0.439047023497510291 0 0.000000000000000000 -0.000000000000000000
connection 61 43 -2.210916502403106332 0 0.000000000000000000 -0.000000000000000000
connection 61 28 -4.737956665815410418 0 0.000000000000000000 -0.000000000000000000
connection 61 54 1.072554075956034803 0 0.000000000000000000 -0.000000000000000000
connection 61 55 -0.826802970433065942 0 0.000000000000000000 -0.000000000000000000
connection 61 56 -3.688049285320231796 0 0.000000000000000000 -0.000000000000000000
connection 61 57 -2.089014671243350385 0 0.000000000000000000 -0.000000000000000000
connection 61 97 -1.701478896768717108 0 0.000000000000000000 -0.000000000000000000
connection 61 98 -3.350292402273685521 0 0.000000000000000000 -0.000000000000000000
connection 61 105 -5.524074489795687271 0 0.000000000000000000 -0.000000000000000000
connection 61 99 -4.369201288432187802 0 0.000000000000000000 -0.000000000000000000
connection 61 68 -6.941230019134542850 0 0.000000000000000000 -0.000000000000000000
connection 67 62 4.955399999157647173 0 0.000000000000000000 -0.000000000000000000
connection 67 70 4.076591135988933523 0 0.000000000000000000 -0.000000000000000000
connection 67 71 2.580765038763455532 0 0.000000000000000000 -0.000000000000000000
connection 67 72 -0.556589119533433596 0 0.000000000000000000 -0.000000000000000000
connection 67 73 1.287457422211649272 0 0.000000000000000000 -0.000000000000000000
connection 67 64 -4.010175258245791241 0 0.000000000000000000 -0.000000000000000000
connection 67 50 0.868864457393391243 0 0.000000000000000000 -0.000000000000000000
connection 67 51 -0.958451897660600793 0 0.000000000000000000 -0.000000000000000000
connection 67 52 -3.834421993371099457 0 0.000000000000000000 -0.000000000000000000
connection 67 53 -2.301050930604672473 0 0.000000000000000000 -0.000000000000000000
connection 67 27 -4.729021240205170784 0 0.000000000000000000 -0.000000000000000000
connection 67 28 -7.196689239421291795 0 0.000000000000000000 -0.000000000000000000
connection 67 29 -6.146929055170973655 0 0.000000000000000000 -0.000000000000000000
connection 67 25 -7.118071808809428802 0 0.000000000000000000 -0.000000000000000000
connection 29 43 -1.935230969680719726 0 0.000000000000000000 -0.000000000000000000
connection 29 35 2.257637313924311329 0 0.000000000000000000 -0.000000000000000000
connection 29 36 0.575401741065015848 0 0.000000000000000000 -0.000000000000000000
connection 29 44 -3.301131824149472482 0 0.000000000000000000 -0.000000000000000000
connection 29 45 -4.562667088583204134 0 0.000000000000000000 -0.000000000000000000
connection 29 37 -1.303667461024246021 0 0.000000000000000000 -0.000000000000000000
connection 29 29 4.432411429326355901 0 0.000000000000000000 -0.000000000000000000
connection 29 58 2.810026002040342696 0 0.000000000000000000 -0.000000000000000000
connection 29 60 -2.388031624693858657 0 0.000000000000000000 -0.000000000000000000
connection 29 61 0.313918357050194941 0 0.000000000000000000 -0.000000000000000000
connection 29 31 -5.175502246721907618 0 0.000000000000000000 -0.000000000000000000
connection 29 33 -4.482047103738522331 0 0.000000000000000000 -0.000000000000000000
connection 30 42 2.146537819860632190 0 0.000000000000000000 -0.000000000000000000
connection 30 35 2.777248784799354997 0 0.000000000000000000 -0.000000000000000000
connection 30 36 0.269759808256547440 0 0.000000000000000000 -0.000000000000000000
connection 30 44 -2.418757754729388143 0 0.000000000000000000 -0.000000000000000000
connection 30 45 -4.477408406114793848 0 0.000000000000000000 -0.000000000000000000
connection 30 37 -2.407233540954624385 0 0.000000000000000000 -0.000000000000000000
connection 30 54 4.439894190734232637 0 0.000000000000000000 -0.000000000000000000
connection 30 55 2.652456903455254533 0 0.000000000000000000 -0.000000000000000000
connection 30 57 1.913871929028853502 0 0.000000000000000000 -0.000000000000000000
connection 30 58 -1.162832262158187246 0 0.000000000000000000 -0.000000000000000000
connection 30 59 -3.018391061277553966 0 0.000000000000000000 -0.000000000000000000
connection 30 60 -5.236388985431757348 0 0.000000000000000000 -0.000000000000000000
connection 30 61 -3.964833756007763110 0 0.000000000000000000 -0.000000000000000000
connection 30 31 -6.074216554818097968 0 0.000000000000000000 -0.000000000000000000
connection 30 33 -6.810688396069778605 0 0.000000000000000000 -0.000000000000000000
connection 30 97 2.451276558513896031 0 0.000000000000000000 -0.000000000000000000
connection 30 98 0.711693659181084071 0 0.000000000000000000 -0.000000000000000000
connection 30 105 -2.433366627159128992 0 0.000000000000000000 -0.000000000000000000
connection 30 99 -0.707057637423528673 0 0.000000000000000000 -0.000000000000000000
connection 30 68 -5.350078613879435174 0 0.000000000000000000 -0.000000000000000000
connection 31 44 0.577806403450441874 0 0.000000000000000000 -0.000000000000000000
connection 31 45 -1.027272094171528982 0 0.000000000000000000 -0.000000000000000000
connection 31 37 2.808436017892553149 0 0.000000000000000000 -0.000000000000000000
connection 31 30 4.249657725848344114 0 0.000000000000000000 -0.000000000000000000
connection 31 38 0.952961320340971585 0 0.000000000000000000 -0.000000000000000000
connection 31 46 -2.679389324613542733 0 0.000000000000000000 -0.000000000000000000
connection 31 47 -4.216628241209980921 0 0.000000000000000000 -0.000000000000000000
connection 31 39 -1.161330178055998807 0 0.000000000000000000 -0.000000000000000000
connection 31 85 2.136987180572524903 0 0.000000000000000000 -0.000000000000000000
connection 31 86 -0.477067076329814377 0 0.000000000000000000 -0.000000000000000000
connection 31 87 -2.959973743127366497 0 0.000000000000000000 -0.000000000000000000
connection 31 88 -0.621913966140971275 0 0.000000000000000000 -0.000000000000000000
connection 40 27 5.075144512834520505 0 0.000000000000000000 -0.000000000000000000
connection 40 36 3.457921349379641907 0 0.000000000000000000 -0.000000000000000000
connection 40 44 0.864218458439639070 0 0.000000000000000000 -0.000000000000000000
connection 40 45 -1.625885651620754713 0 0.000000000000000000 -0.000000000000000000
connection 40 37 0.982861002216996460 0 0.000000000000000000 -0.000000000000000000
connection 40 58 2.345783182744255235 0 0.000000000000000000 -0.000000000000000000
connection 40 59 0.378371517241805566 0 0.000000000000000000 -0.000000000000000000
connection 40 60 -2.590978999324607290 0 0.000000000000000000 -0.000000000000000000
connection 40 61 -0.741704357515626578 0 0.000000000000000000 -0.000000000000000000
connection 40 31 -4.046103679765951533 0 0.000000000000000000 -0.000000000000000000
connection 40 32 -6.887416716556572283 0 0.000000000000000000 -0.000000000000000000
connection 40 33 -5.354257607678076347 0 0.000000000000000000 -0.000000000000000000
connection 40 97 5.171021754180089580 0 0.000000000000000000 -0.000000000000000000
connection 40 98 3.946411867298421861 0 0.000000000000000000 -0.000000000000000000
connection 40 105 1.097903965033616869 0 0.000000000000000000 -0.000000000000000000
connection 40 99 2.789297845585017921 0 0.000000000000000000 -0.000000000000000000
connection 33 65 4.020005532413493121 0 0.000000000000000000 -0.000000000000000000
connection 33 50 4.895076360063741916 0 0.000000000000000000 -0.000000000000000000
connection 33 51 3.570573361455516626 0 0.000000000000000000 -0.000000000000000000
connection 33 52 0.640510751727136340 0 0.000000000000000000 -0.000000000000000000
connection 33 53 2.384904962821243313 0 0.000000000000000000 -0.000000000000000000
connection 33 34 1.852213068864769108 0 0.000000000000000000 -0.000000000000000000
connection 33 42 -0.221530069728972406 0 0.000000000000000000 -0.000000000000000000
connection 33 43 -3.072592829407506887 0 0.000000000000000000 -0.000000000000000000
connection 33 35 -1.229790982433484281 0 0.000000000000000000 -0.000000000000000000
connection 33 28 -5.606895495083668024 0 0.000000000000000000 -0.000000000000000000
connection 33 54 -0.779403460974140261 0 0.000000000000000000 -0.000000000000000000
connection 33 55 -2.499246571120611993 0 0.000000000000000000 -0.000000000000000000
connection 33 56 -4.976090945941343158 0 0.000000000000000000 -0.000000000000000000
connection 33 57 -3.708493221758226266 0 0.000000000000000000 -0.000000000000000000
connection 33 67 -4.998124876960019058 0 0.000000000000000000 -0.000000000000000000
connection 33 68 -7.220108888093554889 0 0.000000000000000000 -0.000000000000000000
connection 34 51 -1.862131690571979803 0 0.000000000000000000 -0.000000000000000000
connection 34 57 0.653402815159320749 0 0.000000000000000000 -0.000000000000000000
connection 34 58 -0.317980780810802000 0 0.000000000000000000 -0.000000000000000000
connection 34 61 -1.336385210809865720 0 0.000000000000000000 -0.000000000000000000
connection 39 27 4.881254081162519576 0 0.000000000000000000 -0.000000000000000000
connection 39 36 3.991385473626345437 0 0.000000000000000000 -0.000000000000000000
connection 39 44 0.888881192007789922 0 0.000000000000000000 -0.000000000000000000
connection 39 45 -1.171027296636975912 0 0.000000000000000000 -0.000000000000000000
connection 39 58 4.328222229341118776 0 0.000000000000000000 -0.000000000000000000
connection 39 59 2.314727874223236448 0 0.000000000000000000 -0.000000000000000000
connection 39 60 -0.387882060525624073 0 0.000000000000000000 -0.000000000000000000
connection 39 61 1.875869872550405493 0 0.000000000000000000 -0.000000000000000000
connection 39 38 -0.355456923500617417 0 0.000000000000000000 -0.000000000000000000
connection 39 39 -2.811833721072999559 0 0.000000000000000000 -0.000000000000000000
connection 39 85 -1.106054697393924258 0 0.000000000000000000 -0.000000000000000000
connection 39 86 -3.100552457751050817 0 0.000000000000000000 -0.000000000000000000
connection 39 87 -5.229256306722280812 0 0.000000000000000000 -0.000000000000000000
connection 39 88 -3.862701293874615249 0 0.000000000000000000 -0.000000000000000000
connection 35 56 -0.801406668660485155 0 0.000000000000000000 -0.000000000000000000
connection 35 57 3.859575970359183650 0 0.000000000000000000 -0.000000000000000000
connection 35 58 2.878226504496090854 0 0.000000000000000000 -0.000000000000000000
connection 35 85 0.293306508890128825 0 0.000000000000000000 -0.000000000000000000
connection 35 88 -1.244357640507847806 0 0.000000000000000000 -0.000000000000000000
connection 36 34 0.699732188446743120 0 0.000000000000000000 -0.000000000000000000
connection 36 35 -0.273996967400512881 0 0.000000000000000000 -0.000000000000000000
connection 36 36 -1.296913569240284447 0 0.000000000000000000 -0.000000000000000000
connection 36 55 3.408233675797120998 0 0.000000000000000000 -0.000000000000000000
connection 36 56 2.321982379651529094 0 0.000000000000000000 -0.000000000000000000
connection 36 60 -0.455579077517742015 0 0.000000000000000000 -0.000000000000000000
connection 36 61 3.466706025890302634 0 0.000000000000000000 -0.000000000000000000
connection 36 31 -5.439074080850995863 0 0.000000000000000000 -0.000000000000000000
connection 36 85 1.843700599879092961 0 0.000000000000000000 -0.000000000000000000
connection 36 86 -2.030577819371897963 0 0.000000000000000000 -0.000000000000000000
connection 36 87 -3.568654523467767792 0 0.000000000000000000 -0.000000000000000000
connection 37 34 3.887276626254704937 0 0.000000000000000000 -0.000000000000000000
connection 37 42 -0.759487090619335725 0 0.000000000000000000 -0.000000000000000000
connection 37 43 -1.802113110675732655 0 0.000000000000000000 -0.000000000000000000
connection 37 35 2.905235150711204195 0 0.000000000000000000 -0.000000000000000000
connection 37 37 0.312013351648357085 0 0.000000000000000000 -0.000000000000000000
connection 37 59 2.702906131331664685 0 0.000000000000000000 -0.000000000000000000
connection 37 60 0.896566893778253382 0 0.000000000000000000 -0.000000000000000000
connection 37 61 4.006069189961728227 0 0.000000000000000000 -0.000000000000000000
connection 37 38 -1.232936890546809439 0 0.000000000000000000 -0.000000000000000000
connection 37 39 -2.811678014514955137 0 0.000000000000000000 -0.000000000000000000
connection 37 86 -1.155654483858691961 0 0.000000000000000000 -0.000000000000000000
connection 37 88 -0.320704980544300744 0 0.000000000000000000 -0.000000000000000000
connection 52 51 3.645178704834336703 0 0.000000000000000000 -0.000000000000000000
connection 52 52 2.733832174970956874 0 0.000000000000000000 -0.000000000000000000
connection 52 55 1.652140254234956585 0 0.000000000000000000 -0.000000000000000000
connection 52 60 -2.420822801070042996 0 0.000000000000000000 -0.000000000000000000
connection 52 61 1.600466227982274114 0 0.000000000000000000 -0.000000000000000000
connection 52 85 -0.245037486631139584 0 0.000000000000000000 -0.000000000000000000
connection 52 86 -3.813770894333935235 0 0.000000000000000000 -0.000000000000000000
connection 52 88 -2.204566408571190905 0 0.000000000000000000 -0.000000000000000000
connection 38 42 2.347669665380851978 0 0.000000000000000000 -0.000000000000000000
connection 38 36 3.470049575390902419 0 0.000000000000000000 -0.000000000000000000
connection 38 44 -0.440532302254665942 0 0.000000000000000000 -0.000000000000000000
connection 38 45 -2.023256962191178676 0 0.000000000000000000 -0.000000000000000000
connection 38 37 1.840258555251559569 0 0.000000000000000000 -0.000000000000000000
connection 38 59 3.095138749788236332 0 0.000000000000000000 -0.000000000000000000
connection 38 61 3.491988730241097905 0 0.000000000000000000 -0.000000000000000000
connection 38 46 -3.568497522492033891 0 0.000000000000000000 -0.000000000000000000
connection 38 39 -2.203979960840906305 0 0.000000000000000000 -0.000000000000000000
connection 38 85 1.030599145411496886 0 0.000000000000000000 -0.000000000000000000
connection 38 86 -1.588854045943992821 0 0.000000000000000000 -0.000000000000000000
connection 38 87 -3.894080632649885576 0 0.000000000000000000 -0.000000000000000000
connection 38 88 -1.760214383493349910 0 0.000000000000000000 -0.000000000000000000
connection 41 36 1.819439354238991724 0 0.000000000000000000 -0.000000000000000000
connection 41 44 -0.439427092692895926 0 0.000000000000000000 -0.000000000000000000
connection 41 45 -3.149013475398660500 0 0.000000000000000000 -0.000000000000000000
connection 41 37 -1.168717256035622043 0 0.000000000000000000 -0.000000000000000000
connection 41 54 5.012215737930600490 0 0.000000000000000000 -0.000000000000000000
connection 41 55 3.651880706442334645 0 0.000000000000000000 -0.000000000000000000
connection 41 56 0.805612769835664766 0 0.000000000000000000 -0.000000000000000000
connection 41 57 2.585377488696083859 0 0.000000000000000000 -0.000000000000000000
connection 41 58 -0.548001074034942914 0 0.000000000000000000 -0.000000000000000000
connection 41 59 -2.309215565392843228 0 0.000000000000000000 -0.000000000000000000
connection 41 60 -4.832492017271772689 0 0.000000000000000000 -0.000000000000000000
connection 41 61 -3.529828098405960013 0 0.000000000000000000 -0.000000000000000000
connection 41 31 -5.544542547788716469 0 0.000000000000000000 -0.000000000000000000
connection 41 32 -7.427546376053150823 0 0.000000000000000000 -0.000000000000000000
connection 41 33 -6.654395682681066404 0 0.000000000000000000 -0.000000000000000000
connection 41 66 4.004687099800681160 0 0.000000000000000000 -0.000000000000000000
connection 41 97 2.937663772754453007 0 0.000000000000000000 -0.000000000000000000
connection 41 98 1.244559153779895233 0 0.000000000000000000 -0.000000000000000000
connection 41 105 -1.936549242294101525 0 0.000000000000000000 -0.000000000000000000
connection 41 68 -4.966164522165843032 0 0.000000000000000000 -0.000000000000000000
connection 42 50 1.388827146058745354 0 0.000000000000000000 -0.000000000000000000
connection 42 51 -3.474933518754501627 0 0.000000000000000000 -0.000000000000000000
connection 42 53 0.444853275166918416 0 0.000000000000000000 -0.000000000000000000
connection 42 54 -0.479220972019362312 0 0.000000000000000000 -0.000000000000000000
connection 42 105 2.017478113638728310 0 0.000000000000000000 -0.000000000000000000
connection 43 58 1.577125513862428496 0 0.000000000000000000 -0.000000000000000000
connection 43 61 0.580356207194258178 0 0.000000000000000000 -0.000000000000000000
connection 43 85 -0.505145223458296599 0 0.000000000000000000 -0.000000000000000000
connection 55 34 2.230882460961441272 0 0.000000000000000000 -0.000000000000000000
connection 55 35 1.061760902952913588 0 0.000000000000000000 -0.000000000000000000
connection 55 37 -1.690948018895370497 0 0.000000000000000000 -0.000000000000000000
connection 55 56 2.425181315625127620 0 0.000000000000000000 -0.000000000000000000
connection 55 58 3.992486362945733891 0 0.000000000000000000 -0.000000000000000000
connection 55 59 0.704752871951427551 0 0.000000000000000000 -0.000000000000000000
connection 55 60 -1.229934159015574568 0 0.000000000000000000 -0.000000000000000000
connection 55 61 2.157807912134724670 0 0.000000000000000000 -0.000000000000000000
connection 55 31 -5.208727983112452442 0 0.000000000000000000 -0.000000000000000000
connection 55 86 -3.156414894309607977 0 0.000000000000000000 -0.000000000000000000
connection 55 88 -2.489766822880995711 0 0.000000000000000000 -0.000000000000000000
connection 59 42 2.430660894561158081 0 0.000000000000000000 -0.000000000000000000
connection 59 43 0.703109243478626689 0 0.000000000000000000 -0.000000000000000000
connection 59 35 3.982398193666957908 0 0.000000000000000000 -0.000000000000000000
connection 59 36 2.138035330622697128 0 0.000000000000000000 -0.000000000000000000
connection 59 44 -1.239241115369875468 0 0.000000000000000000 -0.000000000000000000
connection 59 45 -3.171138180312503607 0 0.000000000000000000 -0.000000000000000000
connection 59 29 4.726568471699374108 0 0.000000000000000000 -0.000000000000000000
connection 59 58 2.428937535928976654 0 0.000000000000000000 -0.000000000000000000
connection 59 60 -2.613895286625807390 0 0.000000000000000000 -0.000000000000000000
connection 59 61 -0.446437985452775132 0 0.000000000000000000 -0.000000000000000000
connection 59 33 -5.112762240640412514 0 0.000000000000000000 -0.000000000000000000
connection 59 98 4.228180996133396263 0 0.000000000000000000 -0.000000000000000000
connection 59 105 1.602684934892251167 0 0.000000000000000000 -0.000000000000000000
connection 59 99 3.337080897792635170 0 0.000000000000000000 -0.000000000000000000
connection 44 55 2.060566831552645972 0 0.000000000000000000 -0.000000000000000000
connection 44 56 1.111875743469281197 0 0.000000000000000000 -0.000000000000000000
connection 44 60 -1.057121957176338611 0 0.000000000000000000 -0.000000000000000000
connection 44 88 0.793471843186775327 0 0.000000000000000000 -0.000000000000000000
connection 45 35 1.620038144777375733 0 0.000000000000000000 -0.000000000000000000
connection 45 36 0.621534507551472437 0 0.000000000000000000 -0.000000000000000000
connection 45 37 -0.467997825884718610 0 0.000000000000000000 -0.000000000000000000
connection 45 85 3.691126003441234094 0 0.000000000000000000 -0.000000000000000000
connection 45 87 -1.712453357108574048 0 0.000000000000000000 -0.000000000000000000
connection 45 88 1.998339450669853523 0 0.000000000000000000 -0.000000000000000000
connection 56 43 -0.959633953196803779 0 0.000000000000000000 -0.000000000000000000
connection 56 36 1.602791772152848404 0 0.000000000000000000 -0.000000000000000000
connection 56 44 -2.408531931632275302 0 0.000000000000000000 -0.000000000000000000
connection 56 45 -3.809007736495427565 0 0.000000000000000000 -0.000000000000000000
connection 56 37 -0.250407316567881455 0 0.000000000000000000 -0.000000000000000000
connection 56 29 5.133105575947696231 0 0.000000000000000000 -0.000000000000000000
connection 56 60 -1.328221757244151480 0 0.000000000000000000 -0.000000000000000000
connection 56 61 1.442731101979145780 0 0.000000000000000000 -0.000000000000000000
connection 56 38 -2.216841818509214246 0 0.000000000000000000 -0.000000000000000000
connection 56 85 -1.264802537952568917 0 0.000000000000000000 -0.000000000000000000
connection 56 86 -3.602265224925499165 0 0.000000000000000000 -0.000000000000000000
connection 56 87 -5.396853649405578324 0 0.000000000000000000 -0.000000000000000000
connection 56 88 -3.795270021791208759 0 0.000000000000000000 -0.000000000000000000
connection 46 42 1.154086870495960371 0 0.000000000000000000 -0.000000000000000000
connection 46 44 -1.022922024003969810 0 0.000000000000000000 -0.000000000000000000
connection 46 30 5.000492801797854270 0 0.000000000000000000 -0.000000000000000000
connection 46 38 0.806636760528987695 0 0.000000000000000000 -0.000000000000000000
connection 46 39 -0.849990802444406279 0 0.000000000000000000 -0.000000000000000000
connection 46 40 -2.566427667068845508 0 0.000000000000000000 -0.000000000000000000
connection 46 41 -4.164421819956174886 0 0.000000000000000000 -0.000000000000000000
connection 46 86 0.997225187965609883 0 0.000000000000000000 -0.000000000000000000
connection 46 87 -1.171078685453977197 0 0.000000000000000000 -0.000000000000000000
connection 46 88 1.890181913831038951 0 0.000000000000000000 -0.000000000000000000
connection 48 44 2.890383742242693454 0 0.000000000000000000 -0.000000000000000000
connection 48 45 0.983485627115665340 0 0.000000000000000000 -0.000000000000000000
connection 48 30 4.120958831514690779 0 0.000000000000000000 -0.000000000000000000
connection 48 38 1.858813039234331166 0 0.000000000000000000 -0.000000000000000000
connection 48 46 -1.192434277237976792 0 0.000000000000000000 -0.000000000000000000
connection 48 39 -0.656423260730897407 0 0.000000000000000000 -0.000000000000000000
connection 48 32 -5.074382342363640497 0 0.000000000000000000 -0.000000000000000000
connection 48 85 1.249238902545098284 0 0.000000000000000000 -0.000000000000000000
connection 48 86 -0.923963918425240394 0 0.000000000000000000 -0.000000000000000000
connection 48 87 -3.609367887691103061 0 0.000000000000000000 -0.000000000000000000
connection 48 88 -1.794313621870332165 0 0.000000000000000000 -0.000000000000000000
connection 60 42 3.117237117890933273 0 0.000000000000000000 -0.000000000000000000
connection 60 36 1.400622539670431710 0 0.000000000000000000 -0.000000000000000000
connection 60 44 -1.360250317382164731 0 0.000000000000000000 -0.000000000000000000
connection 60 45 -3.634192767680028080 0 0.000000000000000000 -0.000000000000000000
connection 60 37 -1.313372370516995735 0 0.000000000000000000 -0.000000000000000000
connection 60 54 5.190188838462216125 0 0.000000000000000000 -0.000000000000000000
connection 60 55 3.634861224388981071 0 0.000000000000000000 -0.000000000000000000
connection 60 56 1.007993529931205945 0 0.000000000000000000 -0.000000000000000000
connection 60 57 2.989289500122377596 0 0.000000000000000000 -0.000000000000000000
connection 60 59 -1.949602179781036559 0 0.000000000000000000 -0.000000000000000000
connection 60 60 -4.486593660094102098 0 0.000000000000000000 -0.000000000000000000
connection 60 61 -2.993204513146968004 0 0.000000000000000000 -0.000000000000000000
connection 60 31 -5.522342056647011610 0 0.000000000000000000 -0.000000000000000000
connection 60 32 -7.365512261810458483 0 0.000000000000000000 -0.000000000000000000
connection 60 33 -6.433714357761693314 0 0.000000000000000000 -0.000000000000000000
connection 60 66 4.328526198064086117 0 0.000000000000000000 -0.000000000000000000
connection 60 97 3.488871005930446412 0 0.000000000000000000 -0.000000000000000000
connection 60 98 1.881334498658463028 0 0.000000000000000000 -0.000000000000000000
connection 60 105 -1.295262295036225364 0 0.000000000000000000 -0.000000000000000000
connection 60 99 0.497133895109512669 0 0.000000000000000000 -0.000000000000000000
connection 60 68 -4.615124997330799950 0 0.000000000000000000 -0.000000000000000000
connection 49 45 0.615085660683282631 0 0.000000000000000000 -0.000000000000000000
connection 49 37 3.120736420365806119 0 0.000000000000000000 -0.000000000000000000
connection 49 58 4.299964792808487424 0 0.000000000000000000 -0.000000000000000000
connection 49 59 2.640219199429819863 0 0.000000000000000000 -0.000000000000000000
connection 49 60 -0.306336687623922965 0 0.000000000000000000 -0.000000000000000000
connection 49 61 1.632888755745074416 0 0.000000000000000000 -0.000000000000000000
connection 49 38 0.488066316709521164 0 0.000000000000000000 -0.000000000000000000
connection 49 46 -1.964740250430195401 0 0.000000000000000000 -0.000000000000000000
connection 49 47 -4.263873689816983337 0 0.000000000000000000 -0.000000000000000000
connection 49 39 -2.354443788681232608 0 0.000000000000000000 -0.000000000000000000
connection 49 32 -6.095384662698226208 0 0.000000000000000000 -0.000000000000000000
connection 49 85 -1.520436700664726137 0 0.000000000000000000 -0.000000000000000000
connection 49 86 -3.231352101212905836 0 0.000000000000000000 -0.000000000000000000
connection 49 87 -5.422879015792897661 0 0.000000000000000000 -0.000000000000000000
connection 49 88 -4.271182282965908961 0 0.000000000000000000 -0.000000000000000000
connection 49 67 5.105468785261123799 0 0.000000000000000000 -0.000000000000000000
connection 50 51 1.963356664495892856 0 0.000000000000000000 -0.000000000000000000
connection 50 52 0.896725318269946392 0 0.000000000000000000 -0.000000000000000000
connection 50 55 -0.292604960565642391 0 0.000000000000000000 -0.000000000000000000
connection 50 58 1.267419300386458225 0 0.000000000000000000 -0.000000000000000000
connection 50 60 -4.114593037582358726 0 0.000000000000000000 -0.000000000000000000
connection 50 61 -0.473942467458457972 0 0.000000000000000000 -0.000000000000000000
connection 50 85 -2.307626923271251407 0 0.000000000000000000 -0.000000000000000000
connection 50 67 5.129560854576514117 0 0.000000000000000000 -0.000000000000000000
connection 57 34 3.903799010832847305 0 0.000000000000000000 -0.000000000000000000
connection 57 42 0.426306070438161377 0 0.000000000000000000 -0.000000000000000000
connection 57 43 -1.396503614269867022 0 0.000000000000000000 -0.000000000000000000
connection 57 35 2.151061541000036659 0 0.000000000000000000 -0.000000000000000000
connection 57 44 -3.207884512969639612 0 0.000000000000000000 -0.000000000000000000
connection 57 37 -2.302490152521301514 0 0.000000000000000000 -0.000000000000000000
connection 57 56 0.480684947485382708 0 0.000000000000000000 -0.000000000000000000
connection 57 57 2.903656987803508560 0 0.000000000000000000 -0.000000000000000000
connection 57 59 -2.166221310859138605 0 0.000000000000000000 -0.000000000000000000
connection 57 60 -4.467106822501023089 0 0.000000000000000000 -0.000000000000000000
connection 57 61 -2.699458654075008290 0 0.000000000000000000 -0.000000000000000000
connection 57 33 -6.265763128547670924 0 0.000000000000000000 -0.000000000000000000
connection 57 66 4.774162417674626013 0 0.000000000000000000 -0.000000000000000000
connection 57 97 3.951458853707198404 0 0.000000000000000000 -0.000000000000000000
connection 57 98 2.269194622223625224 0 0.000000000000000000 -0.000000000000000000
connection 57 105 -0.760206500937540386 0 0.000000000000000000 -0.000000000000000000
connection 57 99 1.142185542406693788 0 0.000000000000000000 -0.000000000000000000
connection 57 68 -4.146250854201074532 0 0.000000000000000000 -0.000000000000000000
connection 70 51 2.770478982406592738 0 0.000000000000000000 -0.000000000000000000
connection 70 52 0.986580567621858306 0 0.000000000000000000 -0.000000000000000000
connection 70 53 4.090485457090687227 0 0.000000000000000000 -0.000000000000000000
connection 70 34 -1.178779683543407009 0 0.000000000000000000 -0.000000000000000000
connection 70 35 -2.750636694291929807 0 0.000000000000000000 -0.000000000000000000
connection 70 55 -1.051488829956761073 0 0.000000000000000000 -0.000000000000000000
connection 70 97 2.108606667603479590 0 0.000000000000000000 -0.000000000000000000
connection 70 105 -2.893354145595294469 0 0.000000000000000000 -0.000000000000000000
connection 70 99 -0.849065636837500137 0 0.000000000000000000 -0.000000000000000000
connection 70 68 -5.365007862605730260 0 0.000000000000000000 -0.000000000000000000
connection 51 54 3.193424318937741813 0 0.000000000000000000 -0.000000000000000000
connection 51 57 2.198455962332601654 0 0.000000000000000000 -0.000000000000000000
connection 51 58 1.032436857340894409 0 0.000000000000000000 -0.000000000000000000
connection 51 85 -1.707391857307635430 0 0.000000000000000000 -0.000000000000000000
connection 51 88 -3.134879462898302993 0 0.000000000000000000 -0.000000000000000000
connection 53 34 0.332799664623604163 0 0.000000000000000000 -0.000000000000000000
connection 53 37 -3.499368025621628853 0 0.000000000000000000 -0.000000000000000000
connection 53 55 2.059438991243397687 0 0.000000000000000000 -0.000000000000000000
connection 53 56 0.421961301374981113 0 0.000000000000000000 -0.000000000000000000
connection 53 57 3.909322633499139332 0 0.000000000000000000 -0.000000000000000000
connection 53 58 2.165132344141718956 0 0.000000000000000000 -0.000000000000000000
connection 53 59 -1.393218419966893995 0 0.000000000000000000 -0.000000000000000000
connection 53 60 -3.198406612794765014 0 0.000000000000000000 -0.000000000000000000
connection 53 33 -4.481584034558547813 0 0.000000000000000000 -0.000000000000000000
connection 53 67 4.952886456378865709 0 0.000000000000000000 -0.000000000000000000
connection 54 43 -2.854667410141110917 0 0.000000000000000000 -0.000000000000000000
connection 54 35 1.275531533055595412 0 0.000000000000000000 -0.000000000000000000
connection 54 36 -0.473229897211335571 0 0.000000000000000000 -0.000000000000000000
connection 54 44 -4.105812682567020033 0 0.000000000000000000 -0.000000000000000000
connection 54 37 -2.314153745238309856 0 0.000000000000000000 -0.000000000000000000
connection 54 55 3.091500714338114353 0 0.000000000000000000 -0.000000000000000000
connection 54 56 1.119736471712121206 0 0.000000000000000000 -0.000000000000000000
connection 54 58 1.773431565313181579 0 0.000000000000000000 -0.000000000000000000
connection 54 60 -3.364592026532198243 0 0.000000000000000000 -0.000000000000000000
connection 54 61 -0.829090385859336587 0 0.000000000000000000 -0.000000000000000000
connection 54 33 -5.211299291160980118 0 0.000000000000000000 -0.000000000000000000
connection 54 98 4.051005125077544733 0 0.000000000000000000 -0.000000000000000000
connection 54 105 1.621716325153920168 0 0.000000000000000000 -0.000000000000000000
connection 54 99 3.605059032566382271 0 0.000000000000000000 -0.000000000000000000
connection 58 42 1.100781470248838323 0 0.000000000000000000 -0.000000000000000000
connection 58 35 1.737150484357900426 0 0.000000000000000000 -0.000000000000000000
connection 58 36 -0.873527410662064296 0 0.000000000000000000 -0.000000000000000000
connection 58 44 -3.393007653095679643 0 0.000000000000000000 -0.000000000000000000
connection 58 45 -5.197931979854867102 0 0.000000000000000000 -0.000000000000000000
connection 58 37 -3.411479515831485010 0 0.000000000000000000 -0.000000000000000000
connection 58 54 3.555896870788965103 0 0.000000000000000000 -0.000000000000000000
connection 58 55 1.569855395718430469 0 0.000000000000000000 -0.000000000000000000
connection 58 56 -1.327451283208083366 0 0.000000000000000000 -0.000000000000000000
connection 58 57 0.758863655326596054 0 0.000000000000000000 -0.000000000000000000
connection 58 97 1.313840227169124297 0 0.000000000000000000 -0.000000000000000000
connection 58 98 -0.489801013146458075 0 0.000000000000000000 -0.000000000000000000
connection 58 105 -3.472518492357842490 0 0.000000000000000000 -0.000000000000000000
connection 58 99 -1.879707212512363057 0 0.000000000000000000 -0.000000000000000000
connection 58 68 -5.951269119866510415 0 0.000000000000000000 -0.000000000000000000
connection 62 70 4.918595542934472320 0 0.000000000000000000 -0.000000000000000000
connection 62 71 3.469658830369118263 0 0.000000000000000000 -0.000000000000000000
connection 62 72 0.633333971734026280 0 0.000000000000000000 -0.000000000000000000
connection 62 73 2.478592620173146965 0 0.000000000000000000 -0.000000000000000000
connection 62 50 1.502505024350218266 0 0.000000000000000000 -0.000000000000000000
connection 62 51 -0.898015336425886934 0 0.000000000000000000 -0.000000000000000000
connection 62 52 -3.457093752989110591 0 0.000000000000000000 -0.000000000000000000
connection 62 53 -1.420298081530175560 0 0.000000000000000000 -0.000000000000000000
connection 62 29 -5.652610199100940314 0 0.000000000000000000 -0.000000000000000000
connection 63 51 3.648828358313361608 0 0.000000000000000000 -0.000000000000000000
connection 63 52 2.013082189292590751 0 0.000000000000000000 -0.000000000000000000
connection 63 53 4.839144784771765906 0 0.000000000000000000 -0.000000000000000000
connection 63 35 -1.795220001907562368 0 0.000000000000000000 -0.000000000000000000
connection 63 28 -5.364987383972160018 0 0.000000000000000000 -0.000000000000000000
connection 63 56 -2.108114865297926244 0 0.000000000000000000 -0.000000000000000000
connection 63 57 0.940057935222066599 0 0.000000000000000000 -0.000000000000000000
connection 63 58 -1.580337076387941853 0 0.000000000000000000 -0.000000000000000000
connection 63 61 -3.913335429001841170 0 0.000000000000000000 -0.000000000000000000
connection 63 66 4.362261732956879356 0 0.000000000000000000 -0.000000000000000000
connection 63 97 3.154801142088248689 0 0.000000000000000000 -0.000000000000000000
connection 63 98 0.990319214475559373 0 0.000000000000000000 -0.000000000000000000
connection 63 105 -1.827013547637714730 0 0.000000000000000000 -0.000000000000000000
connection 63 99 0.333074173207773994 0 0.000000000000000000 -0.000000000000000000
connection 63 68 -4.642459912096994934 0 0.000000000000000000 -0.000000000000000000
connection 65 70 -0.314816041763956556 0 0.000000000000000000 -0.000000000000000000
connection 65 71 -2.099041462796055857 0 0.000000000000000000 -0.000000000000000000
connection 65 72 -4.689992998107861411 0 0.000000000000000000 -0.000000000000000000
connection 65 73 -3.290985589516837617 0 0.000000000000000000 -0.000000000000000000
connection 65 64 -6.538856541479077578 0 0.000000000000000000 -0.000000000000000000
connection 65 65 -4.441529049198685186 0 0.000000000000000000 -0.000000000000000000
connection 66 63 -6.086899124732875421 0 0.000000000000000000 -0.000000000000000000
connection 66 64 -7.486641073047899830 0 0.000000000000000000 -0.000000000000000000
connection 66 65 -6.205250243366746687 0 0.000000000000000000 -0.000000000000000000
connection 68 70 -0.703341816870540426 0 0.000000000000000000 -0.000000000000000000
connection 68 71 -2.816496215254554514 0 0.000000000000000000 -0.000000000000000000
connection 68 72 -5.026076665177024339 0 0.000000000000000000 -0.000000000000000000
connection 68 73 -3.352728804938199136 0 0.000000000000000000 -0.000000000000000000
connection 68 64 -6.477623003160813298 0 0.000000000000000000 -0.000000000000000000
connection 68 23 -7.359374757649431054 0 0.000000000000000000 -0.000000000000000000
connection 71 54 3.753980194799146908 0 0.000000000000000000 -0.000000000000000000
connection 71 56 -1.642594233443765983 0 0.000000000000000000 -0.000000000000000000
connection 71 57 2.087182861035320247 0 0.000000000000000000 -0.000000000000000000
connection 71 59 -3.316660108928465522 0 0.000000000000000000 -0.000000000000000000
connection 71 105 0.832629311136400485 0 0.000000000000000000 -0.000000000000000000
connection 71 99 3.337338973412776966 0 0.000000000000000000 -0.000000000000000000
connection 72 26 5.055927830951356228 0 0.000000000000000000 -0.000000000000000000
connection 72 34 0.858484724029392798 0 0.000000000000000000 -0.000000000000000000
connection 72 35 -0.784407192705856571 0 0.000000000000000000 -0.000000000000000000
connection 72 36 -2.493757307130517020 0 0.000000000000000000 -0.000000000000000000
connection 72 37 -4.094315304686020340 0 0.000000000000000000 -0.000000000000000000
connection 72 55 1.098348763198456535 0 0.000000000000000000 -0.000000000000000000
connection 72 56 -1.055628482601401075 0 0.000000000000000000 -0.000000000000000000
connection 72 58 -0.464306092543656401 0 0.000000000000000000 -0.000000000000000000
connection 72 60 -4.984794376937749405 0 0.000000000000000000 -0.000000000000000000
connection 72 61 -2.978630266205185784 0 0.000000000000000000 -0.000000000000000000
connection 72 33 -6.307735134330431315 0 0.000000000000000000 -0.000000000000000000
connection 72 66 5.134810447251966892 0 0.000000000000000000 -0.000000000000000000
connection 72 97 4.086265152642533316 0 0.000000000000000000 -0.000000000000000000
connection 72 98 2.102147966119134459 0 0.000000000000000000 -0.000000000000000000
connection 72 105 -0.688721305561688868 0 0.000000000000000000 -0.000000000000000000
connection 72 99 1.499878290184237128 0 0.000000000000000000 -0.000000000000000000
connection 73 51 3.197610698968217591 0 0.000000000000000000 -0.000000000000000000
connection 73 53 3.617033727088055262 0 0.000000000000000000 -0.000000000000000000
connection 73 42 -3.506515749077069977 0 0.000000000000000000 -0.000000000000000000
connection 73 35 -2.098221570133222080 0 0.000000000000000000 -0.000000000000000000
connection 73 54 1.195495423868289109 0 0.000000000000000000 -0.000000000000000000
connection 73 55 -1.444853194463630919 0 0.000000000000000000 -0.000000000000000000
connection 73 56 -3.769065644268821291 0 0.000000000000000000 -0.000000000000000000
connection 73 57 -1.588766456599764121 0 0.000000000000000000 -0.000000000000000000
connection 73 97 -0.464022673302131650 0 0.000000000000000000 -0.000000000000000000
connection 73 98 -2.349768642253457163 0 0.000000000000000000 -0.000000000000000000
connection 73 105 -4.800239458951579330 0 0.000000000000000000 -0.000000000000000000
connection 73 99 -3.426400775550387134 0 0.000000000000000000 -0.000000000000000000
connection 73 68 -6.611172873188533750 0 0.000000000000000000 -0.000000000000000000
connection 63 14 -5.217007286800771304 0 0.000000000000000000 -0.000000000000000000
connection 64 14 -2.683826537916775834 0 0.000000000000000000 -0.000000000000000000
connection 65 14 -6.561616839213433749 0 0.000000000000000000 -0.000000000000000000
connection 30 14 1.488619682486645779 0 0.000000000000000000 -0.000000000000000000
connection 85 14 -1.070054567652360289 0 0.000000000000000000 -0.000000000000000000
connection 87 14 1.239706032162396943 0 0.000000000000000000 -0.000000000000000000
connection 88 14 -3.248583326463480692 0 0.000000000000000000 -0.000000000000000000
connection 66 14 -7.617177360984005219 0 0.000000000000000000 -0.000000000000000000
connection 97 14 -4.925915181111405694 0 0.000000000000000000 -0.000000000000000000
connection 98 14 -1.897610239627837148 0 0.000000000000000000 -0.000000000000000000
connection 105 14 -3.215881463334003598 0 0.000000000000000000 -0.000000000000000000
connection 99 14 -6.185894993378495244 0 0.000000000000000000 -0.000000000000000000
connection 68 14 -6.788291174072844214 0 0.000000000000000000 -0.000000000000000000
connection 29 15 -3.494682416804582026 0 0.000000000000000000 -0.000000000000000000
connection 30 15 -0.888479896604172925 0 0.000000000000000000 -0.000000000000000000
connection 32 15 3.253329844037078367 0 0.000000000000000000 -0.000000000000000000
connection 85 15 -4.012655716805021200 0 0.000000000000000000 -0.000000000000000000
connection 86 15 -0.331397057253616456 0 0.000000000000000000 -0.000000000000000000
connection 87 15 -2.014862287886948877 0 0.000000000000000000 -0.000000000000000000
connection 88 15 -5.656299132736609891 0 0.000000000000000000 -0.000000000000000000
connection 30 16 -3.281876174209317210 0 0.000000000000000000 -0.000000000000000000
connection 31 16 -1.305958583962106623 0 0.000000000000000000 -0.000000000000000000
connection 32 16 0.929418480892307497 0 0.000000000000000000 -0.000000000000000000
connection 85 16 -6.036119327766925835 0 0.000000000000000000 -0.000000000000000000
connection 86 16 -3.201979775959690411 0 0.000000000000000000 -0.000000000000000000
connection 87 16 -4.766524002125283488 0 0.000000000000000000 -0.000000000000000000
connection 88 16 -6.971028814122020023 0 0.000000000000000000 -0.000000000000000000
connection 31 17 -2.887294414840696710 0 0.000000000000000000 -0.000000000000000000
connection 48 17 -0.650990596616430217 0 0.000000000000000000 -0.000000000000000000
connection 41 17 -3.912435657189753169 0 0.000000000000000000 -0.000000000000000000
connection 33 17 -6.847633126425171746 0 0.000000000000000000 -0.000000000000000000
connection 31 18 -4.371440828113442478 0 0.000000000000000000 -0.000000000000000000
connection 33 18 -7.512960195737765190 0 0.000000000000000000 -0.000000000000000000
NNend

