NNstart
14 8
neuron 1 1.000000000000000000 0.000000000000000000 0.000000000000000000 -3896019119952343579410515557190705594316401403756544.000000000000000000 11 0.000000000000000000
neuron 1 1.000000000000000000 0.000000000000000000 0.000000000000000000 -3896019119952343579410515557190705594316401403756544.000000000000000000 11 0.000000000000000000
neuron 1 1.000000000000000000 0.000000000000000000 0.000000000000000000 -3896019119952343579410515557190705594316401403756544.000000000000000000 11 0.000000000000000000
neuron 1 1.000000000000000000 0.000000000000000000 0.000000000000000000 -3896019119952343579410515557190705594316401403756544.000000000000000000 11 0.000000000000000000
neuron 1 1.000000000000000000 0.000000000000000000 0.000000000000000000 -3896019119952343579410515557190705594316401403756544.000000000000000000 11 0.000000000000000000
neuron 1 1.000000000000000000 0.000000000000000000 0.000000000000000000 -3896019119952343579410515557190705594316401403756544.000000000000000000 11 0.000000000000000000
neuron 1 1.000000000000000000 0.000000000000000000 0.000000000000000000 -3896019119952343579410515557190705594316401403756544.000000000000000000 11 0.000000000000000000
neuron 1 1.000000000000000000 0.000000000000000000 0.000000000000000000 -3896019119952343579410515557190705594316401403756544.000000000000000000 11 0.000000000000000000
neuron 1 1.000000000000000000 0.000000000000000000 0.000000000000000000 -3896019119952343579410515557190705594316401403756544.000000000000000000 11 0.000000000000000000
neuron 1 1.000000000000000000 0.000000000000000000 0.000000000000000000 -3896019119952343579410515557190705594316401403756544.000000000000000000 11 0.000000000000000000
neuron 1 1.000000000000000000 0.000000000000000000 0.000000000000000000 -3896019119952343579410515557190705594316401403756544.000000000000000000 11 0.000000000000000000
neuron 1 1.000000000000000000 0.000000000000000000 0.000000000000000000 -3896019119952343579410515557190705594316401403756544.000000000000000000 11 0.000000000000000000
neuron 1 1.000000000000000000 0.000000000000000000 0.000000000000000000 -3896019119952343579410515557190705594316401403756544.000000000000000000 11 0.000000000000000000
neuron 2 1.000000000000000000 0.000000000000000000 0.000000000000000000 0.000000000000000000 11 0.000000000000000000
neuron 4 1.000000000000000000 0.000000000000000000 0.000000000000000000 -3896019119952343579410515557190705594316401403756544.000000000000000000 1 0.000000000000000000
neuron 4 1.000000000000000000 0.000000000000000000 0.000000000000000000 -3896019119952343579410515557190705594316401403756544.000000000000000000 1 0.000000000000000000
neuron 4 1.000000000000000000 0.000000000000000000 0.000000000000000000 -3896019119952343579410515557190705594316401403756544.000000000000000000 1 0.000000000000000000
neuron 4 1.000000000000000000 0.000000000000000000 0.000000000000000000 -3896019119952343579410515557190705594316401403756544.000000000000000000 1 0.000000000000000000
neuron 4 1.000000000000000000 0.000000000000000000 0.000000000000000000 -3896019119952343579410515557190705594316401403756544.000000000000000000 1 0.000000000000000000
neuron 4 1.000000000000000000 0.000000000000000000 0.000000000000000000 -3896019119952343579410515557190705594316401403756544.000000000000000000 1 0.000000000000000000
neuron 4 1.000000000000000000 0.000000000000000000 0.000000000000000000 -3896019119952343579410515557190705594316401403756544.000000000000000000 1 0.000000000000000000
neuron 4 1.000000000000000000 0.000000000000000000 0.000000000000000000 -3896019119952343579410515557190705594316401403756544.000000000000000000 1 0.000000000000000000
neuron 3 1.000000000000000000 0.000000000000000000 0.000000000000000000 -3896019119952343579410515557190705594316401403756544.000000000000000000 0 0.000000000000000000
neuron 3 1.000000000000000000 0.000000000000000000 0.000000000000000000 -3896019119952343579410515557190705594316401403756544.000000000000000000 0 0.000000000000000000
neuron 3 1.000000000000000000 0.000000000000000000 0.000000000000000000 -3896019119952343579410515557190705594316401403756544.000000000000000000 0 0.000000000000000000
neuron 3 1.000000000000000000 0.000000000000000000 0.000000000000000000 -3896019119952343579410515557190705594316401403756544.000000000000000000 0 0.000000000000000000
neuron 3 1.000000000000000000 0.000000000000000000 0.000000000000000000 -3896019119952343579410515557190705594316401403756544.000000000000000000 0 0.000000000000000000
neuron 3 1.000000000000000000 0.000000000000000000 0.000000000000000000 -3896019119952343579410515557190705594316401403756544.000000000000000000 0 0.000000000000000000
neuron 3 1.000000000000000000 0.000000000000000000 0.000000000000000000 -3896019119952343579410515557190705594316401403756544.000000000000000000 0 0.000000000000000000
neuron 3 1.000000000000000000 0.000000000000000000 0.000000000000000000 -3896019119952343579410515557190705594316401403756544.000000000000000000 0 0.000000000000000000
neuron 3 1.000000000000000000 0.000000000000000000 0.000000000000000000 -3896019119952343579410515557190705594316401403756544.000000000000000000 0 0.000000000000000000
neuron 3 1.000000000000000000 0.000000000000000000 0.000000000000000000 -3896019119952343579410515557190705594316401403756544.000000000000000000 0 0.000000000000000000
neuron 3 1.000000000000000000 0.000000000000000000 0.000000000000000000 -3896019119952343579410515557190705594316401403756544.000000000000000000 0 0.000000000000000000
neuron 3 1.000000000000000000 0.000000000000000000 0.000000000000000000 -3896019119952343579410515557190705594316401403756544.000000000000000000 0 0.000000000000000000
neuron 3 1.000000000000000000 0.000000000000000000 0.000000000000000000 -3896019119952343579410515557190705594316401403756544.000000000000000000 0 0.000000000000000000
neuron 3 1.000000000000000000 0.000000000000000000 0.000000000000000000 -3896019119952343579410515557190705594316401403756544.000000000000000000 0 0.000000000000000000
neuron 3 1.000000000000000000 0.000000000000000000 0.000000000000000000 -3896019119952343579410515557190705594316401403756544.000000000000000000 0 0.000000000000000000
neuron 3 1.000000000000000000 0.000000000000000000 0.000000000000000000 -3896019119952343579410515557190705594316401403756544.000000000000000000 0 0.000000000000000000
neuron 3 1.000000000000000000 0.000000000000000000 0.000000000000000000 -3896019119952343579410515557190705594316401403756544.000000000000000000 0 0.000000000000000000
neuron 3 1.000000000000000000 0.000000000000000000 0.000000000000000000 -3896019119952343579410515557190705594316401403756544.000000000000000000 0 0.000000000000000000
neuron 3 1.000000000000000000 0.000000000000000000 0.000000000000000000 -3896019119952343579410515557190705594316401403756544.000000000000000000 0 0.000000000000000000
neuron 3 1.000000000000000000 0.000000000000000000 0.000000000000000000 -3896019119952343579410515557190705594316401403756544.000000000000000000 0 0.000000000000000000
neuron 3 1.000000000000000000 0.000000000000000000 0.000000000000000000 -3896019119952343579410515557190705594316401403756544.000000000000000000 0 0.000000000000000000
neuron 3 1.000000000000000000 0.000000000000000000 0.000000000000000000 -3896019119952343579410515557190705594316401403756544.000000000000000000 0 0.000000000000000000
neuron 3 1.000000000000000000 0.000000000000000000 0.000000000000000000 -3896019119952343579410515557190705594316401403756544.000000000000000000 0 0.000000000000000000
neuron 3 1.000000000000000000 0.000000000000000000 0.000000000000000000 -3896019119952343579410515557190705594316401403756544.000000000000000000 0 0.000000000000000000
neuron 3 1.000000000000000000 0.000000000000000000 0.000000000000000000 -3896019119952343579410515557190705594316401403756544.000000000000000000 0 0.000000000000000000
neuron 3 1.000000000000000000 0.000000000000000000 0.000000000000000000 -3896019119952343579410515557190705594316401403756544.000000000000000000 0 0.000000000000000000
neuron 3 1.000000000000000000 0.000000000000000000 0.000000000000000000 -3896019119952343579410515557190705594316401403756544.000000000000000000 0 0.000000000000000000
neuron 3 1.000000000000000000 0.000000000000000000 0.000000000000000000 -3896019119952343579410515557190705594316401403756544.000000000000000000 0 0.000000000000000000
neuron 3 1.000000000000000000 0.000000000000000000 0.000000000000000000 -3896019119952343579410515557190705594316401403756544.000000000000000000 0 0.000000000000000000
neuron 3 1.000000000000000000 0.000000000000000000 0.000000000000000000 -3896019119952343579410515557190705594316401403756544.000000000000000000 0 0.000000000000000000
neuron 3 1.000000000000000000 0.000000000000000000 0.000000000000000000 -3896019119952343579410515557190705594316401403756544.000000000000000000 0 0.000000000000000000
neuron 3 1.000000000000000000 0.000000000000000000 0.000000000000000000 -3896019119952343579410515557190705594316401403756544.000000000000000000 0 0.000000000000000000
neuron 3 1.000000000000000000 0.000000000000000000 0.000000000000000000 -3896019119952343579410515557190705594316401403756544.000000000000000000 0 0.000000000000000000
neuron 3 1.000000000000000000 0.000000000000000000 0.000000000000000000 -3896019119952343579410515557190705594316401403756544.000000000000000000 0 0.000000000000000000
neuron 3 1.000000000000000000 0.000000000000000000 0.000000000000000000 -3896019119952343579410515557190705594316401403756544.000000000000000000 0 0.000000000000000000
neuron 3 1.000000000000000000 0.000000000000000000 0.000000000000000000 -3896019119952343579410515557190705594316401403756544.000000000000000000 0 0.000000000000000000
neuron 3 1.000000000000000000 0.000000000000000000 0.000000000000000000 -3896019119952343579410515557190705594316401403756544.000000000000000000 0 0.000000000000000000
neuron 3 1.000000000000000000 0.000000000000000000 0.000000000000000000 -3896019119952343579410515557190705594316401403756544.000000000000000000 0 0.000000000000000000
neuron 3 1.000000000000000000 0.000000000000000000 0.000000000000000000 -3896019119952343579410515557190705594316401403756544.000000000000000000 0 0.000000000000000000
neuron 3 1.000000000000000000 0.000000000000000000 0.000000000000000000 -3896019119952343579410515557190705594316401403756544.000000000000000000 0 0.000000000000000000
neuron 3 1.000000000000000000 0.000000000000000000 0.000000000000000000 -3896019119952343579410515557190705594316401403756544.000000000000000000 0 0.000000000000000000
neuron 3 1.000000000000000000 0.000000000000000000 0.000000000000000000 -3896019119952343579410515557190705594316401403756544.000000000000000000 0 0.000000000000000000
neuron 3 1.000000000000000000 0.000000000000000000 0.000000000000000000 -3896019119952343579410515557190705594316401403756544.000000000000000000 0 0.000000000000000000
neuron 3 1.000000000000000000 0.000000000000000000 0.000000000000000000 -3896019119952343579410515557190705594316401403756544.000000000000000000 0 0.000000000000000000
neuron 3 1.000000000000000000 0.000000000000000000 0.000000000000000000 -3896019119952343579410515557190705594316401403756544.000000000000000000 0 0.000000000000000000
neuron 3 1.000000000000000000 0.000000000000000000 0.000000000000000000 -3896019119952343579410515557190705594316401403756544.000000000000000000 0 0.000000000000000000
neuron 3 1.000000000000000000 0.000000000000000000 0.000000000000000000 -3896019119952343579410515557190705594316401403756544.000000000000000000 0 0.000000000000000000
neuron 3 1.000000000000000000 0.000000000000000000 0.000000000000000000 -3896019119952343579410515557190705594316401403756544.000000000000000000 0 0.000000000000000000
neuron 3 1.000000000000000000 0.000000000000000000 0.000000000000000000 -3896019119952343579410515557190705594316401403756544.000000000000000000 0 0.000000000000000000
neuron 3 1.000000000000000000 0.000000000000000000 0.000000000000000000 -3896019119952343579410515557190705594316401403756544.000000000000000000 0 0.000000000000000000
neuron 3 1.000000000000000000 0.000000000000000000 0.000000000000000000 -3896019119952343579410515557190705594316401403756544.000000000000000000 0 0.000000000000000000
neuron 3 1.000000000000000000 0.000000000000000000 0.000000000000000000 -3896019119952343579410515557190705594316401403756544.000000000000000000 0 0.000000000000000000
neuron 3 1.000000000000000000 0.000000000000000000 0.000000000000000000 -3896019119952343579410515557190705594316401403756544.000000000000000000 0 0.000000000000000000
neuron 3 1.000000000000000000 0.000000000000000000 0.000000000000000000 -3896019119952343579410515557190705594316401403756544.000000000000000000 0 0.000000000000000000
neuron 3 1.000000000000000000 0.000000000000000000 0.000000000000000000 -3896019119952343579410515557190705594316401403756544.000000000000000000 0 0.000000000000000000
neuron 3 1.000000000000000000 0.000000000000000000 0.000000000000000000 -3896019119952343579410515557190705594316401403756544.000000000000000000 0 0.000000000000000000
neuron 3 1.000000000000000000 0.000000000000000000 0.000000000000000000 -3896019119952343579410515557190705594316401403756544.000000000000000000 0 0.000000000000000000
neuron 3 1.000000000000000000 0.000000000000000000 0.000000000000000000 -3896019119952343579410515557190705594316401403756544.000000000000000000 0 0.000000000000000000
connection 0 22 6.433743565008663623 0 0.000000000000000000 -3896019119952343579410515557190705594316401403756544.000000000000000000
connection 0 23 7.102160775689529082 0 0.000000000000000000 -3896019119952343579410515557190705594316401403756544.000000000000000000
connection 0 24 5.505459410584545132 0 0.000000000000000000 -3896019119952343579410515557190705594316401403756544.000000000000000000
connection 0 25 -0.691557434846729158 0 0.000000000000000000 -3896019119952343579410515557190705594316401403756544.000000000000000000
connection 0 26 6.883629912320404109 0 0.000000000000000000 -3896019119952343579410515557190705594316401403756544.000000000000000000
connection 0 27 2.959256669997999634 0 0.000000000000000000 -3896019119952343579410515557190705594316401403756544.000000000000000000
connection 0 28 0.682185174682798157 0 0.000000000000000000 -3896019119952343579410515557190705594316401403756544.000000000000000000
connection 0 29 3.577656929757010218 0 0.000000000000000000 -3896019119952343579410515557190705594316401403756544.000000000000000000
connection 0 30 5.841156021635566020 0 0.000000000000000000 -3896019119952343579410515557190705594316401403756544.000000000000000000
connection 0 31 7.088781726592452870 0 0.000000000000000000 -3896019119952343579410515557190705594316401403756544.000000000000000000
connection 0 32 6.667307954319014129 0 0.000000000000000000 -3896019119952343579410515557190705594316401403756544.000000000000000000
connection 0 33 3.815592702647186307 0 0.000000000000000000 -3896019119952343579410515557190705594316401403756544.000000000000000000
connection 0 34 5.926714427023947351 0 0.000000000000000000 -3896019119952343579410515557190705594316401403756544.000000000000000000
connection 0 35 6.877064037565281396 0 0.000000000000000000 -3896019119952343579410515557190705594316401403756544.000000000000000000
connection 0 36 5.000138234936591708 0 0.000000000000000000 -3896019119952343579410515557190705594316401403756544.000000000000000000
connection 0 37 2.457523464343293718 0 0.000000000000000000 -3896019119952343579410515557190705594316401403756544.000000000000000000
connection 0 38 -3.108942388251239475 0 0.000000000000000000 -3896019119952343579410515557190705594316401403756544.000000000000000000
connection 0 39 -3.667448654933524566 0 0.000000000000000000 -3896019119952343579410515557190705594316401403756544.000000000000000000
connection 0 40 -3.186304014153047870 0 0.000000000000000000 -3896019119952343579410515557190705594316401403756544.000000000000000000
connection 0 41 -2.208213835700326033 0 0.000000000000000000 -3896019119952343579410515557190705594316401403756544.000000000000000000
connection 1 22 6.493767035496095019 0 0.000000000000000000 -3896019119952343579410515557190705594316401403756544.000000000000000000
connection 1 23 7.120248082860080707 0 0.000000000000000000 -3896019119952343579410515557190705594316401403756544.000000000000000000
connection 1 24 5.578169787856511519 0 0.000000000000000000 -3896019119952343579410515557190705594316401403756544.000000000000000000
connection 1 26 6.834059952133816118 0 0.000000000000000000 -3896019119952343579410515557190705594316401403756544.000000000000000000
connection 1 27 2.790527628824214457 0 0.000000000000000000 -3896019119952343579410515557190705594316401403756544.000000000000000000
connection 1 28 0.546475964888968213 0 0.000000000000000000 -3896019119952343579410515557190705594316401403756544.000000000000000000
connection 1 29 3.379089292880282258 0 0.000000000000000000 -3896019119952343579410515557190705594316401403756544.000000000000000000
connection 1 30 5.718559371510822942 0 0.000000000000000000 -3896019119952343579410515557190705594316401403756544.000000000000000000
connection 1 31 7.039155487086670604 0 0.000000000000000000 -3896019119952343579410515557190705594316401403756544.000000000000000000
connection 1 32 6.687333123234350474 0 0.000000000000000000 -3896019119952343579410515557190705594316401403756544.000000000000000000
connection 1 33 3.803952765518391566 0 0.000000000000000000 -3896019119952343579410515557190705594316401403756544.000000000000000000
connection 1 34 5.907823722899047780 0 0.000000000000000000 -3896019119952343579410515557190705594316401403756544.000000000000000000
connection 1 35 6.835980088495172247 0 0.000000000000000000 -3896019119952343579410515557190705594316401403756544.000000000000000000
connection 1 36 4.900021394800732288 0 0.000000000000000000 -3896019119952343579410515557190705594316401403756544.000000000000000000
connection 1 37 2.321981681124690056 0 0.000000000000000000 -3896019119952343579410515557190705594316401403756544.000000000000000000
connection 1 42 0.323411279733744061 0 0.000000000000000000 -3896019119952343579410515557190705594316401403756544.000000000000000000
connection 1 38 -3.514145649542195660 0 0.000000000000000000 -3896019119952343579410515557190705594316401403756544.000000000000000000
connection 1 39 -4.054712742932686353 0 0.000000000000000000 -3896019119952343579410515557190705594316401403756544.000000000000000000
connection 1 41 -2.426290066538908441 0 0.000000000000000000 -3896019119952343579410515557190705594316401403756544.000000000000000000
connection 2 22 6.549306044318630171 0 0.000000000000000000 -3896019119952343579410515557190705594316401403756544.000000000000000000
connection 2 23 7.135078355086210244 0 0.000000000000000000 -3896019119952343579410515557190705594316401403756544.000000000000000000
connection 2 24 5.640574715261479355 0 0.000000000000000000 -3896019119952343579410515557190705594316401403756544.000000000000000000
connection 2 26 6.778185076707456957 0 0.000000000000000000 -3896019119952343579410515557190705594316401403756544.000000000000000000
connection 2 27 2.612671727455952997 0 0.000000000000000000 -3896019119952343579410515557190705594316401403756544.000000000000000000
connection 2 28 0.401867832292191196 0 0.000000000000000000 -3896019119952343579410515557190705594316401403756544.000000000000000000
connection 2 29 3.162017089597870978 0 0.000000000000000000 -3896019119952343579410515557190705594316401403756544.000000000000000000
connection 2 30 5.581532149084829975 0 0.000000000000000000 -3896019119952343579410515557190705594316401403756544.000000000000000000
connection 2 31 6.978171567509107831 0 0.000000000000000000 -3896019119952343579410515557190705594316401403756544.000000000000000000
connection 2 32 6.698468245998195236 0 0.000000000000000000 -3896019119952343579410515557190705594316401403756544.000000000000000000
connection 2 33 3.762785050420460742 0 0.000000000000000000 -3896019119952343579410515557190705594316401403756544.000000000000000000
connection 2 43 -0.372550376264287220 0 0.000000000000000000 -3896019119952343579410515557190705594316401403756544.000000000000000000
connection 2 34 5.868103511247951154 0 0.000000000000000000 -3896019119952343579410515557190705594316401403756544.000000000000000000
connection 2 35 6.778975087191483340 0 0.000000000000000000 -3896019119952343579410515557190705594316401403756544.000000000000000000
connection 2 36 4.764204817693225458 0 0.000000000000000000 -3896019119952343579410515557190705594316401403756544.000000000000000000
connection 2 38 -3.926467211459618856 0 0.000000000000000000 -3896019119952343579410515557190705594316401403756544.000000000000000000
connection 2 39 -4.447434352977360561 0 0.000000000000000000 -3896019119952343579410515557190705594316401403756544.000000000000000000
connection 2 41 -2.678869948129063872 0 0.000000000000000000 -3896019119952343579410515557190705594316401403756544.000000000000000000
connection 3 22 6.600138610813176321 0 0.000000000000000000 -3896019119952343579410515557190705594316401403756544.000000000000000000
connection 3 44 1.770979930970630889 0 0.000000000000000000 -3896019119952343579410515557190705594316401403756544.000000000000000000
connection 3 23 7.146344403390827438 0 0.000000000000000000 -3896019119952343579410515557190705594316401403756544.000000000000000000
connection 3 24 5.691390479886584863 0 0.000000000000000000 -3896019119952343579410515557190705594316401403756544.000000000000000000
connection 3 26 6.714685064125799130 0 0.000000000000000000 -3896019119952343579410515557190705594316401403756544.000000000000000000
connection 3 27 2.423244792419360749 0 0.000000000000000000 -3896019119952343579410515557190705594316401403756544.000000000000000000
connection 3 28 0.245502970160306949 0 0.000000000000000000 -3896019119952343579410515557190705594316401403756544.000000000000000000
connection 3 29 2.922492496605811230 0 0.000000000000000000 -3896019119952343579410515557190705594316401403756544.000000000000000000
connection 3 30 5.426950975636153807 0 0.000000000000000000 -3896019119952343579410515557190705594316401403756544.000000000000000000
connection 3 31 6.903087433207975465 0 0.000000000000000000 -3896019119952343579410515557190705594316401403756544.000000000000000000
connection 3 32 6.699586355261017090 0 0.000000000000000000 -3896019119952343579410515557190705594316401403756544.000000000000000000
connection 3 33 3.688260030233682318 0 0.000000000000000000 -3896019119952343579410515557190705594316401403756544.000000000000000000
connection 3 43 -0.640040088728005108 0 0.000000000000000000 -3896019119952343579410515557190705594316401403756544.000000000000000000
connection 3 34 5.804717338329136389 0 0.000000000000000000 -3896019119952343579410515557190705594316401403756544.000000000000000000
connection 3 35 6.703081958554660602 0 0.000000000000000000 -3896019119952343579410515557190705594316401403756544.000000000000000000
connection 3 36 4.588897847325544177 0 0.000000000000000000 -3896019119952343579410515557190705594316401403756544.000000000000000000
connection 3 42 -0.424737987089008173 0 0.000000000000000000 -3896019119952343579410515557190705594316401403756544.000000000000000000
connection 3 38 -4.333740225281188074 0 0.000000000000000000 -3896019119952343579410515557190705594316401403756544.000000000000000000
connection 3 39 -4.834351385340352358 0 0.000000000000000000 -3896019119952343579410515557190705594316401403756544.000000000000000000
connection 3 41 -2.965906132886453328 0 0.000000000000000000 -3896019119952343579410515557190705594316401403756544.000000000000000000
connection 4 45 5.087871605386546037 0 0.000000000000000000 -3896019119952343579410515557190705594316401403756544.000000000000000000
connection 4 22 6.645984114094962258 0 0.000000000000000000 -3896019119952343579410515557190705594316401403756544.000000000000000000
connection 4 46 4.370679138951836684 0 0.000000000000000000 -3896019119952343579410515557190705594316401403756544.000000000000000000
connection 4 44 1.857143358487201912 0 0.000000000000000000 -3896019119952343579410515557190705594316401403756544.000000000000000000
connection 4 23 7.153647062517798361 0 0.000000000000000000 -3896019119952343579410515557190705594316401403756544.000000000000000000
connection 4 47 3.476396455197767299 0 0.000000000000000000 -3896019119952343579410515557190705594316401403756544.000000000000000000
connection 4 24 5.729173313137821744 0 0.000000000000000000 -3896019119952343579410515557190705594316401403756544.000000000000000000
connection 4 26 6.641887269125991367 0 0.000000000000000000 -3896019119952343579410515557190705594316401403756544.000000000000000000
connection 4 27 2.219299490499934358 0 0.000000000000000000 -3896019119952343579410515557190705594316401403756544.000000000000000000
connection 4 29 2.656008360658318690 0 0.000000000000000000 -3896019119952343579410515557190705594316401403756544.000000000000000000
connection 4 30 5.250987265771469126 0 0.000000000000000000 -3896019119952343579410515557190705594316401403756544.000000000000000000
connection 4 31 6.810457254340841260 0 0.000000000000000000 -3896019119952343579410515557190705594316401403756544.000000000000000000
connection 4 32 6.689321025957629452 0 0.000000000000000000 -3896019119952343579410515557190705594316401403756544.000000000000000000
connection 4 33 3.576423732063044536 0 0.000000000000000000 -3896019119952343579410515557190705594316401403756544.000000000000000000
connection 4 43 -0.953000856229458737 0 0.000000000000000000 -3896019119952343579410515557190705594316401403756544.000000000000000000
connection 4 48 -2.381894382044242864 0 0.000000000000000000 -3896019119952343579410515557190705594316401403756544.000000000000000000
connection 4 34 5.714422157442351491 0 0.000000000000000000 -3896019119952343579410515557190705594316401403756544.000000000000000000
connection 4 35 6.604726287030836751 0 0.000000000000000000 -3896019119952343579410515557190705594316401403756544.000000000000000000
connection 4 36 4.370582324834192178 0 0.000000000000000000 -3896019119952343579410515557190705594316401403756544.000000000000000000
connection 4 49 -2.942614288937066114 0 0.000000000000000000 -3896019119952343579410515557190705594316401403756544.000000000000000000
connection 4 42 -0.856395793535384198 0 0.000000000000000000 -3896019119952343579410515557190705594316401403756544.000000000000000000
connection 4 38 -4.724004935767485591 0 0.000000000000000000 -3896019119952343579410515557190705594316401403756544.000000000000000000
connection 4 39 -5.204471475574108830 0 0.000000000000000000 -3896019119952343579410515557190705594316401403756544.000000000000000000
connection 4 41 -3.285440420331748435 0 0.000000000000000000 -3896019119952343579410515557190705594316401403756544.000000000000000000
connection 5 45 5.185411286821582699 0 0.000000000000000000 -3896019119952343579410515557190705594316401403756544.000000000000000000
connection 5 22 6.686492425887726299 0 0.000000000000000000 -3896019119952343579410515557190705594316401403756544.000000000000000000
connection 5 46 4.456781432479865579 0 0.000000000000000000 -3896019119952343579410515557190705594316401403756544.000000000000000000
connection 5 23 7.156476225564155413 0 0.000000000000000000 -3896019119952343579410515557190705594316401403756544.000000000000000000
connection 5 47 3.517537703170086960 0 0.000000000000000000 -3896019119952343579410515557190705594316401403756544.000000000000000000
connection 5 24 5.752289882520683406 0 0.000000000000000000 -3896019119952343579410515557190705594316401403756544.000000000000000000
connection 5 26 6.557681167765805341 0 0.000000000000000000 -3896019119952343579410515557190705594316401403756544.000000000000000000
connection 5 27 1.997376071092473948 0 0.000000000000000000 -3896019119952343579410515557190705594316401403756544.000000000000000000
connection 5 29 2.357593132357254095 0 0.000000000000000000 -3896019119952343579410515557190705594316401403756544.000000000000000000
connection 5 30 5.049012486134435207 0 0.000000000000000000 -3896019119952343579410515557190705594316401403756544.000000000000000000
connection 5 31 6.695972530511698828 0 0.000000000000000000 -3896019119952343579410515557190705594316401403756544.000000000000000000
connection 5 32 6.666011653219807265 0 0.000000000000000000 -3896019119952343579410515557190705594316401403756544.000000000000000000
connection 5 33 3.423352490766800038 0 0.000000000000000000 -3896019119952343579410515557190705594316401403756544.000000000000000000
connection 5 43 -1.308947917388472382 0 0.000000000000000000 -3896019119952343579410515557190705594316401403756544.000000000000000000
connection 5 48 -2.732522199362376725 0 0.000000000000000000 -3896019119952343579410515557190705594316401403756544.000000000000000000
connection 5 34 5.593590548234197435 0 0.000000000000000000 -3896019119952343579410515557190705594316401403756544.000000000000000000
connection 5 35 6.479687404021915675 0 0.000000000000000000 -3896019119952343579410515557190705594316401403756544.000000000000000000
connection 5 36 4.106509869864575890 0 0.000000000000000000 -3896019119952343579410515557190705594316401403756544.000000000000000000
connection 5 49 -3.369291320975081661 0 0.000000000000000000 -3896019119952343579410515557190705594316401403756544.000000000000000000
connection 5 42 -1.313201537066337909 0 0.000000000000000000 -3896019119952343579410515557190705594316401403756544.000000000000000000
connection 5 38 -5.086712648428597383 0 0.000000000000000000 -3896019119952343579410515557190705594316401403756544.000000000000000000
connection 5 39 -5.548211441217070217 0 0.000000000000000000 -3896019119952343579410515557190705594316401403756544.000000000000000000
connection 5 41 -3.633271169743014894 0 0.000000000000000000 -3896019119952343579410515557190705594316401403756544.000000000000000000
connection 6 45 5.274983764451190105 0 0.000000000000000000 -3896019119952343579410515557190705594316401403756544.000000000000000000
connection 6 22 6.721231331754382587 0 0.000000000000000000 -3896019119952343579410515557190705594316401403756544.000000000000000000
connection 6 46 4.530012116011794099 0 0.000000000000000000 -3896019119952343579410515557190705594316401403756544.000000000000000000
connection 6 23 7.154186987703957001 0 0.000000000000000000 -3896019119952343579410515557190705594316401403756544.000000000000000000
connection 6 47 3.536548364446871151 0 0.000000000000000000 -3896019119952343579410515557190705594316401403756544.000000000000000000
connection 6 24 5.758880133540355217 0 0.000000000000000000 -3896019119952343579410515557190705594316401403756544.000000000000000000
connection 6 26 6.459415777991622143 0 0.000000000000000000 -3896019119952343579410515557190705594316401403756544.000000000000000000
connection 6 27 1.753530822485179552 0 0.000000000000000000 -3896019119952343579410515557190705594316401403756544.000000000000000000
connection 6 28 -0.328302240668745970 0 0.000000000000000000 -3896019119952343579410515557190705594316401403756544.000000000000000000
connection 6 29 2.022005603654010830 0 0.000000000000000000 -3896019119952343579410515557190705594316401403756544.000000000000000000
connection 6 30 4.815525550121521725 0 0.000000000000000000 -3896019119952343579410515557190705594316401403756544.000000000000000000
connection 6 31 6.554291532717642532 0 0.000000000000000000 -3896019119952343579410515557190705594316401403756544.000000000000000000
connection 6 32 6.627639528012780445 0 0.000000000000000000 -3896019119952343579410515557190705594316401403756544.000000000000000000
connection 6 33 3.225416486121286397 0 0.000000000000000000 -3896019119952343579410515557190705594316401403756544.000000000000000000
connection 6 43 -1.702582550401025907 0 0.000000000000000000 -3896019119952343579410515557190705594316401403756544.000000000000000000
connection 6 48 -3.111867297375516817 0 0.000000000000000000 -3896019119952343579410515557190705594316401403756544.000000000000000000
connection 6 34 5.438313369213513937 0 0.000000000000000000 -3896019119952343579410515557190705594316401403756544.000000000000000000
connection 6 35 6.323132601116567386 0 0.000000000000000000 -3896019119952343579410515557190705594316401403756544.000000000000000000
connection 6 36 3.795393140585300973 0 0.000000000000000000 -3896019119952343579410515557190705594316401403756544.000000000000000000
connection 6 49 -3.795056045727831506 0 0.000000000000000000 -3896019119952343579410515557190705594316401403756544.000000000000000000
connection 6 42 -1.781640514624468485 0 0.000000000000000000 -3896019119952343579410515557190705594316401403756544.000000000000000000
connection 6 38 -5.413654955553467651 0 0.000000000000000000 -3896019119952343579410515557190705594316401403756544.000000000000000000
connection 6 39 -5.858281490620975696 0 0.000000000000000000 -3896019119952343579410515557190705594316401403756544.000000000000000000
connection 6 40 -5.416314096386080301 0 0.000000000000000000 -3896019119952343579410515557190705594316401403756544.000000000000000000
connection 6 41 -4.002832548436371596 0 0.000000000000000000 -3896019119952343579410515557190705594316401403756544.000000000000000000
connection 7 45 5.355492428784317305 0 0.000000000000000000 -3896019119952343579410515557190705594316401403756544.000000000000000000
connection 7 22 6.749671427770779886 0 0.000000000000000000 -3896019119952343579410515557190705594316401403756544.000000000000000000
connection 7 46 4.588275521942907886 0 0.000000000000000000 -3896019119952343579410515557190705594316401403756544.000000000000000000
connection 7 23 7.145969269277220093 0 0.000000000000000000 -3896019119952343579410515557190705594316401403756544.000000000000000000
connection 7 47 3.529949214961087822 0 0.000000000000000000 -3896019119952343579410515557190705594316401403756544.000000000000000000
connection 7 24 5.746813343359146842 0 0.000000000000000000 -3896019119952343579410515557190705594316401403756544.000000000000000000
connection 7 26 6.343778697402861155 0 0.000000000000000000 -3896019119952343579410515557190705594316401403756544.000000000000000000
connection 7 27 1.483420449964119481 0 0.000000000000000000 -3896019119952343579410515557190705594316401403756544.000000000000000000
connection 7 28 -0.567095992847156949 0 0.000000000000000000 -3896019119952343579410515557190705594316401403756544.000000000000000000
connection 7 29 1.644067941567685542 0 0.000000000000000000 -3896019119952343579410515557190705594316401403756544.000000000000000000
connection 7 30 4.544131267207936808 0 0.000000000000000000 -3896019119952343579410515557190705594316401403756544.000000000000000000
connection 7 31 6.378883273789396569 0 0.000000000000000000 -3896019119952343579410515557190705594316401403756544.000000000000000000
connection 7 32 6.571758201177946290 0 0.000000000000000000 -3896019119952343579410515557190705594316401403756544.000000000000000000
connection 7 33 2.979685960148293677 0 0.000000000000000000 -3896019119952343579410515557190705594316401403756544.000000000000000000
connection 7 48 -3.511290610043929838 0 0.000000000000000000 -3896019119952343579410515557190705594316401403756544.000000000000000000
connection 7 34 5.244627962870283433 0 0.000000000000000000 -3896019119952343579410515557190705594316401403756544.000000000000000000
connection 7 35 6.129781935545704386 0 0.000000000000000000 -3896019119952343579410515557190705594316401403756544.000000000000000000
connection 7 36 3.438253109274166608 0 0.000000000000000000 -3896019119952343579410515557190705594316401403756544.000000000000000000
connection 7 37 0.511829615351205969 0 0.000000000000000000 -3896019119952343579410515557190705594316401403756544.000000000000000000
connection 7 49 -4.206958056022132908 0 0.000000000000000000 -3896019119952343579410515557190705594316401403756544.000000000000000000
connection 7 38 -5.699420448475543743 0 0.000000000000000000 -3896019119952343579410515557190705594316401403756544.000000000000000000
connection 7 39 -6.130126851811784405 0 0.000000000000000000 -3896019119952343579410515557190705594316401403756544.000000000000000000
connection 7 40 -5.749209129180070654 0 0.000000000000000000 -3896019119952343579410515557190705594316401403756544.000000000000000000
connection 7 41 -4.385394495777190649 0 0.000000000000000000 -3896019119952343579410515557190705594316401403756544.000000000000000000
connection 8 45 5.425717579578157590 0 0.000000000000000000 -3896019119952343579410515557190705594316401403756544.000000000000000000
connection 8 22 6.771167383502580073 0 0.000000000000000000 -3896019119952343579410515557190705594316401403756544.000000000000000000
connection 8 46 4.629267848009974706 0 0.000000000000000000 -3896019119952343579410515557190705594316401403756544.000000000000000000
connection 8 23 7.130808908214376629 0 0.000000000000000000 -3896019119952343579410515557190705594316401403756544.000000000000000000
connection 8 47 3.494022607145600201 0 0.000000000000000000 -3896019119952343579410515557190705594316401403756544.000000000000000000
connection 8 24 5.713640961463741341 0 0.000000000000000000 -3896019119952343579410515557190705594316401403756544.000000000000000000
connection 8 50 -0.521456712329323113 0 0.000000000000000000 -3896019119952343579410515557190705594316401403756544.000000000000000000
connection 8 26 6.206657915570182205 0 0.000000000000000000 -3896019119952343579410515557190705594316401403756544.000000000000000000
connection 8 27 1.182465486368476038 0 0.000000000000000000 -3896019119952343579410515557190705594316401403756544.000000000000000000
connection 8 28 -0.835953774552438356 0 0.000000000000000000 -3896019119952343579410515557190705594316401403756544.000000000000000000
connection 8 29 1.219176317498113171 0 0.000000000000000000 -3896019119952343579410515557190705594316401403756544.000000000000000000
connection 8 30 4.227616358021774268 0 0.000000000000000000 -3896019119952343579410515557190705594316401403756544.000000000000000000
connection 8 31 6.161936967646557406 0 0.000000000000000000 -3896019119952343579410515557190705594316401403756544.000000000000000000
connection 8 32 6.495426326485516100 0 0.000000000000000000 -3896019119952343579410515557190705594316401403756544.000000000000000000
connection 8 51 -0.224509366776466102 0 0.000000000000000000 -3896019119952343579410515557190705594316401403756544.000000000000000000
connection 8 33 2.684499075806622947 0 0.000000000000000000 -3896019119952343579410515557190705594316401403756544.000000000000000000
connection 8 48 -3.920084608080881772 0 0.000000000000000000 -3896019119952343579410515557190705594316401403756544.000000000000000000
connection 8 34 5.008921326058292323 0 0.000000000000000000 -3896019119952343579410515557190705594316401403756544.000000000000000000
connection 8 35 5.894276814673609088 0 0.000000000000000000 -3896019119952343579410515557190705594316401403756544.000000000000000000
connection 8 36 3.039303832888585077 0 0.000000000000000000 -3896019119952343579410515557190705594316401403756544.000000000000000000
connection 8 49 -4.593094563460718760 0 0.000000000000000000 -3896019119952343579410515557190705594316401403756544.000000000000000000
connection 8 38 -5.941328737806967020 0 0.000000000000000000 -3896019119952343579410515557190705594316401403756544.000000000000000000
connection 8 39 -6.361876974227440584 0 0.000000000000000000 -3896019119952343579410515557190705594316401403756544.000000000000000000
connection 8 40 -6.047931435827109681 0 0.000000000000000000 -3896019119952343579410515557190705594316401403756544.000000000000000000
connection 9 45 5.484301817937242696 0 0.000000000000000000 -3896019119952343579410515557190705594316401403756544.000000000000000000
connection 9 22 6.784934172979538047 0 0.000000000000000000 -3896019119952343579410515557190705594316401403756544.000000000000000000
connection 9 46 4.650458276372977373 0 0.000000000000000000 -3896019119952343579410515557190705594316401403756544.000000000000000000
connection 9 23 7.107437906930003990 0 0.000000000000000000 -3896019119952343579410515557190705594316401403756544.000000000000000000
connection 9 47 3.424853804323046536 0 0.000000000000000000 -3896019119952343579410515557190705594316401403756544.000000000000000000
connection 9 24 5.656554080312165667 0 0.000000000000000000 -3896019119952343579410515557190705594316401403756544.000000000000000000
connection 9 50 -0.780450417866596524 0 0.000000000000000000 -3896019119952343579410515557190705594316401403756544.000000000000000000
connection 9 26 6.042992796849083526 0 0.000000000000000000 -3896019119952343579410515557190705594316401403756544.000000000000000000
connection 9 27 0.846119815105562889 0 0.000000000000000000 -3896019119952343579410515557190705594316401403756544.000000000000000000
connection 9 28 -1.138034841973302402 0 0.000000000000000000 -3896019119952343579410515557190705594316401403756544.000000000000000000
connection 9 29 0.744015250599836975 0 0.000000000000000000 -3896019119952343579410515557190705594316401403756544.000000000000000000
connection 9 30 3.858191876380826724 0 0.000000000000000000 -3896019119952343579410515557190705594316401403756544.000000000000000000
connection 9 31 5.894424989712787166 0 0.000000000000000000 -3896019119952343579410515557190705594316401403756544.000000000000000000
connection 9 32 6.395158601548971866 0 0.000000000000000000 -3896019119952343579410515557190705594316401403756544.000000000000000000
connection 9 51 -0.612354136758144985 0 0.000000000000000000 -3896019119952343579410515557190705594316401403756544.000000000000000000
connection 9 33 2.340173883409153888 0 0.000000000000000000 -3896019119952343579410515557190705594316401403756544.000000000000000000
connection 9 48 -4.326338705892812442 0 0.000000000000000000 -3896019119952343579410515557190705594316401403756544.000000000000000000
connection 9 34 4.728546827719228851 0 0.000000000000000000 -3896019119952343579410515557190705594316401403756544.000000000000000000
connection 9 35 5.611826910181953565 0 0.000000000000000000 -3896019119952343579410515557190705594316401403756544.000000000000000000
connection 9 36 2.606667033534592282 0 0.000000000000000000 -3896019119952343579410515557190705594316401403756544.000000000000000000
connection 9 37 -0.412892472358939833 0 0.000000000000000000 -3896019119952343579410515557190705594316401403756544.000000000000000000
connection 9 52 -5.630162504100756138 0 0.000000000000000000 -3896019119952343579410515557190705594316401403756544.000000000000000000
connection 9 40 -6.308648399042361632 0 0.000000000000000000 -3896019119952343579410515557190705594316401403756544.000000000000000000
connection 10 45 5.529730683721998830 0 0.000000000000000000 -3896019119952343579410515557190705594316401403756544.000000000000000000
connection 10 22 6.790016652593023672 0 0.000000000000000000 -3896019119952343579410515557190705594316401403756544.000000000000000000
connection 10 46 4.649067180224618845 0 0.000000000000000000 -3896019119952343579410515557190705594316401403756544.000000000000000000
connection 10 23 7.074271440619725126 0 0.000000000000000000 -3896019119952343579410515557190705594316401403756544.000000000000000000
connection 10 47 3.318414779790810343 0 0.000000000000000000 -3896019119952343579410515557190705594316401403756544.000000000000000000
connection 10 24 5.572359621707144939 0 0.000000000000000000 -3896019119952343579410515557190705594316401403756544.000000000000000000
connection 10 50 -1.084334724216798662 0 0.000000000000000000 -3896019119952343579410515557190705594316401403756544.000000000000000000
connection 10 26 5.846630606777202921 0 0.000000000000000000 -3896019119952343579410515557190705594316401403756544.000000000000000000
connection 10 27 0.470273505815700654 0 0.000000000000000000 -3896019119952343579410515557190705594316401403756544.000000000000000000
connection 10 28 -1.475492243381429924 0 0.000000000000000000 -3896019119952343579410515557190705594316401403756544.000000000000000000
connection 10 29 0.217463523425699939 0 0.000000000000000000 -3896019119952343579410515557190705594316401403756544.000000000000000000
connection 10 30 3.427993046034289115 0 0.000000000000000000 -3896019119952343579410515557190705594316401403756544.000000000000000000
connection 10 31 5.566452805348921729 0 0.000000000000000000 -3896019119952343579410515557190705594316401403756544.000000000000000000
connection 10 32 6.266921229246958269 0 0.000000000000000000 -3896019119952343579410515557190705594316401403756544.000000000000000000
connection 10 51 -1.036743795615841401 0 0.000000000000000000 -3896019119952343579410515557190705594316401403756544.000000000000000000
connection 10 43 -3.451417186245652857 0 0.000000000000000000 -3896019119952343579410515557190705594316401403756544.000000000000000000
connection 10 48 -4.718095879451221997 0 0.000000000000000000 -3896019119952343579410515557190705594316401403756544.000000000000000000
connection 10 34 4.402655289211508283 0 0.000000000000000000 -3896019119952343579410515557190705594316401403756544.000000000000000000
connection 10 35 5.279177939637579975 0 0.000000000000000000 -3896019119952343579410515557190705594316401403756544.000000000000000000
connection 10 36 2.152656273121154928 0 0.000000000000000000 -3896019119952343579410515557190705594316401403756544.000000000000000000
connection 10 37 -0.891295617985170763 0 0.000000000000000000 -3896019119952343579410515557190705594316401403756544.000000000000000000
connection 10 52 -5.857816736288429027 0 0.000000000000000000 -3896019119952343579410515557190705594316401403756544.000000000000000000
connection 10 40 -6.530156980081490481 0 0.000000000000000000 -3896019119952343579410515557190705594316401403756544.000000000000000000
connection 11 45 5.560306983386698043 0 0.000000000000000000 -3896019119952343579410515557190705594316401403756544.000000000000000000
connection 11 22 6.785250800711788877 0 0.000000000000000000 -3896019119952343579410515557190705594316401403756544.000000000000000000
connection 11 46 4.622045979383741177 0 0.000000000000000000 -3896019119952343579410515557190705594316401403756544.000000000000000000
connection 11 23 7.029329652792275951 0 0.000000000000000000 -3896019119952343579410515557190705594316401403756544.000000000000000000
connection 11 47 3.170717485352437581 0 0.000000000000000000 -3896019119952343579410515557190705594316401403756544.000000000000000000
connection 11 24 5.457497772047228857 0 0.000000000000000000 -3896019119952343579410515557190705594316401403756544.000000000000000000
connection 11 50 -1.431043924268257772 0 0.000000000000000000 -3896019119952343579410515557190705594316401403756544.000000000000000000
connection 11 53 -2.734863028587221745 0 0.000000000000000000 -3896019119952343579410515557190705594316401403756544.000000000000000000
connection 11 26 5.610222171254828361 0 0.000000000000000000 -3896019119952343579410515557190705594316401403756544.000000000000000000
connection 11 28 -1.848937736584990610 0 0.000000000000000000 -3896019119952343579410515557190705594316401403756544.000000000000000000
connection 11 29 -0.358393350617843387 0 0.000000000000000000 -3896019119952343579410515557190705594316401403756544.000000000000000000
connection 11 30 2.929936594953486573 0 0.000000000000000000 -3896019119952343579410515557190705594316401403756544.000000000000000000
connection 11 31 5.168067287748334238 0 0.000000000000000000 -3896019119952343579410515557190705594316401403756544.000000000000000000
connection 11 32 6.106212317250191646 0 0.000000000000000000 -3896019119952343579410515557190705594316401403756544.000000000000000000
connection 11 51 -1.487457744045388219 0 0.000000000000000000 -3896019119952343579410515557190705594316401403756544.000000000000000000
connection 11 43 -3.866792536885854670 0 0.000000000000000000 -3896019119952343579410515557190705594316401403756544.000000000000000000
connection 11 48 -5.084569500663490338 0 0.000000000000000000 -3896019119952343579410515557190705594316401403756544.000000000000000000
connection 11 34 4.033168229812904571 0 0.000000000000000000 -3896019119952343579410515557190705594316401403756544.000000000000000000
connection 11 35 4.895857310990291644 0 0.000000000000000000 -3896019119952343579410515557190705594316401403756544.000000000000000000
connection 11 37 -1.358331730099608725 0 0.000000000000000000 -3896019119952343579410515557190705594316401403756544.000000000000000000
connection 11 52 -6.039379932506098392 0 0.000000000000000000 -3896019119952343579410515557190705594316401403756544.000000000000000000
connection 11 40 -6.713385692071719646 0 0.000000000000000000 -3896019119952343579410515557190705594316401403756544.000000000000000000
connection 12 45 5.574117887611201638 0 0.000000000000000000 -3896019119952343579410515557190705594316401403756544.000000000000000000
connection 12 22 6.769215172358383548 0 0.000000000000000000 -3896019119952343579410515557190705594316401403756544.000000000000000000
connection 12 46 4.566068226898597260 0 0.000000000000000000 -3896019119952343579410515557190705594316401403756544.000000000000000000
connection 12 23 6.970143644714465125 0 0.000000000000000000 -3896019119952343579410515557190705594316401403756544.000000000000000000
connection 12 47 2.978069615597163100 0 0.000000000000000000 -3896019119952343579410515557190705594316401403756544.000000000000000000
connection 12 24 5.308133408432659905 0 0.000000000000000000 -3896019119952343579410515557190705594316401403756544.000000000000000000
connection 12 54 0.700879236296247932 0 0.000000000000000000 -3896019119952343579410515557190705594316401403756544.000000000000000000
connection 12 53 -3.106462444631635123 0 0.000000000000000000 -3896019119952343579410515557190705594316401403756544.000000000000000000
connection 12 55 5.311746175740163167 0 0.000000000000000000 -3896019119952343579410515557190705594316401403756544.000000000000000000
connection 12 56 2.529083662802679378 0 0.000000000000000000 -3896019119952343579410515557190705594316401403756544.000000000000000000
connection 12 57 5.276421839735064623 0 0.000000000000000000 -3896019119952343579410515557190705594316401403756544.000000000000000000
connection 12 58 6.594037517293420692 0 0.000000000000000000 -3896019119952343579410515557190705594316401403756544.000000000000000000
connection 12 27 -0.410707080020735804 0 0.000000000000000000 -3896019119952343579410515557190705594316401403756544.000000000000000000
connection 12 28 -2.256881950033411410 0 0.000000000000000000 -3896019119952343579410515557190705594316401403756544.000000000000000000
connection 12 29 -0.977333992210583147 0 0.000000000000000000 -3896019119952343579410515557190705594316401403756544.000000000000000000
connection 12 30 2.359007261599779248 0 0.000000000000000000 -3896019119952343579410515557190705594316401403756544.000000000000000000
connection 12 59 4.965500240754142425 0 0.000000000000000000 -3896019119952343579410515557190705594316401403756544.000000000000000000
connection 12 60 1.859812755226551761 0 0.000000000000000000 -3896019119952343579410515557190705594316401403756544.000000000000000000
connection 12 61 4.332303963818295856 0 0.000000000000000000 -3896019119952343579410515557190705594316401403756544.000000000000000000
connection 12 62 5.594886246366383986 0 0.000000000000000000 -3896019119952343579410515557190705594316401403756544.000000000000000000
connection 12 32 5.908282487366070868 0 0.000000000000000000 -3896019119952343579410515557190705594316401403756544.000000000000000000
connection 12 51 -1.951492433444221630 0 0.000000000000000000 -3896019119952343579410515557190705594316401403756544.000000000000000000
connection 12 33 1.060728079196632478 0 0.000000000000000000 -3896019119952343579410515557190705594316401403756544.000000000000000000
connection 12 43 -4.247812460472148999 0 0.000000000000000000 -3896019119952343579410515557190705594316401403756544.000000000000000000
connection 12 48 -5.417143683616401084 0 0.000000000000000000 -3896019119952343579410515557190705594316401403756544.000000000000000000
connection 12 34 3.625719986566695141 0 0.000000000000000000 -3896019119952343579410515557190705594316401403756544.000000000000000000
connection 12 35 4.465511627740649025 0 0.000000000000000000 -3896019119952343579410515557190705594316401403756544.000000000000000000
connection 12 52 -6.175885027506721414 0 0.000000000000000000 -3896019119952343579410515557190705594316401403756544.000000000000000000
connection 12 40 -6.860699864842495721 0 0.000000000000000000 -3896019119952343579410515557190705594316401403756544.000000000000000000
connection 13 45 5.568995309840969021 0 0.000000000000000000 -3896019119952343579410515557190705594316401403756544.000000000000000000
connection 13 22 6.740171891399873161 0 0.000000000000000000 -3896019119952343579410515557190705594316401403756544.000000000000000000
connection 13 46 4.477548403865531768 0 0.000000000000000000 -3896019119952343579410515557190705594316401403756544.000000000000000000
connection 13 23 6.893648165600709810 0 0.000000000000000000 -3896019119952343579410515557190705594316401403756544.000000000000000000
connection 13 47 2.737465596645394239 0 0.000000000000000000 -3896019119952343579410515557190705594316401403756544.000000000000000000
connection 13 24 5.120364243013136196 0 0.000000000000000000 -3896019119952343579410515557190705594316401403756544.000000000000000000
connection 13 54 0.287870339020476596 0 0.000000000000000000 -3896019119952343579410515557190705594316401403756544.000000000000000000
connection 13 53 -3.499873095324416372 0 0.000000000000000000 -3896019119952343579410515557190705594316401403756544.000000000000000000
connection 13 63 -3.909546704211035895 0 0.000000000000000000 -3896019119952343579410515557190705594316401403756544.000000000000000000
connection 13 55 5.007778700479524225 0 0.000000000000000000 -3896019119952343579410515557190705594316401403756544.000000000000000000
connection 13 56 2.036996429556781507 0 0.000000000000000000 -3896019119952343579410515557190705594316401403756544.000000000000000000
connection 13 57 4.886792443258969776 0 0.000000000000000000 -3896019119952343579410515557190705594316401403756544.000000000000000000
connection 13 58 6.413677321776034113 0 0.000000000000000000 -3896019119952343579410515557190705594316401403756544.000000000000000000
connection 13 27 -0.916215744410831978 0 0.000000000000000000 -3896019119952343579410515557190705594316401403756544.000000000000000000
connection 13 28 -2.695249002638287816 0 0.000000000000000000 -3896019119952343579410515557190705594316401403756544.000000000000000000
connection 13 29 -1.628452198307893450 0 0.000000000000000000 -3896019119952343579410515557190705594316401403756544.000000000000000000
connection 13 30 1.713945720219289370 0 0.000000000000000000 -3896019119952343579410515557190705594316401403756544.000000000000000000
connection 13 59 4.463663528727122021 0 0.000000000000000000 -3896019119952343579410515557190705594316401403756544.000000000000000000
connection 13 60 1.067816717118771352 0 0.000000000000000000 -3896019119952343579410515557190705594316401403756544.000000000000000000
connection 13 61 3.717813118489797120 0 0.000000000000000000 -3896019119952343579410515557190705594316401403756544.000000000000000000
connection 13 62 5.221487014454717190 0 0.000000000000000000 -3896019119952343579410515557190705594316401403756544.000000000000000000
connection 13 32 5.668560292516478860 0 0.000000000000000000 -3896019119952343579410515557190705594316401403756544.000000000000000000
connection 13 33 0.586440363320824720 0 0.000000000000000000 -3896019119952343579410515557190705594316401403756544.000000000000000000
connection 13 43 -4.585125991945838919 0 0.000000000000000000 -3896019119952343579410515557190705594316401403756544.000000000000000000
connection 13 48 -5.709937016457349301 0 0.000000000000000000 -3896019119952343579410515557190705594316401403756544.000000000000000000
connection 13 34 3.190301644218211941 0 0.000000000000000000 -3896019119952343579410515557190705594316401403756544.000000000000000000
connection 13 35 3.996987530753890017 0 0.000000000000000000 -3896019119952343579410515557190705594316401403756544.000000000000000000
connection 13 36 0.835939665464102255 0 0.000000000000000000 -3896019119952343579410515557190705594316401403756544.000000000000000000
connection 13 52 -6.268705296171431129 0 0.000000000000000000 -3896019119952343579410515557190705594316401403756544.000000000000000000
connection 13 40 -6.975184066953007189 0 0.000000000000000000 -3896019119952343579410515557190705594316401403756544.000000000000000000
connection 22 31 -3.966904414693146030 0 0.000000000000000000 -3896019119952343579410515557190705594316401403756544.000000000000000000
connection 22 65 -6.553644802158106408 0 0.000000000000000000 -3896019119952343579410515557190705594316401403756544.000000000000000000
connection 23 31 -2.167643693664796256 0 0.000000000000000000 -3896019119952343579410515557190705594316401403756544.000000000000000000
connection 23 32 0.627218912313762700 0 0.000000000000000000 -3896019119952343579410515557190705594316401403756544.000000000000000000
connection 23 65 -6.035916055899139820 0 0.000000000000000000 -3896019119952343579410515557190705594316401403756544.000000000000000000
connection 24 50 0.365323043909495493 0 0.000000000000000000 -3896019119952343579410515557190705594316401403756544.000000000000000000
connection 24 60 0.387593530616216098 0 0.000000000000000000 -3896019119952343579410515557190705594316401403756544.000000000000000000
connection 24 62 -1.395615902244045525 0 0.000000000000000000 -3896019119952343579410515557190705594316401403756544.000000000000000000
connection 24 32 1.580107750833554592 0 0.000000000000000000 -3896019119952343579410515557190705594316401403756544.000000000000000000
connection 24 65 -5.112057417893635325 0 0.000000000000000000 -3896019119952343579410515557190705594316401403756544.000000000000000000
connection 39 68 6.681155919911900831 0 0.000000000000000000 -3896019119952343579410515557190705594316401403756544.000000000000000000
connection 25 53 1.715883603973454408 0 0.000000000000000000 -3896019119952343579410515557190705594316401403756544.000000000000000000
connection 25 31 -2.674839984550688055 0 0.000000000000000000 -3896019119952343579410515557190705594316401403756544.000000000000000000
connection 25 65 -5.648893329834135280 0 0.000000000000000000 -3896019119952343579410515557190705594316401403756544.000000000000000000
connection 26 50 -0.413307736770007150 0 0.000000000000000000 -3896019119952343579410515557190705594316401403756544.000000000000000000
connection 26 61 -1.648359200915294531 0 0.000000000000000000 -3896019119952343579410515557190705594316401403756544.000000000000000000
connection 26 62 -0.743911775836113787 0 0.000000000000000000 -3896019119952343579410515557190705594316401403756544.000000000000000000
connection 26 32 1.681625239674170658 0 0.000000000000000000 -3896019119952343579410515557190705594316401403756544.000000000000000000
connection 26 65 -5.326118752110796883 0 0.000000000000000000 -3896019119952343579410515557190705594316401403756544.000000000000000000
connection 27 72 -5.105251792082878382 0 0.000000000000000000 -3896019119952343579410515557190705594316401403756544.000000000000000000
connection 27 61 -0.435128868122511170 0 0.000000000000000000 -3896019119952343579410515557190705594316401403756544.000000000000000000
connection 37 32 5.346124958559225426 0 0.000000000000000000 -3896019119952343579410515557190705594316401403756544.000000000000000000
connection 37 43 -0.446251105583207908 0 0.000000000000000000 -3896019119952343579410515557190705594316401403756544.000000000000000000
connection 63 53 1.907086157526576731 0 0.000000000000000000 -3896019119952343579410515557190705594316401403756544.000000000000000000
connection 63 31 -2.743607892080313526 0 0.000000000000000000 -3896019119952343579410515557190705594316401403756544.000000000000000000
connection 63 65 -5.516369672352992914 0 0.000000000000000000 -3896019119952343579410515557190705594316401403756544.000000000000000000
connection 28 72 -5.549194665829340067 0 0.000000000000000000 -3896019119952343579410515557190705594316401403756544.000000000000000000
connection 28 31 2.854320608929400205 0 0.000000000000000000 -3896019119952343579410515557190705594316401403756544.000000000000000000
connection 29 72 -5.985470190915513911 0 0.000000000000000000 -3896019119952343579410515557190705594316401403756544.000000000000000000
connection 29 31 3.456368319306398540 0 0.000000000000000000 -3896019119952343579410515557190705594316401403756544.000000000000000000
connection 33 32 4.297529792648157709 0 0.000000000000000000 -3896019119952343579410515557190705594316401403756544.000000000000000000
connection 33 48 -1.282522480256421682 0 0.000000000000000000 -3896019119952343579410515557190705594316401403756544.000000000000000000
connection 30 72 -5.605128008990681643 0 0.000000000000000000 -3896019119952343579410515557190705594316401403756544.000000000000000000
connection 30 61 0.205592638600159888 0 0.000000000000000000 -3896019119952343579410515557190705594316401403756544.000000000000000000
connection 30 32 2.478713457852973256 0 0.000000000000000000 -3896019119952343579410515557190705594316401403756544.000000000000000000
connection 31 72 -6.293554142965966491 0 0.000000000000000000 -3896019119952343579410515557190705594316401403756544.000000000000000000
connection 31 32 3.792491165539883191 0 0.000000000000000000 -3896019119952343579410515557190705594316401403756544.000000000000000000
connection 31 43 -1.666546051017578467 0 0.000000000000000000 -3896019119952343579410515557190705594316401403756544.000000000000000000
connection 46 31 -3.306603824892133670 0 0.000000000000000000 -3896019119952343579410515557190705594316401403756544.000000000000000000
connection 46 65 -6.213170191833105704 0 0.000000000000000000 -3896019119952343579410515557190705594316401403756544.000000000000000000
connection 48 62 1.630096357424680953 0 0.000000000000000000 -3896019119952343579410515557190705594316401403756544.000000000000000000
connection 48 32 4.385078517025259970 0 0.000000000000000000 -3896019119952343579410515557190705594316401403756544.000000000000000000
connection 32 60 2.281027706325512217 0 0.000000000000000000 -3896019119952343579410515557190705594316401403756544.000000000000000000
connection 32 32 2.924689700893326361 0 0.000000000000000000 -3896019119952343579410515557190705594316401403756544.000000000000000000
connection 34 32 4.736659298805435014 0 0.000000000000000000 -3896019119952343579410515557190705594316401403756544.000000000000000000
connection 34 43 -1.100444841171244192 0 0.000000000000000000 -3896019119952343579410515557190705594316401403756544.000000000000000000
connection 35 32 5.042593879307847082 0 0.000000000000000000 -3896019119952343579410515557190705594316401403756544.000000000000000000
connection 35 40 -3.035402619527787671 0 0.000000000000000000 -3896019119952343579410515557190705594316401403756544.000000000000000000
connection 36 32 5.628625138512614257 0 0.000000000000000000 -3896019119952343579410515557190705594316401403756544.000000000000000000
connection 36 43 0.572932812136056513 0 0.000000000000000000 -3896019119952343579410515557190705594316401403756544.000000000000000000
connection 36 40 -2.358983203353063995 0 0.000000000000000000 -3896019119952343579410515557190705594316401403756544.000000000000000000
connection 38 68 6.833112714917679575 0 0.000000000000000000 -3896019119952343579410515557190705594316401403756544.000000000000000000
connection 38 40 -1.241388738792748470 0 0.000000000000000000 -3896019119952343579410515557190705594316401403756544.000000000000000000
connection 40 68 6.212751909773666092 0 0.000000000000000000 -3896019119952343579410515557190705594316401403756544.000000000000000000
connection 42 68 6.670352372895748339 0 0.000000000000000000 -3896019119952343579410515557190705594316401403756544.000000000000000000
connection 42 40 -1.750448964732506996 0 0.000000000000000000 -3896019119952343579410515557190705594316401403756544.000000000000000000
connection 43 62 2.630951099805106885 0 0.000000000000000000 -3896019119952343579410515557190705594316401403756544.000000000000000000
connection 43 32 4.939378394669072136 0 0.000000000000000000 -3896019119952343579410515557190705594316401403756544.000000000000000000
connection 43 43 -1.400563541043355231 0 0.000000000000000000 -3896019119952343579410515557190705594316401403756544.000000000000000000
connection 43 48 -0.510736934968279432 0 0.000000000000000000 -3896019119952343579410515557190705594316401403756544.000000000000000000
connection 44 65 -6.418082285633036399 0 0.000000000000000000 -3896019119952343579410515557190705594316401403756544.000000000000000000
connection 52 68 6.688592771159814987 0 0.000000000000000000 -3896019119952343579410515557190705594316401403756544.000000000000000000
connection 52 40 -1.807455016483225707 0 0.000000000000000000 -3896019119952343579410515557190705594316401403756544.000000000000000000
connection 45 29 -1.658254183272013904 0 0.000000000000000000 -3896019119952343579410515557190705594316401403756544.000000000000000000
connection 45 65 -6.715831326647876409 0 0.000000000000000000 -3896019119952343579410515557190705594316401403756544.000000000000000000
connection 59 72 -5.989678495047263240 0 0.000000000000000000 -3896019119952343579410515557190705594316401403756544.000000000000000000
connection 59 61 0.727306880066765915 0 0.000000000000000000 -3896019119952343579410515557190705594316401403756544.000000000000000000
connection 59 32 3.235093332217117368 0 0.000000000000000000 -3896019119952343579410515557190705594316401403756544.000000000000000000
connection 47 31 -1.579101605994170932 0 0.000000000000000000 -3896019119952343579410515557190705594316401403756544.000000000000000000
connection 47 32 0.756992052027724904 0 0.000000000000000000 -3896019119952343579410515557190705594316401403756544.000000000000000000
connection 47 65 -5.469629201172641508 0 0.000000000000000000 -3896019119952343579410515557190705594316401403756544.000000000000000000
connection 54 60 0.947544518299912486 0 0.000000000000000000 -3896019119952343579410515557190705594316401403756544.000000000000000000
connection 54 62 -0.645136549161251516 0 0.000000000000000000 -3896019119952343579410515557190705594316401403756544.000000000000000000
connection 54 32 2.226187109500299410 0 0.000000000000000000 -3896019119952343579410515557190705594316401403756544.000000000000000000
connection 54 65 -4.496609843755122959 0 0.000000000000000000 -3896019119952343579410515557190705594316401403756544.000000000000000000
connection 49 68 6.502430078037113148 0 0.000000000000000000 -3896019119952343579410515557190705594316401403756544.000000000000000000
connection 50 31 -0.863075366478158523 0 0.000000000000000000 -3896019119952343579410515557190705594316401403756544.000000000000000000
connection 50 32 1.328466990559881600 0 0.000000000000000000 -3896019119952343579410515557190705594316401403756544.000000000000000000
connection 50 65 -4.890010479288119605 0 0.000000000000000000 -3896019119952343579410515557190705594316401403756544.000000000000000000
connection 51 62 1.136057209631408771 0 0.000000000000000000 -3896019119952343579410515557190705594316401403756544.000000000000000000
connection 51 32 3.706097717472067288 0 0.000000000000000000 -3896019119952343579410515557190705594316401403756544.000000000000000000
connection 53 53 0.741043270339615812 0 0.000000000000000000 -3896019119952343579410515557190705594316401403756544.000000000000000000
connection 53 31 -1.857497234391238150 0 0.000000000000000000 -3896019119952343579410515557190705594316401403756544.000000000000000000
connection 53 65 -5.226841253620009731 0 0.000000000000000000 -3896019119952343579410515557190705594316401403756544.000000000000000000
connection 55 24 -1.016494162706665039 0 0.000000000000000000 -3896019119952343579410515557190705594316401403756544.000000000000000000
connection 55 50 0.525457170625175274 0 0.000000000000000000 -3896019119952343579410515557190705594316401403756544.000000000000000000
connection 55 62 -1.732072349842517678 0 0.000000000000000000 -3896019119952343579410515557190705594316401403756544.000000000000000000
connection 55 32 1.297616222880293879 0 0.000000000000000000 -3896019119952343579410515557190705594316401403756544.000000000000000000
connection 55 65 -5.769472489284183325 0 0.000000000000000000 -3896019119952343579410515557190705594316401403756544.000000000000000000
connection 56 24 -2.057578549553873870 0 0.000000000000000000 -3896019119952343579410515557190705594316401403756544.000000000000000000
connection 56 50 -0.684629586272873625 0 0.000000000000000000 -3896019119952343579410515557190705594316401403756544.000000000000000000
connection 56 61 -1.507036635600588426 0 0.000000000000000000 -3896019119952343579410515557190705594316401403756544.000000000000000000
connection 56 32 1.633411310667733707 0 0.000000000000000000 -3896019119952343579410515557190705594316401403756544.000000000000000000
connection 56 65 -5.360534747892307550 0 0.000000000000000000 -3896019119952343579410515557190705594316401403756544.000000000000000000
connection 57 50 -1.282136283652257847 0 0.000000000000000000 -3896019119952343579410515557190705594316401403756544.000000000000000000
connection 57 61 -0.820347015234869859 0 0.000000000000000000 -3896019119952343579410515557190705594316401403756544.000000000000000000
connection 57 32 2.150029926445512274 0 0.000000000000000000 -3896019119952343579410515557190705594316401403756544.000000000000000000
connection 57 65 -4.803509753016115269 0 0.000000000000000000 -3896019119952343579410515557190705594316401403756544.000000000000000000
connection 62 32 4.015628639694768687 0 0.000000000000000000 -3896019119952343579410515557190705594316401403756544.000000000000000000
connection 62 43 -1.829312069104641614 0 0.000000000000000000 -3896019119952343579410515557190705594316401403756544.000000000000000000
connection 58 60 0.893040338603879769 0 0.000000000000000000 -3896019119952343579410515557190705594316401403756544.000000000000000000
connection 58 62 -0.976632197768525723 0 0.000000000000000000 -3896019119952343579410515557190705594316401403756544.000000000000000000
connection 58 32 1.687784849961442957 0 0.000000000000000000 -3896019119952343579410515557190705594316401403756544.000000000000000000
connection 58 65 -5.272365271176322032 0 0.000000000000000000 -3896019119952343579410515557190705594316401403756544.000000000000000000
connection 60 72 -6.308920247648822865 0 0.000000000000000000 -3896019119952343579410515557190705594316401403756544.000000000000000000
connection 60 31 3.935604290031168961 0 0.000000000000000000 -3896019119952343579410515557190705594316401403756544.000000000000000000
connection 60 32 3.509281360410251516 0 0.000000000000000000 -3896019119952343579410515557190705594316401403756544.000000000000000000
connection 60 43 -1.482659778997631017 0 0.000000000000000000 -3896019119952343579410515557190705594316401403756544.000000000000000000
connection 61 72 -6.524229615630976475 0 0.000000000000000000 -3896019119952343579410515557190705594316401403756544.000000000000000000
connection 61 31 4.290541362457634733 0 0.000000000000000000 -3896019119952343579410515557190705594316401403756544.000000000000000000
connection 61 32 4.323365431464783804 0 0.000000000000000000 -3896019119952343579410515557190705594316401403756544.000000000000000000
connection 61 43 -0.723821876429979527 0 0.000000000000000000 -3896019119952343579410515557190705594316401403756544.000000000000000000
connection 72 14 4.659599476112060934 0 0.000000000000000000 -3896019119952343579410515557190705594316401403756544.000000000000000000
connection 68 14 6.372606388371313102 0 0.000000000000000000 -3896019119952343579410515557190705594316401403756544.000000000000000000
connection 65 14 6.927264004974945877 0 0.000000000000000000 -3896019119952343579410515557190705594316401403756544.000000000000000000
connection 41 14 5.733079394366316528 0 0.000000000000000000 -3896019119952343579410515557190705594316401403756544.000000000000000000
connection 72 15 1.750918868274251805 0 0.000000000000000000 -3896019119952343579410515557190705594316401403756544.000000000000000000
connection 41 15 3.154555407149447710 0 0.000000000000000000 -3896019119952343579410515557190705594316401403756544.000000000000000000
connection 72 16 -1.394780844887601567 0 0.000000000000000000 -3896019119952343579410515557190705594316401403756544.000000000000000000
connection 68 16 2.637399521579328443 0 0.000000000000000000 -3896019119952343579410515557190705594316401403756544.000000000000000000
connection 41 16 0.306520386233100794 0 0.000000000000000000 -3896019119952343579410515557190705594316401403756544.000000000000000000
connection 72 17 -3.033994558549077514 0 0.000000000000000000 -3896019119952343579410515557190705594316401403756544.000000000000000000
connection 68 17 -0.385273269084145997 0 0.000000000000000000 -3896019119952343579410515557190705594316401403756544.000000000000000000
connection 68 18 -2.031457275960677933 0 0.000000000000000000 -3896019119952343579410515557190705594316401403756544.000000000000000000
NNend

