NNstart
14 8
neuron 1 1.000000000000000000 0.000000000000000000 0.000000000000000000 -0.000000000000000000 11 0.000000000000000000
neuron 1 1.000000000000000000 0.000000000000000000 0.000000000000000000 -0.000000000000000000 11 0.000000000000000000
neuron 1 1.000000000000000000 0.000000000000000000 0.000000000000000000 -0.000000000000000000 11 0.000000000000000000
neuron 1 1.000000000000000000 0.000000000000000000 0.000000000000000000 -0.000000000000000000 11 0.000000000000000000
neuron 1 1.000000000000000000 0.000000000000000000 0.000000000000000000 -0.000000000000000000 11 0.000000000000000000
neuron 1 1.000000000000000000 0.000000000000000000 0.000000000000000000 -0.000000000000000000 11 0.000000000000000000
neuron 1 1.000000000000000000 0.000000000000000000 0.000000000000000000 -0.000000000000000000 11 0.000000000000000000
neuron 1 1.000000000000000000 0.000000000000000000 0.000000000000000000 -0.000000000000000000 11 0.000000000000000000
neuron 1 1.000000000000000000 0.000000000000000000 0.000000000000000000 -0.000000000000000000 11 0.000000000000000000
neuron 1 1.000000000000000000 0.000000000000000000 0.000000000000000000 -0.000000000000000000 11 0.000000000000000000
neuron 1 1.000000000000000000 0.000000000000000000 0.000000000000000000 -0.000000000000000000 11 0.000000000000000000
neuron 1 1.000000000000000000 0.000000000000000000 0.000000000000000000 -0.000000000000000000 11 0.000000000000000000
neuron 1 1.000000000000000000 0.000000000000000000 0.000000000000000000 -0.000000000000000000 11 0.000000000000000000
neuron 2 1.000000000000000000 0.000000000000000000 0.000000000000000000 0.000000000000000000 11 0.000000000000000000
neuron 4 1.000000000000000000 0.000000000000000000 0.000000000000000000 -0.000000000000000000 1 0.000000000000000000
neuron 4 1.000000000000000000 0.000000000000000000 0.000000000000000000 -0.000000000000000000 1 0.000000000000000000
neuron 4 1.000000000000000000 0.000000000000000000 0.000000000000000000 -0.000000000000000000 1 0.000000000000000000
neuron 4 1.000000000000000000 0.000000000000000000 0.000000000000000000 -0.000000000000000000 1 0.000000000000000000
neuron 4 1.000000000000000000 0.000000000000000000 0.000000000000000000 -0.000000000000000000 1 0.000000000000000000
neuron 4 1.000000000000000000 0.000000000000000000 0.000000000000000000 -0.000000000000000000 1 0.000000000000000000
neuron 4 1.000000000000000000 0.000000000000000000 0.000000000000000000 -0.000000000000000000 1 0.000000000000000000
neuron 4 1.000000000000000000 0.000000000000000000 0.000000000000000000 -0.000000000000000000 1 0.000000000000000000
neuron 3 1.000000000000000000 0.000000000000000000 0.000000000000000000 -0.000000000000000000 0 0.000000000000000000
neuron 3 1.000000000000000000 0.000000000000000000 0.000000000000000000 -0.000000000000000000 0 0.000000000000000000
neuron 3 1.000000000000000000 0.000000000000000000 0.000000000000000000 -0.000000000000000000 0 0.000000000000000000
neuron 3 1.000000000000000000 0.000000000000000000 0.000000000000000000 -0.000000000000000000 0 0.000000000000000000
connection 0 22 3.853250687237307126 0 0.000000000000000000 -0.000000000000000000
connection 0 23 1.990037116914166626 0 0.000000000000000000 -0.000000000000000000
connection 0 24 1.957338438732768804 0 0.000000000000000000 -0.000000000000000000
connection 0 25 3.860787049054120512 0 0.000000000000000000 -0.000000000000000000
connection 1 22 3.739147150862668578 0 0.000000000000000000 -0.000000000000000000
connection 1 23 1.765894459687752605 0 0.000000000000000000 -0.000000000000000000
connection 1 24 1.737157310816292766 0 0.000000000000000000 -0.000000000000000000
connection 1 25 3.748909772602130541 0 0.000000000000000000 -0.000000000000000000
connection 2 22 3.598206782986996810 0 0.000000000000000000 -0.000000000000000000
connection 2 23 1.525833204009229949 0 0.000000000000000000 -0.000000000000000000
connection 2 24 1.502223301679877610 0 0.000000000000000000 -0.000000000000000000
connection 2 25 3.610957511079889048 0 0.000000000000000000 -0.000000000000000000
connection 3 22 3.428244404466556539 0 0.000000000000000000 -0.000000000000000000
connection 3 23 1.268492974919506411 0 0.000000000000000000 -0.000000000000000000
connection 3 24 1.251159149067481602 0 0.000000000000000000 -0.000000000000000000
connection 3 25 3.444661935439864209 0 0.000000000000000000 -0.000000000000000000
connection 4 22 3.227470760812809925 0 0.000000000000000000 -0.000000000000000000
connection 4 23 0.992778627742759268 0 0.000000000000000000 -0.000000000000000000
connection 4 24 0.982763765003619616 0 0.000000000000000000 -0.000000000000000000
connection 4 25 3.248062413917006452 0 0.000000000000000000 -0.000000000000000000
connection 5 22 2.994822548018869046 0 0.000000000000000000 -0.000000000000000000
connection 5 23 0.698130524970859589 0 0.000000000000000000 -0.000000000000000000
connection 5 24 0.696261589494277078 0 0.000000000000000000 -0.000000000000000000
connection 5 25 3.019817300260002835 0 0.000000000000000000 -0.000000000000000000
connection 6 22 2.730349953324130663 0 0.000000000000000000 -0.000000000000000000
connection 6 23 0.384831572107011521 0 0.000000000000000000 -0.000000000000000000
connection 6 24 0.391596184340794962 0 0.000000000000000000 -0.000000000000000000
connection 6 25 2.759580625074672611 0 0.000000000000000000 -0.000000000000000000
connection 7 22 2.435621097340570529 0 0.000000000000000000 -0.000000000000000000
connection 7 25 2.468411373592688918 0 0.000000000000000000 -0.000000000000000000
connection 8 22 2.114074100589022009 0 0.000000000000000000 -0.000000000000000000
connection 8 23 -0.290584746196780708 0 0.000000000000000000 -0.000000000000000000
connection 8 24 -0.267042688541631323 0 0.000000000000000000 -0.000000000000000000
connection 8 25 2.149154146141789568 0 0.000000000000000000 -0.000000000000000000
connection 9 22 1.771224511184511297 0 0.000000000000000000 -0.000000000000000000
connection 9 23 -0.645488531976926683 0 0.000000000000000000 -0.000000000000000000
connection 9 24 -0.614991827493813870 0 0.000000000000000000 -0.000000000000000000
connection 9 25 1.806703707470192599 0 0.000000000000000000 -0.000000000000000000
connection 10 22 1.414633075822059327 0 0.000000000000000000 -0.000000000000000000
connection 10 23 -1.004517811511868919 0 0.000000000000000000 -0.000000000000000000
connection 10 24 -0.968847412903184768 0 0.000000000000000000 -0.000000000000000000
connection 10 25 1.448055383459772028 0 0.000000000000000000 -0.000000000000000000
connection 11 22 1.053569299578128948 0 0.000000000000000000 -0.000000000000000000
connection 11 23 -1.360542426303607222 0 0.000000000000000000 -0.000000000000000000
connection 11 24 -1.322010341566332459 0 0.000000000000000000 -0.000000000000000000
connection 11 25 1.082063034195693163 0 0.000000000000000000 -0.000000000000000000
connection 12 22 0.698371217021497848 0 0.000000000000000000 -0.000000000000000000
connection 12 23 -1.705635899491861673 0 0.000000000000000000 -0.000000000000000000
connection 12 24 -1.666924082331227908 0 0.000000000000000000 -0.000000000000000000
connection 12 25 0.718882409943637724 0 0.000000000000000000 -0.000000000000000000
connection 13 22 0.359583579932643005 0 0.000000000000000000 -0.000000000000000000
connection 13 25 0.369158231597202735 0 0.000000000000000000 -0.000000000000000000
connection 22 22 -2.085226508112867361 0 0.000000000000000000 -0.000000000000000000
connection 22 23 -3.077275985934766478 0 0.000000000000000000 -0.000000000000000000
connection 22 24 -3.806942239768342340 0 0.000000000000000000 -0.000000000000000000
connection 22 25 -2.483868089352501141 0 0.000000000000000000 -0.000000000000000000
connection 23 24 -3.153878000274652482 0 0.000000000000000000 -0.000000000000000000
connection 23 25 -2.221392207981509159 0 0.000000000000000000 -0.000000000000000000
connection 24 22 -2.459579039597149297 0 0.000000000000000000 -0.000000000000000000
connection 24 24 -3.041414028850157436 0 0.000000000000000000 -0.000000000000000000
connection 24 25 -3.646895224178041683 0 0.000000000000000000 -0.000000000000000000
connection 25 22 -3.574010946372767616 0 0.000000000000000000 -0.000000000000000000
connection 25 23 -3.070883965345093003 0 0.000000000000000000 -0.000000000000000000
connection 25 24 -3.858772484142685588 0 0.000000000000000000 -0.000000000000000000
connection 25 25 -3.652610530400905997 0 0.000000000000000000 -0.000000000000000000
connection 25 15 -1.762048484730521558 0 0.000000000000000000 -0.000000000000000000
connection 22 16 -2.821845011549266147 0 0.000000000000000000 -0.000000000000000000
connection 25 16 -2.252449480982840591 0 0.000000000000000000 -0.000000000000000000
connection 22 17 -3.284135027834317100 0 0.000000000000000000 -0.000000000000000000
connection 25 17 -2.622948342542067657 0 0.000000000000000000 -0.000000000000000000
connection 22 18 -3.610797626611935041 0 0.000000000000000000 -0.000000000000000000
connection 24 18 -1.470252422087919175 0 0.000000000000000000 -0.000000000000000000
connection 25 18 -2.901003640175038978 0 0.000000000000000000 -0.000000000000000000
connection 22 19 -3.830929574858157771 0 0.000000000000000000 -0.000000000000000000
connection 23 19 -2.553984389023971069 0 0.000000000000000000 -0.000000000000000000
connection 24 19 -2.006083608808326701 0 0.000000000000000000 -0.000000000000000000
connection 25 19 -3.112715704767691882 0 0.000000000000000000 -0.000000000000000000
connection 22 20 -3.971571077141076156 0 0.000000000000000000 -0.000000000000000000
connection 23 20 -3.081429818321659742 0 0.000000000000000000 -0.000000000000000000
connection 24 20 -2.414234981820297943 0 0.000000000000000000 -0.000000000000000000
connection 25 20 -3.279285407525813323 0 0.000000000000000000 -0.000000000000000000
connection 22 21 -4.054722343580504429 0 0.000000000000000000 -0.000000000000000000
connection 23 21 -3.463449217176397088 0 0.000000000000000000 -0.000000000000000000
connection 24 21 -2.720856151912443011 0 0.000000000000000000 -0.000000000000000000
connection 25 21 -3.416141208385900185 0 0.000000000000000000 -0.000000000000000000
NNend

