NNstart
10 7
neuron 1 1.000000000000000000 0.000000000000000000 0.000000000000000000 0.000000000000000000 11 0.000000000000000000
neuron 1 1.000000000000000000 0.000000000000000000 0.000000000000000000 0.000000000000000000 11 0.000000000000000000
neuron 1 1.000000000000000000 0.000000000000000000 0.000000000000000000 0.000000000000000000 11 0.000000000000000000
neuron 1 1.000000000000000000 0.000000000000000000 0.000000000000000000 0.000000000000000000 11 0.000000000000000000
neuron 1 1.000000000000000000 0.000000000000000000 0.000000000000000000 0.000000000000000000 11 0.000000000000000000
neuron 1 1.000000000000000000 0.000000000000000000 0.000000000000000000 0.000000000000000000 11 0.000000000000000000
neuron 1 1.000000000000000000 0.000000000000000000 0.000000000000000000 0.000000000000000000 11 0.000000000000000000
neuron 1 1.000000000000000000 0.000000000000000000 0.000000000000000000 0.000000000000000000 11 0.000000000000000000
neuron 1 1.000000000000000000 0.000000000000000000 0.000000000000000000 0.000000000000000000 11 0.000000000000000000
neuron 2 1.000000000000000000 0.000000000000000000 0.000000000000000000 0.000000000000000000 11 0.000000000000000000
neuron 4 1.000000000000000000 0.000000000000000000 0.000000000000000000 0.000000000000000000 1 0.000000000000000000
neuron 4 1.000000000000000000 0.000000000000000000 0.000000000000000000 0.000000000000000000 1 0.000000000000000000
neuron 4 1.000000000000000000 0.000000000000000000 0.000000000000000000 0.000000000000000000 1 0.000000000000000000
neuron 4 1.000000000000000000 0.000000000000000000 0.000000000000000000 0.000000000000000000 1 0.000000000000000000
neuron 4 1.000000000000000000 0.000000000000000000 0.000000000000000000 0.000000000000000000 1 0.000000000000000000
neuron 4 1.000000000000000000 0.000000000000000000 0.000000000000000000 0.000000000000000000 1 0.000000000000000000
neuron 4 1.000000000000000000 0.000000000000000000 0.000000000000000000 0.000000000000000000 1 0.000000000000000000
neuron 3 1.000000000000000000 0.000000000000000000 0.000000000000000000 0.000000000000000000 0 0.000000000000000000
neuron 3 1.000000000000000000 0.000000000000000000 0.000000000000000000 0.000000000000000000 0 0.000000000000000000
neuron 3 1.000000000000000000 0.000000000000000000 0.000000000000000000 0.000000000000000000 0 0.000000000000000000
neuron 3 1.000000000000000000 0.000000000000000000 0.000000000000000000 0.000000000000000000 0 0.000000000000000000
neuron 3 1.000000000000000000 0.000000000000000000 0.000000000000000000 0.000000000000000000 0 0.000000000000000000
neuron 3 1.000000000000000000 0.000000000000000000 0.000000000000000000 0.000000000000000000 0 0.000000000000000000
neuron 3 1.000000000000000000 0.000000000000000000 0.000000000000000000 0.000000000000000000 0 0.000000000000000000
neuron 3 1.000000000000000000 0.000000000000000000 0.000000000000000000 0.000000000000000000 0 0.000000000000000000
neuron 3 1.000000000000000000 0.000000000000000000 0.000000000000000000 0.000000000000000000 0 0.000000000000000000
neuron 3 1.000000000000000000 0.000000000000000000 0.000000000000000000 0.000000000000000000 0 0.000000000000000000
neuron 3 1.000000000000000000 0.000000000000000000 0.000000000000000000 0.000000000000000000 0 0.000000000000000000
neuron 3 1.000000000000000000 0.000000000000000000 0.000000000000000000 0.000000000000000000 0 0.000000000000000000
neuron 3 1.000000000000000000 0.000000000000000000 0.000000000000000000 0.000000000000000000 0 0.000000000000000000
neuron 3 1.000000000000000000 0.000000000000000000 0.000000000000000000 0.000000000000000000 0 0.000000000000000000
neuron 3 1.000000000000000000 0.000000000000000000 0.000000000000000000 0.000000000000000000 0 0.000000000000000000
neuron 3 1.000000000000000000 0.000000000000000000 0.000000000000000000 0.000000000000000000 0 0.000000000000000000
neuron 3 1.000000000000000000 0.000000000000000000 0.000000000000000000 0.000000000000000000 0 0.000000000000000000
neuron 3 1.000000000000000000 0.000000000000000000 0.000000000000000000 0.000000000000000000 0 0.000000000000000000
neuron 3 1.000000000000000000 0.000000000000000000 0.000000000000000000 0.000000000000000000 0 0.000000000000000000
neuron 3 1.000000000000000000 0.000000000000000000 0.000000000000000000 0.000000000000000000 0 0.000000000000000000
neuron 3 1.000000000000000000 0.000000000000000000 0.000000000000000000 0.000000000000000000 0 0.000000000000000000
neuron 3 1.000000000000000000 0.000000000000000000 0.000000000000000000 0.000000000000000000 0 0.000000000000000000
neuron 3 1.000000000000000000 0.000000000000000000 0.000000000000000000 0.000000000000000000 0 0.000000000000000000
neuron 3 1.000000000000000000 0.000000000000000000 0.000000000000000000 0.000000000000000000 0 0.000000000000000000
neuron 3 1.000000000000000000 0.000000000000000000 0.000000000000000000 0.000000000000000000 0 0.000000000000000000
neuron 3 1.000000000000000000 0.000000000000000000 0.000000000000000000 0.000000000000000000 0 0.000000000000000000
neuron 3 1.000000000000000000 0.000000000000000000 0.000000000000000000 0.000000000000000000 0 0.000000000000000000
neuron 3 1.000000000000000000 0.000000000000000000 0.000000000000000000 0.000000000000000000 0 0.000000000000000000
neuron 3 1.000000000000000000 0.000000000000000000 0.000000000000000000 0.000000000000000000 0 0.000000000000000000
neuron 3 1.000000000000000000 0.000000000000000000 0.000000000000000000 0.000000000000000000 0 0.000000000000000000
neuron 3 1.000000000000000000 0.000000000000000000 0.000000000000000000 0.000000000000000000 0 0.000000000000000000
neuron 3 1.000000000000000000 0.000000000000000000 0.000000000000000000 0.000000000000000000 0 0.000000000000000000
neuron 3 1.000000000000000000 0.000000000000000000 0.000000000000000000 0.000000000000000000 0 0.000000000000000000
neuron 3 1.000000000000000000 0.000000000000000000 0.000000000000000000 0.000000000000000000 0 0.000000000000000000
neuron 3 1.000000000000000000 0.000000000000000000 0.000000000000000000 0.000000000000000000 0 0.000000000000000000
neuron 3 1.000000000000000000 0.000000000000000000 0.000000000000000000 0.000000000000000000 0 0.000000000000000000
neuron 3 1.000000000000000000 0.000000000000000000 0.000000000000000000 0.000000000000000000 0 0.000000000000000000
neuron 3 1.000000000000000000 0.000000000000000000 0.000000000000000000 0.000000000000000000 0 0.000000000000000000
neuron 3 1.000000000000000000 0.000000000000000000 0.000000000000000000 0.000000000000000000 0 0.000000000000000000
neuron 3 1.000000000000000000 0.000000000000000000 0.000000000000000000 0.000000000000000000 0 0.000000000000000000
neuron 3 1.000000000000000000 0.000000000000000000 0.000000000000000000 0.000000000000000000 0 0.000000000000000000
neuron 3 1.000000000000000000 0.000000000000000000 0.000000000000000000 0.000000000000000000 0 0.000000000000000000
neuron 3 1.000000000000000000 0.000000000000000000 0.000000000000000000 0.000000000000000000 0 0.000000000000000000
neuron 3 1.000000000000000000 0.000000000000000000 0.000000000000000000 0.000000000000000000 0 0.000000000000000000
neuron 3 1.000000000000000000 0.000000000000000000 0.000000000000000000 0.000000000000000000 0 0.000000000000000000
neuron 3 1.000000000000000000 0.000000000000000000 0.000000000000000000 0.000000000000000000 0 0.000000000000000000
neuron 3 1.000000000000000000 0.000000000000000000 0.000000000000000000 0.000000000000000000 0 0.000000000000000000
neuron 3 1.000000000000000000 0.000000000000000000 0.000000000000000000 0.000000000000000000 0 0.000000000000000000
neuron 3 1.000000000000000000 0.000000000000000000 0.000000000000000000 0.000000000000000000 0 0.000000000000000000
neuron 3 1.000000000000000000 0.000000000000000000 0.000000000000000000 0.000000000000000000 0 0.000000000000000000
neuron 3 1.000000000000000000 0.000000000000000000 0.000000000000000000 0.000000000000000000 0 0.000000000000000000
neuron 3 1.000000000000000000 0.000000000000000000 0.000000000000000000 0.000000000000000000 0 0.000000000000000000
neuron 3 1.000000000000000000 0.000000000000000000 0.000000000000000000 0.000000000000000000 0 0.000000000000000000
neuron 3 1.000000000000000000 0.000000000000000000 0.000000000000000000 0.000000000000000000 0 0.000000000000000000
neuron 3 1.000000000000000000 0.000000000000000000 0.000000000000000000 0.000000000000000000 0 0.000000000000000000
neuron 3 1.000000000000000000 0.000000000000000000 0.000000000000000000 0.000000000000000000 0 0.000000000000000000
neuron 3 1.000000000000000000 0.000000000000000000 0.000000000000000000 0.000000000000000000 0 0.000000000000000000
neuron 3 1.000000000000000000 0.000000000000000000 0.000000000000000000 0.000000000000000000 0 0.000000000000000000
neuron 3 1.000000000000000000 0.000000000000000000 0.000000000000000000 0.000000000000000000 0 0.000000000000000000
neuron 3 1.000000000000000000 0.000000000000000000 0.000000000000000000 0.000000000000000000 0 0.000000000000000000
neuron 3 1.000000000000000000 0.000000000000000000 0.000000000000000000 0.000000000000000000 0 0.000000000000000000
neuron 3 1.000000000000000000 0.000000000000000000 0.000000000000000000 0.000000000000000000 0 0.000000000000000000
neuron 3 1.000000000000000000 0.000000000000000000 0.000000000000000000 0.000000000000000000 0 0.000000000000000000
neuron 3 1.000000000000000000 0.000000000000000000 0.000000000000000000 0.000000000000000000 0 0.000000000000000000
neuron 3 1.000000000000000000 0.000000000000000000 0.000000000000000000 0.000000000000000000 0 0.000000000000000000
neuron 3 1.000000000000000000 0.000000000000000000 0.000000000000000000 0.000000000000000000 0 0.000000000000000000
neuron 3 1.000000000000000000 0.000000000000000000 0.000000000000000000 0.000000000000000000 0 0.000000000000000000
connection 0 25 1.376853662785530119 0 0.000000000000000000 0.000000000000000000
connection 0 27 -2.002576532805542708 0 0.000000000000000000 0.000000000000000000
connection 0 31 -1.586084420176163690 0 0.000000000000000000 0.000000000000000000
connection 0 32 -3.185581783413912849 0 0.000000000000000000 0.000000000000000000
connection 0 33 -4.447733764366655684 0 0.000000000000000000 0.000000000000000000
connection 1 40 3.670569729363128086 0 0.000000000000000000 0.000000000000000000
connection 1 41 0.834578919095661953 0 0.000000000000000000 0.000000000000000000
connection 1 25 -0.368179800587647987 0 0.000000000000000000 0.000000000000000000
connection 1 27 -3.545725039271603318 0 0.000000000000000000 0.000000000000000000
connection 2 40 2.345967718735541663 0 0.000000000000000000 0.000000000000000000
connection 2 41 -0.934519300962486366 0 0.000000000000000000 0.000000000000000000
connection 2 44 1.272027194554605334 0 0.000000000000000000 0.000000000000000000
connection 2 25 -2.107402209505604862 0 0.000000000000000000 0.000000000000000000
connection 3 40 0.724361027674911728 0 0.000000000000000000 0.000000000000000000
connection 3 41 -2.649460761531952535 0 0.000000000000000000 0.000000000000000000
connection 3 44 -0.479856925014232716 0 0.000000000000000000 0.000000000000000000
connection 4 51 1.166337319101604209 0 0.000000000000000000 0.000000000000000000
connection 4 40 -1.047558279055648134 0 0.000000000000000000 0.000000000000000000
connection 4 44 -2.211367896901096142 0 0.000000000000000000 0.000000000000000000
connection 5 51 -0.591508349288552004 0 0.000000000000000000 0.000000000000000000
connection 5 40 -2.750975681766016034 0 0.000000000000000000 0.000000000000000000
connection 5 44 -3.717642133499527546 0 0.000000000000000000 0.000000000000000000
connection 7 57 -2.601531654176749253 0 0.000000000000000000 0.000000000000000000
connection 8 66 -3.683170363049543816 0 0.000000000000000000 0.000000000000000000
connection 8 67 -3.607894450171924117 0 0.000000000000000000 0.000000000000000000
connection 8 68 0.443652538274996899 0 0.000000000000000000 0.000000000000000000
connection 9 57 2.899914041304124446 0 0.000000000000000000 0.000000000000000000
connection 9 66 -1.891050942072598273 0 0.000000000000000000 0.000000000000000000
connection 9 67 -1.715281979750493457 0 0.000000000000000000 0.000000000000000000
connection 9 68 2.835037103885451160 0 0.000000000000000000 0.000000000000000000
connection 9 72 2.561038017877713013 0 0.000000000000000000 0.000000000000000000
connection 57 82 4.612682120666700136 0 0.000000000000000000 0.000000000000000000
connection 40 10 1.440657463145702089 0 0.000000000000000000 0.000000000000000000
connection 41 10 3.400535382576244103 0 0.000000000000000000 0.000000000000000000
connection 44 10 -4.402710971760382286 0 0.000000000000000000 0.000000000000000000
connection 25 10 -2.893499187756390256 0 0.000000000000000000 0.000000000000000000
connection 27 10 -1.009338482873572751 0 0.000000000000000000 0.000000000000000000
connection 51 11 -4.050099403899860562 0 0.000000000000000000 0.000000000000000000
connection 40 11 3.482029214815156593 0 0.000000000000000000 0.000000000000000000
connection 44 11 -2.411925676381449613 0 0.000000000000000000 0.000000000000000000
connection 25 11 -0.367200835365948608 0 0.000000000000000000 0.000000000000000000
connection 27 11 1.777176019761264270 0 0.000000000000000000 0.000000000000000000
connection 32 11 -4.239487359362447805 0 0.000000000000000000 0.000000000000000000
connection 67 11 -0.762739689328365889 0 0.000000000000000000 0.000000000000000000
connection 68 11 1.227944174690169810 0 0.000000000000000000 0.000000000000000000
connection 51 12 -2.618149726252237297 0 0.000000000000000000 0.000000000000000000
connection 40 12 4.778922883745052808 0 0.000000000000000000 0.000000000000000000
connection 44 12 -0.510467601913841107 0 0.000000000000000000 0.000000000000000000
connection 25 12 1.798477061675812338 0 0.000000000000000000 0.000000000000000000
connection 27 12 3.853125348122754534 0 0.000000000000000000 0.000000000000000000
connection 32 12 -2.088724247893183339 0 0.000000000000000000 0.000000000000000000
connection 67 12 2.084772536240822483 0 0.000000000000000000 0.000000000000000000
connection 68 12 3.863388823389091620 0 0.000000000000000000 0.000000000000000000
connection 72 12 -4.073702918386590710 0 0.000000000000000000 0.000000000000000000
connection 51 13 -1.388572964025913015 0 0.000000000000000000 0.000000000000000000
connection 44 13 0.999912469007405713 0 0.000000000000000000 0.000000000000000000
connection 25 13 3.326652179338188464 0 0.000000000000000000 0.000000000000000000
connection 33 13 -4.864440994858240330 0 0.000000000000000000 0.000000000000000000
connection 66 13 -3.553007502396300588 0 0.000000000000000000 0.000000000000000000
connection 67 13 4.182447073804416604 0 0.000000000000000000 0.000000000000000000
connection 72 13 -1.770299588513035483 0 0.000000000000000000 0.000000000000000000
connection 51 14 -0.408566152113656211 0 0.000000000000000000 0.000000000000000000
connection 44 14 2.102976783305404496 0 0.000000000000000000 0.000000000000000000
connection 82 14 -6.813802284925411179 0 0.000000000000000000 0.000000000000000000
connection 32 14 1.582009169042303043 0 0.000000000000000000 0.000000000000000000
connection 33 14 -3.601691014977892902 0 0.000000000000000000 0.000000000000000000
connection 66 14 -1.777629410558068335 0 0.000000000000000000 0.000000000000000000
connection 72 14 0.438280303971632146 0 0.000000000000000000 0.000000000000000000
connection 82 15 -6.552694290478505934 0 0.000000000000000000 0.000000000000000000
connection 31 15 -4.128633713737310806 0 0.000000000000000000 0.000000000000000000
connection 32 15 2.726378335887810866 0 0.000000000000000000 0.000000000000000000
connection 33 15 -2.465856166841806196 0 0.000000000000000000 0.000000000000000000
connection 66 15 -0.263549103680121188 0 0.000000000000000000 0.000000000000000000
connection 72 15 2.136960931196258517 0 0.000000000000000000 0.000000000000000000
connection 82 16 -6.363001587123910063 0 0.000000000000000000 0.000000000000000000
connection 31 16 -3.487654751878351611 0 0.000000000000000000 0.000000000000000000
connection 32 16 3.533076787240191141 0 0.000000000000000000 0.000000000000000000
connection 33 16 -1.530847528518706646 0 0.000000000000000000 0.000000000000000000
connection 66 16 0.898630271500745592 0 0.000000000000000000 0.000000000000000000
connection 72 16 3.309532617936630228 0 0.000000000000000000 0.000000000000000000
NNend

