NNstart
14 8
neuron 1 1.000000000000000000 0.000000000000000000 0.000000000000000000 -0.000000000000000000 11 0.000000000000000000
neuron 1 1.000000000000000000 0.000000000000000000 0.000000000000000000 -0.000000000000000000 11 0.000000000000000000
neuron 1 1.000000000000000000 0.000000000000000000 0.000000000000000000 -0.000000000000000000 11 0.000000000000000000
neuron 1 1.000000000000000000 0.000000000000000000 0.000000000000000000 -0.000000000000000000 11 0.000000000000000000
neuron 1 1.000000000000000000 0.000000000000000000 0.000000000000000000 -0.000000000000000000 11 0.000000000000000000
neuron 1 1.000000000000000000 0.000000000000000000 0.000000000000000000 -0.000000000000000000 11 0.000000000000000000
neuron 1 1.000000000000000000 0.000000000000000000 0.000000000000000000 -0.000000000000000000 11 0.000000000000000000
neuron 1 1.000000000000000000 0.000000000000000000 0.000000000000000000 -0.000000000000000000 11 0.000000000000000000
neuron 1 1.000000000000000000 0.000000000000000000 0.000000000000000000 -0.000000000000000000 11 0.000000000000000000
neuron 1 1.000000000000000000 0.000000000000000000 0.000000000000000000 -0.000000000000000000 11 0.000000000000000000
neuron 1 1.000000000000000000 0.000000000000000000 0.000000000000000000 -0.000000000000000000 11 0.000000000000000000
neuron 1 1.000000000000000000 0.000000000000000000 0.000000000000000000 -0.000000000000000000 11 0.000000000000000000
neuron 1 1.000000000000000000 0.000000000000000000 0.000000000000000000 -0.000000000000000000 11 0.000000000000000000
neuron 2 1.000000000000000000 0.000000000000000000 0.000000000000000000 0.000000000000000000 11 0.000000000000000000
neuron 4 1.000000000000000000 0.000000000000000000 0.000000000000000000 -0.000000000000000000 1 0.000000000000000000
neuron 4 1.000000000000000000 0.000000000000000000 0.000000000000000000 -0.000000000000000000 1 0.000000000000000000
neuron 4 1.000000000000000000 0.000000000000000000 0.000000000000000000 -0.000000000000000000 1 0.000000000000000000
neuron 4 1.000000000000000000 0.000000000000000000 0.000000000000000000 -0.000000000000000000 1 0.000000000000000000
neuron 4 1.000000000000000000 0.000000000000000000 0.000000000000000000 -0.000000000000000000 1 0.000000000000000000
neuron 4 1.000000000000000000 0.000000000000000000 0.000000000000000000 -0.000000000000000000 1 0.000000000000000000
neuron 4 1.000000000000000000 0.000000000000000000 0.000000000000000000 -0.000000000000000000 1 0.000000000000000000
neuron 4 1.000000000000000000 0.000000000000000000 0.000000000000000000 -0.000000000000000000 1 0.000000000000000000
neuron 3 1.000000000000000000 0.000000000000000000 0.000000000000000000 -0.000000000000000000 0 0.000000000000000000
neuron 3 1.000000000000000000 0.000000000000000000 0.000000000000000000 -0.000000000000000000 0 0.000000000000000000
neuron 3 1.000000000000000000 0.000000000000000000 0.000000000000000000 -0.000000000000000000 0 0.000000000000000000
neuron 3 1.000000000000000000 0.000000000000000000 0.000000000000000000 -0.000000000000000000 0 0.000000000000000000
neuron 3 1.000000000000000000 0.000000000000000000 0.000000000000000000 -0.000000000000000000 0 0.000000000000000000
neuron 3 1.000000000000000000 0.000000000000000000 0.000000000000000000 -0.000000000000000000 0 0.000000000000000000
neuron 3 1.000000000000000000 0.000000000000000000 0.000000000000000000 -0.000000000000000000 0 0.000000000000000000
neuron 3 1.000000000000000000 0.000000000000000000 0.000000000000000000 -0.000000000000000000 0 0.000000000000000000
neuron 3 1.000000000000000000 0.000000000000000000 0.000000000000000000 -0.000000000000000000 0 0.000000000000000000
neuron 3 1.000000000000000000 0.000000000000000000 0.000000000000000000 -0.000000000000000000 0 0.000000000000000000
neuron 3 1.000000000000000000 0.000000000000000000 0.000000000000000000 -0.000000000000000000 0 0.000000000000000000
neuron 3 1.000000000000000000 0.000000000000000000 0.000000000000000000 -0.000000000000000000 0 0.000000000000000000
neuron 3 1.000000000000000000 0.000000000000000000 0.000000000000000000 -0.000000000000000000 0 0.000000000000000000
neuron 3 1.000000000000000000 0.000000000000000000 0.000000000000000000 -0.000000000000000000 0 0.000000000000000000
neuron 3 1.000000000000000000 0.000000000000000000 0.000000000000000000 -0.000000000000000000 0 0.000000000000000000
neuron 3 1.000000000000000000 0.000000000000000000 0.000000000000000000 -0.000000000000000000 0 0.000000000000000000
neuron 3 1.000000000000000000 0.000000000000000000 0.000000000000000000 -0.000000000000000000 0 0.000000000000000000
neuron 3 1.000000000000000000 0.000000000000000000 0.000000000000000000 -0.000000000000000000 0 0.000000000000000000
neuron 3 1.000000000000000000 0.000000000000000000 0.000000000000000000 -0.000000000000000000 0 0.000000000000000000
neuron 3 1.000000000000000000 0.000000000000000000 0.000000000000000000 -0.000000000000000000 0 0.000000000000000000
neuron 3 1.000000000000000000 0.000000000000000000 0.000000000000000000 -0.000000000000000000 0 0.000000000000000000
neuron 3 1.000000000000000000 0.000000000000000000 0.000000000000000000 -0.000000000000000000 0 0.000000000000000000
neuron 3 1.000000000000000000 0.000000000000000000 0.000000000000000000 -0.000000000000000000 0 0.000000000000000000
neuron 3 1.000000000000000000 0.000000000000000000 0.000000000000000000 -0.000000000000000000 0 0.000000000000000000
neuron 3 1.000000000000000000 0.000000000000000000 0.000000000000000000 -0.000000000000000000 0 0.000000000000000000
neuron 3 1.000000000000000000 0.000000000000000000 0.000000000000000000 -0.000000000000000000 0 0.000000000000000000
neuron 3 1.000000000000000000 0.000000000000000000 0.000000000000000000 -0.000000000000000000 0 0.000000000000000000
neuron 3 1.000000000000000000 0.000000000000000000 0.000000000000000000 -0.000000000000000000 0 0.000000000000000000
neuron 3 1.000000000000000000 0.000000000000000000 0.000000000000000000 -0.000000000000000000 0 0.000000000000000000
neuron 3 1.000000000000000000 0.000000000000000000 0.000000000000000000 -0.000000000000000000 0 0.000000000000000000
neuron 3 1.000000000000000000 0.000000000000000000 0.000000000000000000 -0.000000000000000000 0 0.000000000000000000
neuron 3 1.000000000000000000 0.000000000000000000 0.000000000000000000 -0.000000000000000000 0 0.000000000000000000
neuron 3 1.000000000000000000 0.000000000000000000 0.000000000000000000 -0.000000000000000000 0 0.000000000000000000
neuron 3 1.000000000000000000 0.000000000000000000 0.000000000000000000 -0.000000000000000000 0 0.000000000000000000
neuron 3 1.000000000000000000 0.000000000000000000 0.000000000000000000 -0.000000000000000000 0 0.000000000000000000
neuron 3 1.000000000000000000 0.000000000000000000 0.000000000000000000 -0.000000000000000000 0 0.000000000000000000
neuron 3 1.000000000000000000 0.000000000000000000 0.000000000000000000 -0.000000000000000000 0 0.000000000000000000
neuron 3 1.000000000000000000 0.000000000000000000 0.000000000000000000 -0.000000000000000000 0 0.000000000000000000
neuron 3 1.000000000000000000 0.000000000000000000 0.000000000000000000 -0.000000000000000000 0 0.000000000000000000
neuron 3 1.000000000000000000 0.000000000000000000 0.000000000000000000 -0.000000000000000000 0 0.000000000000000000
neuron 3 1.000000000000000000 0.000000000000000000 0.000000000000000000 -0.000000000000000000 0 0.000000000000000000
neuron 3 1.000000000000000000 0.000000000000000000 0.000000000000000000 -0.000000000000000000 0 0.000000000000000000
neuron 3 1.000000000000000000 0.000000000000000000 0.000000000000000000 -0.000000000000000000 0 0.000000000000000000
neuron 3 1.000000000000000000 0.000000000000000000 0.000000000000000000 -0.000000000000000000 0 0.000000000000000000
neuron 3 1.000000000000000000 0.000000000000000000 0.000000000000000000 -0.000000000000000000 0 0.000000000000000000
neuron 3 1.000000000000000000 0.000000000000000000 0.000000000000000000 -0.000000000000000000 0 0.000000000000000000
neuron 3 1.000000000000000000 0.000000000000000000 0.000000000000000000 -0.000000000000000000 0 0.000000000000000000
neuron 3 1.000000000000000000 0.000000000000000000 0.000000000000000000 -0.000000000000000000 0 0.000000000000000000
neuron 3 1.000000000000000000 0.000000000000000000 0.000000000000000000 -0.000000000000000000 0 0.000000000000000000
neuron 3 1.000000000000000000 0.000000000000000000 0.000000000000000000 -0.000000000000000000 0 0.000000000000000000
neuron 3 1.000000000000000000 0.000000000000000000 0.000000000000000000 -0.000000000000000000 0 0.000000000000000000
neuron 3 1.000000000000000000 0.000000000000000000 0.000000000000000000 -0.000000000000000000 0 0.000000000000000000
neuron 3 1.000000000000000000 0.000000000000000000 0.000000000000000000 -0.000000000000000000 0 0.000000000000000000
neuron 3 1.000000000000000000 0.000000000000000000 0.000000000000000000 -0.000000000000000000 0 0.000000000000000000
neuron 3 1.000000000000000000 0.000000000000000000 0.000000000000000000 -0.000000000000000000 0 0.000000000000000000
neuron 3 1.000000000000000000 0.000000000000000000 0.000000000000000000 -0.000000000000000000 0 0.000000000000000000
neuron 3 1.000000000000000000 0.000000000000000000 0.000000000000000000 -0.000000000000000000 0 0.000000000000000000
neuron 3 1.000000000000000000 0.000000000000000000 0.000000000000000000 -0.000000000000000000 0 0.000000000000000000
neuron 3 1.000000000000000000 0.000000000000000000 0.000000000000000000 -0.000000000000000000 0 0.000000000000000000
neuron 3 1.000000000000000000 0.000000000000000000 0.000000000000000000 -0.000000000000000000 0 0.000000000000000000
neuron 3 1.000000000000000000 0.000000000000000000 0.000000000000000000 -0.000000000000000000 0 0.000000000000000000
neuron 3 1.000000000000000000 0.000000000000000000 0.000000000000000000 -0.000000000000000000 0 0.000000000000000000
neuron 3 1.000000000000000000 0.000000000000000000 0.000000000000000000 -0.000000000000000000 0 0.000000000000000000
connection 0 22 -1.186446709675732070 0 0.000000000000000000 -0.000000000000000000
connection 0 23 -4.359216453123428536 0 0.000000000000000000 -0.000000000000000000
connection 0 24 -3.922562280914636990 0 0.000000000000000000 -0.000000000000000000
connection 0 25 -7.898543617500513037 0 0.000000000000000000 -0.000000000000000000
connection 0 26 -7.041156699852192169 0 0.000000000000000000 -0.000000000000000000
connection 0 27 -5.507553806235434557 0 0.000000000000000000 -0.000000000000000000
connection 0 28 -2.614096304311938734 0 0.000000000000000000 -0.000000000000000000
connection 0 29 0.214698262789935423 0 0.000000000000000000 -0.000000000000000000
connection 0 30 -3.091873056635794814 0 0.000000000000000000 -0.000000000000000000
connection 0 31 -7.430899237267218460 0 0.000000000000000000 -0.000000000000000000
connection 1 25 -7.982242027639516735 0 0.000000000000000000 -0.000000000000000000
connection 1 26 -6.427302699668854480 0 0.000000000000000000 -0.000000000000000000
connection 1 27 -4.570704661269344271 0 0.000000000000000000 -0.000000000000000000
connection 1 28 -1.436336929604349555 0 0.000000000000000000 -0.000000000000000000
connection 1 29 1.377880970873331057 0 0.000000000000000000 -0.000000000000000000
connection 1 30 -1.932854200694460900 0 0.000000000000000000 -0.000000000000000000
connection 1 31 -6.951355686817966451 0 0.000000000000000000 -0.000000000000000000
connection 2 25 -7.997307456738783848 0 0.000000000000000000 -0.000000000000000000
connection 2 32 -7.375920560938374670 0 0.000000000000000000 -0.000000000000000000
connection 2 33 -5.572446456317231345 0 0.000000000000000000 -0.000000000000000000
connection 2 34 -3.176418585722659671 0 0.000000000000000000 -0.000000000000000000
connection 2 35 -5.919028274225123454 0 0.000000000000000000 -0.000000000000000000
connection 2 27 -3.639331480329921042 0 0.000000000000000000 -0.000000000000000000
connection 2 28 -0.371907391633174766 0 0.000000000000000000 -0.000000000000000000
connection 2 29 2.362242116238859602 0 0.000000000000000000 -0.000000000000000000
connection 2 30 -0.872038663731820818 0 0.000000000000000000 -0.000000000000000000
connection 2 31 -6.389672525787255530 0 0.000000000000000000 -0.000000000000000000
connection 3 25 -7.950933813531249506 0 0.000000000000000000 -0.000000000000000000
connection 3 32 -7.014838996086495193 0 0.000000000000000000 -0.000000000000000000
connection 3 33 -4.888457673243789436 0 0.000000000000000000 -0.000000000000000000
connection 3 34 -2.314178250066341036 0 0.000000000000000000 -0.000000000000000000
connection 3 35 -5.278481117809382006 0 0.000000000000000000 -0.000000000000000000
connection 3 27 -2.798271657561485881 0 0.000000000000000000 -0.000000000000000000
connection 3 28 0.518926557480981598 0 0.000000000000000000 -0.000000000000000000
connection 3 29 3.142375650746510374 0 0.000000000000000000 -0.000000000000000000
connection 3 36 -7.411114588776048784 0 0.000000000000000000 -0.000000000000000000
connection 3 37 -5.644938042232615416 0 0.000000000000000000 -0.000000000000000000
connection 3 38 -3.271622332415201395 0 0.000000000000000000 -0.000000000000000000
connection 3 39 -5.986313357888418452 0 0.000000000000000000 -0.000000000000000000
connection 4 25 -7.869182393156352262 0 0.000000000000000000 -0.000000000000000000
connection 4 32 -6.669334265612814505 0 0.000000000000000000 -0.000000000000000000
connection 4 33 -4.304206476884674615 0 0.000000000000000000 -0.000000000000000000
connection 4 34 -1.621142735030031146 0 0.000000000000000000 -0.000000000000000000
connection 4 35 -4.724272697607243110 0 0.000000000000000000 -0.000000000000000000
connection 4 27 -2.115774095728000681 0 0.000000000000000000 -0.000000000000000000
connection 4 28 1.200772934011808513 0 0.000000000000000000 -0.000000000000000000
connection 4 29 3.714308871427970171 0 0.000000000000000000 -0.000000000000000000
connection 4 30 0.717068802041662123 0 0.000000000000000000 -0.000000000000000000
connection 4 36 -7.144461180884620788 0 0.000000000000000000 -0.000000000000000000
connection 4 37 -5.123343702681198764 0 0.000000000000000000 -0.000000000000000000
connection 4 38 -2.603454000723386397 0 0.000000000000000000 -0.000000000000000000
connection 4 39 -5.499538410525478760 0 0.000000000000000000 -0.000000000000000000
connection 5 25 -7.787130547582643558 0 0.000000000000000000 -0.000000000000000000
connection 5 32 -6.400042280992471078 0 0.000000000000000000 -0.000000000000000000
connection 5 33 -3.881012543416750837 0 0.000000000000000000 -0.000000000000000000
connection 5 34 -1.139901832422475225 0 0.000000000000000000 -0.000000000000000000
connection 5 35 -4.319338123502038052 0 0.000000000000000000 -0.000000000000000000
connection 5 27 -1.638654953523581259 0 0.000000000000000000 -0.000000000000000000
connection 5 28 1.658026720369327967 0 0.000000000000000000 -0.000000000000000000
connection 5 29 4.086034136018082741 0 0.000000000000000000 -0.000000000000000000
connection 5 30 1.183890263627612516 0 0.000000000000000000 -0.000000000000000000
connection 5 36 -6.929331765480087668 0 0.000000000000000000 -0.000000000000000000
connection 5 37 -4.738699328350302054 0 0.000000000000000000 -0.000000000000000000
connection 5 38 -2.133087779638040526 0 0.000000000000000000 -0.000000000000000000
connection 5 39 -5.136995008956371400 0 0.000000000000000000 -0.000000000000000000
connection 6 25 -7.736736388740678372 0 0.000000000000000000 -0.000000000000000000
connection 6 32 -6.253114248303999645 0 0.000000000000000000 -0.000000000000000000
connection 6 33 -3.659516623588908502 0 0.000000000000000000 -0.000000000000000000
connection 6 34 -0.894226789145901479 0 0.000000000000000000 -0.000000000000000000
connection 6 35 -4.106324497091959458 0 0.000000000000000000 -0.000000000000000000
connection 6 27 -1.394107152185233067 0 0.000000000000000000 -0.000000000000000000
connection 6 28 1.886622683837667624 0 0.000000000000000000 -0.000000000000000000
connection 6 29 4.268366383973637213 0 0.000000000000000000 -0.000000000000000000
connection 6 30 1.418084137057364025 0 0.000000000000000000 -0.000000000000000000
connection 6 36 -6.809759952849530507 0 0.000000000000000000 -0.000000000000000000
connection 6 37 -4.535273949863555032 0 0.000000000000000000 -0.000000000000000000
connection 6 38 -1.891002030061581074 0 0.000000000000000000 -0.000000000000000000
connection 6 39 -4.944162995922049220 0 0.000000000000000000 -0.000000000000000000
connection 7 25 -7.736736388740678372 0 0.000000000000000000 -0.000000000000000000
connection 7 32 -6.253114248303999645 0 0.000000000000000000 -0.000000000000000000
connection 7 33 -3.659516623588908502 0 0.000000000000000000 -0.000000000000000000
connection 7 34 -0.894226789145901479 0 0.000000000000000000 -0.000000000000000000
connection 7 35 -4.106324497091959458 0 0.000000000000000000 -0.000000000000000000
connection 7 27 -1.394107152185233067 0 0.000000000000000000 -0.000000000000000000
connection 7 28 1.886622683837667624 0 0.000000000000000000 -0.000000000000000000
connection 7 29 4.268366383973637213 0 0.000000000000000000 -0.000000000000000000
connection 7 30 1.418084137057364025 0 0.000000000000000000 -0.000000000000000000
connection 7 36 -6.809759952849530507 0 0.000000000000000000 -0.000000000000000000
connection 7 37 -4.535273949863555032 0 0.000000000000000000 -0.000000000000000000
connection 7 38 -1.891002030061581074 0 0.000000000000000000 -0.000000000000000000
connection 7 39 -4.944162995922049220 0 0.000000000000000000 -0.000000000000000000
connection 8 25 -7.787130547582643558 0 0.000000000000000000 -0.000000000000000000
connection 8 32 -6.400042280992471078 0 0.000000000000000000 -0.000000000000000000
connection 8 33 -3.881012543416750837 0 0.000000000000000000 -0.000000000000000000
connection 8 34 -1.139901832422475225 0 0.000000000000000000 -0.000000000000000000
connection 8 35 -4.319338123502038052 0 0.000000000000000000 -0.000000000000000000
connection 8 27 -1.638654953523581259 0 0.000000000000000000 -0.000000000000000000
connection 8 28 1.658026720369327967 0 0.000000000000000000 -0.000000000000000000
connection 8 29 4.086034136018082741 0 0.000000000000000000 -0.000000000000000000
connection 8 30 1.183890263627612516 0 0.000000000000000000 -0.000000000000000000
connection 8 36 -6.929331765480087668 0 0.000000000000000000 -0.000000000000000000
connection 8 37 -4.738699328350302054 0 0.000000000000000000 -0.000000000000000000
connection 8 38 -2.133087779638040526 0 0.000000000000000000 -0.000000000000000000
connection 8 39 -5.136995008956371400 0 0.000000000000000000 -0.000000000000000000
connection 9 25 -7.869182393156352262 0 0.000000000000000000 -0.000000000000000000
connection 9 32 -6.669334265612814505 0 0.000000000000000000 -0.000000000000000000
connection 9 33 -4.304206476884674615 0 0.000000000000000000 -0.000000000000000000
connection 9 34 -1.621142735030031146 0 0.000000000000000000 -0.000000000000000000
connection 9 35 -4.724272697607243110 0 0.000000000000000000 -0.000000000000000000
connection 9 27 -2.115774095728000681 0 0.000000000000000000 -0.000000000000000000
connection 9 28 1.200772934011808513 0 0.000000000000000000 -0.000000000000000000
connection 9 29 3.714308871427970171 0 0.000000000000000000 -0.000000000000000000
connection 9 30 0.717068802041662123 0 0.000000000000000000 -0.000000000000000000
connection 9 36 -7.144461180884620788 0 0.000000000000000000 -0.000000000000000000
connection 9 37 -5.123343702681198764 0 0.000000000000000000 -0.000000000000000000
connection 9 38 -2.603454000723386397 0 0.000000000000000000 -0.000000000000000000
connection 9 39 -5.499538410525478760 0 0.000000000000000000 -0.000000000000000000
connection 10 25 -7.950933813531249506 0 0.000000000000000000 -0.000000000000000000
connection 10 32 -7.014838996086495193 0 0.000000000000000000 -0.000000000000000000
connection 10 33 -4.888457673243789436 0 0.000000000000000000 -0.000000000000000000
connection 10 34 -2.314178250066341036 0 0.000000000000000000 -0.000000000000000000
connection 10 35 -5.278481117809382006 0 0.000000000000000000 -0.000000000000000000
connection 10 27 -2.798271657561485881 0 0.000000000000000000 -0.000000000000000000
connection 10 28 0.518926557480981598 0 0.000000000000000000 -0.000000000000000000
connection 10 29 3.142375650746510374 0 0.000000000000000000 -0.000000000000000000
connection 10 36 -7.411114588776048784 0 0.000000000000000000 -0.000000000000000000
connection 10 37 -5.644938042232615416 0 0.000000000000000000 -0.000000000000000000
connection 10 38 -3.271622332415201395 0 0.000000000000000000 -0.000000000000000000
connection 10 39 -5.986313357888418452 0 0.000000000000000000 -0.000000000000000000
connection 11 25 -7.997307456738783848 0 0.000000000000000000 -0.000000000000000000
connection 11 32 -7.375920560938374670 0 0.000000000000000000 -0.000000000000000000
connection 11 33 -5.572446456317231345 0 0.000000000000000000 -0.000000000000000000
connection 11 34 -3.176418585722659671 0 0.000000000000000000 -0.000000000000000000
connection 11 35 -5.919028274225123454 0 0.000000000000000000 -0.000000000000000000
connection 11 27 -3.639331480329921042 0 0.000000000000000000 -0.000000000000000000
connection 11 28 -0.371907391633174766 0 0.000000000000000000 -0.000000000000000000
connection 11 29 2.362242116238859602 0 0.000000000000000000 -0.000000000000000000
connection 11 30 -0.872038663731820818 0 0.000000000000000000 -0.000000000000000000
connection 11 31 -6.389672525787255530 0 0.000000000000000000 -0.000000000000000000
connection 12 25 -7.982242027639516735 0 0.000000000000000000 -0.000000000000000000
connection 12 26 -6.427302699668854480 0 0.000000000000000000 -0.000000000000000000
connection 12 27 -4.570704661269344271 0 0.000000000000000000 -0.000000000000000000
connection 12 28 -1.436336929604349555 0 0.000000000000000000 -0.000000000000000000
connection 12 29 1.377880970873331057 0 0.000000000000000000 -0.000000000000000000
connection 12 30 -1.932854200694460900 0 0.000000000000000000 -0.000000000000000000
connection 12 31 -6.951355686817966451 0 0.000000000000000000 -0.000000000000000000
connection 13 22 -1.186446709675732070 0 0.000000000000000000 -0.000000000000000000
connection 13 23 -4.359216453123428536 0 0.000000000000000000 -0.000000000000000000
connection 13 24 -3.922562280914636990 0 0.000000000000000000 -0.000000000000000000
connection 13 25 -7.898543617500513037 0 0.000000000000000000 -0.000000000000000000
connection 13 26 -7.041156699852192169 0 0.000000000000000000 -0.000000000000000000
connection 13 27 -5.507553806235434557 0 0.000000000000000000 -0.000000000000000000
connection 13 28 -2.614096304311938734 0 0.000000000000000000 -0.000000000000000000
connection 13 29 0.214698262789935423 0 0.000000000000000000 -0.000000000000000000
connection 13 30 -3.091873056635794814 0 0.000000000000000000 -0.000000000000000000
connection 13 31 -7.430899237267218460 0 0.000000000000000000 -0.000000000000000000
connection 23 22 7.999788489811156644 0 0.000000000000000000 -0.000000000000000000
connection 23 23 5.975412013547654055 0 0.000000000000000000 -0.000000000000000000
connection 23 24 7.881524201487469128 0 0.000000000000000000 -0.000000000000000000
connection 23 41 -2.848989822253307658 0 0.000000000000000000 -0.000000000000000000
connection 23 47 0.215187727699719000 0 0.000000000000000000 -0.000000000000000000
connection 23 48 3.302100225942417921 0 0.000000000000000000 -0.000000000000000000
connection 23 49 -7.988248456160380151 0 0.000000000000000000 -0.000000000000000000
connection 23 50 -3.444315010862498472 0 0.000000000000000000 -0.000000000000000000
connection 23 51 -7.712911361682180278 0 0.000000000000000000 -0.000000000000000000
connection 23 52 -6.339530958628171398 0 0.000000000000000000 -0.000000000000000000
connection 23 53 2.985253692226367939 0 0.000000000000000000 -0.000000000000000000
connection 23 54 -3.789055451680929831 0 0.000000000000000000 -0.000000000000000000
connection 23 36 -0.537046504525552248 0 0.000000000000000000 -0.000000000000000000
connection 23 39 2.658910561985960985 0 0.000000000000000000 -0.000000000000000000
connection 24 22 5.750652461474932586 0 0.000000000000000000 -0.000000000000000000
connection 24 23 -3.252369833100961394 0 0.000000000000000000 -0.000000000000000000
connection 24 24 3.471074718983321095 0 0.000000000000000000 -0.000000000000000000
connection 24 60 -7.495854099414930083 0 0.000000000000000000 -0.000000000000000000
connection 24 61 0.634883064829918298 0 0.000000000000000000 -0.000000000000000000
connection 24 62 3.647708648470164849 0 0.000000000000000000 -0.000000000000000000
connection 24 63 -5.825294592449911768 0 0.000000000000000000 -0.000000000000000000
connection 24 49 -3.045404095532718625 0 0.000000000000000000 -0.000000000000000000
connection 24 51 0.263311775665383163 0 0.000000000000000000 -0.000000000000000000
connection 24 65 -6.075433769720249622 0 0.000000000000000000 -0.000000000000000000
connection 24 66 -3.399285631227098925 0 0.000000000000000000 -0.000000000000000000
connection 24 69 3.026617116991684231 0 0.000000000000000000 -0.000000000000000000
connection 24 70 -6.310387147304573396 0 0.000000000000000000 -0.000000000000000000
connection 25 60 4.416373934956527414 0 0.000000000000000000 -0.000000000000000000
connection 25 63 1.610831505219906479 0 0.000000000000000000 -0.000000000000000000
connection 25 71 -7.928504955500109475 0 0.000000000000000000 -0.000000000000000000
connection 25 49 -1.688638770988620585 0 0.000000000000000000 -0.000000000000000000
connection 25 51 -4.779756463485392182 0 0.000000000000000000 -0.000000000000000000
connection 25 32 -7.912696273875605257 0 0.000000000000000000 -0.000000000000000000
connection 25 33 -4.495597674880093209 0 0.000000000000000000 -0.000000000000000000
connection 25 34 -1.346994225852836236 0 0.000000000000000000 -0.000000000000000000
connection 25 35 -7.915587895103692873 0 0.000000000000000000 -0.000000000000000000
connection 25 27 -6.969147555171615771 0 0.000000000000000000 -0.000000000000000000
connection 25 28 1.930228554479632708 0 0.000000000000000000 -0.000000000000000000
connection 25 29 4.657578096169819659 0 0.000000000000000000 -0.000000000000000000
connection 25 30 -4.807959238350566267 0 0.000000000000000000 -0.000000000000000000
connection 25 65 1.962213179435157384 0 0.000000000000000000 -0.000000000000000000
connection 25 66 -1.312341871656855563 0 0.000000000000000000 -0.000000000000000000
connection 25 72 -4.466315130897462460 0 0.000000000000000000 -0.000000000000000000
connection 25 70 2.306116940618801348 0 0.000000000000000000 -0.000000000000000000
connection 28 47 6.497702216410281117 0 0.000000000000000000 -0.000000000000000000
connection 28 74 -1.753465121555653150 0 0.000000000000000000 -0.000000000000000000
connection 28 75 -4.832740979047844831 0 0.000000000000000000 -0.000000000000000000
connection 28 48 4.636444284775389058 0 0.000000000000000000 -0.000000000000000000
connection 28 76 1.901974690167653970 0 0.000000000000000000 -0.000000000000000000
connection 28 77 -1.377537515339954499 0 0.000000000000000000 -0.000000000000000000
connection 28 52 7.970571845777583597 0 0.000000000000000000 -0.000000000000000000
connection 28 53 4.891999062155100830 0 0.000000000000000000 -0.000000000000000000
connection 28 79 2.247225646379498620 0 0.000000000000000000 -0.000000000000000000
connection 28 54 7.657636850911374360 0 0.000000000000000000 -0.000000000000000000
connection 28 36 6.795053354184127592 0 0.000000000000000000 -0.000000000000000000
connection 28 37 -0.999957986302444812 0 0.000000000000000000 -0.000000000000000000
connection 28 38 -4.198519693927234009 0 0.000000000000000000 -0.000000000000000000
connection 28 39 5.135918016752356152 0 0.000000000000000000 -0.000000000000000000
connection 22 22 6.558754277778266584 0 0.000000000000000000 -0.000000000000000000
connection 22 23 -1.607778776346462823 0 0.000000000000000000 -0.000000000000000000
connection 22 24 4.737040428865716635 0 0.000000000000000000 -0.000000000000000000
connection 22 60 -7.877331196487222797 0 0.000000000000000000 -0.000000000000000000
connection 22 61 -1.050740289792646109 0 0.000000000000000000 -0.000000000000000000
connection 22 62 2.201295328632561610 0 0.000000000000000000 -0.000000000000000000
connection 22 63 -6.826794923672500737 0 0.000000000000000000 -0.000000000000000000
connection 22 49 -4.563858906539398852 0 0.000000000000000000 -0.000000000000000000
connection 22 50 4.858339207746960930 0 0.000000000000000000 -0.000000000000000000
connection 22 51 -1.428165775291633022 0 0.000000000000000000 -0.000000000000000000
connection 29 47 7.107896666326348090 0 0.000000000000000000 -0.000000000000000000
connection 29 75 -3.352183813501623089 0 0.000000000000000000 -0.000000000000000000
connection 29 48 5.691908842219799425 0 0.000000000000000000 -0.000000000000000000
connection 29 76 3.383842769171469200 0 0.000000000000000000 -0.000000000000000000
connection 29 77 0.313442205841001298 0 0.000000000000000000 -0.000000000000000000
connection 29 52 7.999999999997360334 0 0.000000000000000000 -0.000000000000000000
connection 29 53 5.895042952091116284 0 0.000000000000000000 -0.000000000000000000
connection 29 79 3.687961708150587103 0 0.000000000000000000 -0.000000000000000000
connection 29 54 7.868027901053571860 0 0.000000000000000000 -0.000000000000000000
connection 29 32 -2.997307712223434617 0 0.000000000000000000 -0.000000000000000000
connection 29 36 7.316852465416012308 0 0.000000000000000000 -0.000000000000000000
connection 29 37 0.684504398096634437 0 0.000000000000000000 -0.000000000000000000
connection 29 38 -2.635668076727161413 0 0.000000000000000000 -0.000000000000000000
connection 29 39 6.086642023905389998 0 0.000000000000000000 -0.000000000000000000
connection 30 47 1.181575455529437990 0 0.000000000000000000 -0.000000000000000000
connection 30 48 -2.135460022416598935 0 0.000000000000000000 -0.000000000000000000
connection 30 49 7.933922893499969042 0 0.000000000000000000 -0.000000000000000000
connection 30 50 4.362850010283066737 0 0.000000000000000000 -0.000000000000000000
connection 30 81 1.540849907880170511 0 0.000000000000000000 -0.000000000000000000
connection 30 51 7.518907632746181235 0 0.000000000000000000 -0.000000000000000000
connection 30 52 6.493882144706916826 0 0.000000000000000000 -0.000000000000000000
connection 30 53 -1.762440075164671605 0 0.000000000000000000 -0.000000000000000000
connection 30 79 -4.840052921273458431 0 0.000000000000000000 -0.000000000000000000
connection 30 54 4.630181041356691729 0 0.000000000000000000 -0.000000000000000000
connection 30 82 -7.526743696803554151 0 0.000000000000000000 -0.000000000000000000
connection 30 36 1.893611427414456427 0 0.000000000000000000 -0.000000000000000000
connection 30 39 -1.386566401063997755 0 0.000000000000000000 -0.000000000000000000
connection 32 60 7.996104514892843795 0 0.000000000000000000 -0.000000000000000000
connection 32 61 6.233590102172252401 0 0.000000000000000000 -0.000000000000000000
connection 32 62 4.211458212860194728 0 0.000000000000000000 -0.000000000000000000
connection 32 63 7.920976178360724873 0 0.000000000000000000 -0.000000000000000000
connection 32 47 -2.338353829402564976 0 0.000000000000000000 -0.000000000000000000
connection 32 49 7.475984674863765278 0 0.000000000000000000 -0.000000000000000000
connection 32 50 1.344609043868534748 0 0.000000000000000000 -0.000000000000000000
connection 32 81 -1.967398287872247131 0 0.000000000000000000 -0.000000000000000000
connection 32 51 6.404729051292223474 0 0.000000000000000000 -0.000000000000000000
connection 32 52 4.485014266779984382 0 0.000000000000000000 -0.000000000000000000
connection 32 54 1.701046417290192458 0 0.000000000000000000 -0.000000000000000000
connection 32 82 -7.920598909869168480 0 0.000000000000000000 -0.000000000000000000
connection 32 36 -1.592943575322518734 0 0.000000000000000000 -0.000000000000000000
connection 32 39 -4.700996416975012693 0 0.000000000000000000 -0.000000000000000000
connection 31 60 5.911509573470103973 0 0.000000000000000000 -0.000000000000000000
connection 31 61 -2.967301644997691223 0 0.000000000000000000 -0.000000000000000000
connection 31 63 3.712926421519326947 0 0.000000000000000000 -0.000000000000000000
connection 31 71 -7.668737855737744802 0 0.000000000000000000 -0.000000000000000000
connection 31 49 0.715358445522292552 0 0.000000000000000000 -0.000000000000000000
connection 31 51 -2.605147881661410647 0 0.000000000000000000 -0.000000000000000000
connection 31 32 -7.646258302723257572 0 0.000000000000000000 -0.000000000000000000
connection 31 33 -6.264691189890507772 0 0.000000000000000000 -0.000000000000000000
connection 31 34 -3.676752616992501999 0 0.000000000000000000 -0.000000000000000000
connection 31 35 -7.977375528935461091 0 0.000000000000000000 -0.000000000000000000
connection 31 27 -7.767563271689173376 0 0.000000000000000000 -0.000000000000000000
connection 31 28 -0.412983062639267429 0 0.000000000000000000 -0.000000000000000000
connection 31 29 2.767148923884020117 0 0.000000000000000000 -0.000000000000000000
connection 31 30 -6.487214272016775141 0 0.000000000000000000 -0.000000000000000000
connection 31 65 4.005576949852862612 0 0.000000000000000000 -0.000000000000000000
connection 31 66 1.081659745054732058 0 0.000000000000000000 -0.000000000000000000
connection 31 72 -2.237473647556894818 0 0.000000000000000000 -0.000000000000000000
connection 31 70 4.287275715176624757 0 0.000000000000000000 -0.000000000000000000
connection 34 47 5.923986452103936706 0 0.000000000000000000 -0.000000000000000000
connection 34 74 -2.944436038405778167 0 0.000000000000000000 -0.000000000000000000
connection 34 48 3.731874593976259202 0 0.000000000000000000 -0.000000000000000000
connection 34 76 0.738817266304147346 0 0.000000000000000000 -0.000000000000000000
connection 34 77 -2.581896414973479992 0 0.000000000000000000 -0.000000000000000000
connection 34 52 7.903449552949706636 0 0.000000000000000000 -0.000000000000000000
connection 34 53 4.023837753851162269 0 0.000000000000000000 -0.000000000000000000
connection 34 79 1.104803510711334980 0 0.000000000000000000 -0.000000000000000000
connection 34 54 7.420848097557203538 0 0.000000000000000000 -0.000000000000000000
connection 34 36 6.292458328428765846 0 0.000000000000000000 -0.000000000000000000
connection 34 37 -2.213910139953074285 0 0.000000000000000000 -0.000000000000000000
connection 34 39 4.304829104497427394 0 0.000000000000000000 -0.000000000000000000
connection 35 47 -1.707225182559515941 0 0.000000000000000000 -0.000000000000000000
connection 35 48 -4.794978243010192820 0 0.000000000000000000 -0.000000000000000000
connection 35 49 7.601243861178033079 0 0.000000000000000000 -0.000000000000000000
connection 35 50 1.944972542719268116 0 0.000000000000000000 -0.000000000000000000
connection 35 81 -1.331030530256373190 0 0.000000000000000000 -0.000000000000000000
connection 35 51 6.669918056345199631 0 0.000000000000000000 -0.000000000000000000
connection 35 52 4.922716426328707762 0 0.000000000000000000 -0.000000000000000000
connection 35 53 -4.482118274592686191 0 0.000000000000000000 -0.000000000000000000
connection 35 54 2.289264642977487441 0 0.000000000000000000 -0.000000000000000000
connection 35 82 -7.860701483034453041 0 0.000000000000000000 -0.000000000000000000
connection 35 36 -0.953328047215882379 0 0.000000000000000000 -0.000000000000000000
connection 35 39 -4.157956372706834713 0 0.000000000000000000 -0.000000000000000000
connection 33 47 5.575590330497907310 0 0.000000000000000000 -0.000000000000000000
connection 33 74 -3.543489809613976416 0 0.000000000000000000 -0.000000000000000000
connection 33 48 3.212758022247619749 0 0.000000000000000000 -0.000000000000000000
connection 33 77 -3.192798617972531172 0 0.000000000000000000 -0.000000000000000000
connection 33 52 7.848684471292316722 0 0.000000000000000000 -0.000000000000000000
connection 33 53 3.522493930556471309 0 0.000000000000000000 -0.000000000000000000
connection 33 79 0.481524032180766337 0 0.000000000000000000 -0.000000000000000000
connection 33 54 7.263150530154098838 0 0.000000000000000000 -0.000000000000000000
connection 33 36 5.983006890443701487 0 0.000000000000000000 -0.000000000000000000
connection 33 37 -2.834727181330989332 0 0.000000000000000000 -0.000000000000000000
connection 33 39 3.821888453054728352 0 0.000000000000000000 -0.000000000000000000
connection 36 83 -7.523845102623262449 0 0.000000000000000000 -0.000000000000000000
connection 36 32 -7.954368401535763411 0 0.000000000000000000 -0.000000000000000000
connection 36 33 -1.735550388090834728 0 0.000000000000000000 -0.000000000000000000
connection 36 34 1.566389162271781599 0 0.000000000000000000 -0.000000000000000000
connection 36 35 -7.141494005413456136 0 0.000000000000000000 -0.000000000000000000
connection 36 27 -5.117850040679314816 0 0.000000000000000000 -0.000000000000000000
connection 36 28 4.382411362790902487 0 0.000000000000000000 -0.000000000000000000
connection 36 30 -2.108814310960580585 0 0.000000000000000000 -0.000000000000000000
connection 36 31 -7.443468864606674451 0 0.000000000000000000 -0.000000000000000000
connection 36 65 -0.922037596696370088 0 0.000000000000000000 -0.000000000000000000
connection 36 66 -4.130651100754759497 0 0.000000000000000000 -0.000000000000000000
connection 36 70 -0.544009018292571089 0 0.000000000000000000 -0.000000000000000000
connection 37 60 7.338603669784573569 0 0.000000000000000000 -0.000000000000000000
connection 37 61 0.769290724094536138 0 0.000000000000000000 -0.000000000000000000
connection 37 62 -2.551632281774287136 0 0.000000000000000000 -0.000000000000000000
connection 37 63 6.129104784211986789 0 0.000000000000000000 -0.000000000000000000
connection 37 49 4.047513624961585954 0 0.000000000000000000 -0.000000000000000000
connection 37 51 1.134861600790472824 0 0.000000000000000000 -0.000000000000000000
connection 37 84 -7.321229154079595958 0 0.000000000000000000 -0.000000000000000000
connection 38 60 7.677753818232591954 0 0.000000000000000000 -0.000000000000000000
connection 38 61 2.361088795558691444 0 0.000000000000000000 -0.000000000000000000
connection 38 62 -0.873326734554170758 0 0.000000000000000000 -0.000000000000000000
connection 38 63 6.840766317737877245 0 0.000000000000000000 -0.000000000000000000
connection 38 49 5.214999423345169305 0 0.000000000000000000 -0.000000000000000000
connection 38 50 -4.088007048301864010 0 0.000000000000000000 -0.000000000000000000
connection 38 51 2.695386825918369755 0 0.000000000000000000 -0.000000000000000000
connection 38 84 -7.331906310372410474 0 0.000000000000000000 -0.000000000000000000
connection 26 47 2.357953607633068938 0 0.000000000000000000 -0.000000000000000000
connection 26 48 -0.876827675827717701 0 0.000000000000000000 -0.000000000000000000
connection 26 76 -4.091077522755673712 0 0.000000000000000000 -0.000000000000000000
connection 26 49 7.986001496510734654 0 0.000000000000000000 -0.000000000000000000
connection 26 50 5.212830973462598827 0 0.000000000000000000 -0.000000000000000000
connection 26 81 2.692331802743376024 0 0.000000000000000000 -0.000000000000000000
connection 26 51 7.732825059186357208 0 0.000000000000000000 -0.000000000000000000
connection 26 52 6.969355087219072153 0 0.000000000000000000 -0.000000000000000000
connection 26 53 -0.498845297032859847 0 0.000000000000000000 -0.000000000000000000
connection 26 79 -3.754591155157268378 0 0.000000000000000000 -0.000000000000000000
connection 26 54 5.441222811620005650 0 0.000000000000000000 -0.000000000000000000
connection 26 82 -7.407970006720097089 0 0.000000000000000000 -0.000000000000000000
connection 26 36 3.017740066877841354 0 0.000000000000000000 -0.000000000000000000
connection 27 47 -0.486302705670816238 0 0.000000000000000000 -0.000000000000000000
connection 27 48 -3.743253073528901798 0 0.000000000000000000 -0.000000000000000000
connection 27 49 7.783514722325671542 0 0.000000000000000000 -0.000000000000000000
connection 27 50 3.028386894943893459 0 0.000000000000000000 -0.000000000000000000
connection 27 51 7.093175220082636123 0 0.000000000000000000 -0.000000000000000000
connection 27 52 5.664894335118705548 0 0.000000000000000000 -0.000000000000000000
connection 27 53 -3.397352147490547036 0 0.000000000000000000 -0.000000000000000000
connection 27 54 3.343916490076862313 0 0.000000000000000000 -0.000000000000000000
connection 27 82 -7.723366694298778867 0 0.000000000000000000 -0.000000000000000000
connection 27 36 0.265373761742422831 0 0.000000000000000000 -0.000000000000000000
connection 27 39 -3.043429329277963724 0 0.000000000000000000 -0.000000000000000000
connection 39 60 3.447368269265633778 0 0.000000000000000000 -0.000000000000000000
connection 39 63 0.390228025364679765 0 0.000000000000000000 -0.000000000000000000
connection 39 71 -7.996021950943682732 0 0.000000000000000000 -0.000000000000000000
connection 39 49 -2.923287496426823395 0 0.000000000000000000 -0.000000000000000000
connection 39 32 -7.990919199862712041 0 0.000000000000000000 -0.000000000000000000
connection 39 33 -3.372210627024829321 0 0.000000000000000000 -0.000000000000000000
connection 39 35 -7.694836136643338875 0 0.000000000000000000 -0.000000000000000000
connection 39 27 -6.292781153903122870 0 0.000000000000000000 -0.000000000000000000
connection 39 28 3.051352823871953834 0 0.000000000000000000 -0.000000000000000000
connection 39 30 -3.718723415798923515 0 0.000000000000000000 -0.000000000000000000
connection 39 65 0.760473889752828147 0 0.000000000000000000 -0.000000000000000000
connection 39 66 -2.560395532059779988 0 0.000000000000000000 -0.000000000000000000
connection 39 70 1.126165653214681095 0 0.000000000000000000 -0.000000000000000000
connection 41 14 4.427188993889032531 0 0.000000000000000000 -0.000000000000000000
connection 83 14 -7.419479791387904477 0 0.000000000000000000 -0.000000000000000000
connection 84 14 -7.419479791387904477 0 0.000000000000000000 -0.000000000000000000
connection 65 14 -0.576517513666237380 0 0.000000000000000000 -0.000000000000000000
connection 66 14 -1.217405781071712934 0 0.000000000000000000 -0.000000000000000000
connection 72 14 -2.426300421321323064 0 0.000000000000000000 -0.000000000000000000
connection 69 14 -4.009178568875280568 0 0.000000000000000000 -0.000000000000000000
connection 70 14 4.427188993889032531 0 0.000000000000000000 -0.000000000000000000
connection 83 16 -7.710543137036651729 0 0.000000000000000000 -0.000000000000000000
connection 84 16 -7.710543137036651729 0 0.000000000000000000 -0.000000000000000000
connection 60 17 -1.805240592399231181 0 0.000000000000000000 -0.000000000000000000
connection 61 17 -7.792265433313730227 0 0.000000000000000000 -0.000000000000000000
connection 62 17 -7.321603073636607562 0 0.000000000000000000 -0.000000000000000000
connection 71 17 -7.324455117204088594 0 0.000000000000000000 -0.000000000000000000
connection 49 17 1.086624603370335729 0 0.000000000000000000 -0.000000000000000000
connection 50 17 -6.787457221290631892 0 0.000000000000000000 -0.000000000000000000
connection 81 17 -6.440511988132453958 0 0.000000000000000000 -0.000000000000000000
connection 51 17 1.694802260136438976 0 0.000000000000000000 -0.000000000000000000
connection 52 17 1.694802260136438976 0 0.000000000000000000 -0.000000000000000000
connection 53 17 -6.440511988132453958 0 0.000000000000000000 -0.000000000000000000
connection 79 17 -6.787457221290631892 0 0.000000000000000000 -0.000000000000000000
connection 54 17 1.086624603370335729 0 0.000000000000000000 -0.000000000000000000
connection 26 17 -7.324455117204088594 0 0.000000000000000000 -0.000000000000000000
connection 37 17 -7.321603073636607562 0 0.000000000000000000 -0.000000000000000000
connection 38 17 -7.792265433313730227 0 0.000000000000000000 -0.000000000000000000
connection 39 17 -1.805240592399231181 0 0.000000000000000000 -0.000000000000000000
connection 60 18 1.946932370135458612 0 0.000000000000000000 -0.000000000000000000
connection 61 18 -6.279684994356668604 0 0.000000000000000000 -0.000000000000000000
connection 62 18 -5.101044629202212910 0 0.000000000000000000 -0.000000000000000000
connection 63 18 3.423645778837039355 0 0.000000000000000000 -0.000000000000000000
connection 71 18 -7.643749867080817495 0 0.000000000000000000 -0.000000000000000000
connection 49 18 4.364386866426824163 0 0.000000000000000000 -0.000000000000000000
connection 50 18 -4.086139663932956800 0 0.000000000000000000 -0.000000000000000000
connection 81 18 -3.509909746727024160 0 0.000000000000000000 -0.000000000000000000
connection 51 18 4.810793495715025792 0 0.000000000000000000 -0.000000000000000000
connection 52 18 4.810793495715025792 0 0.000000000000000000 -0.000000000000000000
connection 53 18 -3.509909746727024160 0 0.000000000000000000 -0.000000000000000000
connection 79 18 -4.086139663932956800 0 0.000000000000000000 -0.000000000000000000
connection 54 18 4.364386866426824163 0 0.000000000000000000 -0.000000000000000000
connection 26 18 -7.643749867080817495 0 0.000000000000000000 -0.000000000000000000
connection 82 18 -7.398451443408530004 0 0.000000000000000000 -0.000000000000000000
connection 36 18 3.423645778837039355 0 0.000000000000000000 -0.000000000000000000
connection 37 18 -5.101044629202212910 0 0.000000000000000000 -0.000000000000000000
connection 38 18 -6.279684994356668604 0 0.000000000000000000 -0.000000000000000000
connection 39 18 1.946932370135458612 0 0.000000000000000000 -0.000000000000000000
connection 60 19 4.990036353671868596 0 0.000000000000000000 -0.000000000000000000
connection 61 19 -3.258027073397819162 0 0.000000000000000000 -0.000000000000000000
connection 62 19 -1.613795583208862405 0 0.000000000000000000 -0.000000000000000000
connection 71 19 -7.994545705157192650 0 0.000000000000000000 -0.000000000000000000
connection 50 19 -0.392347501679938482 0 0.000000000000000000 -0.000000000000000000
connection 81 19 0.244650974023369161 0 0.000000000000000000 -0.000000000000000000
connection 53 19 0.244650974023369161 0 0.000000000000000000 -0.000000000000000000
connection 79 19 -0.392347501679938482 0 0.000000000000000000 -0.000000000000000000
connection 26 19 -7.994545705157192650 0 0.000000000000000000 -0.000000000000000000
connection 82 19 -7.809560392417542296 0 0.000000000000000000 -0.000000000000000000
connection 37 19 -1.613795583208862405 0 0.000000000000000000 -0.000000000000000000
connection 38 19 -3.258027073397819162 0 0.000000000000000000 -0.000000000000000000
connection 39 19 4.990036353671868596 0 0.000000000000000000 -0.000000000000000000
connection 61 20 0.512290543377236007 0 0.000000000000000000 -0.000000000000000000
connection 62 20 2.123646196332365843 0 0.000000000000000000 -0.000000000000000000
connection 76 20 -5.315520993053659993 0 0.000000000000000000 -0.000000000000000000
connection 77 20 -4.814717727540202219 0 0.000000000000000000 -0.000000000000000000
connection 50 20 3.192467343038065231 0 0.000000000000000000 -0.000000000000000000
connection 81 20 3.712704051779303960 0 0.000000000000000000 -0.000000000000000000
connection 53 20 3.712704051779303960 0 0.000000000000000000 -0.000000000000000000
connection 79 20 3.192467343038065231 0 0.000000000000000000 -0.000000000000000000
connection 32 20 -4.814717727540202219 0 0.000000000000000000 -0.000000000000000000
connection 33 20 -7.974799673420401191 0 0.000000000000000000 -0.000000000000000000
connection 34 20 -7.932744763285261236 0 0.000000000000000000 -0.000000000000000000
connection 35 20 -5.315520993053659993 0 0.000000000000000000 -0.000000000000000000
connection 82 20 -7.966397850159901317 0 0.000000000000000000 -0.000000000000000000
connection 37 20 2.123646196332365843 0 0.000000000000000000 -0.000000000000000000
connection 38 20 0.512290543377236007 0 0.000000000000000000 -0.000000000000000000
connection 61 21 3.924193460971616254 0 0.000000000000000000 -0.000000000000000000
connection 62 21 5.113652439502225810 0 0.000000000000000000 -0.000000000000000000
connection 47 21 -4.591530503685515185 0 0.000000000000000000 -0.000000000000000000
connection 74 21 -7.987013462158496502 0 0.000000000000000000 -0.000000000000000000
connection 75 21 -7.963096365669957599 0 0.000000000000000000 -0.000000000000000000
connection 48 21 -3.076763680471444218 0 0.000000000000000000 -0.000000000000000000
connection 76 21 -1.891694891740340223 0 0.000000000000000000 -0.000000000000000000
connection 77 21 -1.254507763369805851 0 0.000000000000000000 -0.000000000000000000
connection 32 21 -1.254507763369805851 0 0.000000000000000000 -0.000000000000000000
connection 33 21 -7.671671054297680037 0 0.000000000000000000 -0.000000000000000000
connection 34 21 -7.808537808021730697 0 0.000000000000000000 -0.000000000000000000
connection 35 21 -1.891694891740340223 0 0.000000000000000000 -0.000000000000000000
connection 27 21 -3.076763680471444218 0 0.000000000000000000 -0.000000000000000000
connection 28 21 -7.963096365669957599 0 0.000000000000000000 -0.000000000000000000
connection 29 21 -7.987013462158496502 0 0.000000000000000000 -0.000000000000000000
connection 30 21 -4.591530503685515185 0 0.000000000000000000 -0.000000000000000000
connection 37 21 5.113652439502225810 0 0.000000000000000000 -0.000000000000000000
connection 38 21 3.924193460971616254 0 0.000000000000000000 -0.000000000000000000
NNend

