NNstart
8 2
neuron 1 1.000000000000000000 0.000000000000000000 0.000000000000000000 -416217365440467779745351058753724346553586895145992086816144517889359395946496.000000000000000000 11 0.000000000000000000
neuron 1 1.000000000000000000 0.000000000000000000 0.000000000000000000 -416217365440467779745351058753724346553586895145992086816144517889359395946496.000000000000000000 11 0.000000000000000000
neuron 1 1.000000000000000000 0.000000000000000000 0.000000000000000000 -416217365440467779745351058753724346553586895145992086816144517889359395946496.000000000000000000 11 0.000000000000000000
neuron 1 1.000000000000000000 0.000000000000000000 0.000000000000000000 -416217365440467779745351058753724346553586895145992086816144517889359395946496.000000000000000000 11 0.000000000000000000
neuron 1 1.000000000000000000 0.000000000000000000 0.000000000000000000 -416217365440467779745351058753724346553586895145992086816144517889359395946496.000000000000000000 11 0.000000000000000000
neuron 1 1.000000000000000000 0.000000000000000000 0.000000000000000000 -416217365440467779745351058753724346553586895145992086816144517889359395946496.000000000000000000 11 0.000000000000000000
neuron 1 1.000000000000000000 0.000000000000000000 0.000000000000000000 -416217365440467779745351058753724346553586895145992086816144517889359395946496.000000000000000000 11 0.000000000000000000
neuron 2 1.000000000000000000 0.000000000000000000 0.000000000000000000 0.000000000000000000 11 0.000000000000000000
neuron 4 1.000000000000000000 0.000000000000000000 0.000000000000000000 -416217365440467779745351058753724346553586895145992086816144517889359395946496.000000000000000000 1 0.000000000000000000
neuron 4 1.000000000000000000 0.000000000000000000 0.000000000000000000 -416217365440467779745351058753724346553586895145992086816144517889359395946496.000000000000000000 1 0.000000000000000000
neuron 3 1.000000000000000000 0.000000000000000000 0.000000000000000000 -416217365440467779745351058753724346553586895145992086816144517889359395946496.000000000000000000 0 0.000000000000000000
neuron 3 1.000000000000000000 0.000000000000000000 0.000000000000000000 -416217365440467779745351058753724346553586895145992086816144517889359395946496.000000000000000000 0 0.000000000000000000
neuron 3 1.000000000000000000 0.000000000000000000 0.000000000000000000 -416217365440467779745351058753724346553586895145992086816144517889359395946496.000000000000000000 0 0.000000000000000000
neuron 3 1.000000000000000000 0.000000000000000000 0.000000000000000000 -416217365440467779745351058753724346553586895145992086816144517889359395946496.000000000000000000 0 0.000000000000000000
connection 0 10 3.143351838368895645 0 0.000000000000000000 -416217365440467779745351058753724346553586895145992086816144517889359395946496.000000000000000000
connection 0 11 -0.666934912708475491 0 0.000000000000000000 -416217365440467779745351058753724346553586895145992086816144517889359395946496.000000000000000000
connection 0 12 0.386381901330086819 0 0.000000000000000000 -416217365440467779745351058753724346553586895145992086816144517889359395946496.000000000000000000
connection 0 13 3.531216616957533638 0 0.000000000000000000 -416217365440467779745351058753724346553586895145992086816144517889359395946496.000000000000000000
connection 1 10 2.944025308960318998 0 0.000000000000000000 -416217365440467779745351058753724346553586895145992086816144517889359395946496.000000000000000000
connection 1 11 -1.106494434819849992 0 0.000000000000000000 -416217365440467779745351058753724346553586895145992086816144517889359395946496.000000000000000000
connection 1 13 3.389608000998208137 0 0.000000000000000000 -416217365440467779745351058753724346553586895145992086816144517889359395946496.000000000000000000
connection 2 10 2.718534889094804008 0 0.000000000000000000 -416217365440467779745351058753724346553586895145992086816144517889359395946496.000000000000000000
connection 2 12 -0.467639306081629014 0 0.000000000000000000 -416217365440467779745351058753724346553586895145992086816144517889359395946496.000000000000000000
connection 2 13 3.225759859711518018 0 0.000000000000000000 -416217365440467779745351058753724346553586895145992086816144517889359395946496.000000000000000000
connection 3 10 2.465848959031955889 0 0.000000000000000000 -416217365440467779745351058753724346553586895145992086816144517889359395946496.000000000000000000
connection 3 12 -0.906476307140990700 0 0.000000000000000000 -416217365440467779745351058753724346553586895145992086816144517889359395946496.000000000000000000
connection 3 13 3.037891986867951033 0 0.000000000000000000 -416217365440467779745351058753724346553586895145992086816144517889359395946496.000000000000000000
connection 4 10 2.185410508193046830 0 0.000000000000000000 -416217365440467779745351058753724346553586895145992086816144517889359395946496.000000000000000000
connection 4 12 -1.345124269260412619 0 0.000000000000000000 -416217365440467779745351058753724346553586895145992086816144517889359395946496.000000000000000000
connection 4 13 2.824459694822130107 0 0.000000000000000000 -416217365440467779745351058753724346553586895145992086816144517889359395946496.000000000000000000
connection 5 10 1.877235148931776232 0 0.000000000000000000 -416217365440467779745351058753724346553586895145992086816144517889359395946496.000000000000000000
connection 5 13 2.584248474009247509 0 0.000000000000000000 -416217365440467779745351058753724346553586895145992086816144517889359395946496.000000000000000000
connection 6 10 1.542002473012646035 0 0.000000000000000000 -416217365440467779745351058753724346553586895145992086816144517889359395946496.000000000000000000
connection 6 13 2.316472989260665916 0 0.000000000000000000 -416217365440467779745351058753724346553586895145992086816144517889359395946496.000000000000000000
connection 7 10 1.181135334977038376 0 0.000000000000000000 -416217365440467779745351058753724346553586895145992086816144517889359395946496.000000000000000000
connection 7 13 2.020876442639630177 0 0.000000000000000000 -416217365440467779745351058753724346553586895145992086816144517889359395946496.000000000000000000
connection 10 10 -3.929909628216505801 0 0.000000000000000000 -416217365440467779745351058753724346553586895145992086816144517889359395946496.000000000000000000
connection 10 11 -3.865748993459790395 0 0.000000000000000000 -416217365440467779745351058753724346553586895145992086816144517889359395946496.000000000000000000
connection 11 10 -0.387374877754383173 0 0.000000000000000000 -416217365440467779745351058753724346553586895145992086816144517889359395946496.000000000000000000
connection 11 11 -0.533634675387815394 0 0.000000000000000000 -416217365440467779745351058753724346553586895145992086816144517889359395946496.000000000000000000
connection 11 12 3.198984038180942679 0 0.000000000000000000 -416217365440467779745351058753724346553586895145992086816144517889359395946496.000000000000000000
connection 11 13 3.257661755659032377 0 0.000000000000000000 -416217365440467779745351058753724346553586895145992086816144517889359395946496.000000000000000000
connection 12 10 1.056708570872525454 0 0.000000000000000000 -416217365440467779745351058753724346553586895145992086816144517889359395946496.000000000000000000
connection 12 11 0.927979002881272441 0 0.000000000000000000 -416217365440467779745351058753724346553586895145992086816144517889359395946496.000000000000000000
connection 12 12 3.690440468404610375 0 0.000000000000000000 -416217365440467779745351058753724346553586895145992086816144517889359395946496.000000000000000000
connection 12 13 3.724814034340530267 0 0.000000000000000000 -416217365440467779745351058753724346553586895145992086816144517889359395946496.000000000000000000
connection 13 10 -4.202210102670903780 0 0.000000000000000000 -416217365440467779745351058753724346553586895145992086816144517889359395946496.000000000000000000
connection 13 11 -4.208802324361165859 0 0.000000000000000000 -416217365440467779745351058753724346553586895145992086816144517889359395946496.000000000000000000
connection 13 12 -0.893704069635048559 0 0.000000000000000000 -416217365440467779745351058753724346553586895145992086816144517889359395946496.000000000000000000
connection 13 13 -0.746429618138163109 0 0.000000000000000000 -416217365440467779745351058753724346553586895145992086816144517889359395946496.000000000000000000
connection 10 8 -3.860363996180282253 0 0.000000000000000000 -416217365440467779745351058753724346553586895145992086816144517889359395946496.000000000000000000
connection 11 9 3.194187256862436097 0 0.000000000000000000 -416217365440467779745351058753724346553586895145992086816144517889359395946496.000000000000000000
NNend

