NNstart
14 8
neuron 1 1.000000000000000000 0.000000000000000000 0.000000000000000000 0.000000000000000000 11 0.000000000000000000
neuron 1 1.000000000000000000 0.000000000000000000 0.000000000000000000 0.000000000000000000 11 0.000000000000000000
neuron 1 1.000000000000000000 0.000000000000000000 0.000000000000000000 0.000000000000000000 11 0.000000000000000000
neuron 1 1.000000000000000000 0.000000000000000000 0.000000000000000000 0.000000000000000000 11 0.000000000000000000
neuron 1 1.000000000000000000 0.000000000000000000 0.000000000000000000 0.000000000000000000 11 0.000000000000000000
neuron 1 1.000000000000000000 0.000000000000000000 0.000000000000000000 0.000000000000000000 11 0.000000000000000000
neuron 1 1.000000000000000000 0.000000000000000000 0.000000000000000000 0.000000000000000000 11 0.000000000000000000
neuron 1 1.000000000000000000 0.000000000000000000 0.000000000000000000 0.000000000000000000 11 0.000000000000000000
neuron 1 1.000000000000000000 0.000000000000000000 0.000000000000000000 0.000000000000000000 11 0.000000000000000000
neuron 1 1.000000000000000000 0.000000000000000000 0.000000000000000000 0.000000000000000000 11 0.000000000000000000
neuron 1 1.000000000000000000 0.000000000000000000 0.000000000000000000 0.000000000000000000 11 0.000000000000000000
neuron 1 1.000000000000000000 0.000000000000000000 0.000000000000000000 0.000000000000000000 11 0.000000000000000000
neuron 1 1.000000000000000000 0.000000000000000000 0.000000000000000000 0.000000000000000000 11 0.000000000000000000
neuron 2 1.000000000000000000 0.000000000000000000 0.000000000000000000 0.000000000000000000 11 0.000000000000000000
neuron 4 1.000000000000000000 0.000000000000000000 0.000000000000000000 0.000000000000000000 1 0.000000000000000000
neuron 4 1.000000000000000000 0.000000000000000000 0.000000000000000000 0.000000000000000000 1 0.000000000000000000
neuron 4 1.000000000000000000 0.000000000000000000 0.000000000000000000 0.000000000000000000 1 0.000000000000000000
neuron 4 1.000000000000000000 0.000000000000000000 0.000000000000000000 0.000000000000000000 1 0.000000000000000000
neuron 4 1.000000000000000000 0.000000000000000000 0.000000000000000000 0.000000000000000000 1 0.000000000000000000
neuron 4 1.000000000000000000 0.000000000000000000 0.000000000000000000 0.000000000000000000 1 0.000000000000000000
neuron 4 1.000000000000000000 0.000000000000000000 0.000000000000000000 0.000000000000000000 1 0.000000000000000000
neuron 4 1.000000000000000000 0.000000000000000000 0.000000000000000000 0.000000000000000000 1 0.000000000000000000
neuron 3 1.000000000000000000 0.000000000000000000 0.000000000000000000 0.000000000000000000 0 0.000000000000000000
neuron 3 1.000000000000000000 0.000000000000000000 0.000000000000000000 0.000000000000000000 0 0.000000000000000000
neuron 3 1.000000000000000000 0.000000000000000000 0.000000000000000000 0.000000000000000000 0 0.000000000000000000
neuron 3 1.000000000000000000 0.000000000000000000 0.000000000000000000 0.000000000000000000 0 0.000000000000000000
neuron 3 1.000000000000000000 0.000000000000000000 0.000000000000000000 0.000000000000000000 0 0.000000000000000000
neuron 3 1.000000000000000000 0.000000000000000000 0.000000000000000000 0.000000000000000000 0 0.000000000000000000
neuron 3 1.000000000000000000 0.000000000000000000 0.000000000000000000 0.000000000000000000 0 0.000000000000000000
neuron 3 1.000000000000000000 0.000000000000000000 0.000000000000000000 0.000000000000000000 0 0.000000000000000000
neuron 3 1.000000000000000000 0.000000000000000000 0.000000000000000000 0.000000000000000000 0 0.000000000000000000
neuron 3 1.000000000000000000 0.000000000000000000 0.000000000000000000 0.000000000000000000 0 0.000000000000000000
neuron 3 1.000000000000000000 0.000000000000000000 0.000000000000000000 0.000000000000000000 0 0.000000000000000000
neuron 3 1.000000000000000000 0.000000000000000000 0.000000000000000000 0.000000000000000000 0 0.000000000000000000
neuron 3 1.000000000000000000 0.000000000000000000 0.000000000000000000 0.000000000000000000 0 0.000000000000000000
neuron 3 1.000000000000000000 0.000000000000000000 0.000000000000000000 0.000000000000000000 0 0.000000000000000000
neuron 3 1.000000000000000000 0.000000000000000000 0.000000000000000000 0.000000000000000000 0 0.000000000000000000
neuron 3 1.000000000000000000 0.000000000000000000 0.000000000000000000 0.000000000000000000 0 0.000000000000000000
neuron 3 1.000000000000000000 0.000000000000000000 0.000000000000000000 0.000000000000000000 0 0.000000000000000000
neuron 3 1.000000000000000000 0.000000000000000000 0.000000000000000000 0.000000000000000000 0 0.000000000000000000
neuron 3 1.000000000000000000 0.000000000000000000 0.000000000000000000 0.000000000000000000 0 0.000000000000000000
neuron 3 1.000000000000000000 0.000000000000000000 0.000000000000000000 0.000000000000000000 0 0.000000000000000000
neuron 3 1.000000000000000000 0.000000000000000000 0.000000000000000000 0.000000000000000000 0 0.000000000000000000
neuron 3 1.000000000000000000 0.000000000000000000 0.000000000000000000 0.000000000000000000 0 0.000000000000000000
neuron 3 1.000000000000000000 0.000000000000000000 0.000000000000000000 0.000000000000000000 0 0.000000000000000000
neuron 3 1.000000000000000000 0.000000000000000000 0.000000000000000000 0.000000000000000000 0 0.000000000000000000
neuron 3 1.000000000000000000 0.000000000000000000 0.000000000000000000 0.000000000000000000 0 0.000000000000000000
neuron 3 1.000000000000000000 0.000000000000000000 0.000000000000000000 0.000000000000000000 0 0.000000000000000000
neuron 3 1.000000000000000000 0.000000000000000000 0.000000000000000000 0.000000000000000000 0 0.000000000000000000
neuron 3 1.000000000000000000 0.000000000000000000 0.000000000000000000 0.000000000000000000 0 0.000000000000000000
neuron 3 1.000000000000000000 0.000000000000000000 0.000000000000000000 0.000000000000000000 0 0.000000000000000000
neuron 3 1.000000000000000000 0.000000000000000000 0.000000000000000000 0.000000000000000000 0 0.000000000000000000
neuron 3 1.000000000000000000 0.000000000000000000 0.000000000000000000 0.000000000000000000 0 0.000000000000000000
neuron 3 1.000000000000000000 0.000000000000000000 0.000000000000000000 0.000000000000000000 0 0.000000000000000000
neuron 3 1.000000000000000000 0.000000000000000000 0.000000000000000000 0.000000000000000000 0 0.000000000000000000
neuron 3 1.000000000000000000 0.000000000000000000 0.000000000000000000 0.000000000000000000 0 0.000000000000000000
neuron 3 1.000000000000000000 0.000000000000000000 0.000000000000000000 0.000000000000000000 0 0.000000000000000000
neuron 3 1.000000000000000000 0.000000000000000000 0.000000000000000000 0.000000000000000000 0 0.000000000000000000
neuron 3 1.000000000000000000 0.000000000000000000 0.000000000000000000 0.000000000000000000 0 0.000000000000000000
neuron 3 1.000000000000000000 0.000000000000000000 0.000000000000000000 0.000000000000000000 0 0.000000000000000000
neuron 3 1.000000000000000000 0.000000000000000000 0.000000000000000000 0.000000000000000000 0 0.000000000000000000
neuron 3 1.000000000000000000 0.000000000000000000 0.000000000000000000 0.000000000000000000 0 0.000000000000000000
neuron 3 1.000000000000000000 0.000000000000000000 0.000000000000000000 0.000000000000000000 0 0.000000000000000000
neuron 3 1.000000000000000000 0.000000000000000000 0.000000000000000000 0.000000000000000000 0 0.000000000000000000
neuron 3 1.000000000000000000 0.000000000000000000 0.000000000000000000 0.000000000000000000 0 0.000000000000000000
neuron 3 1.000000000000000000 0.000000000000000000 0.000000000000000000 0.000000000000000000 0 0.000000000000000000
neuron 3 1.000000000000000000 0.000000000000000000 0.000000000000000000 0.000000000000000000 0 0.000000000000000000
neuron 3 1.000000000000000000 0.000000000000000000 0.000000000000000000 0.000000000000000000 0 0.000000000000000000
neuron 3 1.000000000000000000 0.000000000000000000 0.000000000000000000 0.000000000000000000 0 0.000000000000000000
neuron 3 1.000000000000000000 0.000000000000000000 0.000000000000000000 0.000000000000000000 0 0.000000000000000000
neuron 3 1.000000000000000000 0.000000000000000000 0.000000000000000000 0.000000000000000000 0 0.000000000000000000
neuron 3 1.000000000000000000 0.000000000000000000 0.000000000000000000 0.000000000000000000 0 0.000000000000000000
neuron 3 1.000000000000000000 0.000000000000000000 0.000000000000000000 0.000000000000000000 0 0.000000000000000000
neuron 3 1.000000000000000000 0.000000000000000000 0.000000000000000000 0.000000000000000000 0 0.000000000000000000
neuron 3 1.000000000000000000 0.000000000000000000 0.000000000000000000 0.000000000000000000 0 0.000000000000000000
neuron 3 1.000000000000000000 0.000000000000000000 0.000000000000000000 0.000000000000000000 0 0.000000000000000000
neuron 3 1.000000000000000000 0.000000000000000000 0.000000000000000000 0.000000000000000000 0 0.000000000000000000
neuron 3 1.000000000000000000 0.000000000000000000 0.000000000000000000 0.000000000000000000 0 0.000000000000000000
neuron 3 1.000000000000000000 0.000000000000000000 0.000000000000000000 0.000000000000000000 0 0.000000000000000000
neuron 3 1.000000000000000000 0.000000000000000000 0.000000000000000000 0.000000000000000000 0 0.000000000000000000
neuron 3 1.000000000000000000 0.000000000000000000 0.000000000000000000 0.000000000000000000 0 0.000000000000000000
neuron 3 1.000000000000000000 0.000000000000000000 0.000000000000000000 0.000000000000000000 0 0.000000000000000000
neuron 3 1.000000000000000000 0.000000000000000000 0.000000000000000000 0.000000000000000000 0 0.000000000000000000
neuron 3 1.000000000000000000 0.000000000000000000 0.000000000000000000 0.000000000000000000 0 0.000000000000000000
neuron 3 1.000000000000000000 0.000000000000000000 0.000000000000000000 0.000000000000000000 0 0.000000000000000000
neuron 3 1.000000000000000000 0.000000000000000000 0.000000000000000000 0.000000000000000000 0 0.000000000000000000
neuron 3 1.000000000000000000 0.000000000000000000 0.000000000000000000 0.000000000000000000 0 0.000000000000000000
neuron 3 1.000000000000000000 0.000000000000000000 0.000000000000000000 0.000000000000000000 0 0.000000000000000000
neuron 3 1.000000000000000000 0.000000000000000000 0.000000000000000000 0.000000000000000000 0 0.000000000000000000
neuron 3 1.000000000000000000 0.000000000000000000 0.000000000000000000 0.000000000000000000 0 0.000000000000000000
neuron 3 1.000000000000000000 0.000000000000000000 0.000000000000000000 0.000000000000000000 0 0.000000000000000000
neuron 3 1.000000000000000000 0.000000000000000000 0.000000000000000000 0.000000000000000000 0 0.000000000000000000
connection 0 22 -7.305672437500702721 0 0.000000000000000000 0.000000000000000000
connection 0 23 5.136541141910827335 0 0.000000000000000000 0.000000000000000000
connection 0 24 -1.271436411120473675 0 0.000000000000000000 0.000000000000000000
connection 1 22 -7.753869437740008586 0 0.000000000000000000 0.000000000000000000
connection 1 25 -3.035735108080490630 0 0.000000000000000000 0.000000000000000000
connection 1 26 -7.328498565047138591 0 0.000000000000000000 0.000000000000000000
connection 1 27 2.271543382193373262 0 0.000000000000000000 0.000000000000000000
connection 1 24 1.003395824760155541 0 0.000000000000000000 0.000000000000000000
connection 2 22 -7.984926531504911829 0 0.000000000000000000 0.000000000000000000
connection 2 25 -0.884438680623984563 0 0.000000000000000000 0.000000000000000000
connection 2 27 4.391733909568334759 0 0.000000000000000000 0.000000000000000000
connection 2 28 -7.607868200639669176 0 0.000000000000000000 0.000000000000000000
connection 2 29 -2.206937659742857161 0 0.000000000000000000 0.000000000000000000
connection 2 24 3.234628261083060341 0 0.000000000000000000 0.000000000000000000
connection 3 30 -3.784676325735977009 0 0.000000000000000000 0.000000000000000000
connection 3 25 1.398050477424933380 0 0.000000000000000000 0.000000000000000000
connection 3 28 -7.937340270556136446 0 0.000000000000000000 0.000000000000000000
connection 3 24 5.207145463211565684 0 0.000000000000000000 0.000000000000000000
connection 3 31 6.627311817958159601 0 0.000000000000000000 0.000000000000000000
connection 4 30 -1.742235682189307244 0 0.000000000000000000 0.000000000000000000
connection 4 25 3.604338939514183160 0 0.000000000000000000 0.000000000000000000
connection 4 26 -3.031590314622405025 0 0.000000000000000000 0.000000000000000000
connection 4 32 -7.322550086956455928 0 0.000000000000000000 0.000000000000000000
connection 4 29 2.309347498792188702 0 0.000000000000000000 0.000000000000000000
connection 4 31 5.495051933002829792 0 0.000000000000000000 0.000000000000000000
connection 5 33 -7.455452912218175854 0 0.000000000000000000 0.000000000000000000
connection 5 30 0.502788933701209029 0 0.000000000000000000 0.000000000000000000
connection 5 26 -0.872668202317442687 0 0.000000000000000000 0.000000000000000000
connection 5 34 -2.108533483307307055 0 0.000000000000000000 0.000000000000000000
connection 5 23 7.005103073463168073 0 0.000000000000000000 0.000000000000000000
connection 5 29 4.422959093898913174 0 0.000000000000000000 0.000000000000000000
connection 6 33 -7.838670976532348789 0 0.000000000000000000 0.000000000000000000
connection 6 35 -2.596963641756575125 0 0.000000000000000000 0.000000000000000000
connection 6 30 2.757877864187042505 0 0.000000000000000000 0.000000000000000000
connection 6 36 -3.777573000667977965 0 0.000000000000000000 0.000000000000000000
connection 6 26 1.415106778137109611 0 0.000000000000000000 0.000000000000000000
connection 6 37 -7.231478083453783512 0 0.000000000000000000 0.000000000000000000
connection 6 23 5.934238039988584568 0 0.000000000000000000 0.000000000000000000
connection 7 33 -7.999104397918417320 0 0.000000000000000000 0.000000000000000000
connection 7 35 -0.424107282745071035 0 0.000000000000000000 0.000000000000000000
connection 7 30 4.808042706961233037 0 0.000000000000000000 0.000000000000000000
connection 7 36 -1.723043909101836579 0 0.000000000000000000 0.000000000000000000
connection 7 26 3.622722286199890007 0 0.000000000000000000 0.000000000000000000
connection 7 37 -7.716124282832929282 0 0.000000000000000000 0.000000000000000000
connection 7 32 -3.001623277552611491 0 0.000000000000000000 0.000000000000000000
connection 7 38 -7.285850415359488963 0 0.000000000000000000 0.000000000000000000
connection 7 34 2.401919144001071427 0 0.000000000000000000 0.000000000000000000
connection 7 23 4.701605181384664434 0 0.000000000000000000 0.000000000000000000
connection 8 39 -3.444252484819469551 0 0.000000000000000000 0.000000000000000000
connection 8 35 1.843010724413888912 0 0.000000000000000000 0.000000000000000000
connection 8 36 0.532147146270241400 0 0.000000000000000000 0.000000000000000000
connection 8 27 6.345180208098206265 0 0.000000000000000000 0.000000000000000000
connection 8 37 -7.976865513586053780 0 0.000000000000000000 0.000000000000000000
connection 8 32 -0.837291967316812880 0 0.000000000000000000 0.000000000000000000
connection 8 34 4.498279765882155168 0 0.000000000000000000 0.000000000000000000
connection 8 24 6.999126454012352561 0 0.000000000000000000 0.000000000000000000
connection 9 39 -1.377015017281519871 0 0.000000000000000000 0.000000000000000000
connection 9 35 3.997047125958669511 0 0.000000000000000000 0.000000000000000000
connection 9 40 -2.548322205741399227 0 0.000000000000000000 0.000000000000000000
connection 9 36 2.792579983348769002 0 0.000000000000000000 0.000000000000000000
connection 9 27 5.130469717916573913 0 0.000000000000000000 0.000000000000000000
connection 9 41 -7.117365805949788182 0 0.000000000000000000 0.000000000000000000
connection 9 42 -3.777029258691023905 0 0.000000000000000000 0.000000000000000000
connection 9 32 1.451434951435739862 0 0.000000000000000000 0.000000000000000000
connection 9 24 5.942635914775396877 0 0.000000000000000000 0.000000000000000000
connection 10 39 0.864327961063727890 0 0.000000000000000000 0.000000000000000000
connection 10 40 -0.360266280923722482 0 0.000000000000000000 0.000000000000000000
connection 10 25 6.741451314005795226 0 0.000000000000000000 0.000000000000000000
connection 10 36 4.841609629538065285 0 0.000000000000000000 0.000000000000000000
connection 10 42 -1.714386612166634682 0 0.000000000000000000 0.000000000000000000
connection 10 32 3.654854020018979632 0 0.000000000000000000 0.000000000000000000
connection 10 38 -2.911725315942201853 0 0.000000000000000000 0.000000000000000000
connection 10 24 4.733962273220641670 0 0.000000000000000000 0.000000000000000000
connection 11 43 -2.336455437308713190 0 0.000000000000000000 0.000000000000000000
connection 11 39 3.086576767469023430 0 0.000000000000000000 0.000000000000000000
connection 11 44 -7.434795944738386453 0 0.000000000000000000 0.000000000000000000
connection 11 45 -3.360085457538154685 0 0.000000000000000000 0.000000000000000000
connection 11 40 1.915225406082002424 0 0.000000000000000000 0.000000000000000000
connection 11 25 5.577798131840979501 0 0.000000000000000000 0.000000000000000000
connection 11 42 0.547471532030387564 0 0.000000000000000000 0.000000000000000000
connection 11 38 -0.741665474419441861 0 0.000000000000000000 0.000000000000000000
connection 11 29 6.365670188220777348 0 0.000000000000000000 0.000000000000000000
connection 12 39 5.077783496513965211 0 0.000000000000000000 0.000000000000000000
connection 12 44 -7.834960386920603703 0 0.000000000000000000 0.000000000000000000
connection 12 45 -1.271620106516393678 0 0.000000000000000000 0.000000000000000000
connection 12 40 4.068010105313012659 0 0.000000000000000000 0.000000000000000000
connection 12 46 -7.212589410549067992 0 0.000000000000000000 0.000000000000000000
connection 12 41 -2.532084486961631242 0 0.000000000000000000 0.000000000000000000
connection 12 47 -7.128781509213022005 0 0.000000000000000000 0.000000000000000000
connection 12 42 2.811093347215481320 0 0.000000000000000000 0.000000000000000000
connection 12 38 1.543229623112927662 0 0.000000000000000000 0.000000000000000000
connection 12 29 5.173121768566037559 0 0.000000000000000000 0.000000000000000000
connection 13 43 2.090890947738300198 0 0.000000000000000000 0.000000000000000000
connection 13 44 -7.999376525999217336 0 0.000000000000000000 0.000000000000000000
connection 13 45 0.982150940413550666 0 0.000000000000000000 0.000000000000000000
connection 13 30 6.047278212828535615 0 0.000000000000000000 0.000000000000000000
connection 13 46 -7.708466197494169947 0 0.000000000000000000 0.000000000000000000
connection 13 26 6.751497922655179451 0 0.000000000000000000 0.000000000000000000
connection 13 41 -0.332493084972509567 0 0.000000000000000000 0.000000000000000000
connection 13 42 4.858925287391725689 0 0.000000000000000000 0.000000000000000000
connection 13 48 -1.683452679545403896 0 0.000000000000000000 0.000000000000000000
connection 13 38 3.733356776140655864 0 0.000000000000000000 0.000000000000000000
connection 22 33 -0.996516564937857119 0 0.000000000000000000 0.000000000000000000
connection 22 50 -7.028007707077862598 0 0.000000000000000000 0.000000000000000000
connection 22 51 -6.883787464653419619 0 0.000000000000000000 0.000000000000000000
connection 22 52 -2.935234934678009111 0 0.000000000000000000 0.000000000000000000
connection 22 44 -1.199637307481863147 0 0.000000000000000000 0.000000000000000000
connection 22 22 -0.231184467925769382 0 0.000000000000000000 0.000000000000000000
connection 22 53 5.160972672210732526 0 0.000000000000000000 0.000000000000000000
connection 22 54 5.157797818381309796 0 0.000000000000000000 0.000000000000000000
connection 22 55 -5.730910289424165249 0 0.000000000000000000 0.000000000000000000
connection 22 56 5.328413921085823013 0 0.000000000000000000 0.000000000000000000
connection 22 57 3.696544430616003130 0 0.000000000000000000 0.000000000000000000
connection 22 58 7.820290963284461050 0 0.000000000000000000 0.000000000000000000
connection 22 59 2.372561435882480918 0 0.000000000000000000 0.000000000000000000
connection 22 61 -1.591718385892223697 0 0.000000000000000000 0.000000000000000000
connection 22 62 -7.477485792333722792 0 0.000000000000000000 0.000000000000000000
connection 22 63 -3.883883248603998695 0 0.000000000000000000 0.000000000000000000
connection 22 64 -7.883734869188355532 0 0.000000000000000000 0.000000000000000000
connection 22 65 -4.000565445559619349 0 0.000000000000000000 0.000000000000000000
connection 22 66 -1.473080473307939897 0 0.000000000000000000 0.000000000000000000
connection 22 67 -4.653019351231142409 0 0.000000000000000000 0.000000000000000000
connection 22 68 -1.738445147540723656 0 0.000000000000000000 0.000000000000000000
connection 22 70 -7.992158741408944778 0 0.000000000000000000 0.000000000000000000
connection 22 71 0.942317836754194560 0 0.000000000000000000 0.000000000000000000
connection 22 72 -7.684539906774891627 0 0.000000000000000000 0.000000000000000000
connection 22 73 -5.371011673878238746 0 0.000000000000000000 0.000000000000000000
connection 22 74 -2.087786580577282614 0 0.000000000000000000 0.000000000000000000
connection 22 75 -6.124221684608436966 0 0.000000000000000000 0.000000000000000000
connection 22 76 -2.535413932216553423 0 0.000000000000000000 0.000000000000000000
connection 23 43 -2.134633498041785149 0 0.000000000000000000 0.000000000000000000
connection 23 50 2.221145114551809741 0 0.000000000000000000 0.000000000000000000
connection 23 51 -7.263713689808444229 0 0.000000000000000000 0.000000000000000000
connection 23 52 -6.031142404251776945 0 0.000000000000000000 0.000000000000000000
connection 23 79 -2.869833937151023751 0 0.000000000000000000 0.000000000000000000
connection 23 81 -3.345383480378095076 0 0.000000000000000000 0.000000000000000000
connection 23 22 -0.539932698590131710 0 0.000000000000000000 0.000000000000000000
connection 23 53 6.848050128493628819 0 0.000000000000000000 0.000000000000000000
connection 23 82 5.518758238185175635 0 0.000000000000000000 0.000000000000000000
connection 23 55 4.619952926481436073 0 0.000000000000000000 0.000000000000000000
connection 23 56 7.203297571518366915 0 0.000000000000000000 0.000000000000000000
connection 23 84 4.840488531855731580 0 0.000000000000000000 0.000000000000000000
connection 23 58 4.040309781302863001 0 0.000000000000000000 0.000000000000000000
connection 23 61 7.660671029183329317 0 0.000000000000000000 0.000000000000000000
connection 23 62 -6.106450748161259767 0 0.000000000000000000 0.000000000000000000
connection 23 65 -7.355323155077833519 0 0.000000000000000000 0.000000000000000000
connection 23 66 -3.899568479301621871 0 0.000000000000000000 0.000000000000000000
connection 23 67 -7.812883431161089298 0 0.000000000000000000 0.000000000000000000
connection 23 68 -4.531142118493318272 0 0.000000000000000000 0.000000000000000000
connection 23 70 -2.186489307489261957 0 0.000000000000000000 0.000000000000000000
connection 23 71 7.997610295107734579 0 0.000000000000000000 0.000000000000000000
connection 23 72 0.313335735769852575 0 0.000000000000000000 0.000000000000000000
connection 23 73 -7.999782668852184031 0 0.000000000000000000 0.000000000000000000
connection 23 74 -5.229387313435668538 0 0.000000000000000000 0.000000000000000000
connection 23 75 -7.799931138198029856 0 0.000000000000000000 0.000000000000000000
connection 23 76 -5.968890718181500965 0 0.000000000000000000 0.000000000000000000
connection 23 85 -2.059667953592813294 0 0.000000000000000000 0.000000000000000000
connection 23 46 -0.415590912121351852 0 0.000000000000000000 0.000000000000000000
connection 24 43 -3.169412376652776420 0 0.000000000000000000 0.000000000000000000
connection 24 51 -3.370290775556562757 0 0.000000000000000000 0.000000000000000000
connection 24 52 -7.619362143006222610 0 0.000000000000000000 0.000000000000000000
connection 24 79 -4.285157611162713209 0 0.000000000000000000 0.000000000000000000
connection 24 81 -4.948301823843618941 0 0.000000000000000000 0.000000000000000000
connection 24 53 3.311754306533853942 0 0.000000000000000000 0.000000000000000000
connection 24 82 1.990523504189992021 0 0.000000000000000000 0.000000000000000000
connection 24 55 7.924597853182416607 0 0.000000000000000000 0.000000000000000000
connection 24 84 7.802359261007010716 0 0.000000000000000000 0.000000000000000000
connection 24 58 0.977841375120383605 0 0.000000000000000000 0.000000000000000000
connection 24 59 1.942518381747096345 0 0.000000000000000000 0.000000000000000000
connection 24 61 7.151686655719692531 0 0.000000000000000000 0.000000000000000000
connection 24 62 -0.987199780028321539 0 0.000000000000000000 0.000000000000000000
connection 24 63 7.879014792740964168 0 0.000000000000000000 0.000000000000000000
connection 24 64 1.572907753865575353 0 0.000000000000000000 0.000000000000000000
connection 24 65 -7.952332205463950920 0 0.000000000000000000 0.000000000000000000
connection 24 66 -5.661244908447938151 0 0.000000000000000000 0.000000000000000000
connection 24 67 -7.512148675607321913 0 0.000000000000000000 0.000000000000000000
connection 24 68 -6.389381387618155550 0 0.000000000000000000 0.000000000000000000
connection 24 70 4.015274761342168652 0 0.000000000000000000 0.000000000000000000
connection 24 71 5.971110398643553197 0 0.000000000000000000 0.000000000000000000
connection 24 73 -6.539802997530852480 0 0.000000000000000000 0.000000000000000000
connection 24 74 -7.076028812478824648 0 0.000000000000000000 0.000000000000000000
connection 24 76 -7.637902226905664449 0 0.000000000000000000 0.000000000000000000
connection 24 85 -3.378163194325821905 0 0.000000000000000000 0.000000000000000000
connection 24 46 -0.715531069428543609 0 0.000000000000000000 0.000000000000000000
connection 25 33 -1.397335398523075645 0 0.000000000000000000 0.000000000000000000
connection 25 51 -7.789566704571843303 0 0.000000000000000000 0.000000000000000000
connection 25 52 -3.964070021104506125 0 0.000000000000000000 0.000000000000000000
connection 25 81 -1.924588076147172755 0 0.000000000000000000 0.000000000000000000
connection 25 22 -0.388777705611772439 0 0.000000000000000000 0.000000000000000000
connection 25 53 7.557493695256567889 0 0.000000000000000000 0.000000000000000000
connection 25 54 2.735254714047313573 0 0.000000000000000000 0.000000000000000000
connection 25 82 7.999490527697500575 0 0.000000000000000000 0.000000000000000000
connection 25 55 -2.459337460422135191 0 0.000000000000000000 0.000000000000000000
connection 25 56 7.265487534464980968 0 0.000000000000000000 0.000000000000000000
connection 25 57 1.502466551693848462 0 0.000000000000000000 0.000000000000000000
connection 25 58 7.655648833538086784 0 0.000000000000000000 0.000000000000000000
connection 25 59 0.613599261209867630 0 0.000000000000000000 0.000000000000000000
connection 25 61 2.589971102480438159 0 0.000000000000000000 0.000000000000000000
connection 25 62 -7.998057149503194907 0 0.000000000000000000 0.000000000000000000
connection 25 64 -7.828800607841517767 0 0.000000000000000000 0.000000000000000000
connection 25 65 -5.275493957212970209 0 0.000000000000000000 0.000000000000000000
connection 25 66 -2.239683395462034987 0 0.000000000000000000 0.000000000000000000
connection 25 67 -5.995171094450235216 0 0.000000000000000000 0.000000000000000000
connection 25 68 -2.632241400997738179 0 0.000000000000000000 0.000000000000000000
connection 25 70 -7.176799826569749463 0 0.000000000000000000 0.000000000000000000
connection 25 71 4.901621840808970454 0 0.000000000000000000 0.000000000000000000
connection 25 72 -5.971044170899674874 0 0.000000000000000000 0.000000000000000000
connection 25 73 -6.706340919221257302 0 0.000000000000000000 0.000000000000000000
connection 25 74 -3.113326615018672250 0 0.000000000000000000 0.000000000000000000
connection 25 75 -7.343021660832081743 0 0.000000000000000000 0.000000000000000000
connection 25 76 -3.690433289936167149 0 0.000000000000000000 0.000000000000000000
connection 27 33 -1.787838661677162211 0 0.000000000000000000 0.000000000000000000
connection 27 50 -1.428768251464473504 0 0.000000000000000000 0.000000000000000000
connection 27 51 -7.974426119712713756 0 0.000000000000000000 0.000000000000000000
connection 27 52 -4.961699497474389986 0 0.000000000000000000 0.000000000000000000
connection 27 79 -2.203050664276299919 0 0.000000000000000000 0.000000000000000000
connection 27 81 -2.559907860046462424 0 0.000000000000000000 0.000000000000000000
connection 27 22 -0.456254362810362246 0 0.000000000000000000 0.000000000000000000
connection 27 53 7.941111825034660399 0 0.000000000000000000 0.000000000000000000
connection 27 54 0.990324070447101024 0 0.000000000000000000 0.000000000000000000
connection 27 82 7.298246499668282539 0 0.000000000000000000 0.000000000000000000
connection 27 55 1.144949695276958224 0 0.000000000000000000 0.000000000000000000
connection 27 56 7.999874721978545544 0 0.000000000000000000 0.000000000000000000
connection 27 84 2.768331935432819524 0 0.000000000000000000 0.000000000000000000
connection 27 58 6.136315314015333477 0 0.000000000000000000 0.000000000000000000
connection 27 62 -7.594656445174495119 0 0.000000000000000000 0.000000000000000000
connection 27 63 3.650039473118413369 0 0.000000000000000000 0.000000000000000000
connection 27 64 -6.692538054845464934 0 0.000000000000000000 0.000000000000000000
connection 27 65 -6.381475369689287191 0 0.000000000000000000 0.000000000000000000
connection 27 66 -2.992223466264344101 0 0.000000000000000000 0.000000000000000000
connection 27 67 -7.054800566441414844 0 0.000000000000000000 0.000000000000000000
connection 27 68 -3.507957731318898986 0 0.000000000000000000 0.000000000000000000
connection 27 71 7.252120602101122415 0 0.000000000000000000 0.000000000000000000
connection 27 72 -3.230307035391467352 0 0.000000000000000000 0.000000000000000000
connection 27 73 -7.610220268064090021 0 0.000000000000000000 0.000000000000000000
connection 27 74 -4.110704998914070707 0 0.000000000000000000 0.000000000000000000
connection 27 75 -7.948491794832635904 0 0.000000000000000000 0.000000000000000000
connection 27 76 -4.795806321964803942 0 0.000000000000000000 0.000000000000000000
connection 27 85 -1.428091395140288267 0 0.000000000000000000 0.000000000000000000
connection 26 43 -1.895696139237341926 0 0.000000000000000000 0.000000000000000000
connection 26 39 -0.806384541038088432 0 0.000000000000000000 0.000000000000000000
connection 26 50 1.270730667018642235 0 0.000000000000000000 0.000000000000000000
connection 26 51 -7.567669892112286689 0 0.000000000000000000 0.000000000000000000
connection 26 52 -5.683045589347092807 0 0.000000000000000000 0.000000000000000000
connection 26 79 -2.543353315662825853 0 0.000000000000000000 0.000000000000000000
connection 26 81 -2.977993583826032964 0 0.000000000000000000 0.000000000000000000
connection 26 22 -0.338929564444594322 0 0.000000000000000000 0.000000000000000000
connection 26 53 7.253673576123203404 0 0.000000000000000000 0.000000000000000000
connection 26 82 6.079662839769405913 0 0.000000000000000000 0.000000000000000000
connection 26 55 3.760269442743005008 0 0.000000000000000000 0.000000000000000000
connection 26 56 7.477120711736898073 0 0.000000000000000000 0.000000000000000000
connection 26 84 4.497940797390197254 0 0.000000000000000000 0.000000000000000000
connection 26 58 4.670753242342771117 0 0.000000000000000000 0.000000000000000000
connection 26 61 7.299038414134566999 0 0.000000000000000000 0.000000000000000000
connection 26 62 -6.642967053959987211 0 0.000000000000000000 0.000000000000000000
connection 26 65 -7.071432202225799379 0 0.000000000000000000 0.000000000000000000
connection 26 66 -3.498231342597396765 0 0.000000000000000000 0.000000000000000000
connection 26 67 -7.623636780617053965 0 0.000000000000000000 0.000000000000000000
connection 26 68 -4.107755699091678814 0 0.000000000000000000 0.000000000000000000
connection 26 70 -3.138052408481165401 0 0.000000000000000000 0.000000000000000000
connection 26 71 7.957709163985071221 0 0.000000000000000000 0.000000000000000000
connection 26 72 -0.733239159963040121 0 0.000000000000000000 0.000000000000000000
connection 26 73 -7.954487076219781017 0 0.000000000000000000 0.000000000000000000
connection 26 74 -4.801532106411483980 0 0.000000000000000000 0.000000000000000000
connection 26 75 -7.944546364913631642 0 0.000000000000000000 0.000000000000000000
connection 26 76 -5.560180221324728222 0 0.000000000000000000 0.000000000000000000
connection 26 85 -1.703960957672318033 0 0.000000000000000000 0.000000000000000000
connection 28 43 -3.510505215486959152 0 0.000000000000000000 0.000000000000000000
connection 28 50 7.863051734392203507 0 0.000000000000000000 0.000000000000000000
connection 28 51 -1.377777775603898469 0 0.000000000000000000 0.000000000000000000
connection 28 52 -7.909749865445411920 0 0.000000000000000000 0.000000000000000000
connection 28 79 -4.746922501462304211 0 0.000000000000000000 0.000000000000000000
connection 28 81 -5.463959780436585589 0 0.000000000000000000 0.000000000000000000
connection 28 53 2.243417144877502878 0 0.000000000000000000 0.000000000000000000
connection 28 82 1.217939872642761934 0 0.000000000000000000 0.000000000000000000
connection 28 55 7.936693561942842479 0 0.000000000000000000 0.000000000000000000
connection 28 84 7.958924432529765447 0 0.000000000000000000 0.000000000000000000
connection 28 59 3.427948573218270845 0 0.000000000000000000 0.000000000000000000
connection 28 61 6.207691056744633507 0 0.000000000000000000 0.000000000000000000
connection 28 62 1.165498389201044649 0 0.000000000000000000 0.000000000000000000
connection 28 63 7.313997646496711802 0 0.000000000000000000 0.000000000000000000
connection 28 64 3.643472077165006873 0 0.000000000000000000 0.000000000000000000
connection 28 65 -7.630060422107479923 0 0.000000000000000000 0.000000000000000000
connection 28 66 -6.210213953284047683 0 0.000000000000000000 0.000000000000000000
connection 28 67 -6.752087472951255442 0 0.000000000000000000 0.000000000000000000
connection 28 68 -6.930803302260739152 0 0.000000000000000000 0.000000000000000000
connection 28 71 4.868206253416997420 0 0.000000000000000000 0.000000000000000000
connection 28 72 7.234339035656564221 0 0.000000000000000000 0.000000000000000000
connection 28 74 -7.542213635324822363 0 0.000000000000000000 0.000000000000000000
connection 28 75 -3.279544392255246965 0 0.000000000000000000 0.000000000000000000
connection 28 76 -7.930636171765864439 0 0.000000000000000000 0.000000000000000000
connection 28 85 -3.842071384657236077 0 0.000000000000000000 0.000000000000000000
connection 28 46 -0.693531438271097200 0 0.000000000000000000 0.000000000000000000
connection 36 33 -1.545959368319958394 0 0.000000000000000000 0.000000000000000000
connection 36 50 -2.347256181708083922 0 0.000000000000000000 0.000000000000000000
connection 36 51 -7.999259209675827265 0 0.000000000000000000 0.000000000000000000
connection 36 52 -4.597906365398059414 0 0.000000000000000000 0.000000000000000000
connection 36 79 -1.898761616959322440 0 0.000000000000000000 0.000000000000000000
connection 36 81 -2.215508340093914619 0 0.000000000000000000 0.000000000000000000
connection 36 22 -0.253350872412116068 0 0.000000000000000000 0.000000000000000000
connection 36 53 7.999948792471624159 0 0.000000000000000000 0.000000000000000000
connection 36 54 1.473104121942014899 0 0.000000000000000000 0.000000000000000000
connection 36 82 7.624855110057523255 0 0.000000000000000000 0.000000000000000000
connection 36 56 7.970390132278097894 0 0.000000000000000000 0.000000000000000000
connection 36 84 2.502985707500454904 0 0.000000000000000000 0.000000000000000000
connection 36 57 0.613069816711829585 0 0.000000000000000000 0.000000000000000000
connection 36 58 6.658271044692192220 0 0.000000000000000000 0.000000000000000000
connection 36 61 4.991651457989971341 0 0.000000000000000000 0.000000000000000000
connection 36 62 -7.813309648994653855 0 0.000000000000000000 0.000000000000000000
connection 36 63 2.700233219733817691 0 0.000000000000000000 0.000000000000000000
connection 36 64 -7.140792976130027725 0 0.000000000000000000 0.000000000000000000
connection 36 65 -6.008179402636035782 0 0.000000000000000000 0.000000000000000000
connection 36 66 -2.612175992850153783 0 0.000000000000000000 0.000000000000000000
connection 36 67 -6.721643191416886154 0 0.000000000000000000 0.000000000000000000
connection 36 68 -3.100131689639348931 0 0.000000000000000000 0.000000000000000000
connection 36 72 -4.121537830458172458 0 0.000000000000000000 0.000000000000000000
connection 36 73 -7.358507329220683957 0 0.000000000000000000 0.000000000000000000
connection 36 74 -3.686829910376200115 0 0.000000000000000000 0.000000000000000000
connection 36 75 -7.824317296111502174 0 0.000000000000000000 0.000000000000000000
connection 36 76 -4.371770673746866898 0 0.000000000000000000 0.000000000000000000
connection 45 33 -0.883438698684145818 0 0.000000000000000000 0.000000000000000000
connection 45 50 -7.220330346742267480 0 0.000000000000000000 0.000000000000000000
connection 45 51 -6.722270720655584952 0 0.000000000000000000 0.000000000000000000
connection 45 52 -2.763137866793357489 0 0.000000000000000000 0.000000000000000000
connection 45 44 -1.054663926486560044 0 0.000000000000000000 0.000000000000000000
connection 45 53 4.759911893362810176 0 0.000000000000000000 0.000000000000000000
connection 45 54 5.456298039647888842 0 0.000000000000000000 0.000000000000000000
connection 45 55 -6.041520711626271023 0 0.000000000000000000 0.000000000000000000
connection 45 56 5.161617296088704343 0 0.000000000000000000 0.000000000000000000
connection 45 57 4.015692475214686752 0 0.000000000000000000 0.000000000000000000
connection 45 58 7.695029677538869350 0 0.000000000000000000 0.000000000000000000
connection 45 59 2.677411839159615337 0 0.000000000000000000 0.000000000000000000
connection 45 61 -2.091364442137365831 0 0.000000000000000000 0.000000000000000000
connection 45 62 -7.348520775906567160 0 0.000000000000000000 0.000000000000000000
connection 45 63 -4.304416209625548717 0 0.000000000000000000 0.000000000000000000
connection 45 64 -7.810803285237524207 0 0.000000000000000000 0.000000000000000000
connection 45 65 -3.794161681264724972 0 0.000000000000000000 0.000000000000000000
connection 45 67 -4.438637878149229721 0 0.000000000000000000 0.000000000000000000
connection 45 68 -1.564821360387852245 0 0.000000000000000000 0.000000000000000000
connection 45 70 -7.999817342287843580 0 0.000000000000000000 0.000000000000000000
connection 45 71 0.415598770777638848 0 0.000000000000000000 0.000000000000000000
connection 45 72 -7.793763175469415216 0 0.000000000000000000 0.000000000000000000
connection 45 73 -5.158526295464895384 0 0.000000000000000000 0.000000000000000000
connection 45 74 -1.908702721092774945 0 0.000000000000000000 0.000000000000000000
connection 45 75 -5.926447037814009278 0 0.000000000000000000 0.000000000000000000
connection 45 76 -2.355105837071060471 0 0.000000000000000000 0.000000000000000000
connection 45 46 0.268907773002277584 0 0.000000000000000000 0.000000000000000000
connection 29 43 -2.461167957900177505 0 0.000000000000000000 0.000000000000000000
connection 29 39 -1.040865106816193597 0 0.000000000000000000 0.000000000000000000
connection 29 50 4.727611947885525190 0 0.000000000000000000 0.000000000000000000
connection 29 51 -6.041028973984418293 0 0.000000000000000000 0.000000000000000000
connection 29 52 -6.754302910369250235 0 0.000000000000000000 0.000000000000000000
connection 29 79 -3.339328893111634500 0 0.000000000000000000 0.000000000000000000
connection 29 81 -3.896310532000373250 0 0.000000000000000000 0.000000000000000000
connection 29 53 5.453467173017310543 0 0.000000000000000000 0.000000000000000000
connection 29 82 3.983127973745182349 0 0.000000000000000000 0.000000000000000000
connection 29 56 5.399792120089625058 0 0.000000000000000000 0.000000000000000000
connection 29 84 6.485426980118712770 0 0.000000000000000000 0.000000000000000000
connection 29 58 2.610379681857700085 0 0.000000000000000000 0.000000000000000000
connection 29 61 7.994335513148602246 0 0.000000000000000000 0.000000000000000000
connection 29 63 7.693524451234692307 0 0.000000000000000000 0.000000000000000000
connection 29 64 -2.083379231204050441 0 0.000000000000000000 0.000000000000000000
connection 29 65 -7.823913731100146762 0 0.000000000000000000 0.000000000000000000
connection 29 66 -4.532316998226335159 0 0.000000000000000000 0.000000000000000000
connection 29 67 -7.999999912352394382 0 0.000000000000000000 0.000000000000000000
connection 29 68 -5.236384515066041523 0 0.000000000000000000 0.000000000000000000
connection 29 70 0.422700904924238785 0 0.000000000000000000 0.000000000000000000
connection 29 71 7.555762788114866346 0 0.000000000000000000 0.000000000000000000
connection 29 72 2.951232244624676149 0 0.000000000000000000 0.000000000000000000
connection 29 73 -7.784097536081783453 0 0.000000000000000000 0.000000000000000000
connection 29 74 -5.982239988724306734 0 0.000000000000000000 0.000000000000000000
connection 29 75 -7.067201453832189451 0 0.000000000000000000 0.000000000000000000
connection 29 76 -6.721905539227065240 0 0.000000000000000000 0.000000000000000000
connection 29 85 -2.457466561012827011 0 0.000000000000000000 0.000000000000000000
connection 29 46 -0.396099313536825759 0 0.000000000000000000 0.000000000000000000
connection 30 33 -1.100330857579585153 0 0.000000000000000000 0.000000000000000000
connection 30 50 -6.819291053191012253 0 0.000000000000000000 0.000000000000000000
connection 30 51 -7.032650754592873810 0 0.000000000000000000 0.000000000000000000
connection 30 52 -3.099341795781067166 0 0.000000000000000000 0.000000000000000000
connection 30 44 -1.338758466279176718 0 0.000000000000000000 0.000000000000000000
connection 30 22 -0.332140184133901117 0 0.000000000000000000 0.000000000000000000
connection 30 53 5.533580464225546613 0 0.000000000000000000 0.000000000000000000
connection 30 54 4.859734333703760178 0 0.000000000000000000 0.000000000000000000
connection 30 56 5.503121969726395335 0 0.000000000000000000 0.000000000000000000
connection 30 57 3.384845584454153844 0 0.000000000000000000 0.000000000000000000
connection 30 58 7.911445664579303205 0 0.000000000000000000 0.000000000000000000
connection 30 59 2.079004426670381989 0 0.000000000000000000 0.000000000000000000
connection 30 61 -1.088052956858933662 0 0.000000000000000000 0.000000000000000000
connection 30 62 -7.591590218957517955 0 0.000000000000000000 0.000000000000000000
connection 30 63 -3.452876331276107713 0 0.000000000000000000 0.000000000000000000
connection 30 64 -7.938995987510484298 0 0.000000000000000000 0.000000000000000000
connection 30 65 -4.201650112649368829 0 0.000000000000000000 0.000000000000000000
connection 30 66 -1.636345860060892887 0 0.000000000000000000 0.000000000000000000
connection 30 67 -4.863672071825055454 0 0.000000000000000000 0.000000000000000000
connection 30 68 -1.914890570803993386 0 0.000000000000000000 0.000000000000000000
connection 30 70 -7.963442086112916485 0 0.000000000000000000 0.000000000000000000
connection 30 71 1.464981304466583811 0 0.000000000000000000 0.000000000000000000
connection 30 72 -7.550611592887041645 0 0.000000000000000000 0.000000000000000000
connection 30 73 -5.580997796212519013 0 0.000000000000000000 0.000000000000000000
connection 30 74 -2.273953122715735464 0 0.000000000000000000 0.000000000000000000
connection 30 75 -6.319821302499991411 0 0.000000000000000000 0.000000000000000000
connection 30 76 -2.726964985090203353 0 0.000000000000000000 0.000000000000000000
connection 38 43 -4.290325098051870789 0 0.000000000000000000 0.000000000000000000
connection 38 39 -1.679439410796313981 0 0.000000000000000000 0.000000000000000000
connection 38 50 7.840282734893916583 0 0.000000000000000000 0.000000000000000000
connection 38 51 1.794311127609752754 0 0.000000000000000000 0.000000000000000000
connection 38 52 -7.936533057410051661 0 0.000000000000000000 0.000000000000000000
connection 38 79 -5.681904342878126180 0 0.000000000000000000 0.000000000000000000
connection 38 81 -6.418508093761392530 0 0.000000000000000000 0.000000000000000000
connection 38 22 -0.489141151241621330 0 0.000000000000000000 0.000000000000000000
connection 38 53 0.967049519970064497 0 0.000000000000000000 0.000000000000000000
connection 38 54 2.196702913403423718 0 0.000000000000000000 0.000000000000000000
connection 38 55 7.070540813205481001 0 0.000000000000000000 0.000000000000000000
connection 38 56 -3.589724092482738715 0 0.000000000000000000 0.000000000000000000
connection 38 84 6.948276971820963155 0 0.000000000000000000 0.000000000000000000
connection 38 57 3.693039031972814357 0 0.000000000000000000 0.000000000000000000
connection 38 59 5.290296208081202600 0 0.000000000000000000 0.000000000000000000
connection 38 61 4.506492211819924876 0 0.000000000000000000 0.000000000000000000
connection 38 62 4.209080727210225525 0 0.000000000000000000 0.000000000000000000
connection 38 63 5.874818737725724382 0 0.000000000000000000 0.000000000000000000
connection 38 65 -6.440118296394359731 0 0.000000000000000000 0.000000000000000000
connection 38 66 -7.110131885743586899 0 0.000000000000000000 0.000000000000000000
connection 38 68 -7.668415567730960447 0 0.000000000000000000 0.000000000000000000
connection 38 70 7.481438968936356737 0 0.000000000000000000 0.000000000000000000
connection 38 71 3.187792306455191849 0 0.000000000000000000 0.000000000000000000
connection 38 72 7.991618663562113589 0 0.000000000000000000 0.000000000000000000
connection 38 73 -2.721391984848686718 0 0.000000000000000000 0.000000000000000000
connection 38 74 -7.976414985031368587 0 0.000000000000000000 0.000000000000000000
connection 38 75 -0.226283676273800860 0 0.000000000000000000 0.000000000000000000
connection 38 76 -7.896865907766969173 0 0.000000000000000000 0.000000000000000000
connection 38 85 -4.819202985044126919 0 0.000000000000000000 0.000000000000000000
connection 38 87 -4.047170611430630949 0 0.000000000000000000 0.000000000000000000
connection 38 88 -1.203759919698011993 0 0.000000000000000000 0.000000000000000000
connection 31 43 -2.721185468866264667 0 0.000000000000000000 0.000000000000000000
connection 31 50 5.481632193872602699 0 0.000000000000000000 0.000000000000000000
connection 31 51 -5.429440114592021693 0 0.000000000000000000 0.000000000000000000
connection 31 52 -7.044910003254478248 0 0.000000000000000000 0.000000000000000000
connection 31 79 -3.686709451532485193 0 0.000000000000000000 0.000000000000000000
connection 31 81 -4.280215917033886264 0 0.000000000000000000 0.000000000000000000
connection 31 53 4.877562727231437023 0 0.000000000000000000 0.000000000000000000
connection 31 82 3.372461572521203266 0 0.000000000000000000 0.000000000000000000
connection 31 56 4.853747571133799177 0 0.000000000000000000 0.000000000000000000
connection 31 84 6.785446696205026385 0 0.000000000000000000 0.000000000000000000
connection 31 58 2.028981680993865222 0 0.000000000000000000 0.000000000000000000
connection 31 61 7.897077898442434574 0 0.000000000000000000 0.000000000000000000
connection 31 62 -3.473767420997877053 0 0.000000000000000000 0.000000000000000000
connection 31 63 7.906949833172124187 0 0.000000000000000000 0.000000000000000000
connection 31 64 -1.101863077417482462 0 0.000000000000000000 0.000000000000000000
connection 31 65 -7.943525036905795034 0 0.000000000000000000 0.000000000000000000
connection 31 66 -4.940738054444677729 0 0.000000000000000000 0.000000000000000000
connection 31 67 -7.959557757150658830 0 0.000000000000000000 0.000000000000000000
connection 31 68 -5.650364328893947352 0 0.000000000000000000 0.000000000000000000
connection 31 70 1.459434079695330677 0 0.000000000000000000 0.000000000000000000
connection 31 71 7.192605968913850845 0 0.000000000000000000 0.000000000000000000
connection 31 72 3.915945681510623277 0 0.000000000000000000 0.000000000000000000
connection 31 73 -7.538012832587718037 0 0.000000000000000000 0.000000000000000000
connection 31 74 -6.375187078456303169 0 0.000000000000000000 0.000000000000000000
connection 31 75 -6.588089615929472842 0 0.000000000000000000 0.000000000000000000
connection 31 76 -7.059916726407138299 0 0.000000000000000000 0.000000000000000000
connection 31 85 -2.847460601568904792 0 0.000000000000000000 0.000000000000000000
connection 31 46 -0.674336039965862333 0 0.000000000000000000 0.000000000000000000
connection 32 43 -2.853032194168173330 0 0.000000000000000000 0.000000000000000000
connection 32 51 -4.212903395092565617 0 0.000000000000000000 0.000000000000000000
connection 32 52 -7.389995034398186391 0 0.000000000000000000 0.000000000000000000
connection 32 79 -3.891955523463542121 0 0.000000000000000000 0.000000000000000000
connection 32 81 -4.533150278069049577 0 0.000000000000000000 0.000000000000000000
connection 32 53 3.928948881120692960 0 0.000000000000000000 0.000000000000000000
connection 32 82 2.575455620578773974 0 0.000000000000000000 0.000000000000000000
connection 32 55 7.724072689381800139 0 0.000000000000000000 0.000000000000000000
connection 32 56 2.796434510723498690 0 0.000000000000000000 0.000000000000000000
connection 32 84 7.656481089522487515 0 0.000000000000000000 0.000000000000000000
connection 32 58 1.486523586846271838 0 0.000000000000000000 0.000000000000000000
connection 32 61 7.525385232814696401 0 0.000000000000000000 0.000000000000000000
connection 32 62 -1.981113586808176175 0 0.000000000000000000 0.000000000000000000
connection 32 63 7.989778218651379937 0 0.000000000000000000 0.000000000000000000
connection 32 64 0.531421041810706707 0 0.000000000000000000 0.000000000000000000
connection 32 65 -7.999766473169668046 0 0.000000000000000000 0.000000000000000000
connection 32 66 -5.243846208974959566 0 0.000000000000000000 0.000000000000000000
connection 32 67 -7.767485717888821029 0 0.000000000000000000 0.000000000000000000
connection 32 68 -5.996747236880257681 0 0.000000000000000000 0.000000000000000000
connection 32 70 3.054973472029910653 0 0.000000000000000000 0.000000000000000000
connection 32 71 6.522180456226786660 0 0.000000000000000000 0.000000000000000000
connection 32 72 5.283874646831912436 0 0.000000000000000000 0.000000000000000000
connection 32 73 -7.027794628569836277 0 0.000000000000000000 0.000000000000000000
connection 32 74 -6.741958938554940772 0 0.000000000000000000 0.000000000000000000
connection 32 76 -7.400864704506294522 0 0.000000000000000000 0.000000000000000000
connection 32 85 -2.986699058517380934 0 0.000000000000000000 0.000000000000000000
connection 32 46 -0.439547314709790526 0 0.000000000000000000 0.000000000000000000
connection 33 50 -7.867516891238738097 0 0.000000000000000000 0.000000000000000000
connection 33 51 -4.719424384627042279 0 0.000000000000000000 0.000000000000000000
connection 33 44 -0.597719627048924229 0 0.000000000000000000 0.000000000000000000
connection 33 53 -1.853702622725826199 0 0.000000000000000000 0.000000000000000000
connection 33 54 7.981852812495754179 0 0.000000000000000000 0.000000000000000000
connection 33 82 0.676995801569719502 0 0.000000000000000000 0.000000000000000000
connection 33 55 -7.996267272818845306 0 0.000000000000000000 0.000000000000000000
connection 33 57 7.469215048838815818 0 0.000000000000000000 0.000000000000000000
connection 33 58 3.196791482459194977 0 0.000000000000000000 0.000000000000000000
connection 33 59 6.415432457177593584 0 0.000000000000000000 0.000000000000000000
connection 33 61 -6.940855725214920113 0 0.000000000000000000 0.000000000000000000
connection 33 62 -5.417464950470955998 0 0.000000000000000000 0.000000000000000000
connection 33 63 -7.720919489031000893 0 0.000000000000000000 0.000000000000000000
connection 33 64 -6.144217492745882581 0 0.000000000000000000 0.000000000000000000
connection 33 65 -2.264078045605671274 0 0.000000000000000000 0.000000000000000000
connection 33 89 -0.698054124577361712 0 0.000000000000000000 0.000000000000000000
connection 33 70 -6.851382881479334941 0 0.000000000000000000 0.000000000000000000
connection 33 72 -7.465619083673420420 0 0.000000000000000000 0.000000000000000000
connection 33 73 -3.189474133537333778 0 0.000000000000000000 0.000000000000000000
connection 33 75 -3.800578820569841643 0 0.000000000000000000 0.000000000000000000
connection 33 76 -1.137878216033529677 0 0.000000000000000000 0.000000000000000000
connection 33 46 0.316815829961736017 0 0.000000000000000000 0.000000000000000000
connection 34 43 -3.691162931539035963 0 0.000000000000000000 0.000000000000000000
connection 34 50 7.940024684815004008 0 0.000000000000000000 0.000000000000000000
connection 34 51 -0.874350808561655146 0 0.000000000000000000 0.000000000000000000
connection 34 52 -7.957245485101224425 0 0.000000000000000000 0.000000000000000000
connection 34 79 -4.954767870630962356 0 0.000000000000000000 0.000000000000000000
connection 34 81 -5.671662880603345336 0 0.000000000000000000 0.000000000000000000
connection 34 53 1.955922859906227718 0 0.000000000000000000 0.000000000000000000
connection 34 82 0.970660342229632933 0 0.000000000000000000 0.000000000000000000
connection 34 55 7.860056908104058770 0 0.000000000000000000 0.000000000000000000
connection 34 84 7.922815007332686399 0 0.000000000000000000 0.000000000000000000
connection 34 57 2.068220590468767828 0 0.000000000000000000 0.000000000000000000
connection 34 59 3.552155042083328329 0 0.000000000000000000 0.000000000000000000
connection 34 61 5.922649266838378779 0 0.000000000000000000 0.000000000000000000
connection 34 62 1.684437379939455193 0 0.000000000000000000 0.000000000000000000
connection 34 63 7.111018396707414091 0 0.000000000000000000 0.000000000000000000
connection 34 64 4.112871171566584216 0 0.000000000000000000 0.000000000000000000
connection 34 65 -7.485789533649860772 0 0.000000000000000000 0.000000000000000000
connection 34 66 -6.403725728786193727 0 0.000000000000000000 0.000000000000000000
connection 34 67 -6.490576484305929483 0 0.000000000000000000 0.000000000000000000
connection 34 68 -7.092690393359430523 0 0.000000000000000000 0.000000000000000000
connection 34 71 4.550588932482218851 0 0.000000000000000000 0.000000000000000000
connection 34 72 7.441333435421279674 0 0.000000000000000000 0.000000000000000000
connection 34 74 -7.652850839809934413 0 0.000000000000000000 0.000000000000000000
connection 34 75 -2.824424971884944124 0 0.000000000000000000 0.000000000000000000
connection 34 76 -7.970493283799704010 0 0.000000000000000000 0.000000000000000000
connection 34 85 -4.035528408391111377 0 0.000000000000000000 0.000000000000000000
connection 34 46 -0.829393365018832096 0 0.000000000000000000 0.000000000000000000
connection 35 50 -7.863816295978510063 0 0.000000000000000000 0.000000000000000000
connection 35 51 -6.001005659163436867 0 0.000000000000000000 0.000000000000000000
connection 35 52 -2.385133892564737401 0 0.000000000000000000 0.000000000000000000
connection 35 44 -0.989951075745550746 0 0.000000000000000000 0.000000000000000000
connection 35 53 2.282396424623886144 0 0.000000000000000000 0.000000000000000000
connection 35 54 6.828642248547998506 0 0.000000000000000000 0.000000000000000000
connection 35 82 4.659096940694475997 0 0.000000000000000000 0.000000000000000000
connection 35 55 -7.258194315925480034 0 0.000000000000000000 0.000000000000000000
connection 35 56 3.406374858500476943 0 0.000000000000000000 0.000000000000000000
connection 35 57 5.515089278148177954 0 0.000000000000000000 0.000000000000000000
connection 35 59 4.065568814374101336 0 0.000000000000000000 0.000000000000000000
connection 35 62 -6.704125059901131500 0 0.000000000000000000 0.000000000000000000
connection 35 63 -6.102600486535643576 0 0.000000000000000000 0.000000000000000000
connection 35 64 -7.332577322924707097 0 0.000000000000000000 0.000000000000000000
connection 35 65 -3.247007389345865302 0 0.000000000000000000 0.000000000000000000
connection 35 89 -1.246746922854693906 0 0.000000000000000000 0.000000000000000000
connection 35 70 -7.800124578518684793 0 0.000000000000000000 0.000000000000000000
connection 35 71 -2.191103215506715163 0 0.000000000000000000 0.000000000000000000
connection 35 72 -7.999194798166072928 0 0.000000000000000000 0.000000000000000000
connection 35 73 -4.438321468526893021 0 0.000000000000000000 0.000000000000000000
connection 35 74 -1.594697111377952892 0 0.000000000000000000 0.000000000000000000
connection 35 75 -5.149818316696465281 0 0.000000000000000000 0.000000000000000000
connection 35 76 -1.928964464712312088 0 0.000000000000000000 0.000000000000000000
connection 37 43 -2.007665051190668404 0 0.000000000000000000 0.000000000000000000
connection 37 50 3.401191333206424527 0 0.000000000000000000 0.000000000000000000
connection 37 51 -6.841339306887870286 0 0.000000000000000000 0.000000000000000000
connection 37 52 -6.228914015538422611 0 0.000000000000000000 0.000000000000000000
connection 37 79 -2.767935621806364210 0 0.000000000000000000 0.000000000000000000
connection 37 81 -3.281547953113212124 0 0.000000000000000000 0.000000000000000000
connection 37 53 6.300550607996107999 0 0.000000000000000000 0.000000000000000000
connection 37 82 4.939573358925564150 0 0.000000000000000000 0.000000000000000000
connection 37 56 6.088853338609547805 0 0.000000000000000000 0.000000000000000000
connection 37 84 6.052369332727317364 0 0.000000000000000000 0.000000000000000000
connection 37 58 3.557739288681377232 0 0.000000000000000000 0.000000000000000000
connection 37 61 7.904816632435693435 0 0.000000000000000000 0.000000000000000000
connection 37 63 7.117672864377857955 0 0.000000000000000000 0.000000000000000000
connection 37 64 -3.507070877297040479 0 0.000000000000000000 0.000000000000000000
connection 37 65 -7.520245704464413095 0 0.000000000000000000 0.000000000000000000
connection 37 66 -3.893176403411920727 0 0.000000000000000000 0.000000000000000000
connection 37 67 -7.912031982770180605 0 0.000000000000000000 0.000000000000000000
connection 37 68 -4.599241562201800804 0 0.000000000000000000 0.000000000000000000
connection 37 70 -1.140993141187654158 0 0.000000000000000000 0.000000000000000000
connection 37 71 7.908159500157762700 0 0.000000000000000000 0.000000000000000000
connection 37 72 1.432552667711865624 0 0.000000000000000000 0.000000000000000000
connection 37 73 -7.977225505989903986 0 0.000000000000000000 0.000000000000000000
connection 37 74 -5.381000711407839532 0 0.000000000000000000 0.000000000000000000
connection 37 75 -7.584052092325437755 0 0.000000000000000000 0.000000000000000000
connection 37 76 -6.197246900412002546 0 0.000000000000000000 0.000000000000000000
connection 37 85 -1.952013541703017552 0 0.000000000000000000 0.000000000000000000
connection 39 50 -7.923245176952892876 0 0.000000000000000000 0.000000000000000000
connection 39 51 -4.911052804477036737 0 0.000000000000000000 0.000000000000000000
connection 39 52 -1.814586677941397719 0 0.000000000000000000 0.000000000000000000
connection 39 44 -0.724194388201543804 0 0.000000000000000000 0.000000000000000000
connection 39 53 -1.378058394453135715 0 0.000000000000000000 0.000000000000000000
connection 39 54 7.935331019348185855 0 0.000000000000000000 0.000000000000000000
connection 39 82 1.183552297938090136 0 0.000000000000000000 0.000000000000000000
connection 39 55 -7.975005857307382762 0 0.000000000000000000 0.000000000000000000
connection 39 57 7.290612268411519103 0 0.000000000000000000 0.000000000000000000
connection 39 58 3.672593779287682381 0 0.000000000000000000 0.000000000000000000
connection 39 59 6.143569134602623549 0 0.000000000000000000 0.000000000000000000
connection 39 61 -6.701905129890418422 0 0.000000000000000000 0.000000000000000000
connection 39 62 -5.615147089960059290 0 0.000000000000000000 0.000000000000000000
connection 39 63 -7.598767913733676771 0 0.000000000000000000 0.000000000000000000
connection 39 64 -6.335151172585991475 0 0.000000000000000000 0.000000000000000000
connection 39 65 -2.444644328754573159 0 0.000000000000000000 0.000000000000000000
connection 39 89 -0.844550690732819520 0 0.000000000000000000 0.000000000000000000
connection 39 70 -7.018423454094870451 0 0.000000000000000000 0.000000000000000000
connection 39 72 -7.588037759095780821 0 0.000000000000000000 0.000000000000000000
connection 39 73 -3.395493404718330499 0 0.000000000000000000 0.000000000000000000
connection 39 75 -4.010705421931080927 0 0.000000000000000000 0.000000000000000000
connection 39 76 -1.291056770093932604 0 0.000000000000000000 0.000000000000000000
connection 39 46 0.210672900185731954 0 0.000000000000000000 0.000000000000000000
connection 40 33 -1.170060361465127485 0 0.000000000000000000 0.000000000000000000
connection 40 51 -7.607260059006141439 0 0.000000000000000000 0.000000000000000000
connection 40 52 -3.608534621751906535 0 0.000000000000000000 0.000000000000000000
connection 40 81 -1.603745383686735915 0 0.000000000000000000 0.000000000000000000
connection 40 54 3.332627719491551677 0 0.000000000000000000 0.000000000000000000
connection 40 82 7.927581640353713155 0 0.000000000000000000 0.000000000000000000
connection 40 55 -3.355722471121971306 0 0.000000000000000000 0.000000000000000000
connection 40 56 7.010835020459504463 0 0.000000000000000000 0.000000000000000000
connection 40 57 2.049135571963085045 0 0.000000000000000000 0.000000000000000000
connection 40 58 7.879135721659866753 0 0.000000000000000000 0.000000000000000000
connection 40 59 1.074805352452634200 0 0.000000000000000000 0.000000000000000000
connection 40 61 1.574143489351592429 0 0.000000000000000000 0.000000000000000000
connection 40 62 -7.945803573572663758 0 0.000000000000000000 0.000000000000000000
connection 40 63 -0.979396854815616780 0 0.000000000000000000 0.000000000000000000
connection 40 64 -7.956979324849079660 0 0.000000000000000000 0.000000000000000000
connection 40 65 -4.867873685395008643 0 0.000000000000000000 0.000000000000000000
connection 40 66 -1.885909323961794559 0 0.000000000000000000 0.000000000000000000
connection 40 67 -5.590665548678448893 0 0.000000000000000000 0.000000000000000000
connection 40 68 -2.251584483081315202 0 0.000000000000000000 0.000000000000000000
connection 40 70 -7.525648658430790228 0 0.000000000000000000 0.000000000000000000
connection 40 71 4.012994021223108554 0 0.000000000000000000 0.000000000000000000
connection 40 72 -6.556883241357709835 0 0.000000000000000000 0.000000000000000000
connection 40 73 -6.334923335243531461 0 0.000000000000000000 0.000000000000000000
connection 40 74 -2.714350129896073049 0 0.000000000000000000 0.000000000000000000
connection 40 75 -7.041849569855883395 0 0.000000000000000000 0.000000000000000000
connection 40 76 -3.284226127915283122 0 0.000000000000000000 0.000000000000000000
connection 41 39 -0.575631536688695711 0 0.000000000000000000 0.000000000000000000
connection 41 50 0.267223673655500649 0 0.000000000000000000 0.000000000000000000
connection 41 51 -7.797429763934324853 0 0.000000000000000000 0.000000000000000000
connection 41 52 -5.294834203973965536 0 0.000000000000000000 0.000000000000000000
connection 41 79 -2.190426204539337451 0 0.000000000000000000 0.000000000000000000
connection 41 81 -2.592143599673735199 0 0.000000000000000000 0.000000000000000000
connection 41 53 7.593732315704063041 0 0.000000000000000000 0.000000000000000000
connection 41 54 0.616364682685970666 0 0.000000000000000000 0.000000000000000000
connection 41 82 6.611452369788604067 0 0.000000000000000000 0.000000000000000000
connection 41 55 2.808327275912319454 0 0.000000000000000000 0.000000000000000000
connection 41 56 7.682110186097953708 0 0.000000000000000000 0.000000000000000000
connection 41 84 4.197484667781497869 0 0.000000000000000000 0.000000000000000000
connection 41 58 5.303057018927394672 0 0.000000000000000000 0.000000000000000000
connection 41 62 -7.104301732244461931 0 0.000000000000000000 0.000000000000000000
connection 41 63 5.079798157788165014 0 0.000000000000000000 0.000000000000000000
connection 41 65 -6.737069960735726504 0 0.000000000000000000 0.000000000000000000
connection 41 66 -3.088035720287972019 0 0.000000000000000000 0.000000000000000000
connection 41 67 -7.374401999731234447 0 0.000000000000000000 0.000000000000000000
connection 41 68 -3.685402463163405251 0 0.000000000000000000 0.000000000000000000
connection 41 70 -4.036499809596454824 0 0.000000000000000000 0.000000000000000000
connection 41 71 7.784940182879074300 0 0.000000000000000000 0.000000000000000000
connection 41 72 -1.751069185862396793 0 0.000000000000000000 0.000000000000000000
connection 41 73 -7.835759499811618234 0 0.000000000000000000 0.000000000000000000
connection 41 74 -4.382992624319657970 0 0.000000000000000000 0.000000000000000000
connection 41 75 -7.998879631723829320 0 0.000000000000000000 0.000000000000000000
connection 41 76 -5.165139636875478502 0 0.000000000000000000 0.000000000000000000
connection 41 85 -1.393086887056252277 0 0.000000000000000000 0.000000000000000000
connection 43 54 7.573731871088394740 0 0.000000000000000000 0.000000000000000000
connection 43 82 -2.434735864225279212 0 0.000000000000000000 0.000000000000000000
connection 43 55 -7.783107369596539371 0 0.000000000000000000 0.000000000000000000
connection 43 84 1.563066325422875380 0 0.000000000000000000 0.000000000000000000
connection 43 57 7.999745500025283285 0 0.000000000000000000 0.000000000000000000
connection 43 59 7.655218634520772447 0 0.000000000000000000 0.000000000000000000
connection 43 61 -7.835980592097446795 0 0.000000000000000000 0.000000000000000000
connection 43 62 -4.516669625003491895 0 0.000000000000000000 0.000000000000000000
connection 43 63 -7.997260305084218146 0 0.000000000000000000 0.000000000000000000
connection 43 64 -5.204574908220596541 0 0.000000000000000000 0.000000000000000000
connection 43 65 -1.795407360434094768 0 0.000000000000000000 0.000000000000000000
connection 43 89 -0.537059100042395765 0 0.000000000000000000 0.000000000000000000
connection 43 70 -5.932998383421277389 0 0.000000000000000000 0.000000000000000000
connection 43 71 -7.191573466854333851 0 0.000000000000000000 0.000000000000000000
connection 43 72 -6.658828882409049577 0 0.000000000000000000 0.000000000000000000
connection 43 73 -2.504397313052510121 0 0.000000000000000000 0.000000000000000000
connection 43 90 -0.712163329459079897 0 0.000000000000000000 0.000000000000000000
connection 43 46 0.271196055397198765 0 0.000000000000000000 0.000000000000000000
connection 42 43 -2.166767094337883837 0 0.000000000000000000 0.000000000000000000
connection 42 39 -0.802296957818560919 0 0.000000000000000000 0.000000000000000000
connection 42 50 3.867488117807252213 0 0.000000000000000000 0.000000000000000000
connection 42 51 -6.593394912237835470 0 0.000000000000000000 0.000000000000000000
connection 42 52 -6.415299398611716164 0 0.000000000000000000 0.000000000000000000
connection 42 79 -2.962731121272976775 0 0.000000000000000000 0.000000000000000000
connection 42 81 -3.488328537941986607 0 0.000000000000000000 0.000000000000000000
connection 42 53 6.024532234623678484 0 0.000000000000000000 0.000000000000000000
connection 42 82 4.619642031493331302 0 0.000000000000000000 0.000000000000000000
connection 42 56 5.875263016833746299 0 0.000000000000000000 0.000000000000000000
connection 42 84 6.194036590127292463 0 0.000000000000000000 0.000000000000000000
connection 42 58 3.236400612419484624 0 0.000000000000000000 0.000000000000000000
connection 42 61 7.967698423374329764 0 0.000000000000000000 0.000000000000000000
connection 42 63 7.343857816736834465 0 0.000000000000000000 0.000000000000000000
connection 42 64 -3.045386039956504476 0 0.000000000000000000 0.000000000000000000
connection 42 65 -7.636851379315577226 0 0.000000000000000000 0.000000000000000000
connection 42 66 -4.105586160490087622 0 0.000000000000000000 0.000000000000000000
connection 42 67 -7.960227212517750672 0 0.000000000000000000 0.000000000000000000
connection 42 68 -4.808958127884665146 0 0.000000000000000000 0.000000000000000000
connection 42 70 -0.626357702495737856 0 0.000000000000000000 0.000000000000000000
connection 42 71 7.819444639257142171 0 0.000000000000000000 0.000000000000000000
connection 42 72 1.939946154811331258 0 0.000000000000000000 0.000000000000000000
connection 42 73 -7.936036991399656237 0 0.000000000000000000 0.000000000000000000
connection 42 74 -5.577784283658138165 0 0.000000000000000000 0.000000000000000000
connection 42 75 -7.439461380335695040 0 0.000000000000000000 0.000000000000000000
connection 42 76 -6.369191454795812390 0 0.000000000000000000 0.000000000000000000
connection 42 85 -2.104472268449387062 0 0.000000000000000000 0.000000000000000000
connection 44 33 -1.122829801961108487 0 0.000000000000000000 0.000000000000000000
connection 44 50 -3.705362164170127315 0 0.000000000000000000 0.000000000000000000
connection 44 51 -7.900729024776843801 0 0.000000000000000000 0.000000000000000000
connection 44 52 -3.992064685541924174 0 0.000000000000000000 0.000000000000000000
connection 44 79 -1.403237696913623767 0 0.000000000000000000 0.000000000000000000
connection 44 81 -1.680624062431025356 0 0.000000000000000000 0.000000000000000000
connection 44 53 7.863717606013633343 0 0.000000000000000000 0.000000000000000000
connection 44 54 2.317450114255825699 0 0.000000000000000000 0.000000000000000000
connection 44 82 7.938372820163121624 0 0.000000000000000000 0.000000000000000000
connection 44 55 -1.384410213569676085 0 0.000000000000000000 0.000000000000000000
connection 44 56 7.848563588861351192 0 0.000000000000000000 0.000000000000000000
connection 44 57 1.325374074275146752 0 0.000000000000000000 0.000000000000000000
connection 44 58 7.325319484152758243 0 0.000000000000000000 0.000000000000000000
connection 44 61 3.642694579654043086 0 0.000000000000000000 0.000000000000000000
connection 44 62 -7.985681860413094135 0 0.000000000000000000 0.000000000000000000
connection 44 63 1.159555989283867383 0 0.000000000000000000 0.000000000000000000
connection 44 64 -7.641771229580999858 0 0.000000000000000000 0.000000000000000000
connection 44 65 -5.390794738364453664 0 0.000000000000000000 0.000000000000000000
connection 44 66 -2.048517163831267585 0 0.000000000000000000 0.000000000000000000
connection 44 67 -6.159252875471882938 0 0.000000000000000000 0.000000000000000000
connection 44 68 -2.521066165141024662 0 0.000000000000000000 0.000000000000000000
connection 44 70 -6.762513985373121095 0 0.000000000000000000 0.000000000000000000
connection 44 73 -6.904309731927013694 0 0.000000000000000000 0.000000000000000000
connection 44 74 -3.108212531166445469 0 0.000000000000000000 0.000000000000000000
connection 44 75 -7.536444394093495092 0 0.000000000000000000 0.000000000000000000
connection 44 76 -3.811603820118079078 0 0.000000000000000000 0.000000000000000000
connection 46 43 -4.752612338937317382 0 0.000000000000000000 0.000000000000000000
connection 46 39 -1.760938180156880861 0 0.000000000000000000 0.000000000000000000
connection 46 50 7.241777228063152272 0 0.000000000000000000 0.000000000000000000
connection 46 51 3.842847649687347822 0 0.000000000000000000 0.000000000000000000
connection 46 52 -7.584052044903025980 0 0.000000000000000000 0.000000000000000000
connection 46 79 -6.242976817686182400 0 0.000000000000000000 0.000000000000000000
connection 46 81 -6.972520250614310910 0 0.000000000000000000 0.000000000000000000
connection 46 22 -0.359171717964688775 0 0.000000000000000000 0.000000000000000000
connection 46 54 3.709367207191157867 0 0.000000000000000000 0.000000000000000000
connection 46 55 6.114270364608922037 0 0.000000000000000000 0.000000000000000000
connection 46 56 -5.638913601054267311 0 0.000000000000000000 0.000000000000000000
connection 46 84 5.172881763080045658 0 0.000000000000000000 0.000000000000000000
connection 46 57 5.282312892155077932 0 0.000000000000000000 0.000000000000000000
connection 46 59 6.710348834913114402 0 0.000000000000000000 0.000000000000000000
connection 46 61 3.445631177940035705 0 0.000000000000000000 0.000000000000000000
connection 46 63 4.773923298308067054 0 0.000000000000000000 0.000000000000000000
connection 46 64 7.331800622985517712 0 0.000000000000000000 0.000000000000000000
connection 46 66 -7.582120426243229794 0 0.000000000000000000 0.000000000000000000
connection 46 67 -3.063375797385927246 0 0.000000000000000000 0.000000000000000000
connection 46 68 -7.950660489280627630 0 0.000000000000000000 0.000000000000000000
connection 46 70 7.966634864810317573 0 0.000000000000000000 0.000000000000000000
connection 46 71 2.299932514062629441 0 0.000000000000000000 0.000000000000000000
connection 46 72 7.815111758611962500 0 0.000000000000000000 0.000000000000000000
connection 46 73 -0.572635722426354188 0 0.000000000000000000 0.000000000000000000
connection 46 74 -7.933939029833410927 0 0.000000000000000000 0.000000000000000000
connection 46 75 2.077671393947797096 0 0.000000000000000000 0.000000000000000000
connection 46 76 -7.386550207063272033 0 0.000000000000000000 0.000000000000000000
connection 46 85 -5.552418721288963965 0 0.000000000000000000 0.000000000000000000
connection 46 91 -1.094644497033352426 0 0.000000000000000000 0.000000000000000000
connection 46 87 -4.683098610287798280 0 0.000000000000000000 0.000000000000000000
connection 46 88 -1.520505782351946111 0 0.000000000000000000 0.000000000000000000
connection 47 43 -2.505367789178679860 0 0.000000000000000000 0.000000000000000000
connection 47 52 -7.103351603836859596 0 0.000000000000000000 0.000000000000000000
connection 47 79 -3.478663583183005059 0 0.000000000000000000 0.000000000000000000
connection 47 81 -4.104649592708837780 0 0.000000000000000000 0.000000000000000000
connection 47 53 4.570588799355825849 0 0.000000000000000000 0.000000000000000000
connection 47 82 3.201823068458955479 0 0.000000000000000000 0.000000000000000000
connection 47 55 7.386775741242603388 0 0.000000000000000000 0.000000000000000000
connection 47 56 3.385565665681407932 0 0.000000000000000000 0.000000000000000000
connection 47 84 7.487260134346522378 0 0.000000000000000000 0.000000000000000000
connection 47 58 2.040693850664514475 0 0.000000000000000000 0.000000000000000000
connection 47 61 7.798614999782808255 0 0.000000000000000000 0.000000000000000000
connection 47 62 -2.951895273734907121 0 0.000000000000000000 0.000000000000000000
connection 47 63 7.976310541650048158 0 0.000000000000000000 0.000000000000000000
connection 47 64 -0.517988282761775332 0 0.000000000000000000 0.000000000000000000
connection 47 65 -7.965736778015526376 0 0.000000000000000000 0.000000000000000000
connection 47 66 -4.818526035483883696 0 0.000000000000000000 0.000000000000000000
connection 47 67 -7.926535791989914870 0 0.000000000000000000 0.000000000000000000
connection 47 68 -5.598151401554500417 0 0.000000000000000000 0.000000000000000000
connection 47 70 2.053145903034035324 0 0.000000000000000000 0.000000000000000000
connection 47 71 6.998928875949421702 0 0.000000000000000000 0.000000000000000000
connection 47 72 4.457956675059959295 0 0.000000000000000000 0.000000000000000000
connection 47 73 -7.405822549956099898 0 0.000000000000000000 0.000000000000000000
connection 47 74 -6.398169842542707819 0 0.000000000000000000 0.000000000000000000
connection 47 75 -6.303005624277837171 0 0.000000000000000000 0.000000000000000000
connection 47 76 -7.142921781815923410 0 0.000000000000000000 0.000000000000000000
connection 47 85 -2.654650541458617230 0 0.000000000000000000 0.000000000000000000
connection 47 46 -0.218278385605844921 0 0.000000000000000000 0.000000000000000000
connection 48 43 -3.322323976260385781 0 0.000000000000000000 0.000000000000000000
connection 48 50 7.752473204239462845 0 0.000000000000000000 0.000000000000000000
connection 48 51 -1.879393156171200507 0 0.000000000000000000 0.000000000000000000
connection 48 52 -7.844452328643068739 0 0.000000000000000000 0.000000000000000000
connection 48 79 -4.533998701621509753 0 0.000000000000000000 0.000000000000000000
connection 48 81 -5.252154788611174574 0 0.000000000000000000 0.000000000000000000
connection 48 53 2.543572092514350125 0 0.000000000000000000 0.000000000000000000
connection 48 82 1.478698102398024350 0 0.000000000000000000 0.000000000000000000
connection 48 55 7.984000498197818985 0 0.000000000000000000 0.000000000000000000
connection 48 84 7.983232134394505408 0 0.000000000000000000 0.000000000000000000
connection 48 59 3.312019188248553014 0 0.000000000000000000 0.000000000000000000
connection 48 61 6.477075550297040074 0 0.000000000000000000 0.000000000000000000
connection 48 62 0.639908916566067631 0 0.000000000000000000 0.000000000000000000
connection 48 63 7.494408981266690084 0 0.000000000000000000 0.000000000000000000
connection 48 64 3.158852875358850287 0 0.000000000000000000 0.000000000000000000
connection 48 65 -7.749951152394762843 0 0.000000000000000000 0.000000000000000000
connection 48 66 -6.012765734435728149 0 0.000000000000000000 0.000000000000000000
connection 48 67 -6.986448070803533916 0 0.000000000000000000 0.000000000000000000
connection 48 68 -6.763793697184306453 0 0.000000000000000000 0.000000000000000000
connection 48 71 5.175305957637479359 0 0.000000000000000000 0.000000000000000000
connection 48 72 7.000527368538988604 0 0.000000000000000000 0.000000000000000000
connection 48 74 -7.423507964403504467 0 0.000000000000000000 0.000000000000000000
connection 48 75 -3.707539468538523675 0 0.000000000000000000 0.000000000000000000
connection 48 76 -7.877947311649291073 0 0.000000000000000000 0.000000000000000000
connection 48 85 -3.664075719128438546 0 0.000000000000000000 0.000000000000000000
connection 48 46 -0.574035752356676476 0 0.000000000000000000 0.000000000000000000
connection 33 14 7.874259192213227010 0 0.000000000000000000 0.000000000000000000
connection 79 14 3.809335519737201192 0 0.000000000000000000 0.000000000000000000
connection 81 14 -2.650967591697849901 0 0.000000000000000000 0.000000000000000000
connection 35 14 7.621662170135355296 0 0.000000000000000000 0.000000000000000000
connection 45 14 6.178730209302929488 0 0.000000000000000000 0.000000000000000000
connection 40 14 3.219357259825463391 0 0.000000000000000000 0.000000000000000000
connection 30 14 5.717149907658495955 0 0.000000000000000000 0.000000000000000000
connection 53 14 4.863726645143884753 0 0.000000000000000000 0.000000000000000000
connection 56 14 -3.612965934091100895 0 0.000000000000000000 0.000000000000000000
connection 84 14 -6.222243202667513629 0 0.000000000000000000 0.000000000000000000
connection 57 14 -4.200904091813020713 0 0.000000000000000000 0.000000000000000000
connection 62 14 -2.101803387597654726 0 0.000000000000000000 0.000000000000000000
connection 63 14 -4.694354794650820395 0 0.000000000000000000 0.000000000000000000
connection 64 14 -6.865543281621870442 0 0.000000000000000000 0.000000000000000000
connection 65 14 -5.122719202619062884 0 0.000000000000000000 0.000000000000000000
connection 25 14 2.573762532862078789 0 0.000000000000000000 0.000000000000000000
connection 26 14 -3.732405349363129066 0 0.000000000000000000 0.000000000000000000
connection 41 14 -3.190430967913454818 0 0.000000000000000000 0.000000000000000000
connection 47 14 -7.296786730810065791 0 0.000000000000000000 0.000000000000000000
connection 42 14 -5.882868973239038901 0 0.000000000000000000 0.000000000000000000
connection 28 14 -7.990166858912862047 0 0.000000000000000000 0.000000000000000000
connection 44 15 7.787408206028522351 0 0.000000000000000000 0.000000000000000000
connection 22 15 5.149810642772422398 0 0.000000000000000000 0.000000000000000000
connection 58 15 5.299190037983707136 0 0.000000000000000000 0.000000000000000000
connection 66 15 4.223922878346174414 0 0.000000000000000000 0.000000000000000000
connection 68 15 -2.241530518296470653 0 0.000000000000000000 0.000000000000000000
connection 71 15 -4.251370366678078661 0 0.000000000000000000 0.000000000000000000
connection 72 15 -6.624669266701961767 0 0.000000000000000000 0.000000000000000000
connection 73 15 -4.790003179828631552 0 0.000000000000000000 0.000000000000000000
connection 90 15 -7.864610841382154049 0 0.000000000000000000 0.000000000000000000
connection 91 15 -2.796691537161313246 0 0.000000000000000000 0.000000000000000000
connection 87 15 -5.238264307023489330 0 0.000000000000000000 0.000000000000000000
connection 88 15 -7.168726338023462930 0 0.000000000000000000 0.000000000000000000
connection 41 15 7.766104434794849354 0 0.000000000000000000 0.000000000000000000
connection 47 15 3.681106898955571971 0 0.000000000000000000 0.000000000000000000
connection 42 15 6.098478818541185120 0 0.000000000000000000 0.000000000000000000
connection 32 15 3.109395280956379182 0 0.000000000000000000 0.000000000000000000
connection 38 15 -3.319247558951445409 0 0.000000000000000000 0.000000000000000000
connection 23 15 7.351548083970143033 0 0.000000000000000000 0.000000000000000000
connection 29 15 5.653047657685137395 0 0.000000000000000000 0.000000000000000000
connection 24 15 2.493161326411949652 0 0.000000000000000000 0.000000000000000000
connection 31 15 5.138912072987190882 0 0.000000000000000000 0.000000000000000000
connection 89 16 7.689582966771649097 0 0.000000000000000000 0.000000000000000000
connection 74 16 4.683004059478673931 0 0.000000000000000000 0.000000000000000000
connection 46 16 6.580401843082872126 0 0.000000000000000000 0.000000000000000000
connection 37 16 4.965447545795329098 0 0.000000000000000000 0.000000000000000000
connection 28 16 7.917751812242666887 0 0.000000000000000000 0.000000000000000000
connection 33 17 7.838120908070907333 0 0.000000000000000000 0.000000000000000000
connection 44 17 2.010502011366601227 0 0.000000000000000000 0.000000000000000000
connection 22 17 4.559622540308474470 0 0.000000000000000000 0.000000000000000000
connection 89 17 1.525880033259829460 0 0.000000000000000000 0.000000000000000000
connection 90 17 7.523897018029110484 0 0.000000000000000000 0.000000000000000000
connection 46 17 4.801724184064095624 0 0.000000000000000000 0.000000000000000000
connection 43 18 -2.998286012950221568 0 0.000000000000000000 0.000000000000000000
connection 39 18 0.583734010584507357 0 0.000000000000000000 0.000000000000000000
connection 50 18 4.711215079976645015 0 0.000000000000000000 0.000000000000000000
connection 51 18 7.139708902405763169 0 0.000000000000000000 0.000000000000000000
connection 52 18 5.495525438584237143 0 0.000000000000000000 0.000000000000000000
connection 44 18 7.990518886321719805 0 0.000000000000000000 0.000000000000000000
connection 22 18 6.538861913408801740 0 0.000000000000000000 0.000000000000000000
connection 37 18 5.364912583288346859 0 0.000000000000000000 0.000000000000000000
connection 28 18 1.681942134954372836 0 0.000000000000000000 0.000000000000000000
connection 33 19 -7.996654418331910819 0 0.000000000000000000 0.000000000000000000
connection 79 19 -4.092501617905895728 0 0.000000000000000000 0.000000000000000000
connection 35 19 -7.223079097516206026 0 0.000000000000000000 0.000000000000000000
connection 45 19 -5.975862640898863987 0 0.000000000000000000 0.000000000000000000
connection 40 19 -3.217855588929048327 0 0.000000000000000000 0.000000000000000000
connection 30 19 -5.294521807142146486 0 0.000000000000000000 0.000000000000000000
connection 53 19 -5.480289988747784058 0 0.000000000000000000 0.000000000000000000
connection 54 19 -3.247831706109486127 0 0.000000000000000000 0.000000000000000000
connection 82 19 0.279096518698722096 0 0.000000000000000000 0.000000000000000000
connection 55 19 -2.512561861472934144 0 0.000000000000000000 0.000000000000000000
connection 84 19 5.668139799882717433 0 0.000000000000000000 0.000000000000000000
connection 57 19 3.161059234966336007 0 0.000000000000000000 0.000000000000000000
connection 63 19 3.860242610646701600 0 0.000000000000000000 0.000000000000000000
connection 64 19 6.619942487568288847 0 0.000000000000000000 0.000000000000000000
connection 65 19 4.599274212006503326 0 0.000000000000000000 0.000000000000000000
connection 89 19 7.970545453028883287 0 0.000000000000000000 0.000000000000000000
connection 90 19 3.115768278511690248 0 0.000000000000000000 0.000000000000000000
connection 46 19 6.020180384717464861 0 0.000000000000000000 0.000000000000000000
connection 25 19 -2.261221172926044964 0 0.000000000000000000 0.000000000000000000
connection 36 19 0.342618093727542372 0 0.000000000000000000 0.000000000000000000
connection 26 19 3.949008662391102931 0 0.000000000000000000 0.000000000000000000
connection 47 19 7.466159513082738286 0 0.000000000000000000 0.000000000000000000
connection 42 19 6.065876747032331373 0 0.000000000000000000 0.000000000000000000
connection 28 19 7.917950950417101730 0 0.000000000000000000 0.000000000000000000
connection 58 20 -5.941988365506975178 0 0.000000000000000000 0.000000000000000000
connection 59 20 -3.770660757251605766 0 0.000000000000000000 0.000000000000000000
connection 61 20 -3.209161288167341031 0 0.000000000000000000 0.000000000000000000
connection 66 20 -4.932502939185384072 0 0.000000000000000000 0.000000000000000000
connection 67 20 -2.548085843735376166 0 0.000000000000000000 0.000000000000000000
connection 68 20 1.063189253675949075 0 0.000000000000000000 0.000000000000000000
connection 70 20 0.305803681727153831 0 0.000000000000000000 0.000000000000000000
connection 72 20 6.191473517695204265 0 0.000000000000000000 0.000000000000000000
connection 73 20 3.870669956898993735 0 0.000000000000000000 0.000000000000000000
connection 90 20 7.864838202148797919 0 0.000000000000000000 0.000000000000000000
connection 87 20 4.542309114009532856 0 0.000000000000000000 0.000000000000000000
connection 88 20 7.031747231263132392 0 0.000000000000000000 0.000000000000000000
connection 37 20 -6.390338683271155062 0 0.000000000000000000 0.000000000000000000
connection 32 20 -3.418005182919895635 0 0.000000000000000000 0.000000000000000000
connection 23 20 -6.905276830446307912 0 0.000000000000000000 0.000000000000000000
connection 29 20 -5.468704895439513436 0 0.000000000000000000 0.000000000000000000
connection 24 20 -2.490071854751375824 0 0.000000000000000000 0.000000000000000000
connection 31 20 -4.717071271766335450 0 0.000000000000000000 0.000000000000000000
connection 89 21 -7.882087896468831012 0 0.000000000000000000 0.000000000000000000
connection 74 21 -5.459165904367982769 0 0.000000000000000000 0.000000000000000000
connection 75 21 -3.117723687044838154 0 0.000000000000000000 0.000000000000000000
connection 76 21 0.392858406985932496 0 0.000000000000000000 0.000000000000000000
connection 85 21 -2.517045358643629882 0 0.000000000000000000 0.000000000000000000
connection 46 21 -6.876940424704703680 0 0.000000000000000000 0.000000000000000000
NNend

