NNstart
14 8
neuron 1 1.000000000000000000 0.000000000000000000 0.000000000000000000 12607928413621669934085546992544119538104069871422267998008774734293332673082358393678009195708964196585061654736562477850592583695545455763540712997832447907289813018958493370385193858803922376851456.000000000000000000 11 0.000000000000000000
neuron 1 1.000000000000000000 0.000000000000000000 0.000000000000000000 12607928413621669934085546992544119538104069871422267998008774734293332673082358393678009195708964196585061654736562477850592583695545455763540712997832447907289813018958493370385193858803922376851456.000000000000000000 11 0.000000000000000000
neuron 1 1.000000000000000000 0.000000000000000000 0.000000000000000000 12607928413621669934085546992544119538104069871422267998008774734293332673082358393678009195708964196585061654736562477850592583695545455763540712997832447907289813018958493370385193858803922376851456.000000000000000000 11 0.000000000000000000
neuron 1 1.000000000000000000 0.000000000000000000 0.000000000000000000 12607928413621669934085546992544119538104069871422267998008774734293332673082358393678009195708964196585061654736562477850592583695545455763540712997832447907289813018958493370385193858803922376851456.000000000000000000 11 0.000000000000000000
neuron 1 1.000000000000000000 0.000000000000000000 0.000000000000000000 12607928413621669934085546992544119538104069871422267998008774734293332673082358393678009195708964196585061654736562477850592583695545455763540712997832447907289813018958493370385193858803922376851456.000000000000000000 11 0.000000000000000000
neuron 1 1.000000000000000000 0.000000000000000000 0.000000000000000000 12607928413621669934085546992544119538104069871422267998008774734293332673082358393678009195708964196585061654736562477850592583695545455763540712997832447907289813018958493370385193858803922376851456.000000000000000000 11 0.000000000000000000
neuron 1 1.000000000000000000 0.000000000000000000 0.000000000000000000 12607928413621669934085546992544119538104069871422267998008774734293332673082358393678009195708964196585061654736562477850592583695545455763540712997832447907289813018958493370385193858803922376851456.000000000000000000 11 0.000000000000000000
neuron 1 1.000000000000000000 0.000000000000000000 0.000000000000000000 12607928413621669934085546992544119538104069871422267998008774734293332673082358393678009195708964196585061654736562477850592583695545455763540712997832447907289813018958493370385193858803922376851456.000000000000000000 11 0.000000000000000000
neuron 1 1.000000000000000000 0.000000000000000000 0.000000000000000000 12607928413621669934085546992544119538104069871422267998008774734293332673082358393678009195708964196585061654736562477850592583695545455763540712997832447907289813018958493370385193858803922376851456.000000000000000000 11 0.000000000000000000
neuron 1 1.000000000000000000 0.000000000000000000 0.000000000000000000 12607928413621669934085546992544119538104069871422267998008774734293332673082358393678009195708964196585061654736562477850592583695545455763540712997832447907289813018958493370385193858803922376851456.000000000000000000 11 0.000000000000000000
neuron 1 1.000000000000000000 0.000000000000000000 0.000000000000000000 12607928413621669934085546992544119538104069871422267998008774734293332673082358393678009195708964196585061654736562477850592583695545455763540712997832447907289813018958493370385193858803922376851456.000000000000000000 11 0.000000000000000000
neuron 1 1.000000000000000000 0.000000000000000000 0.000000000000000000 12607928413621669934085546992544119538104069871422267998008774734293332673082358393678009195708964196585061654736562477850592583695545455763540712997832447907289813018958493370385193858803922376851456.000000000000000000 11 0.000000000000000000
neuron 1 1.000000000000000000 0.000000000000000000 0.000000000000000000 12607928413621669934085546992544119538104069871422267998008774734293332673082358393678009195708964196585061654736562477850592583695545455763540712997832447907289813018958493370385193858803922376851456.000000000000000000 11 0.000000000000000000
neuron 2 1.000000000000000000 0.000000000000000000 0.000000000000000000 0.000000000000000000 11 0.000000000000000000
neuron 4 1.000000000000000000 0.000000000000000000 0.000000000000000000 12607928413621669934085546992544119538104069871422267998008774734293332673082358393678009195708964196585061654736562477850592583695545455763540712997832447907289813018958493370385193858803922376851456.000000000000000000 1 0.000000000000000000
neuron 4 1.000000000000000000 0.000000000000000000 0.000000000000000000 12607928413621669934085546992544119538104069871422267998008774734293332673082358393678009195708964196585061654736562477850592583695545455763540712997832447907289813018958493370385193858803922376851456.000000000000000000 1 0.000000000000000000
neuron 4 1.000000000000000000 0.000000000000000000 0.000000000000000000 12607928413621669934085546992544119538104069871422267998008774734293332673082358393678009195708964196585061654736562477850592583695545455763540712997832447907289813018958493370385193858803922376851456.000000000000000000 1 0.000000000000000000
neuron 4 1.000000000000000000 0.000000000000000000 0.000000000000000000 12607928413621669934085546992544119538104069871422267998008774734293332673082358393678009195708964196585061654736562477850592583695545455763540712997832447907289813018958493370385193858803922376851456.000000000000000000 1 0.000000000000000000
neuron 4 1.000000000000000000 0.000000000000000000 0.000000000000000000 12607928413621669934085546992544119538104069871422267998008774734293332673082358393678009195708964196585061654736562477850592583695545455763540712997832447907289813018958493370385193858803922376851456.000000000000000000 1 0.000000000000000000
neuron 4 1.000000000000000000 0.000000000000000000 0.000000000000000000 12607928413621669934085546992544119538104069871422267998008774734293332673082358393678009195708964196585061654736562477850592583695545455763540712997832447907289813018958493370385193858803922376851456.000000000000000000 1 0.000000000000000000
neuron 4 1.000000000000000000 0.000000000000000000 0.000000000000000000 12607928413621669934085546992544119538104069871422267998008774734293332673082358393678009195708964196585061654736562477850592583695545455763540712997832447907289813018958493370385193858803922376851456.000000000000000000 1 0.000000000000000000
neuron 4 1.000000000000000000 0.000000000000000000 0.000000000000000000 12607928413621669934085546992544119538104069871422267998008774734293332673082358393678009195708964196585061654736562477850592583695545455763540712997832447907289813018958493370385193858803922376851456.000000000000000000 1 0.000000000000000000
neuron 3 1.000000000000000000 0.000000000000000000 0.000000000000000000 12607928413621669934085546992544119538104069871422267998008774734293332673082358393678009195708964196585061654736562477850592583695545455763540712997832447907289813018958493370385193858803922376851456.000000000000000000 0 0.000000000000000000
neuron 3 1.000000000000000000 0.000000000000000000 0.000000000000000000 12607928413621669934085546992544119538104069871422267998008774734293332673082358393678009195708964196585061654736562477850592583695545455763540712997832447907289813018958493370385193858803922376851456.000000000000000000 0 0.000000000000000000
neuron 3 1.000000000000000000 0.000000000000000000 0.000000000000000000 12607928413621669934085546992544119538104069871422267998008774734293332673082358393678009195708964196585061654736562477850592583695545455763540712997832447907289813018958493370385193858803922376851456.000000000000000000 0 0.000000000000000000
neuron 3 1.000000000000000000 0.000000000000000000 0.000000000000000000 12607928413621669934085546992544119538104069871422267998008774734293332673082358393678009195708964196585061654736562477850592583695545455763540712997832447907289813018958493370385193858803922376851456.000000000000000000 0 0.000000000000000000
neuron 3 1.000000000000000000 0.000000000000000000 0.000000000000000000 12607928413621669934085546992544119538104069871422267998008774734293332673082358393678009195708964196585061654736562477850592583695545455763540712997832447907289813018958493370385193858803922376851456.000000000000000000 0 0.000000000000000000
neuron 3 1.000000000000000000 0.000000000000000000 0.000000000000000000 12607928413621669934085546992544119538104069871422267998008774734293332673082358393678009195708964196585061654736562477850592583695545455763540712997832447907289813018958493370385193858803922376851456.000000000000000000 0 0.000000000000000000
neuron 3 1.000000000000000000 0.000000000000000000 0.000000000000000000 12607928413621669934085546992544119538104069871422267998008774734293332673082358393678009195708964196585061654736562477850592583695545455763540712997832447907289813018958493370385193858803922376851456.000000000000000000 0 0.000000000000000000
neuron 3 1.000000000000000000 0.000000000000000000 0.000000000000000000 12607928413621669934085546992544119538104069871422267998008774734293332673082358393678009195708964196585061654736562477850592583695545455763540712997832447907289813018958493370385193858803922376851456.000000000000000000 0 0.000000000000000000
neuron 3 1.000000000000000000 0.000000000000000000 0.000000000000000000 12607928413621669934085546992544119538104069871422267998008774734293332673082358393678009195708964196585061654736562477850592583695545455763540712997832447907289813018958493370385193858803922376851456.000000000000000000 0 0.000000000000000000
neuron 3 1.000000000000000000 0.000000000000000000 0.000000000000000000 12607928413621669934085546992544119538104069871422267998008774734293332673082358393678009195708964196585061654736562477850592583695545455763540712997832447907289813018958493370385193858803922376851456.000000000000000000 0 0.000000000000000000
neuron 3 1.000000000000000000 0.000000000000000000 0.000000000000000000 12607928413621669934085546992544119538104069871422267998008774734293332673082358393678009195708964196585061654736562477850592583695545455763540712997832447907289813018958493370385193858803922376851456.000000000000000000 0 0.000000000000000000
neuron 3 1.000000000000000000 0.000000000000000000 0.000000000000000000 12607928413621669934085546992544119538104069871422267998008774734293332673082358393678009195708964196585061654736562477850592583695545455763540712997832447907289813018958493370385193858803922376851456.000000000000000000 0 0.000000000000000000
neuron 3 1.000000000000000000 0.000000000000000000 0.000000000000000000 12607928413621669934085546992544119538104069871422267998008774734293332673082358393678009195708964196585061654736562477850592583695545455763540712997832447907289813018958493370385193858803922376851456.000000000000000000 0 0.000000000000000000
neuron 3 1.000000000000000000 0.000000000000000000 0.000000000000000000 12607928413621669934085546992544119538104069871422267998008774734293332673082358393678009195708964196585061654736562477850592583695545455763540712997832447907289813018958493370385193858803922376851456.000000000000000000 0 0.000000000000000000
neuron 3 1.000000000000000000 0.000000000000000000 0.000000000000000000 12607928413621669934085546992544119538104069871422267998008774734293332673082358393678009195708964196585061654736562477850592583695545455763540712997832447907289813018958493370385193858803922376851456.000000000000000000 0 0.000000000000000000
neuron 3 1.000000000000000000 0.000000000000000000 0.000000000000000000 12607928413621669934085546992544119538104069871422267998008774734293332673082358393678009195708964196585061654736562477850592583695545455763540712997832447907289813018958493370385193858803922376851456.000000000000000000 0 0.000000000000000000
neuron 3 1.000000000000000000 0.000000000000000000 0.000000000000000000 12607928413621669934085546992544119538104069871422267998008774734293332673082358393678009195708964196585061654736562477850592583695545455763540712997832447907289813018958493370385193858803922376851456.000000000000000000 0 0.000000000000000000
neuron 3 1.000000000000000000 0.000000000000000000 0.000000000000000000 12607928413621669934085546992544119538104069871422267998008774734293332673082358393678009195708964196585061654736562477850592583695545455763540712997832447907289813018958493370385193858803922376851456.000000000000000000 0 0.000000000000000000
neuron 3 1.000000000000000000 0.000000000000000000 0.000000000000000000 12607928413621669934085546992544119538104069871422267998008774734293332673082358393678009195708964196585061654736562477850592583695545455763540712997832447907289813018958493370385193858803922376851456.000000000000000000 0 0.000000000000000000
neuron 3 1.000000000000000000 0.000000000000000000 0.000000000000000000 12607928413621669934085546992544119538104069871422267998008774734293332673082358393678009195708964196585061654736562477850592583695545455763540712997832447907289813018958493370385193858803922376851456.000000000000000000 0 0.000000000000000000
neuron 3 1.000000000000000000 0.000000000000000000 0.000000000000000000 12607928413621669934085546992544119538104069871422267998008774734293332673082358393678009195708964196585061654736562477850592583695545455763540712997832447907289813018958493370385193858803922376851456.000000000000000000 0 0.000000000000000000
neuron 3 1.000000000000000000 0.000000000000000000 0.000000000000000000 12607928413621669934085546992544119538104069871422267998008774734293332673082358393678009195708964196585061654736562477850592583695545455763540712997832447907289813018958493370385193858803922376851456.000000000000000000 0 0.000000000000000000
neuron 3 1.000000000000000000 0.000000000000000000 0.000000000000000000 12607928413621669934085546992544119538104069871422267998008774734293332673082358393678009195708964196585061654736562477850592583695545455763540712997832447907289813018958493370385193858803922376851456.000000000000000000 0 0.000000000000000000
neuron 3 1.000000000000000000 0.000000000000000000 0.000000000000000000 12607928413621669934085546992544119538104069871422267998008774734293332673082358393678009195708964196585061654736562477850592583695545455763540712997832447907289813018958493370385193858803922376851456.000000000000000000 0 0.000000000000000000
neuron 3 1.000000000000000000 0.000000000000000000 0.000000000000000000 12607928413621669934085546992544119538104069871422267998008774734293332673082358393678009195708964196585061654736562477850592583695545455763540712997832447907289813018958493370385193858803922376851456.000000000000000000 0 0.000000000000000000
neuron 3 1.000000000000000000 0.000000000000000000 0.000000000000000000 12607928413621669934085546992544119538104069871422267998008774734293332673082358393678009195708964196585061654736562477850592583695545455763540712997832447907289813018958493370385193858803922376851456.000000000000000000 0 0.000000000000000000
neuron 3 1.000000000000000000 0.000000000000000000 0.000000000000000000 12607928413621669934085546992544119538104069871422267998008774734293332673082358393678009195708964196585061654736562477850592583695545455763540712997832447907289813018958493370385193858803922376851456.000000000000000000 0 0.000000000000000000
neuron 3 1.000000000000000000 0.000000000000000000 0.000000000000000000 12607928413621669934085546992544119538104069871422267998008774734293332673082358393678009195708964196585061654736562477850592583695545455763540712997832447907289813018958493370385193858803922376851456.000000000000000000 0 0.000000000000000000
neuron 3 1.000000000000000000 0.000000000000000000 0.000000000000000000 12607928413621669934085546992544119538104069871422267998008774734293332673082358393678009195708964196585061654736562477850592583695545455763540712997832447907289813018958493370385193858803922376851456.000000000000000000 0 0.000000000000000000
connection 0 22 7.178466606839440267 0 0.000000000000000000 12607928413621669934085546992544119538104069871422267998008774734293332673082358393678009195708964196585061654736562477850592583695545455763540712997832447907289813018958493370385193858803922376851456.000000000000000000
connection 0 23 7.437542569597099806 0 0.000000000000000000 12607928413621669934085546992544119538104069871422267998008774734293332673082358393678009195708964196585061654736562477850592583695545455763540712997832447907289813018958493370385193858803922376851456.000000000000000000
connection 0 24 6.832495349238102200 0 0.000000000000000000 12607928413621669934085546992544119538104069871422267998008774734293332673082358393678009195708964196585061654736562477850592583695545455763540712997832447907289813018958493370385193858803922376851456.000000000000000000
connection 0 25 7.319445418839536366 0 0.000000000000000000 12607928413621669934085546992544119538104069871422267998008774734293332673082358393678009195708964196585061654736562477850592583695545455763540712997832447907289813018958493370385193858803922376851456.000000000000000000
connection 1 22 7.262516938928932575 0 0.000000000000000000 12607928413621669934085546992544119538104069871422267998008774734293332673082358393678009195708964196585061654736562477850592583695545455763540712997832447907289813018958493370385193858803922376851456.000000000000000000
connection 1 23 7.459110000056130119 0 0.000000000000000000 12607928413621669934085546992544119538104069871422267998008774734293332673082358393678009195708964196585061654736562477850592583695545455763540712997832447907289813018958493370385193858803922376851456.000000000000000000
connection 1 24 6.653322228104165958 0 0.000000000000000000 12607928413621669934085546992544119538104069871422267998008774734293332673082358393678009195708964196585061654736562477850592583695545455763540712997832447907289813018958493370385193858803922376851456.000000000000000000
connection 1 25 7.250086100612492146 0 0.000000000000000000 12607928413621669934085546992544119538104069871422267998008774734293332673082358393678009195708964196585061654736562477850592583695545455763540712997832447907289813018958493370385193858803922376851456.000000000000000000
connection 2 22 7.329236829514758966 0 0.000000000000000000 12607928413621669934085546992544119538104069871422267998008774734293332673082358393678009195708964196585061654736562477850592583695545455763540712997832447907289813018958493370385193858803922376851456.000000000000000000
connection 2 23 7.470876224737410531 0 0.000000000000000000 12607928413621669934085546992544119538104069871422267998008774734293332673082358393678009195708964196585061654736562477850592583695545455763540712997832447907289813018958493370385193858803922376851456.000000000000000000
connection 2 24 6.439224655103620520 0 0.000000000000000000 12607928413621669934085546992544119538104069871422267998008774734293332673082358393678009195708964196585061654736562477850592583695545455763540712997832447907289813018958493370385193858803922376851456.000000000000000000
connection 2 25 7.162944923145579068 0 0.000000000000000000 12607928413621669934085546992544119538104069871422267998008774734293332673082358393678009195708964196585061654736562477850592583695545455763540712997832447907289813018958493370385193858803922376851456.000000000000000000
connection 3 22 7.381104443367533463 0 0.000000000000000000 12607928413621669934085546992544119538104069871422267998008774734293332673082358393678009195708964196585061654736562477850592583695545455763540712997832447907289813018958493370385193858803922376851456.000000000000000000
connection 3 23 7.473310203806758700 0 0.000000000000000000 12607928413621669934085546992544119538104069871422267998008774734293332673082358393678009195708964196585061654736562477850592583695545455763540712997832447907289813018958493370385193858803922376851456.000000000000000000
connection 3 24 6.186316461519686172 0 0.000000000000000000 12607928413621669934085546992544119538104069871422267998008774734293332673082358393678009195708964196585061654736562477850592583695545455763540712997832447907289813018958493370385193858803922376851456.000000000000000000
connection 3 25 7.054955525484758461 0 0.000000000000000000 12607928413621669934085546992544119538104069871422267998008774734293332673082358393678009195708964196585061654736562477850592583695545455763540712997832447907289813018958493370385193858803922376851456.000000000000000000
connection 4 22 7.420105274744927648 0 0.000000000000000000 12607928413621669934085546992544119538104069871422267998008774734293332673082358393678009195708964196585061654736562477850592583695545455763540712997832447907289813018958493370385193858803922376851456.000000000000000000
connection 4 23 7.466509116764301623 0 0.000000000000000000 12607928413621669934085546992544119538104069871422267998008774734293332673082358393678009195708964196585061654736562477850592583695545455763540712997832447907289813018958493370385193858803922376851456.000000000000000000
connection 4 24 5.891484417051602307 0 0.000000000000000000 12607928413621669934085546992544119538104069871422267998008774734293332673082358393678009195708964196585061654736562477850592583695545455763540712997832447907289813018958493370385193858803922376851456.000000000000000000
connection 4 25 6.922571707991490797 0 0.000000000000000000 12607928413621669934085546992544119538104069871422267998008774734293332673082358393678009195708964196585061654736562477850592583695545455763540712997832447907289813018958493370385193858803922376851456.000000000000000000
connection 5 22 7.447761589215499356 0 0.000000000000000000 12607928413621669934085546992544119538104069871422267998008774734293332673082358393678009195708964196585061654736562477850592583695545455763540712997832447907289813018958493370385193858803922376851456.000000000000000000
connection 5 23 7.450201564505380070 0 0.000000000000000000 12607928413621669934085546992544119538104069871422267998008774734293332673082358393678009195708964196585061654736562477850592583695545455763540712997832447907289813018958493370385193858803922376851456.000000000000000000
connection 5 24 5.552982265697245623 0 0.000000000000000000 12607928413621669934085546992544119538104069871422267998008774734293332673082358393678009195708964196585061654736562477850592583695545455763540712997832447907289813018958493370385193858803922376851456.000000000000000000
connection 5 25 6.761852734923388120 0 0.000000000000000000 12607928413621669934085546992544119538104069871422267998008774734293332673082358393678009195708964196585061654736562477850592583695545455763540712997832447907289813018958493370385193858803922376851456.000000000000000000
connection 6 22 7.465165780992615296 0 0.000000000000000000 12607928413621669934085546992544119538104069871422267998008774734293332673082358393678009195708964196585061654736562477850592583695545455763540712997832447907289813018958493370385193858803922376851456.000000000000000000
connection 6 23 7.423738717440103052 0 0.000000000000000000 12607928413621669934085546992544119538104069871422267998008774734293332673082358393678009195708964196585061654736562477850592583695545455763540712997832447907289813018958493370385193858803922376851456.000000000000000000
connection 6 24 5.171065653866485867 0 0.000000000000000000 12607928413621669934085546992544119538104069871422267998008774734293332673082358393678009195708964196585061654736562477850592583695545455763540712997832447907289813018958493370385193858803922376851456.000000000000000000
connection 6 25 6.568634666084611773 0 0.000000000000000000 12607928413621669934085546992544119538104069871422267998008774734293332673082358393678009195708964196585061654736562477850592583695545455763540712997832447907289813018958493370385193858803922376851456.000000000000000000
connection 7 22 7.473009954829900714 0 0.000000000000000000 12607928413621669934085546992544119538104069871422267998008774734293332673082358393678009195708964196585061654736562477850592583695545455763540712997832447907289813018958493370385193858803922376851456.000000000000000000
connection 7 23 7.386074303320985912 0 0.000000000000000000 12607928413621669934085546992544119538104069871422267998008774734293332673082358393678009195708964196585061654736562477850592583695545455763540712997832447907289813018958493370385193858803922376851456.000000000000000000
connection 7 26 6.282165334139733659 0 0.000000000000000000 12607928413621669934085546992544119538104069871422267998008774734293332673082358393678009195708964196585061654736562477850592583695545455763540712997832447907289813018958493370385193858803922376851456.000000000000000000
connection 7 27 5.577630973679108095 0 0.000000000000000000 12607928413621669934085546992544119538104069871422267998008774734293332673082358393678009195708964196585061654736562477850592583695545455763540712997832447907289813018958493370385193858803922376851456.000000000000000000
connection 7 28 2.631303814581299694 0 0.000000000000000000 12607928413621669934085546992544119538104069871422267998008774734293332673082358393678009195708964196585061654736562477850592583695545455763540712997832447907289813018958493370385193858803922376851456.000000000000000000
connection 7 29 3.773855069965601938 0 0.000000000000000000 12607928413621669934085546992544119538104069871422267998008774734293332673082358393678009195708964196585061654736562477850592583695545455763540712997832447907289813018958493370385193858803922376851456.000000000000000000
connection 7 25 6.338813899907616900 0 0.000000000000000000 12607928413621669934085546992544119538104069871422267998008774734293332673082358393678009195708964196585061654736562477850592583695545455763540712997832447907289813018958493370385193858803922376851456.000000000000000000
connection 8 22 7.471607071755197893 0 0.000000000000000000 12607928413621669934085546992544119538104069871422267998008774734293332673082358393678009195708964196585061654736562477850592583695545455763540712997832447907289813018958493370385193858803922376851456.000000000000000000
connection 8 23 7.335735783466969195 0 0.000000000000000000 12607928413621669934085546992544119538104069871422267998008774734293332673082358393678009195708964196585061654736562477850592583695545455763540712997832447907289813018958493370385193858803922376851456.000000000000000000
connection 8 26 6.002730348725139997 0 0.000000000000000000 12607928413621669934085546992544119538104069871422267998008774734293332673082358393678009195708964196585061654736562477850592583695545455763540712997832447907289813018958493370385193858803922376851456.000000000000000000
connection 8 27 5.198637144120145770 0 0.000000000000000000 12607928413621669934085546992544119538104069871422267998008774734293332673082358393678009195708964196585061654736562477850592583695545455763540712997832447907289813018958493370385193858803922376851456.000000000000000000
connection 8 28 2.151023248909337493 0 0.000000000000000000 12607928413621669934085546992544119538104069871422267998008774734293332673082358393678009195708964196585061654736562477850592583695545455763540712997832447907289813018958493370385193858803922376851456.000000000000000000
connection 8 29 3.274974391560298681 0 0.000000000000000000 12607928413621669934085546992544119538104069871422267998008774734293332673082358393678009195708964196585061654736562477850592583695545455763540712997832447907289813018958493370385193858803922376851456.000000000000000000
connection 8 25 6.068759851737487665 0 0.000000000000000000 12607928413621669934085546992544119538104069871422267998008774734293332673082358393678009195708964196585061654736562477850592583695545455763540712997832447907289813018958493370385193858803922376851456.000000000000000000
connection 9 22 7.460901117137890282 0 0.000000000000000000 12607928413621669934085546992544119538104069871422267998008774734293332673082358393678009195708964196585061654736562477850592583695545455763540712997832447907289813018958493370385193858803922376851456.000000000000000000
connection 9 23 7.270791100642719940 0 0.000000000000000000 12607928413621669934085546992544119538104069871422267998008774734293332673082358393678009195708964196585061654736562477850592583695545455763540712997832447907289813018958493370385193858803922376851456.000000000000000000
connection 9 26 5.680056932268101377 0 0.000000000000000000 12607928413621669934085546992544119538104069871422267998008774734293332673082358393678009195708964196585061654736562477850592583695545455763540712997832447907289813018958493370385193858803922376851456.000000000000000000
connection 9 27 4.778767915492807994 0 0.000000000000000000 12607928413621669934085546992544119538104069871422267998008774734293332673082358393678009195708964196585061654736562477850592583695545455763540712997832447907289813018958493370385193858803922376851456.000000000000000000
connection 9 28 1.701017893168435657 0 0.000000000000000000 12607928413621669934085546992544119538104069871422267998008774734293332673082358393678009195708964196585061654736562477850592583695545455763540712997832447907289813018958493370385193858803922376851456.000000000000000000
connection 9 29 2.775261431361952802 0 0.000000000000000000 12607928413621669934085546992544119538104069871422267998008774734293332673082358393678009195708964196585061654736562477850592583695545455763540712997832447907289813018958493370385193858803922376851456.000000000000000000
connection 9 25 5.755852080484387123 0 0.000000000000000000 12607928413621669934085546992544119538104069871422267998008774734293332673082358393678009195708964196585061654736562477850592583695545455763540712997832447907289813018958493370385193858803922376851456.000000000000000000
connection 10 22 7.440465253163631942 0 0.000000000000000000 12607928413621669934085546992544119538104069871422267998008774734293332673082358393678009195708964196585061654736562477850592583695545455763540712997832447907289813018958493370385193858803922376851456.000000000000000000
connection 10 23 7.188818298079562297 0 0.000000000000000000 12607928413621669934085546992544119538104069871422267998008774734293332673082358393678009195708964196585061654736562477850592583695545455763540712997832447907289813018958493370385193858803922376851456.000000000000000000
connection 10 26 5.313607521064867889 0 0.000000000000000000 12607928413621669934085546992544119538104069871422267998008774734293332673082358393678009195708964196585061654736562477850592583695545455763540712997832447907289813018958493370385193858803922376851456.000000000000000000
connection 10 27 4.323570168327468544 0 0.000000000000000000 12607928413621669934085546992544119538104069871422267998008774734293332673082358393678009195708964196585061654736562477850592583695545455763540712997832447907289813018958493370385193858803922376851456.000000000000000000
connection 10 28 1.293001215258481107 0 0.000000000000000000 12607928413621669934085546992544119538104069871422267998008774734293332673082358393678009195708964196585061654736562477850592583695545455763540712997832447907289813018958493370385193858803922376851456.000000000000000000
connection 10 29 2.288589423014006918 0 0.000000000000000000 12607928413621669934085546992544119538104069871422267998008774734293332673082358393678009195708964196585061654736562477850592583695545455763540712997832447907289813018958493370385193858803922376851456.000000000000000000
connection 10 25 5.399101918732463368 0 0.000000000000000000 12607928413621669934085546992544119538104069871422267998008774734293332673082358393678009195708964196585061654736562477850592583695545455763540712997832447907289813018958493370385193858803922376851456.000000000000000000
connection 11 22 7.409488136257906810 0 0.000000000000000000 12607928413621669934085546992544119538104069871422267998008774734293332673082358393678009195708964196585061654736562477850592583695545455763540712997832447907289813018958493370385193858803922376851456.000000000000000000
connection 11 23 7.086889304815699120 0 0.000000000000000000 12607928413621669934085546992544119538104069871422267998008774734293332673082358393678009195708964196585061654736562477850592583695545455763540712997832447907289813018958493370385193858803922376851456.000000000000000000
connection 11 26 4.905225088330214867 0 0.000000000000000000 12607928413621669934085546992544119538104069871422267998008774734293332673082358393678009195708964196585061654736562477850592583695545455763540712997832447907289813018958493370385193858803922376851456.000000000000000000
connection 11 27 3.841555822276653487 0 0.000000000000000000 12607928413621669934085546992544119538104069871422267998008774734293332673082358393678009195708964196585061654736562477850592583695545455763540712997832447907289813018958493370385193858803922376851456.000000000000000000
connection 11 28 0.936679095282687446 0 0.000000000000000000 12607928413621669934085546992544119538104069871422267998008774734293332673082358393678009195708964196585061654736562477850592583695545455763540712997832447907289813018958493370385193858803922376851456.000000000000000000
connection 11 29 1.828461211114857710 0 0.000000000000000000 12607928413621669934085546992544119538104069871422267998008774734293332673082358393678009195708964196585061654736562477850592583695545455763540712997832447907289813018958493370385193858803922376851456.000000000000000000
connection 11 30 6.426112194389123289 0 0.000000000000000000 12607928413621669934085546992544119538104069871422267998008774734293332673082358393678009195708964196585061654736562477850592583695545455763540712997832447907289813018958493370385193858803922376851456.000000000000000000
connection 11 31 5.778740815859245039 0 0.000000000000000000 12607928413621669934085546992544119538104069871422267998008774734293332673082358393678009195708964196585061654736562477850592583695545455763540712997832447907289813018958493370385193858803922376851456.000000000000000000
connection 11 32 2.920331727954792900 0 0.000000000000000000 12607928413621669934085546992544119538104069871422267998008774734293332673082358393678009195708964196585061654736562477850592583695545455763540712997832447907289813018958493370385193858803922376851456.000000000000000000
connection 11 33 4.059281145937978508 0 0.000000000000000000 12607928413621669934085546992544119538104069871422267998008774734293332673082358393678009195708964196585061654736562477850592583695545455763540712997832447907289813018958493370385193858803922376851456.000000000000000000
connection 12 22 7.366749849738702061 0 0.000000000000000000 12607928413621669934085546992544119538104069871422267998008774734293332673082358393678009195708964196585061654736562477850592583695545455763540712997832447907289813018958493370385193858803922376851456.000000000000000000
connection 12 23 6.961584195942648101 0 0.000000000000000000 12607928413621669934085546992544119538104069871422267998008774734293332673082358393678009195708964196585061654736562477850592583695545455763540712997832447907289813018958493370385193858803922376851456.000000000000000000
connection 12 26 4.459584339519594209 0 0.000000000000000000 12607928413621669934085546992544119538104069871422267998008774734293332673082358393678009195708964196585061654736562477850592583695545455763540712997832447907289813018958493370385193858803922376851456.000000000000000000
connection 12 27 3.343846828909584623 0 0.000000000000000000 12607928413621669934085546992544119538104069871422267998008774734293332673082358393678009195708964196585061654736562477850592583695545455763540712997832447907289813018958493370385193858803922376851456.000000000000000000
connection 12 28 0.639584331343637569 0 0.000000000000000000 12607928413621669934085546992544119538104069871422267998008774734293332673082358393678009195708964196585061654736562477850592583695545455763540712997832447907289813018958493370385193858803922376851456.000000000000000000
connection 12 29 1.407095596247903480 0 0.000000000000000000 12607928413621669934085546992544119538104069871422267998008774734293332673082358393678009195708964196585061654736562477850592583695545455763540712997832447907289813018958493370385193858803922376851456.000000000000000000
connection 12 30 6.170927128964694752 0 0.000000000000000000 12607928413621669934085546992544119538104069871422267998008774734293332673082358393678009195708964196585061654736562477850592583695545455763540712997832447907289813018958493370385193858803922376851456.000000000000000000
connection 12 31 5.424989657144295485 0 0.000000000000000000 12607928413621669934085546992544119538104069871422267998008774734293332673082358393678009195708964196585061654736562477850592583695545455763540712997832447907289813018958493370385193858803922376851456.000000000000000000
connection 12 32 2.428423779824187889 0 0.000000000000000000 12607928413621669934085546992544119538104069871422267998008774734293332673082358393678009195708964196585061654736562477850592583695545455763540712997832447907289813018958493370385193858803922376851456.000000000000000000
connection 12 33 3.567060236566922171 0 0.000000000000000000 12607928413621669934085546992544119538104069871422267998008774734293332673082358393678009195708964196585061654736562477850592583695545455763540712997832447907289813018958493370385193858803922376851456.000000000000000000
connection 13 22 7.310590558783018444 0 0.000000000000000000 12607928413621669934085546992544119538104069871422267998008774734293332673082358393678009195708964196585061654736562477850592583695545455763540712997832447907289813018958493370385193858803922376851456.000000000000000000
connection 13 23 6.809057687964503280 0 0.000000000000000000 12607928413621669934085546992544119538104069871422267998008774734293332673082358393678009195708964196585061654736562477850592583695545455763540712997832447907289813018958493370385193858803922376851456.000000000000000000
connection 13 26 3.984350079480869056 0 0.000000000000000000 12607928413621669934085546992544119538104069871422267998008774734293332673082358393678009195708964196585061654736562477850592583695545455763540712997832447907289813018958493370385193858803922376851456.000000000000000000
connection 13 27 2.843430652654638902 0 0.000000000000000000 12607928413621669934085546992544119538104069871422267998008774734293332673082358393678009195708964196585061654736562477850592583695545455763540712997832447907289813018958493370385193858803922376851456.000000000000000000
connection 13 28 0.407192794895280652 0 0.000000000000000000 12607928413621669934085546992544119538104069871422267998008774734293332673082358393678009195708964196585061654736562477850592583695545455763540712997832447907289813018958493370385193858803922376851456.000000000000000000
connection 13 29 1.034816018264133275 0 0.000000000000000000 12607928413621669934085546992544119538104069871422267998008774734293332673082358393678009195708964196585061654736562477850592583695545455763540712997832447907289813018958493370385193858803922376851456.000000000000000000
connection 13 30 5.873678309539403841 0 0.000000000000000000 12607928413621669934085546992544119538104069871422267998008774734293332673082358393678009195708964196585061654736562477850592583695545455763540712997832447907289813018958493370385193858803922376851456.000000000000000000
connection 13 31 5.028490842933394767 0 0.000000000000000000 12607928413621669934085546992544119538104069871422267998008774734293332673082358393678009195708964196585061654736562477850592583695545455763540712997832447907289813018958493370385193858803922376851456.000000000000000000
connection 13 32 1.959216860678847150 0 0.000000000000000000 12607928413621669934085546992544119538104069871422267998008774734293332673082358393678009195708964196585061654736562477850592583695545455763540712997832447907289813018958493370385193858803922376851456.000000000000000000
connection 13 33 3.066167415366017668 0 0.000000000000000000 12607928413621669934085546992544119538104069871422267998008774734293332673082358393678009195708964196585061654736562477850592583695545455763540712997832447907289813018958493370385193858803922376851456.000000000000000000
connection 22 23 -0.873842989354776445 0 0.000000000000000000 12607928413621669934085546992544119538104069871422267998008774734293332673082358393678009195708964196585061654736562477850592583695545455763540712997832447907289813018958493370385193858803922376851456.000000000000000000
connection 22 31 -1.400125334038731406 0 0.000000000000000000 12607928413621669934085546992544119538104069871422267998008774734293332673082358393678009195708964196585061654736562477850592583695545455763540712997832447907289813018958493370385193858803922376851456.000000000000000000
connection 22 32 -2.419970766982260102 0 0.000000000000000000 12607928413621669934085546992544119538104069871422267998008774734293332673082358393678009195708964196585061654736562477850592583695545455763540712997832447907289813018958493370385193858803922376851456.000000000000000000
connection 23 23 -7.468424728769709198 0 0.000000000000000000 12607928413621669934085546992544119538104069871422267998008774734293332673082358393678009195708964196585061654736562477850592583695545455763540712997832447907289813018958493370385193858803922376851456.000000000000000000
connection 23 31 -6.906929658178638576 0 0.000000000000000000 12607928413621669934085546992544119538104069871422267998008774734293332673082358393678009195708964196585061654736562477850592583695545455763540712997832447907289813018958493370385193858803922376851456.000000000000000000
connection 23 32 -6.481792149619439058 0 0.000000000000000000 12607928413621669934085546992544119538104069871422267998008774734293332673082358393678009195708964196585061654736562477850592583695545455763540712997832447907289813018958493370385193858803922376851456.000000000000000000
connection 28 31 -4.455869523808376975 0 0.000000000000000000 12607928413621669934085546992544119538104069871422267998008774734293332673082358393678009195708964196585061654736562477850592583695545455763540712997832447907289813018958493370385193858803922376851456.000000000000000000
connection 28 32 -3.339816336299531230 0 0.000000000000000000 12607928413621669934085546992544119538104069871422267998008774734293332673082358393678009195708964196585061654736562477850592583695545455763540712997832447907289813018958493370385193858803922376851456.000000000000000000
connection 24 31 -5.161946785223746836 0 0.000000000000000000 12607928413621669934085546992544119538104069871422267998008774734293332673082358393678009195708964196585061654736562477850592583695545455763540712997832447907289813018958493370385193858803922376851456.000000000000000000
connection 24 32 -4.141553782022024066 0 0.000000000000000000 12607928413621669934085546992544119538104069871422267998008774734293332673082358393678009195708964196585061654736562477850592583695545455763540712997832447907289813018958493370385193858803922376851456.000000000000000000
connection 26 31 -5.762160888924315216 0 0.000000000000000000 12607928413621669934085546992544119538104069871422267998008774734293332673082358393678009195708964196585061654736562477850592583695545455763540712997832447907289813018958493370385193858803922376851456.000000000000000000
connection 26 32 -4.883860667471874528 0 0.000000000000000000 12607928413621669934085546992544119538104069871422267998008774734293332673082358393678009195708964196585061654736562477850592583695545455763540712997832447907289813018958493370385193858803922376851456.000000000000000000
connection 27 31 -5.762160888924315216 0 0.000000000000000000 12607928413621669934085546992544119538104069871422267998008774734293332673082358393678009195708964196585061654736562477850592583695545455763540712997832447907289813018958493370385193858803922376851456.000000000000000000
connection 27 32 -4.883860667471874528 0 0.000000000000000000 12607928413621669934085546992544119538104069871422267998008774734293332673082358393678009195708964196585061654736562477850592583695545455763540712997832447907289813018958493370385193858803922376851456.000000000000000000
connection 25 23 -0.256734960847257221 0 0.000000000000000000 12607928413621669934085546992544119538104069871422267998008774734293332673082358393678009195708964196585061654736562477850592583695545455763540712997832447907289813018958493370385193858803922376851456.000000000000000000
connection 25 31 -4.484201853652240111 0 0.000000000000000000 12607928413621669934085546992544119538104069871422267998008774734293332673082358393678009195708964196585061654736562477850592583695545455763540712997832447907289813018958493370385193858803922376851456.000000000000000000
connection 25 32 -5.444974323033613395 0 0.000000000000000000 12607928413621669934085546992544119538104069871422267998008774734293332673082358393678009195708964196585061654736562477850592583695545455763540712997832447907289813018958493370385193858803922376851456.000000000000000000
connection 29 31 -4.455869523808376975 0 0.000000000000000000 12607928413621669934085546992544119538104069871422267998008774734293332673082358393678009195708964196585061654736562477850592583695545455763540712997832447907289813018958493370385193858803922376851456.000000000000000000
connection 29 32 -3.339816336299531230 0 0.000000000000000000 12607928413621669934085546992544119538104069871422267998008774734293332673082358393678009195708964196585061654736562477850592583695545455763540712997832447907289813018958493370385193858803922376851456.000000000000000000
connection 31 24 -0.956640502488456557 0 0.000000000000000000 12607928413621669934085546992544119538104069871422267998008774734293332673082358393678009195708964196585061654736562477850592583695545455763540712997832447907289813018958493370385193858803922376851456.000000000000000000
connection 31 31 -3.703319943761713695 0 0.000000000000000000 12607928413621669934085546992544119538104069871422267998008774734293332673082358393678009195708964196585061654736562477850592583695545455763540712997832447907289813018958493370385193858803922376851456.000000000000000000
connection 31 32 -4.783990694890692730 0 0.000000000000000000 12607928413621669934085546992544119538104069871422267998008774734293332673082358393678009195708964196585061654736562477850592583695545455763540712997832447907289813018958493370385193858803922376851456.000000000000000000
connection 30 24 -0.956640502488456557 0 0.000000000000000000 12607928413621669934085546992544119538104069871422267998008774734293332673082358393678009195708964196585061654736562477850592583695545455763540712997832447907289813018958493370385193858803922376851456.000000000000000000
connection 30 31 -3.703319943761713695 0 0.000000000000000000 12607928413621669934085546992544119538104069871422267998008774734293332673082358393678009195708964196585061654736562477850592583695545455763540712997832447907289813018958493370385193858803922376851456.000000000000000000
connection 30 32 -4.783990694890692730 0 0.000000000000000000 12607928413621669934085546992544119538104069871422267998008774734293332673082358393678009195708964196585061654736562477850592583695545455763540712997832447907289813018958493370385193858803922376851456.000000000000000000
connection 32 23 -0.569544410668708645 0 0.000000000000000000 12607928413621669934085546992544119538104069871422267998008774734293332673082358393678009195708964196585061654736562477850592583695545455763540712997832447907289813018958493370385193858803922376851456.000000000000000000
connection 32 31 -5.186674186423833710 0 0.000000000000000000 12607928413621669934085546992544119538104069871422267998008774734293332673082358393678009195708964196585061654736562477850592583695545455763540712997832447907289813018958493370385193858803922376851456.000000000000000000
connection 32 32 -5.993731132152417374 0 0.000000000000000000 12607928413621669934085546992544119538104069871422267998008774734293332673082358393678009195708964196585061654736562477850592583695545455763540712997832447907289813018958493370385193858803922376851456.000000000000000000
connection 32 33 2.702117873989251073 0 0.000000000000000000 12607928413621669934085546992544119538104069871422267998008774734293332673082358393678009195708964196585061654736562477850592583695545455763540712997832447907289813018958493370385193858803922376851456.000000000000000000
connection 33 23 -0.569544410668708645 0 0.000000000000000000 12607928413621669934085546992544119538104069871422267998008774734293332673082358393678009195708964196585061654736562477850592583695545455763540712997832447907289813018958493370385193858803922376851456.000000000000000000
connection 33 31 -5.186674186423833710 0 0.000000000000000000 12607928413621669934085546992544119538104069871422267998008774734293332673082358393678009195708964196585061654736562477850592583695545455763540712997832447907289813018958493370385193858803922376851456.000000000000000000
connection 33 32 -5.993731132152417374 0 0.000000000000000000 12607928413621669934085546992544119538104069871422267998008774734293332673082358393678009195708964196585061654736562477850592583695545455763540712997832447907289813018958493370385193858803922376851456.000000000000000000
connection 33 33 2.702117873989251073 0 0.000000000000000000 12607928413621669934085546992544119538104069871422267998008774734293332673082358393678009195708964196585061654736562477850592583695545455763540712997832447907289813018958493370385193858803922376851456.000000000000000000
connection 25 14 -1.079376117745312724 0 0.000000000000000000 12607928413621669934085546992544119538104069871422267998008774734293332673082358393678009195708964196585061654736562477850592583695545455763540712997832447907289813018958493370385193858803922376851456.000000000000000000
connection 25 15 -0.669194736265128598 0 0.000000000000000000 12607928413621669934085546992544119538104069871422267998008774734293332673082358393678009195708964196585061654736562477850592583695545455763540712997832447907289813018958493370385193858803922376851456.000000000000000000
connection 22 16 -2.779577166124584053 0 0.000000000000000000 12607928413621669934085546992544119538104069871422267998008774734293332673082358393678009195708964196585061654736562477850592583695545455763540712997832447907289813018958493370385193858803922376851456.000000000000000000
connection 25 16 -0.368919896583750184 0 0.000000000000000000 12607928413621669934085546992544119538104069871422267998008774734293332673082358393678009195708964196585061654736562477850592583695545455763540712997832447907289813018958493370385193858803922376851456.000000000000000000
connection 22 17 -2.146769542703367950 0 0.000000000000000000 12607928413621669934085546992544119538104069871422267998008774734293332673082358393678009195708964196585061654736562477850592583695545455763540712997832447907289813018958493370385193858803922376851456.000000000000000000
connection 22 18 -1.565923866196545999 0 0.000000000000000000 12607928413621669934085546992544119538104069871422267998008774734293332673082358393678009195708964196585061654736562477850592583695545455763540712997832447907289813018958493370385193858803922376851456.000000000000000000
connection 23 18 -7.432906028586677039 0 0.000000000000000000 12607928413621669934085546992544119538104069871422267998008774734293332673082358393678009195708964196585061654736562477850592583695545455763540712997832447907289813018958493370385193858803922376851456.000000000000000000
connection 24 18 -7.412535739560938808 0 0.000000000000000000 12607928413621669934085546992544119538104069871422267998008774734293332673082358393678009195708964196585061654736562477850592583695545455763540712997832447907289813018958493370385193858803922376851456.000000000000000000
connection 22 19 -1.062575243953818083 0 0.000000000000000000 12607928413621669934085546992544119538104069871422267998008774734293332673082358393678009195708964196585061654736562477850592583695545455763540712997832447907289813018958493370385193858803922376851456.000000000000000000
connection 23 19 -7.461358228603992337 0 0.000000000000000000 12607928413621669934085546992544119538104069871422267998008774734293332673082358393678009195708964196585061654736562477850592583695545455763540712997832447907289813018958493370385193858803922376851456.000000000000000000
connection 24 19 -7.355340947794283046 0 0.000000000000000000 12607928413621669934085546992544119538104069871422267998008774734293332673082358393678009195708964196585061654736562477850592583695545455763540712997832447907289813018958493370385193858803922376851456.000000000000000000
connection 22 20 -0.656211255004804928 0 0.000000000000000000 12607928413621669934085546992544119538104069871422267998008774734293332673082358393678009195708964196585061654736562477850592583695545455763540712997832447907289813018958493370385193858803922376851456.000000000000000000
connection 22 21 -0.360140683457945587 0 0.000000000000000000 12607928413621669934085546992544119538104069871422267998008774734293332673082358393678009195708964196585061654736562477850592583695545455763540712997832447907289813018958493370385193858803922376851456.000000000000000000
NNend

