NNstart
14 8
neuron 1 1.000000000000000000 0.000000000000000000 0.000000000000000000 0.000000000000000000 11 0.000000000000000000
neuron 1 1.000000000000000000 0.000000000000000000 0.000000000000000000 0.000000000000000000 11 0.000000000000000000
neuron 1 1.000000000000000000 0.000000000000000000 0.000000000000000000 0.000000000000000000 11 0.000000000000000000
neuron 1 1.000000000000000000 0.000000000000000000 0.000000000000000000 0.000000000000000000 11 0.000000000000000000
neuron 1 1.000000000000000000 0.000000000000000000 0.000000000000000000 0.000000000000000000 11 0.000000000000000000
neuron 1 1.000000000000000000 0.000000000000000000 0.000000000000000000 0.000000000000000000 11 0.000000000000000000
neuron 1 1.000000000000000000 0.000000000000000000 0.000000000000000000 0.000000000000000000 11 0.000000000000000000
neuron 1 1.000000000000000000 0.000000000000000000 0.000000000000000000 0.000000000000000000 11 0.000000000000000000
neuron 1 1.000000000000000000 0.000000000000000000 0.000000000000000000 0.000000000000000000 11 0.000000000000000000
neuron 1 1.000000000000000000 0.000000000000000000 0.000000000000000000 0.000000000000000000 11 0.000000000000000000
neuron 1 1.000000000000000000 0.000000000000000000 0.000000000000000000 0.000000000000000000 11 0.000000000000000000
neuron 1 1.000000000000000000 0.000000000000000000 0.000000000000000000 0.000000000000000000 11 0.000000000000000000
neuron 1 1.000000000000000000 0.000000000000000000 0.000000000000000000 0.000000000000000000 11 0.000000000000000000
neuron 2 1.000000000000000000 0.000000000000000000 0.000000000000000000 0.000000000000000000 11 0.000000000000000000
neuron 4 1.000000000000000000 0.000000000000000000 0.000000000000000000 0.000000000000000000 1 0.000000000000000000
neuron 4 1.000000000000000000 0.000000000000000000 0.000000000000000000 0.000000000000000000 1 0.000000000000000000
neuron 4 1.000000000000000000 0.000000000000000000 0.000000000000000000 0.000000000000000000 1 0.000000000000000000
neuron 4 1.000000000000000000 0.000000000000000000 0.000000000000000000 0.000000000000000000 1 0.000000000000000000
neuron 4 1.000000000000000000 0.000000000000000000 0.000000000000000000 0.000000000000000000 1 0.000000000000000000
neuron 4 1.000000000000000000 0.000000000000000000 0.000000000000000000 0.000000000000000000 1 0.000000000000000000
neuron 4 1.000000000000000000 0.000000000000000000 0.000000000000000000 0.000000000000000000 1 0.000000000000000000
neuron 4 1.000000000000000000 0.000000000000000000 0.000000000000000000 0.000000000000000000 1 0.000000000000000000
neuron 3 1.000000000000000000 0.000000000000000000 0.000000000000000000 0.000000000000000000 0 0.000000000000000000
neuron 3 1.000000000000000000 0.000000000000000000 0.000000000000000000 0.000000000000000000 0 0.000000000000000000
neuron 3 1.000000000000000000 0.000000000000000000 0.000000000000000000 0.000000000000000000 0 0.000000000000000000
neuron 3 1.000000000000000000 0.000000000000000000 0.000000000000000000 0.000000000000000000 0 0.000000000000000000
connection 0 22 -3.615500195013312101 0 0.000000000000000000 0.000000000000000000
connection 0 23 -4.268709364951599028 0 0.000000000000000000 0.000000000000000000
connection 0 24 -3.721331066597152404 0 0.000000000000000000 0.000000000000000000
connection 0 25 -2.256239153385535712 0 0.000000000000000000 0.000000000000000000
connection 1 22 -3.786537686471486364 0 0.000000000000000000 0.000000000000000000
connection 1 23 -4.240511642491064492 0 0.000000000000000000 0.000000000000000000
connection 1 24 -3.785565560767029769 0 0.000000000000000000 0.000000000000000000
connection 1 25 -2.507105663499347159 0 0.000000000000000000 0.000000000000000000
connection 2 22 -3.933849850789040037 0 0.000000000000000000 0.000000000000000000
connection 2 23 -4.188385714733193765 0 0.000000000000000000 0.000000000000000000
connection 2 24 -3.826180271535957189 0 0.000000000000000000 0.000000000000000000
connection 2 25 -2.737647563180365395 0 0.000000000000000000 0.000000000000000000
connection 3 22 -4.057260801883634471 0 0.000000000000000000 0.000000000000000000
connection 3 23 -4.112124396521764425 0 0.000000000000000000 0.000000000000000000
connection 3 24 -3.843391415830393232 0 0.000000000000000000 0.000000000000000000
connection 3 25 -2.946487758741996199 0 0.000000000000000000 0.000000000000000000
connection 4 22 -4.156735830297324519 0 0.000000000000000000 0.000000000000000000
connection 4 23 -4.011505619769123676 0 0.000000000000000000 0.000000000000000000
connection 4 24 -3.837421806262715229 0 0.000000000000000000 0.000000000000000000
connection 4 25 -3.132623792341352686 0 0.000000000000000000 0.000000000000000000
connection 5 22 -4.232319848925397920 0 0.000000000000000000 0.000000000000000000
connection 5 23 -3.886335194372522395 0 0.000000000000000000 0.000000000000000000
connection 5 24 -3.808494203866493510 0 0.000000000000000000 0.000000000000000000
connection 5 25 -3.295384802502971056 0 0.000000000000000000 0.000000000000000000
connection 6 22 -4.284083906672309539 0 0.000000000000000000 0.000000000000000000
connection 6 23 -3.736501924284813647 0 0.000000000000000000 0.000000000000000000
connection 6 24 -3.756836559893089511 0 0.000000000000000000 0.000000000000000000
connection 6 25 -3.434377909033504039 0 0.000000000000000000 0.000000000000000000
connection 7 22 -4.312082282887184093 0 0.000000000000000000 0.000000000000000000
connection 7 23 -3.562042918942634806 0 0.000000000000000000 0.000000000000000000
connection 7 24 -3.682698252815966189 0 0.000000000000000000 0.000000000000000000
connection 7 25 -3.549430249894552691 0 0.000000000000000000 0.000000000000000000
connection 8 22 -4.316321807882422590 0 0.000000000000000000 0.000000000000000000
connection 8 23 -3.363215654235624186 0 0.000000000000000000 0.000000000000000000
connection 8 24 -3.586375937376165890 0 0.000000000000000000 0.000000000000000000
connection 8 25 -3.640532137384998812 0 0.000000000000000000 0.000000000000000000
connection 9 22 -4.296744432189220753 0 0.000000000000000000 0.000000000000000000
connection 9 23 -3.140571864969725180 0 0.000000000000000000 0.000000000000000000
connection 9 24 -3.468247100119363768 0 0.000000000000000000 0.000000000000000000
connection 9 25 -3.707785705679783828 0 0.000000000000000000 0.000000000000000000
connection 10 22 -4.253223655148767435 0 0.000000000000000000 0.000000000000000000
connection 10 23 -2.895026905551084884 0 0.000000000000000000 0.000000000000000000
connection 10 24 -3.328808844666419908 0 0.000000000000000000 0.000000000000000000
connection 10 25 -3.751362229862750475 0 0.000000000000000000 0.000000000000000000
connection 11 22 -4.185575139532405231 0 0.000000000000000000 0.000000000000000000
connection 11 25 -3.771470176375129046 0 0.000000000000000000 0.000000000000000000
connection 12 22 -4.093581572151956394 0 0.000000000000000000 0.000000000000000000
connection 12 25 -3.768335084633301690 0 0.000000000000000000 0.000000000000000000
connection 13 22 -3.977031460004238017 0 0.000000000000000000 0.000000000000000000
connection 13 25 -3.742191597614011656 0 0.000000000000000000 0.000000000000000000
connection 22 22 1.101860597451366219 0 0.000000000000000000 0.000000000000000000
connection 23 23 1.138012512128813825 0 0.000000000000000000 0.000000000000000000
connection 24 14 1.753160104246133777 0 0.000000000000000000 0.000000000000000000
connection 24 15 1.144033404570868440 0 0.000000000000000000 0.000000000000000000
connection 23 16 2.105416682492276870 0 0.000000000000000000 0.000000000000000000
connection 24 16 0.468006084457761096 0 0.000000000000000000 0.000000000000000000
connection 23 17 1.561864526144357557 0 0.000000000000000000 0.000000000000000000
connection 24 17 -0.252929880537741403 0 0.000000000000000000 0.000000000000000000
connection 23 18 0.945861543410343675 0 0.000000000000000000 0.000000000000000000
connection 24 18 -0.987536385205087242 0 0.000000000000000000 0.000000000000000000
connection 25 18 1.676480262182391101 0 0.000000000000000000 0.000000000000000000
connection 23 19 0.271119135002280631 0 0.000000000000000000 0.000000000000000000
connection 25 19 1.164915305920501076 0 0.000000000000000000 0.000000000000000000
connection 23 20 -0.439135466283385567 0 0.000000000000000000 0.000000000000000000
connection 25 20 0.599622645746938243 0 0.000000000000000000 0.000000000000000000
connection 22 21 1.549277195630688997 0 0.000000000000000000 0.000000000000000000
connection 23 21 -1.153758871237859474 0 0.000000000000000000 0.000000000000000000
NNend

