NNstart
14 8
neuron 1 1.000000000000000000 0.000000000000000000 0.000000000000000000 -2448431429272341309185769138607529477540636558694435655003863293031901796698135471861790199133678684602494405088000496465743608651274989083859961774080.000000000000000000 11 0.000000000000000000
neuron 1 1.000000000000000000 0.000000000000000000 0.000000000000000000 -2448431429272341309185769138607529477540636558694435655003863293031901796698135471861790199133678684602494405088000496465743608651274989083859961774080.000000000000000000 11 0.000000000000000000
neuron 1 1.000000000000000000 0.000000000000000000 0.000000000000000000 -2448431429272341309185769138607529477540636558694435655003863293031901796698135471861790199133678684602494405088000496465743608651274989083859961774080.000000000000000000 11 0.000000000000000000
neuron 1 1.000000000000000000 0.000000000000000000 0.000000000000000000 -2448431429272341309185769138607529477540636558694435655003863293031901796698135471861790199133678684602494405088000496465743608651274989083859961774080.000000000000000000 11 0.000000000000000000
neuron 1 1.000000000000000000 0.000000000000000000 0.000000000000000000 -2448431429272341309185769138607529477540636558694435655003863293031901796698135471861790199133678684602494405088000496465743608651274989083859961774080.000000000000000000 11 0.000000000000000000
neuron 1 1.000000000000000000 0.000000000000000000 0.000000000000000000 -2448431429272341309185769138607529477540636558694435655003863293031901796698135471861790199133678684602494405088000496465743608651274989083859961774080.000000000000000000 11 0.000000000000000000
neuron 1 1.000000000000000000 0.000000000000000000 0.000000000000000000 -2448431429272341309185769138607529477540636558694435655003863293031901796698135471861790199133678684602494405088000496465743608651274989083859961774080.000000000000000000 11 0.000000000000000000
neuron 1 1.000000000000000000 0.000000000000000000 0.000000000000000000 -2448431429272341309185769138607529477540636558694435655003863293031901796698135471861790199133678684602494405088000496465743608651274989083859961774080.000000000000000000 11 0.000000000000000000
neuron 1 1.000000000000000000 0.000000000000000000 0.000000000000000000 -2448431429272341309185769138607529477540636558694435655003863293031901796698135471861790199133678684602494405088000496465743608651274989083859961774080.000000000000000000 11 0.000000000000000000
neuron 1 1.000000000000000000 0.000000000000000000 0.000000000000000000 -2448431429272341309185769138607529477540636558694435655003863293031901796698135471861790199133678684602494405088000496465743608651274989083859961774080.000000000000000000 11 0.000000000000000000
neuron 1 1.000000000000000000 0.000000000000000000 0.000000000000000000 -2448431429272341309185769138607529477540636558694435655003863293031901796698135471861790199133678684602494405088000496465743608651274989083859961774080.000000000000000000 11 0.000000000000000000
neuron 1 1.000000000000000000 0.000000000000000000 0.000000000000000000 -2448431429272341309185769138607529477540636558694435655003863293031901796698135471861790199133678684602494405088000496465743608651274989083859961774080.000000000000000000 11 0.000000000000000000
neuron 1 1.000000000000000000 0.000000000000000000 0.000000000000000000 -2448431429272341309185769138607529477540636558694435655003863293031901796698135471861790199133678684602494405088000496465743608651274989083859961774080.000000000000000000 11 0.000000000000000000
neuron 2 1.000000000000000000 0.000000000000000000 0.000000000000000000 0.000000000000000000 11 0.000000000000000000
neuron 4 1.000000000000000000 0.000000000000000000 0.000000000000000000 -2448431429272341309185769138607529477540636558694435655003863293031901796698135471861790199133678684602494405088000496465743608651274989083859961774080.000000000000000000 1 0.000000000000000000
neuron 4 1.000000000000000000 0.000000000000000000 0.000000000000000000 -2448431429272341309185769138607529477540636558694435655003863293031901796698135471861790199133678684602494405088000496465743608651274989083859961774080.000000000000000000 1 0.000000000000000000
neuron 4 1.000000000000000000 0.000000000000000000 0.000000000000000000 -2448431429272341309185769138607529477540636558694435655003863293031901796698135471861790199133678684602494405088000496465743608651274989083859961774080.000000000000000000 1 0.000000000000000000
neuron 4 1.000000000000000000 0.000000000000000000 0.000000000000000000 -2448431429272341309185769138607529477540636558694435655003863293031901796698135471861790199133678684602494405088000496465743608651274989083859961774080.000000000000000000 1 0.000000000000000000
neuron 4 1.000000000000000000 0.000000000000000000 0.000000000000000000 -2448431429272341309185769138607529477540636558694435655003863293031901796698135471861790199133678684602494405088000496465743608651274989083859961774080.000000000000000000 1 0.000000000000000000
neuron 4 1.000000000000000000 0.000000000000000000 0.000000000000000000 -2448431429272341309185769138607529477540636558694435655003863293031901796698135471861790199133678684602494405088000496465743608651274989083859961774080.000000000000000000 1 0.000000000000000000
neuron 4 1.000000000000000000 0.000000000000000000 0.000000000000000000 -2448431429272341309185769138607529477540636558694435655003863293031901796698135471861790199133678684602494405088000496465743608651274989083859961774080.000000000000000000 1 0.000000000000000000
neuron 4 1.000000000000000000 0.000000000000000000 0.000000000000000000 -2448431429272341309185769138607529477540636558694435655003863293031901796698135471861790199133678684602494405088000496465743608651274989083859961774080.000000000000000000 1 0.000000000000000000
neuron 3 1.000000000000000000 0.000000000000000000 0.000000000000000000 -2448431429272341309185769138607529477540636558694435655003863293031901796698135471861790199133678684602494405088000496465743608651274989083859961774080.000000000000000000 0 0.000000000000000000
neuron 3 1.000000000000000000 0.000000000000000000 0.000000000000000000 -2448431429272341309185769138607529477540636558694435655003863293031901796698135471861790199133678684602494405088000496465743608651274989083859961774080.000000000000000000 0 0.000000000000000000
neuron 3 1.000000000000000000 0.000000000000000000 0.000000000000000000 -2448431429272341309185769138607529477540636558694435655003863293031901796698135471861790199133678684602494405088000496465743608651274989083859961774080.000000000000000000 0 0.000000000000000000
neuron 3 1.000000000000000000 0.000000000000000000 0.000000000000000000 -2448431429272341309185769138607529477540636558694435655003863293031901796698135471861790199133678684602494405088000496465743608651274989083859961774080.000000000000000000 0 0.000000000000000000
neuron 3 1.000000000000000000 0.000000000000000000 0.000000000000000000 -2448431429272341309185769138607529477540636558694435655003863293031901796698135471861790199133678684602494405088000496465743608651274989083859961774080.000000000000000000 0 0.000000000000000000
neuron 3 1.000000000000000000 0.000000000000000000 0.000000000000000000 -2448431429272341309185769138607529477540636558694435655003863293031901796698135471861790199133678684602494405088000496465743608651274989083859961774080.000000000000000000 0 0.000000000000000000
neuron 3 1.000000000000000000 0.000000000000000000 0.000000000000000000 -2448431429272341309185769138607529477540636558694435655003863293031901796698135471861790199133678684602494405088000496465743608651274989083859961774080.000000000000000000 0 0.000000000000000000
neuron 3 1.000000000000000000 0.000000000000000000 0.000000000000000000 -2448431429272341309185769138607529477540636558694435655003863293031901796698135471861790199133678684602494405088000496465743608651274989083859961774080.000000000000000000 0 0.000000000000000000
neuron 3 1.000000000000000000 0.000000000000000000 0.000000000000000000 -2448431429272341309185769138607529477540636558694435655003863293031901796698135471861790199133678684602494405088000496465743608651274989083859961774080.000000000000000000 0 0.000000000000000000
neuron 3 1.000000000000000000 0.000000000000000000 0.000000000000000000 -2448431429272341309185769138607529477540636558694435655003863293031901796698135471861790199133678684602494405088000496465743608651274989083859961774080.000000000000000000 0 0.000000000000000000
neuron 3 1.000000000000000000 0.000000000000000000 0.000000000000000000 -2448431429272341309185769138607529477540636558694435655003863293031901796698135471861790199133678684602494405088000496465743608651274989083859961774080.000000000000000000 0 0.000000000000000000
neuron 3 1.000000000000000000 0.000000000000000000 0.000000000000000000 -2448431429272341309185769138607529477540636558694435655003863293031901796698135471861790199133678684602494405088000496465743608651274989083859961774080.000000000000000000 0 0.000000000000000000
connection 0 22 5.533560346654043727 0 0.000000000000000000 -2448431429272341309185769138607529477540636558694435655003863293031901796698135471861790199133678684602494405088000496465743608651274989083859961774080.000000000000000000
connection 0 23 6.812516639977837407 0 0.000000000000000000 -2448431429272341309185769138607529477540636558694435655003863293031901796698135471861790199133678684602494405088000496465743608651274989083859961774080.000000000000000000
connection 0 24 7.019228902583736662 0 0.000000000000000000 -2448431429272341309185769138607529477540636558694435655003863293031901796698135471861790199133678684602494405088000496465743608651274989083859961774080.000000000000000000
connection 0 25 6.408499523388134556 0 0.000000000000000000 -2448431429272341309185769138607529477540636558694435655003863293031901796698135471861790199133678684602494405088000496465743608651274989083859961774080.000000000000000000
connection 1 22 5.071293682271566183 0 0.000000000000000000 -2448431429272341309185769138607529477540636558694435655003863293031901796698135471861790199133678684602494405088000496465743608651274989083859961774080.000000000000000000
connection 1 23 6.570508987202071438 0 0.000000000000000000 -2448431429272341309185769138607529477540636558694435655003863293031901796698135471861790199133678684602494405088000496465743608651274989083859961774080.000000000000000000
connection 1 24 6.906134984443589531 0 0.000000000000000000 -2448431429272341309185769138607529477540636558694435655003863293031901796698135471861790199133678684602494405088000496465743608651274989083859961774080.000000000000000000
connection 1 25 6.211494499190443719 0 0.000000000000000000 -2448431429272341309185769138607529477540636558694435655003863293031901796698135471861790199133678684602494405088000496465743608651274989083859961774080.000000000000000000
connection 2 22 4.542258517012459862 0 0.000000000000000000 -2448431429272341309185769138607529477540636558694435655003863293031901796698135471861790199133678684602494405088000496465743608651274989083859961774080.000000000000000000
connection 2 23 6.282551904110857066 0 0.000000000000000000 -2448431429272341309185769138607529477540636558694435655003863293031901796698135471861790199133678684602494405088000496465743608651274989083859961774080.000000000000000000
connection 2 24 6.776836791623100709 0 0.000000000000000000 -2448431429272341309185769138607529477540636558694435655003863293031901796698135471861790199133678684602494405088000496465743608651274989083859961774080.000000000000000000
connection 2 25 5.986561201235360841 0 0.000000000000000000 -2448431429272341309185769138607529477540636558694435655003863293031901796698135471861790199133678684602494405088000496465743608651274989083859961774080.000000000000000000
connection 3 22 3.945348818165358207 0 0.000000000000000000 -2448431429272341309185769138607529477540636558694435655003863293031901796698135471861790199133678684602494405088000496465743608651274989083859961774080.000000000000000000
connection 3 23 5.942382891218511709 0 0.000000000000000000 -2448431429272341309185769138607529477540636558694435655003863293031901796698135471861790199133678684602494405088000496465743608651274989083859961774080.000000000000000000
connection 3 24 6.628876908671911039 0 0.000000000000000000 -2448431429272341309185769138607529477540636558694435655003863293031901796698135471861790199133678684602494405088000496465743608651274989083859961774080.000000000000000000
connection 3 25 5.730117676699340912 0 0.000000000000000000 -2448431429272341309185769138607529477540636558694435655003863293031901796698135471861790199133678684602494405088000496465743608651274989083859961774080.000000000000000000
connection 4 22 3.282626359632654811 0 0.000000000000000000 -2448431429272341309185769138607529477540636558694435655003863293031901796698135471861790199133678684602494405088000496465743608651274989083859961774080.000000000000000000
connection 4 23 5.544047148929243995 0 0.000000000000000000 -2448431429272341309185769138607529477540636558694435655003863293031901796698135471861790199133678684602494405088000496465743608651274989083859961774080.000000000000000000
connection 4 24 6.459485704216093360 0 0.000000000000000000 -2448431429272341309185769138607529477540636558694435655003863293031901796698135471861790199133678684602494405088000496465743608651274989083859961774080.000000000000000000
connection 4 25 5.438423253869162366 0 0.000000000000000000 -2448431429272341309185769138607529477540636558694435655003863293031901796698135471861790199133678684602494405088000496465743608651274989083859961774080.000000000000000000
connection 5 26 0.446493508419067542 0 0.000000000000000000 -2448431429272341309185769138607529477540636558694435655003863293031901796698135471861790199133678684602494405088000496465743608651274989083859961774080.000000000000000000
connection 5 27 2.058597588940445089 0 0.000000000000000000 -2448431429272341309185769138607529477540636558694435655003863293031901796698135471861790199133678684602494405088000496465743608651274989083859961774080.000000000000000000
connection 5 28 4.320027732059766201 0 0.000000000000000000 -2448431429272341309185769138607529477540636558694435655003863293031901796698135471861790199133678684602494405088000496465743608651274989083859961774080.000000000000000000
connection 5 29 3.028273258450484562 0 0.000000000000000000 -2448431429272341309185769138607529477540636558694435655003863293031901796698135471861790199133678684602494405088000496465743608651274989083859961774080.000000000000000000
connection 5 23 5.082468066279600905 0 0.000000000000000000 -2448431429272341309185769138607529477540636558694435655003863293031901796698135471861790199133678684602494405088000496465743608651274989083859961774080.000000000000000000
connection 5 24 6.265577254040875843 0 0.000000000000000000 -2448431429272341309185769138607529477540636558694435655003863293031901796698135471861790199133678684602494405088000496465743608651274989083859961774080.000000000000000000
connection 5 25 5.107712083009634974 0 0.000000000000000000 -2448431429272341309185769138607529477540636558694435655003863293031901796698135471861790199133678684602494405088000496465743608651274989083859961774080.000000000000000000
connection 6 26 -0.371786037395926028 0 0.000000000000000000 -2448431429272341309185769138607529477540636558694435655003863293031901796698135471861790199133678684602494405088000496465743608651274989083859961774080.000000000000000000
connection 6 27 1.269315185990672168 0 0.000000000000000000 -2448431429272341309185769138607529477540636558694435655003863293031901796698135471861790199133678684602494405088000496465743608651274989083859961774080.000000000000000000
connection 6 28 3.711001069537151142 0 0.000000000000000000 -2448431429272341309185769138607529477540636558694435655003863293031901796698135471861790199133678684602494405088000496465743608651274989083859961774080.000000000000000000
connection 6 29 2.296350874567994360 0 0.000000000000000000 -2448431429272341309185769138607529477540636558694435655003863293031901796698135471861790199133678684602494405088000496465743608651274989083859961774080.000000000000000000
connection 6 23 4.554158916385264710 0 0.000000000000000000 -2448431429272341309185769138607529477540636558694435655003863293031901796698135471861790199133678684602494405088000496465743608651274989083859961774080.000000000000000000
connection 6 24 6.043764213380059758 0 0.000000000000000000 -2448431429272341309185769138607529477540636558694435655003863293031901796698135471861790199133678684602494405088000496465743608651274989083859961774080.000000000000000000
connection 6 25 4.734387750166165532 0 0.000000000000000000 -2448431429272341309185769138607529477540636558694435655003863293031901796698135471861790199133678684602494405088000496465743608651274989083859961774080.000000000000000000
connection 7 26 -1.178013593239135570 0 0.000000000000000000 -2448431429272341309185769138607529477540636558694435655003863293031901796698135471861790199133678684602494405088000496465743608651274989083859961774080.000000000000000000
connection 7 27 0.457411669245016916 0 0.000000000000000000 -2448431429272341309185769138607529477540636558694435655003863293031901796698135471861790199133678684602494405088000496465743608651274989083859961774080.000000000000000000
connection 7 28 3.037358577218903566 0 0.000000000000000000 -2448431429272341309185769138607529477540636558694435655003863293031901796698135471861790199133678684602494405088000496465743608651274989083859961774080.000000000000000000
connection 7 29 1.516388843238290596 0 0.000000000000000000 -2448431429272341309185769138607529477540636558694435655003863293031901796698135471861790199133678684602494405088000496465743608651274989083859961774080.000000000000000000
connection 7 23 3.958020209960418700 0 0.000000000000000000 -2448431429272341309185769138607529477540636558694435655003863293031901796698135471861790199133678684602494405088000496465743608651274989083859961774080.000000000000000000
connection 7 24 5.790400597299913521 0 0.000000000000000000 -2448431429272341309185769138607529477540636558694435655003863293031901796698135471861790199133678684602494405088000496465743608651274989083859961774080.000000000000000000
connection 7 25 4.315287019110792599 0 0.000000000000000000 -2448431429272341309185769138607529477540636558694435655003863293031901796698135471861790199133678684602494405088000496465743608651274989083859961774080.000000000000000000
connection 8 26 -1.955947783331951628 0 0.000000000000000000 -2448431429272341309185769138607529477540636558694435655003863293031901796698135471861790199133678684602494405088000496465743608651274989083859961774080.000000000000000000
connection 8 27 -0.360000191027943395 0 0.000000000000000000 -2448431429272341309185769138607529477540636558694435655003863293031901796698135471861790199133678684602494405088000496465743608651274989083859961774080.000000000000000000
connection 8 28 2.305335188278399894 0 0.000000000000000000 -2448431429272341309185769138607529477540636558694435655003863293031901796698135471861790199133678684602494405088000496465743608651274989083859961774080.000000000000000000
connection 8 29 0.702384557906623797 0 0.000000000000000000 -2448431429272341309185769138607529477540636558694435655003863293031901796698135471861790199133678684602494405088000496465743608651274989083859961774080.000000000000000000
connection 8 23 3.296115867736518101 0 0.000000000000000000 -2448431429272341309185769138607529477540636558694435655003863293031901796698135471861790199133678684602494405088000496465743608651274989083859961774080.000000000000000000
connection 8 24 5.501663323249874615 0 0.000000000000000000 -2448431429272341309185769138607529477540636558694435655003863293031901796698135471861790199133678684602494405088000496465743608651274989083859961774080.000000000000000000
connection 8 25 3.848013727571045539 0 0.000000000000000000 -2448431429272341309185769138607529477540636558694435655003863293031901796698135471861790199133678684602494405088000496465743608651274989083859961774080.000000000000000000
connection 9 26 -2.691798707067445839 0 0.000000000000000000 -2448431429272341309185769138607529477540636558694435655003863293031901796698135471861790199133678684602494405088000496465743608651274989083859961774080.000000000000000000
connection 9 27 -1.165531704062942708 0 0.000000000000000000 -2448431429272341309185769138607529477540636558694435655003863293031901796698135471861790199133678684602494405088000496465743608651274989083859961774080.000000000000000000
connection 9 28 1.525192514965256319 0 0.000000000000000000 -2448431429272341309185769138607529477540636558694435655003863293031901796698135471861790199133678684602494405088000496465743608651274989083859961774080.000000000000000000
connection 9 30 0.468493153595051115 0 0.000000000000000000 -2448431429272341309185769138607529477540636558694435655003863293031901796698135471861790199133678684602494405088000496465743608651274989083859961774080.000000000000000000
connection 9 31 2.076737590906009956 0 0.000000000000000000 -2448431429272341309185769138607529477540636558694435655003863293031901796698135471861790199133678684602494405088000496465743608651274989083859961774080.000000000000000000
connection 9 32 4.337501329671405337 0 0.000000000000000000 -2448431429272341309185769138607529477540636558694435655003863293031901796698135471861790199133678684602494405088000496465743608651274989083859961774080.000000000000000000
connection 9 33 3.046283291859279707 0 0.000000000000000000 -2448431429272341309185769138607529477540636558694435655003863293031901796698135471861790199133678684602494405088000496465743608651274989083859961774080.000000000000000000
connection 9 24 5.173684619935737139 0 0.000000000000000000 -2448431429272341309185769138607529477540636558694435655003863293031901796698135471861790199133678684602494405088000496465743608651274989083859961774080.000000000000000000
connection 9 25 3.331331822097978623 0 0.000000000000000000 -2448431429272341309185769138607529477540636558694435655003863293031901796698135471861790199133678684602494405088000496465743608651274989083859961774080.000000000000000000
connection 10 26 -3.375057765247817976 0 0.000000000000000000 -2448431429272341309185769138607529477540636558694435655003863293031901796698135471861790199133678684602494405088000496465743608651274989083859961774080.000000000000000000
connection 10 27 -1.942985408299175099 0 0.000000000000000000 -2448431429272341309185769138607529477540636558694435655003863293031901796698135471861790199133678684602494405088000496465743608651274989083859961774080.000000000000000000
connection 10 28 0.710943134379204977 0 0.000000000000000000 -2448431429272341309185769138607529477540636558694435655003863293031901796698135471861790199133678684602494405088000496465743608651274989083859961774080.000000000000000000
connection 10 29 -0.958600949597810170 0 0.000000000000000000 -2448431429272341309185769138607529477540636558694435655003863293031901796698135471861790199133678684602494405088000496465743608651274989083859961774080.000000000000000000
connection 10 30 -0.348029267096703510 0 0.000000000000000000 -2448431429272341309185769138607529477540636558694435655003863293031901796698135471861790199133678684602494405088000496465743608651274989083859961774080.000000000000000000
connection 10 31 1.289605383915500836 0 0.000000000000000000 -2448431429272341309185769138607529477540636558694435655003863293031901796698135471861790199133678684602494405088000496465743608651274989083859961774080.000000000000000000
connection 10 32 3.728671390846126421 0 0.000000000000000000 -2448431429272341309185769138607529477540636558694435655003863293031901796698135471861790199133678684602494405088000496465743608651274989083859961774080.000000000000000000
connection 10 33 2.314179619327147996 0 0.000000000000000000 -2448431429272341309185769138607529477540636558694435655003863293031901796698135471861790199133678684602494405088000496465743608651274989083859961774080.000000000000000000
connection 10 24 4.802747153016913018 0 0.000000000000000000 -2448431429272341309185769138607529477540636558694435655003863293031901796698135471861790199133678684602494405088000496465743608651274989083859961774080.000000000000000000
connection 10 25 2.765589322885418699 0 0.000000000000000000 -2448431429272341309185769138607529477540636558694435655003863293031901796698135471861790199133678684602494405088000496465743608651274989083859961774080.000000000000000000
connection 11 26 -3.998835036877203208 0 0.000000000000000000 -2448431429272341309185769138607529477540636558694435655003863293031901796698135471861790199133678684602494405088000496465743608651274989083859961774080.000000000000000000
connection 11 27 -2.678596396915608580 0 0.000000000000000000 -2448431429272341309185769138607529477540636558694435655003863293031901796698135471861790199133678684602494405088000496465743608651274989083859961774080.000000000000000000
connection 11 29 -1.768749227399186497 0 0.000000000000000000 -2448431429272341309185769138607529477540636558694435655003863293031901796698135471861790199133678684602494405088000496465743608651274989083859961774080.000000000000000000
connection 11 30 -1.152847550099100005 0 0.000000000000000000 -2448431429272341309185769138607529477540636558694435655003863293031901796698135471861790199133678684602494405088000496465743608651274989083859961774080.000000000000000000
connection 11 31 0.479741628613151838 0 0.000000000000000000 -2448431429272341309185769138607529477540636558694435655003863293031901796698135471861790199133678684602494405088000496465743608651274989083859961774080.000000000000000000
connection 11 32 3.055053267559360464 0 0.000000000000000000 -2448431429272341309185769138607529477540636558694435655003863293031901796698135471861790199133678684602494405088000496465743608651274989083859961774080.000000000000000000
connection 11 33 1.533881868846984853 0 0.000000000000000000 -2448431429272341309185769138607529477540636558694435655003863293031901796698135471861790199133678684602494405088000496465743608651274989083859961774080.000000000000000000
connection 11 24 4.385550771975689877 0 0.000000000000000000 -2448431429272341309185769138607529477540636558694435655003863293031901796698135471861790199133678684602494405088000496465743608651274989083859961774080.000000000000000000
connection 11 25 2.153124393755513122 0 0.000000000000000000 -2448431429272341309185769138607529477540636558694435655003863293031901796698135471861790199133678684602494405088000496465743608651274989083859961774080.000000000000000000
connection 12 22 -3.010320820588342272 0 0.000000000000000000 -2448431429272341309185769138607529477540636558694435655003863293031901796698135471861790199133678684602494405088000496465743608651274989083859961774080.000000000000000000
connection 12 30 -1.929808846158031166 0 0.000000000000000000 -2448431429272341309185769138607529477540636558694435655003863293031901796698135471861790199133678684602494405088000496465743608651274989083859961774080.000000000000000000
connection 12 31 -0.335869747748679115 0 0.000000000000000000 -2448431429272341309185769138607529477540636558694435655003863293031901796698135471861790199133678684602494405088000496465743608651274989083859961774080.000000000000000000
connection 12 32 2.322890193493264643 0 0.000000000000000000 -2448431429272341309185769138607529477540636558694435655003863293031901796698135471861790199133678684602494405088000496465743608651274989083859961774080.000000000000000000
connection 12 33 0.719416578310896448 0 0.000000000000000000 -2448431429272341309185769138607529477540636558694435655003863293031901796698135471861790199133678684602494405088000496465743608651274989083859961774080.000000000000000000
connection 12 24 3.919552762283547764 0 0.000000000000000000 -2448431429272341309185769138607529477540636558694435655003863293031901796698135471861790199133678684602494405088000496465743608651274989083859961774080.000000000000000000
connection 12 25 1.498585078264860204 0 0.000000000000000000 -2448431429272341309185769138607529477540636558694435655003863293031901796698135471861790199133678684602494405088000496465743608651274989083859961774080.000000000000000000
connection 13 22 -3.686115396599675798 0 0.000000000000000000 -2448431429272341309185769138607529477540636558694435655003863293031901796698135471861790199133678684602494405088000496465743608651274989083859961774080.000000000000000000
connection 13 30 -2.665173462789815595 0 0.000000000000000000 -2448431429272341309185769138607529477540636558694435655003863293031901796698135471861790199133678684602494405088000496465743608651274989083859961774080.000000000000000000
connection 13 31 -1.139957779924420933 0 0.000000000000000000 -2448431429272341309185769138607529477540636558694435655003863293031901796698135471861790199133678684602494405088000496465743608651274989083859961774080.000000000000000000
connection 13 32 1.542463002941253380 0 0.000000000000000000 -2448431429272341309185769138607529477540636558694435655003863293031901796698135471861790199133678684602494405088000496465743608651274989083859961774080.000000000000000000
connection 13 24 3.403371212348783814 0 0.000000000000000000 -2448431429272341309185769138607529477540636558694435655003863293031901796698135471861790199133678684602494405088000496465743608651274989083859961774080.000000000000000000
connection 13 25 0.809082818069079224 0 0.000000000000000000 -2448431429272341309185769138607529477540636558694435655003863293031901796698135471861790199133678684602494405088000496465743608651274989083859961774080.000000000000000000
connection 22 22 -3.905526752352804554 0 0.000000000000000000 -2448431429272341309185769138607529477540636558694435655003863293031901796698135471861790199133678684602494405088000496465743608651274989083859961774080.000000000000000000
connection 22 23 -0.779685665324416632 0 0.000000000000000000 -2448431429272341309185769138607529477540636558694435655003863293031901796698135471861790199133678684602494405088000496465743608651274989083859961774080.000000000000000000
connection 22 24 2.449118195332711245 0 0.000000000000000000 -2448431429272341309185769138607529477540636558694435655003863293031901796698135471861790199133678684602494405088000496465743608651274989083859961774080.000000000000000000
connection 22 25 -1.162047607192102650 0 0.000000000000000000 -2448431429272341309185769138607529477540636558694435655003863293031901796698135471861790199133678684602494405088000496465743608651274989083859961774080.000000000000000000
connection 23 22 -3.898355088035388771 0 0.000000000000000000 -2448431429272341309185769138607529477540636558694435655003863293031901796698135471861790199133678684602494405088000496465743608651274989083859961774080.000000000000000000
connection 23 23 -1.646419357000720396 0 0.000000000000000000 -2448431429272341309185769138607529477540636558694435655003863293031901796698135471861790199133678684602494405088000496465743608651274989083859961774080.000000000000000000
connection 23 24 1.655385571660124455 0 0.000000000000000000 -2448431429272341309185769138607529477540636558694435655003863293031901796698135471861790199133678684602494405088000496465743608651274989083859961774080.000000000000000000
connection 23 25 -1.351986572192108715 0 0.000000000000000000 -2448431429272341309185769138607529477540636558694435655003863293031901796698135471861790199133678684602494405088000496465743608651274989083859961774080.000000000000000000
connection 24 22 -6.345649010743382945 0 0.000000000000000000 -2448431429272341309185769138607529477540636558694435655003863293031901796698135471861790199133678684602494405088000496465743608651274989083859961774080.000000000000000000
connection 24 23 -5.624696543221544331 0 0.000000000000000000 -2448431429272341309185769138607529477540636558694435655003863293031901796698135471861790199133678684602494405088000496465743608651274989083859961774080.000000000000000000
connection 24 24 -3.468212116848225612 0 0.000000000000000000 -2448431429272341309185769138607529477540636558694435655003863293031901796698135471861790199133678684602494405088000496465743608651274989083859961774080.000000000000000000
connection 24 25 -5.018577013854540247 0 0.000000000000000000 -2448431429272341309185769138607529477540636558694435655003863293031901796698135471861790199133678684602494405088000496465743608651274989083859961774080.000000000000000000
connection 28 22 -4.769785953727068595 0 0.000000000000000000 -2448431429272341309185769138607529477540636558694435655003863293031901796698135471861790199133678684602494405088000496465743608651274989083859961774080.000000000000000000
connection 28 23 -2.291966732573569754 0 0.000000000000000000 -2448431429272341309185769138607529477540636558694435655003863293031901796698135471861790199133678684602494405088000496465743608651274989083859961774080.000000000000000000
connection 28 24 0.987247784926470695 0 0.000000000000000000 -2448431429272341309185769138607529477540636558694435655003863293031901796698135471861790199133678684602494405088000496465743608651274989083859961774080.000000000000000000
connection 28 25 -2.413514090602841389 0 0.000000000000000000 -2448431429272341309185769138607529477540636558694435655003863293031901796698135471861790199133678684602494405088000496465743608651274989083859961774080.000000000000000000
connection 25 22 -6.475050736217683678 0 0.000000000000000000 -2448431429272341309185769138607529477540636558694435655003863293031901796698135471861790199133678684602494405088000496465743608651274989083859961774080.000000000000000000
connection 25 23 -5.200247970315679424 0 0.000000000000000000 -2448431429272341309185769138607529477540636558694435655003863293031901796698135471861790199133678684602494405088000496465743608651274989083859961774080.000000000000000000
connection 25 24 -2.732859108078484311 0 0.000000000000000000 -2448431429272341309185769138607529477540636558694435655003863293031901796698135471861790199133678684602494405088000496465743608651274989083859961774080.000000000000000000
connection 25 25 -5.121095493886604011 0 0.000000000000000000 -2448431429272341309185769138607529477540636558694435655003863293031901796698135471861790199133678684602494405088000496465743608651274989083859961774080.000000000000000000
connection 26 22 -2.821000368938625158 0 0.000000000000000000 -2448431429272341309185769138607529477540636558694435655003863293031901796698135471861790199133678684602494405088000496465743608651274989083859961774080.000000000000000000
connection 26 23 0.752751496787163243 0 0.000000000000000000 -2448431429272341309185769138607529477540636558694435655003863293031901796698135471861790199133678684602494405088000496465743608651274989083859961774080.000000000000000000
connection 26 24 3.691282996796418914 0 0.000000000000000000 -2448431429272341309185769138607529477540636558694435655003863293031901796698135471861790199133678684602494405088000496465743608651274989083859961774080.000000000000000000
connection 26 25 0.237985349267452656 0 0.000000000000000000 -2448431429272341309185769138607529477540636558694435655003863293031901796698135471861790199133678684602494405088000496465743608651274989083859961774080.000000000000000000
connection 29 22 -4.728283165155920287 0 0.000000000000000000 -2448431429272341309185769138607529477540636558694435655003863293031901796698135471861790199133678684602494405088000496465743608651274989083859961774080.000000000000000000
connection 29 23 -1.880512752061624493 0 0.000000000000000000 -2448431429272341309185769138607529477540636558694435655003863293031901796698135471861790199133678684602494405088000496465743608651274989083859961774080.000000000000000000
connection 29 24 1.375936417710847959 0 0.000000000000000000 -2448431429272341309185769138607529477540636558694435655003863293031901796698135471861790199133678684602494405088000496465743608651274989083859961774080.000000000000000000
connection 29 25 -2.261806754838915801 0 0.000000000000000000 -2448431429272341309185769138607529477540636558694435655003863293031901796698135471861790199133678684602494405088000496465743608651274989083859961774080.000000000000000000
connection 31 22 -2.929362365242288213 0 0.000000000000000000 -2448431429272341309185769138607529477540636558694435655003863293031901796698135471861790199133678684602494405088000496465743608651274989083859961774080.000000000000000000
connection 31 23 -0.535412413004885956 0 0.000000000000000000 -2448431429272341309185769138607529477540636558694435655003863293031901796698135471861790199133678684602494405088000496465743608651274989083859961774080.000000000000000000
connection 31 24 2.701107327787219958 0 0.000000000000000000 -2448431429272341309185769138607529477540636558694435655003863293031901796698135471861790199133678684602494405088000496465743608651274989083859961774080.000000000000000000
connection 32 22 -4.631127919967398476 0 0.000000000000000000 -2448431429272341309185769138607529477540636558694435655003863293031901796698135471861790199133678684602494405088000496465743608651274989083859961774080.000000000000000000
connection 32 23 -3.050051297275702122 0 0.000000000000000000 -2448431429272341309185769138607529477540636558694435655003863293031901796698135471861790199133678684602494405088000496465743608651274989083859961774080.000000000000000000
connection 32 25 -2.402369781097538404 0 0.000000000000000000 -2448431429272341309185769138607529477540636558694435655003863293031901796698135471861790199133678684602494405088000496465743608651274989083859961774080.000000000000000000
connection 27 22 -2.956871998289438253 0 0.000000000000000000 -2448431429272341309185769138607529477540636558694435655003863293031901796698135471861790199133678684602494405088000496465743608651274989083859961774080.000000000000000000
connection 27 23 0.351326100012208042 0 0.000000000000000000 -2448431429272341309185769138607529477540636558694435655003863293031901796698135471861790199133678684602494405088000496465743608651274989083859961774080.000000000000000000
connection 27 24 3.432391964489442948 0 0.000000000000000000 -2448431429272341309185769138607529477540636558694435655003863293031901796698135471861790199133678684602494405088000496465743608651274989083859961774080.000000000000000000
connection 30 22 -2.992502007823307331 0 0.000000000000000000 -2448431429272341309185769138607529477540636558694435655003863293031901796698135471861790199133678684602494405088000496465743608651274989083859961774080.000000000000000000
connection 30 24 3.090133438805107602 0 0.000000000000000000 -2448431429272341309185769138607529477540636558694435655003863293031901796698135471861790199133678684602494405088000496465743608651274989083859961774080.000000000000000000
connection 33 22 -4.736767798741309043 0 0.000000000000000000 -2448431429272341309185769138607529477540636558694435655003863293031901796698135471861790199133678684602494405088000496465743608651274989083859961774080.000000000000000000
connection 33 23 -2.694486385411634544 0 0.000000000000000000 -2448431429272341309185769138607529477540636558694435655003863293031901796698135471861790199133678684602494405088000496465743608651274989083859961774080.000000000000000000
connection 33 24 0.547077110209393536 0 0.000000000000000000 -2448431429272341309185769138607529477540636558694435655003863293031901796698135471861790199133678684602494405088000496465743608651274989083859961774080.000000000000000000
connection 33 25 -2.460032544081130368 0 0.000000000000000000 -2448431429272341309185769138607529477540636558694435655003863293031901796698135471861790199133678684602494405088000496465743608651274989083859961774080.000000000000000000
connection 22 14 -0.715719355164453952 0 0.000000000000000000 -2448431429272341309185769138607529477540636558694435655003863293031901796698135471861790199133678684602494405088000496465743608651274989083859961774080.000000000000000000
connection 24 14 -5.501667159639685778 0 0.000000000000000000 -2448431429272341309185769138607529477540636558694435655003863293031901796698135471861790199133678684602494405088000496465743608651274989083859961774080.000000000000000000
connection 24 15 -4.953591968841124960 0 0.000000000000000000 -2448431429272341309185769138607529477540636558694435655003863293031901796698135471861790199133678684602494405088000496465743608651274989083859961774080.000000000000000000
connection 22 16 1.033426090699270272 0 0.000000000000000000 -2448431429272341309185769138607529477540636558694435655003863293031901796698135471861790199133678684602494405088000496465743608651274989083859961774080.000000000000000000
connection 23 16 0.548849623858070901 0 0.000000000000000000 -2448431429272341309185769138607529477540636558694435655003863293031901796698135471861790199133678684602494405088000496465743608651274989083859961774080.000000000000000000
connection 24 16 -4.318034275402468758 0 0.000000000000000000 -2448431429272341309185769138607529477540636558694435655003863293031901796698135471861790199133678684602494405088000496465743608651274989083859961774080.000000000000000000
connection 25 16 -3.710143463485910953 0 0.000000000000000000 -2448431429272341309185769138607529477540636558694435655003863293031901796698135471861790199133678684602494405088000496465743608651274989083859961774080.000000000000000000
connection 25 18 -2.123542915748659610 0 0.000000000000000000 -2448431429272341309185769138607529477540636558694435655003863293031901796698135471861790199133678684602494405088000496465743608651274989083859961774080.000000000000000000
connection 23 19 3.154088900454929956 0 0.000000000000000000 -2448431429272341309185769138607529477540636558694435655003863293031901796698135471861790199133678684602494405088000496465743608651274989083859961774080.000000000000000000
connection 25 19 -1.257380456593938600 0 0.000000000000000000 -2448431429272341309185769138607529477540636558694435655003863293031901796698135471861790199133678684602494405088000496465743608651274989083859961774080.000000000000000000
connection 25 20 -0.369513870265364530 0 0.000000000000000000 -2448431429272341309185769138607529477540636558694435655003863293031901796698135471861790199133678684602494405088000496465743608651274989083859961774080.000000000000000000
NNend

