NNstart
14 8
neuron 1 1.000000000000000000 0.000000000000000000 0.000000000000000000 -0.000000000000000000 11 0.000000000000000000
neuron 1 1.000000000000000000 0.000000000000000000 0.000000000000000000 -0.000000000000000000 11 0.000000000000000000
neuron 1 1.000000000000000000 0.000000000000000000 0.000000000000000000 -0.000000000000000000 11 0.000000000000000000
neuron 1 1.000000000000000000 0.000000000000000000 0.000000000000000000 -0.000000000000000000 11 0.000000000000000000
neuron 1 1.000000000000000000 0.000000000000000000 0.000000000000000000 -0.000000000000000000 11 0.000000000000000000
neuron 1 1.000000000000000000 0.000000000000000000 0.000000000000000000 -0.000000000000000000 11 0.000000000000000000
neuron 1 1.000000000000000000 0.000000000000000000 0.000000000000000000 -0.000000000000000000 11 0.000000000000000000
neuron 1 1.000000000000000000 0.000000000000000000 0.000000000000000000 -0.000000000000000000 11 0.000000000000000000
neuron 1 1.000000000000000000 0.000000000000000000 0.000000000000000000 -0.000000000000000000 11 0.000000000000000000
neuron 1 1.000000000000000000 0.000000000000000000 0.000000000000000000 -0.000000000000000000 11 0.000000000000000000
neuron 1 1.000000000000000000 0.000000000000000000 0.000000000000000000 -0.000000000000000000 11 0.000000000000000000
neuron 1 1.000000000000000000 0.000000000000000000 0.000000000000000000 -0.000000000000000000 11 0.000000000000000000
neuron 1 1.000000000000000000 0.000000000000000000 0.000000000000000000 -0.000000000000000000 11 0.000000000000000000
neuron 2 1.000000000000000000 0.000000000000000000 0.000000000000000000 0.000000000000000000 11 0.000000000000000000
neuron 4 1.000000000000000000 0.000000000000000000 0.000000000000000000 -0.000000000000000000 1 0.000000000000000000
neuron 4 1.000000000000000000 0.000000000000000000 0.000000000000000000 -0.000000000000000000 1 0.000000000000000000
neuron 4 1.000000000000000000 0.000000000000000000 0.000000000000000000 -0.000000000000000000 1 0.000000000000000000
neuron 4 1.000000000000000000 0.000000000000000000 0.000000000000000000 -0.000000000000000000 1 0.000000000000000000
neuron 4 1.000000000000000000 0.000000000000000000 0.000000000000000000 -0.000000000000000000 1 0.000000000000000000
neuron 4 1.000000000000000000 0.000000000000000000 0.000000000000000000 -0.000000000000000000 1 0.000000000000000000
neuron 4 1.000000000000000000 0.000000000000000000 0.000000000000000000 -0.000000000000000000 1 0.000000000000000000
neuron 4 1.000000000000000000 0.000000000000000000 0.000000000000000000 -0.000000000000000000 1 0.000000000000000000
neuron 3 1.000000000000000000 0.000000000000000000 0.000000000000000000 -0.000000000000000000 0 0.000000000000000000
neuron 3 1.000000000000000000 0.000000000000000000 0.000000000000000000 -0.000000000000000000 0 0.000000000000000000
neuron 3 1.000000000000000000 0.000000000000000000 0.000000000000000000 -0.000000000000000000 0 0.000000000000000000
neuron 3 1.000000000000000000 0.000000000000000000 0.000000000000000000 -0.000000000000000000 0 0.000000000000000000
neuron 3 1.000000000000000000 0.000000000000000000 0.000000000000000000 -0.000000000000000000 0 0.000000000000000000
neuron 3 1.000000000000000000 0.000000000000000000 0.000000000000000000 -0.000000000000000000 0 0.000000000000000000
neuron 3 1.000000000000000000 0.000000000000000000 0.000000000000000000 -0.000000000000000000 0 0.000000000000000000
neuron 3 1.000000000000000000 0.000000000000000000 0.000000000000000000 -0.000000000000000000 0 0.000000000000000000
connection 0 22 4.767410678938265534 0 0.000000000000000000 -0.000000000000000000
connection 0 23 4.767410678938265534 0 0.000000000000000000 -0.000000000000000000
connection 0 24 0.548285048569321920 0 0.000000000000000000 -0.000000000000000000
connection 0 25 0.548285048569321920 0 0.000000000000000000 -0.000000000000000000
connection 0 26 0.548285048569321920 0 0.000000000000000000 -0.000000000000000000
connection 0 27 0.548285048569321920 0 0.000000000000000000 -0.000000000000000000
connection 1 22 4.845197938210703548 0 0.000000000000000000 -0.000000000000000000
connection 1 23 4.845197938210703548 0 0.000000000000000000 -0.000000000000000000
connection 1 24 0.465838285020666487 0 0.000000000000000000 -0.000000000000000000
connection 1 25 0.465838285020666487 0 0.000000000000000000 -0.000000000000000000
connection 1 26 0.465838285020666487 0 0.000000000000000000 -0.000000000000000000
connection 1 27 0.465838285020666487 0 0.000000000000000000 -0.000000000000000000
connection 2 22 4.917626719721946316 0 0.000000000000000000 -0.000000000000000000
connection 2 23 4.917626719721946316 0 0.000000000000000000 -0.000000000000000000
connection 2 24 0.384062049855129373 0 0.000000000000000000 -0.000000000000000000
connection 2 25 0.384062049855129373 0 0.000000000000000000 -0.000000000000000000
connection 2 26 0.384062049855129373 0 0.000000000000000000 -0.000000000000000000
connection 2 27 0.384062049855129373 0 0.000000000000000000 -0.000000000000000000
connection 3 22 4.984576885503473775 0 0.000000000000000000 -0.000000000000000000
connection 3 23 4.984576885503473775 0 0.000000000000000000 -0.000000000000000000
connection 3 24 0.303013908940598875 0 0.000000000000000000 -0.000000000000000000
connection 3 25 0.303013908940598875 0 0.000000000000000000 -0.000000000000000000
connection 3 26 0.303013908940598875 0 0.000000000000000000 -0.000000000000000000
connection 3 27 0.303013908940598875 0 0.000000000000000000 -0.000000000000000000
connection 4 22 5.045937113827402953 0 0.000000000000000000 -0.000000000000000000
connection 4 23 5.045937113827402953 0 0.000000000000000000 -0.000000000000000000
connection 4 24 0.222746340439844981 0 0.000000000000000000 -0.000000000000000000
connection 4 25 0.222746340439844981 0 0.000000000000000000 -0.000000000000000000
connection 4 26 0.222746340439844981 0 0.000000000000000000 -0.000000000000000000
connection 4 27 0.222746340439844981 0 0.000000000000000000 -0.000000000000000000
connection 5 22 5.101605210477297092 0 0.000000000000000000 -0.000000000000000000
connection 5 23 5.101605210477297092 0 0.000000000000000000 -0.000000000000000000
connection 6 22 5.151488394995751285 0 0.000000000000000000 -0.000000000000000000
connection 6 23 5.151488394995751285 0 0.000000000000000000 -0.000000000000000000
connection 7 22 5.195503560776906227 0 0.000000000000000000 -0.000000000000000000
connection 7 23 5.195503560776906227 0 0.000000000000000000 -0.000000000000000000
connection 8 22 5.233577507974504606 0 0.000000000000000000 -0.000000000000000000
connection 8 23 5.233577507974504606 0 0.000000000000000000 -0.000000000000000000
connection 9 22 5.265647148303776781 0 0.000000000000000000 -0.000000000000000000
connection 9 23 5.265647148303776781 0 0.000000000000000000 -0.000000000000000000
connection 10 22 5.291659680927867981 0 0.000000000000000000 -0.000000000000000000
connection 10 23 5.291659680927867981 0 0.000000000000000000 -0.000000000000000000
connection 10 24 -0.240157919523038998 0 0.000000000000000000 -0.000000000000000000
connection 10 25 -0.240157919523038998 0 0.000000000000000000 -0.000000000000000000
connection 10 26 -0.240157919523038998 0 0.000000000000000000 -0.000000000000000000
connection 10 27 -0.240157919523038998 0 0.000000000000000000 -0.000000000000000000
connection 11 22 5.311572738736100696 0 0.000000000000000000 -0.000000000000000000
connection 11 23 5.311572738736100696 0 0.000000000000000000 -0.000000000000000000
connection 11 24 -0.313908634294920663 0 0.000000000000000000 -0.000000000000000000
connection 11 25 -0.313908634294920663 0 0.000000000000000000 -0.000000000000000000
connection 11 26 -0.313908634294920663 0 0.000000000000000000 -0.000000000000000000
connection 11 27 -0.313908634294920663 0 0.000000000000000000 -0.000000000000000000
connection 12 22 5.325354504441463632 0 0.000000000000000000 -0.000000000000000000
connection 12 23 5.325354504441463632 0 0.000000000000000000 -0.000000000000000000
connection 12 24 -0.386634819381495243 0 0.000000000000000000 -0.000000000000000000
connection 12 25 -0.386634819381495243 0 0.000000000000000000 -0.000000000000000000
connection 12 26 -0.386634819381495243 0 0.000000000000000000 -0.000000000000000000
connection 12 27 -0.386634819381495243 0 0.000000000000000000 -0.000000000000000000
connection 13 22 5.332983796047735758 0 0.000000000000000000 -0.000000000000000000
connection 13 23 5.332983796047735758 0 0.000000000000000000 -0.000000000000000000
connection 13 24 -0.458326390186015953 0 0.000000000000000000 -0.000000000000000000
connection 13 25 -0.458326390186015953 0 0.000000000000000000 -0.000000000000000000
connection 13 26 -0.458326390186015953 0 0.000000000000000000 -0.000000000000000000
connection 13 27 -0.458326390186015953 0 0.000000000000000000 -0.000000000000000000
connection 22 22 -0.484776940941762380 0 0.000000000000000000 -0.000000000000000000
connection 22 23 -1.890615370148941876 0 0.000000000000000000 -0.000000000000000000
connection 22 28 -1.890615370148941876 0 0.000000000000000000 -0.000000000000000000
connection 22 29 -0.484776940941762380 0 0.000000000000000000 -0.000000000000000000
connection 25 22 -0.602679263580002011 0 0.000000000000000000 -0.000000000000000000
connection 25 23 -2.015645097413127473 0 0.000000000000000000 -0.000000000000000000
connection 25 28 -2.015645097413127473 0 0.000000000000000000 -0.000000000000000000
connection 25 29 -0.602679263580002011 0 0.000000000000000000 -0.000000000000000000
connection 23 22 -1.255282337485670308 0 0.000000000000000000 -0.000000000000000000
connection 23 23 -2.456236464186805080 0 0.000000000000000000 -0.000000000000000000
connection 23 28 -2.456236464186805080 0 0.000000000000000000 -0.000000000000000000
connection 23 29 -1.255282337485670308 0 0.000000000000000000 -0.000000000000000000
connection 24 22 -0.306638394567991301 0 0.000000000000000000 -0.000000000000000000
connection 24 23 -1.689929169034120715 0 0.000000000000000000 -0.000000000000000000
connection 24 28 -1.689929169034120715 0 0.000000000000000000 -0.000000000000000000
connection 24 29 -0.306638394567991301 0 0.000000000000000000 -0.000000000000000000
connection 26 23 -1.685227494043713303 0 0.000000000000000000 -0.000000000000000000
connection 26 28 -1.685227494043713303 0 0.000000000000000000 -0.000000000000000000
connection 27 22 0.855753869601209471 0 0.000000000000000000 -0.000000000000000000
connection 27 23 -0.638038991027577884 0 0.000000000000000000 -0.000000000000000000
connection 27 28 -0.638038991027577884 0 0.000000000000000000 -0.000000000000000000
connection 27 29 0.855753869601209471 0 0.000000000000000000 -0.000000000000000000
connection 22 14 -2.486446135125716772 0 0.000000000000000000 -0.000000000000000000
connection 23 14 -2.955713821184125845 0 0.000000000000000000 -0.000000000000000000
connection 28 14 -2.618292712259867372 0 0.000000000000000000 -0.000000000000000000
connection 29 14 -2.053172147822003524 0 0.000000000000000000 -0.000000000000000000
connection 22 15 -2.486446135125716772 0 0.000000000000000000 -0.000000000000000000
connection 23 15 -2.955713821184125845 0 0.000000000000000000 -0.000000000000000000
connection 28 15 -2.618292712259867372 0 0.000000000000000000 -0.000000000000000000
connection 29 15 -2.053172147822003524 0 0.000000000000000000 -0.000000000000000000
connection 22 16 -2.486446135125716772 0 0.000000000000000000 -0.000000000000000000
connection 23 16 -2.955713821184125845 0 0.000000000000000000 -0.000000000000000000
connection 28 16 -2.618292712259867372 0 0.000000000000000000 -0.000000000000000000
connection 29 16 -2.053172147822003524 0 0.000000000000000000 -0.000000000000000000
connection 22 17 -2.486446135125716772 0 0.000000000000000000 -0.000000000000000000
connection 23 17 -2.955713821184125845 0 0.000000000000000000 -0.000000000000000000
connection 28 17 -2.618292712259867372 0 0.000000000000000000 -0.000000000000000000
connection 29 17 -2.053172147822003524 0 0.000000000000000000 -0.000000000000000000
connection 22 18 -2.486446135125716772 0 0.000000000000000000 -0.000000000000000000
connection 23 18 -2.955713821184125845 0 0.000000000000000000 -0.000000000000000000
connection 28 18 -2.618292712259867372 0 0.000000000000000000 -0.000000000000000000
connection 29 18 -2.053172147822003524 0 0.000000000000000000 -0.000000000000000000
connection 22 19 -2.486446135125716772 0 0.000000000000000000 -0.000000000000000000
connection 23 19 -2.955713821184125845 0 0.000000000000000000 -0.000000000000000000
connection 28 19 -2.618292712259867372 0 0.000000000000000000 -0.000000000000000000
connection 29 19 -2.053172147822003524 0 0.000000000000000000 -0.000000000000000000
connection 22 20 -2.486446135125716772 0 0.000000000000000000 -0.000000000000000000
connection 23 20 -2.955713821184125845 0 0.000000000000000000 -0.000000000000000000
connection 28 20 -2.618292712259867372 0 0.000000000000000000 -0.000000000000000000
connection 29 20 -2.053172147822003524 0 0.000000000000000000 -0.000000000000000000
connection 22 21 -2.486446135125716772 0 0.000000000000000000 -0.000000000000000000
connection 23 21 -2.955713821184125845 0 0.000000000000000000 -0.000000000000000000
connection 28 21 -2.618292712259867372 0 0.000000000000000000 -0.000000000000000000
connection 29 21 -2.053172147822003524 0 0.000000000000000000 -0.000000000000000000
NNend

