NNstart
12 2
neuron 1 1.000000000000000000 0.000000000000000000 0.000000000000000000 -1018995726166198435357253809566807990330326868723401613556577805759074471740362730473807134714844390452398594306008841530850998124739887444943654639888310485343187997223744616514052836214810270175755558644088832.000000000000000000 11 0.000000000000000000
neuron 1 1.000000000000000000 0.000000000000000000 0.000000000000000000 -1018995726166198435357253809566807990330326868723401613556577805759074471740362730473807134714844390452398594306008841530850998124739887444943654639888310485343187997223744616514052836214810270175755558644088832.000000000000000000 11 0.000000000000000000
neuron 1 1.000000000000000000 0.000000000000000000 0.000000000000000000 -1018995726166198435357253809566807990330326868723401613556577805759074471740362730473807134714844390452398594306008841530850998124739887444943654639888310485343187997223744616514052836214810270175755558644088832.000000000000000000 11 0.000000000000000000
neuron 1 1.000000000000000000 0.000000000000000000 0.000000000000000000 -1018995726166198435357253809566807990330326868723401613556577805759074471740362730473807134714844390452398594306008841530850998124739887444943654639888310485343187997223744616514052836214810270175755558644088832.000000000000000000 11 0.000000000000000000
neuron 1 1.000000000000000000 0.000000000000000000 0.000000000000000000 -1018995726166198435357253809566807990330326868723401613556577805759074471740362730473807134714844390452398594306008841530850998124739887444943654639888310485343187997223744616514052836214810270175755558644088832.000000000000000000 11 0.000000000000000000
neuron 1 1.000000000000000000 0.000000000000000000 0.000000000000000000 -1018995726166198435357253809566807990330326868723401613556577805759074471740362730473807134714844390452398594306008841530850998124739887444943654639888310485343187997223744616514052836214810270175755558644088832.000000000000000000 11 0.000000000000000000
neuron 1 1.000000000000000000 0.000000000000000000 0.000000000000000000 -1018995726166198435357253809566807990330326868723401613556577805759074471740362730473807134714844390452398594306008841530850998124739887444943654639888310485343187997223744616514052836214810270175755558644088832.000000000000000000 11 0.000000000000000000
neuron 1 1.000000000000000000 0.000000000000000000 0.000000000000000000 -1018995726166198435357253809566807990330326868723401613556577805759074471740362730473807134714844390452398594306008841530850998124739887444943654639888310485343187997223744616514052836214810270175755558644088832.000000000000000000 11 0.000000000000000000
neuron 1 1.000000000000000000 0.000000000000000000 0.000000000000000000 -1018995726166198435357253809566807990330326868723401613556577805759074471740362730473807134714844390452398594306008841530850998124739887444943654639888310485343187997223744616514052836214810270175755558644088832.000000000000000000 11 0.000000000000000000
neuron 1 1.000000000000000000 0.000000000000000000 0.000000000000000000 -1018995726166198435357253809566807990330326868723401613556577805759074471740362730473807134714844390452398594306008841530850998124739887444943654639888310485343187997223744616514052836214810270175755558644088832.000000000000000000 11 0.000000000000000000
neuron 1 1.000000000000000000 0.000000000000000000 0.000000000000000000 -1018995726166198435357253809566807990330326868723401613556577805759074471740362730473807134714844390452398594306008841530850998124739887444943654639888310485343187997223744616514052836214810270175755558644088832.000000000000000000 11 0.000000000000000000
neuron 2 1.000000000000000000 0.000000000000000000 0.000000000000000000 0.000000000000000000 11 0.000000000000000000
neuron 4 1.000000000000000000 0.000000000000000000 0.000000000000000000 -1018995726166198435357253809566807990330326868723401613556577805759074471740362730473807134714844390452398594306008841530850998124739887444943654639888310485343187997223744616514052836214810270175755558644088832.000000000000000000 1 0.000000000000000000
neuron 4 1.000000000000000000 0.000000000000000000 0.000000000000000000 -1018995726166198435357253809566807990330326868723401613556577805759074471740362730473807134714844390452398594306008841530850998124739887444943654639888310485343187997223744616514052836214810270175755558644088832.000000000000000000 1 0.000000000000000000
neuron 3 1.000000000000000000 0.000000000000000000 0.000000000000000000 -1018995726166198435357253809566807990330326868723401613556577805759074471740362730473807134714844390452398594306008841530850998124739887444943654639888310485343187997223744616514052836214810270175755558644088832.000000000000000000 0 0.000000000000000000
neuron 3 1.000000000000000000 0.000000000000000000 0.000000000000000000 -1018995726166198435357253809566807990330326868723401613556577805759074471740362730473807134714844390452398594306008841530850998124739887444943654639888310485343187997223744616514052836214810270175755558644088832.000000000000000000 0 0.000000000000000000
neuron 3 1.000000000000000000 0.000000000000000000 0.000000000000000000 -1018995726166198435357253809566807990330326868723401613556577805759074471740362730473807134714844390452398594306008841530850998124739887444943654639888310485343187997223744616514052836214810270175755558644088832.000000000000000000 0 0.000000000000000000
neuron 3 1.000000000000000000 0.000000000000000000 0.000000000000000000 -1018995726166198435357253809566807990330326868723401613556577805759074471740362730473807134714844390452398594306008841530850998124739887444943654639888310485343187997223744616514052836214810270175755558644088832.000000000000000000 0 0.000000000000000000
neuron 3 1.000000000000000000 0.000000000000000000 0.000000000000000000 -1018995726166198435357253809566807990330326868723401613556577805759074471740362730473807134714844390452398594306008841530850998124739887444943654639888310485343187997223744616514052836214810270175755558644088832.000000000000000000 0 0.000000000000000000
neuron 3 1.000000000000000000 0.000000000000000000 0.000000000000000000 -1018995726166198435357253809566807990330326868723401613556577805759074471740362730473807134714844390452398594306008841530850998124739887444943654639888310485343187997223744616514052836214810270175755558644088832.000000000000000000 0 0.000000000000000000
neuron 3 1.000000000000000000 0.000000000000000000 0.000000000000000000 -1018995726166198435357253809566807990330326868723401613556577805759074471740362730473807134714844390452398594306008841530850998124739887444943654639888310485343187997223744616514052836214810270175755558644088832.000000000000000000 0 0.000000000000000000
neuron 3 1.000000000000000000 0.000000000000000000 0.000000000000000000 -1018995726166198435357253809566807990330326868723401613556577805759074471740362730473807134714844390452398594306008841530850998124739887444943654639888310485343187997223744616514052836214810270175755558644088832.000000000000000000 0 0.000000000000000000
neuron 3 1.000000000000000000 0.000000000000000000 0.000000000000000000 -1018995726166198435357253809566807990330326868723401613556577805759074471740362730473807134714844390452398594306008841530850998124739887444943654639888310485343187997223744616514052836214810270175755558644088832.000000000000000000 0 0.000000000000000000
connection 0 14 -6.721800079948355489 0 0.000000000000000000 -1018995726166198435357253809566807990330326868723401613556577805759074471740362730473807134714844390452398594306008841530850998124739887444943654639888310485343187997223744616514052836214810270175755558644088832.000000000000000000
connection 0 15 -6.721800079948355489 0 0.000000000000000000 -1018995726166198435357253809566807990330326868723401613556577805759074471740362730473807134714844390452398594306008841530850998124739887444943654639888310485343187997223744616514052836214810270175755558644088832.000000000000000000
connection 0 16 -6.721800079948355489 0 0.000000000000000000 -1018995726166198435357253809566807990330326868723401613556577805759074471740362730473807134714844390452398594306008841530850998124739887444943654639888310485343187997223744616514052836214810270175755558644088832.000000000000000000
connection 0 17 -6.721800079948355489 0 0.000000000000000000 -1018995726166198435357253809566807990330326868723401613556577805759074471740362730473807134714844390452398594306008841530850998124739887444943654639888310485343187997223744616514052836214810270175755558644088832.000000000000000000
connection 0 18 -6.721800079948355489 0 0.000000000000000000 -1018995726166198435357253809566807990330326868723401613556577805759074471740362730473807134714844390452398594306008841530850998124739887444943654639888310485343187997223744616514052836214810270175755558644088832.000000000000000000
connection 0 19 -6.721800079948355489 0 0.000000000000000000 -1018995726166198435357253809566807990330326868723401613556577805759074471740362730473807134714844390452398594306008841530850998124739887444943654639888310485343187997223744616514052836214810270175755558644088832.000000000000000000
connection 0 20 -6.721800079948355489 0 0.000000000000000000 -1018995726166198435357253809566807990330326868723401613556577805759074471740362730473807134714844390452398594306008841530850998124739887444943654639888310485343187997223744616514052836214810270175755558644088832.000000000000000000
connection 0 21 -6.721800079948355489 0 0.000000000000000000 -1018995726166198435357253809566807990330326868723401613556577805759074471740362730473807134714844390452398594306008841530850998124739887444943654639888310485343187997223744616514052836214810270175755558644088832.000000000000000000
connection 1 14 -6.721800079948355489 0 0.000000000000000000 -1018995726166198435357253809566807990330326868723401613556577805759074471740362730473807134714844390452398594306008841530850998124739887444943654639888310485343187997223744616514052836214810270175755558644088832.000000000000000000
connection 1 15 -6.721800079948355489 0 0.000000000000000000 -1018995726166198435357253809566807990330326868723401613556577805759074471740362730473807134714844390452398594306008841530850998124739887444943654639888310485343187997223744616514052836214810270175755558644088832.000000000000000000
connection 1 16 -6.721800079948355489 0 0.000000000000000000 -1018995726166198435357253809566807990330326868723401613556577805759074471740362730473807134714844390452398594306008841530850998124739887444943654639888310485343187997223744616514052836214810270175755558644088832.000000000000000000
connection 1 17 -6.721800079948355489 0 0.000000000000000000 -1018995726166198435357253809566807990330326868723401613556577805759074471740362730473807134714844390452398594306008841530850998124739887444943654639888310485343187997223744616514052836214810270175755558644088832.000000000000000000
connection 1 18 -6.721800079948355489 0 0.000000000000000000 -1018995726166198435357253809566807990330326868723401613556577805759074471740362730473807134714844390452398594306008841530850998124739887444943654639888310485343187997223744616514052836214810270175755558644088832.000000000000000000
connection 1 19 -6.721800079948355489 0 0.000000000000000000 -1018995726166198435357253809566807990330326868723401613556577805759074471740362730473807134714844390452398594306008841530850998124739887444943654639888310485343187997223744616514052836214810270175755558644088832.000000000000000000
connection 1 20 -6.721800079948355489 0 0.000000000000000000 -1018995726166198435357253809566807990330326868723401613556577805759074471740362730473807134714844390452398594306008841530850998124739887444943654639888310485343187997223744616514052836214810270175755558644088832.000000000000000000
connection 1 21 -6.721800079948355489 0 0.000000000000000000 -1018995726166198435357253809566807990330326868723401613556577805759074471740362730473807134714844390452398594306008841530850998124739887444943654639888310485343187997223744616514052836214810270175755558644088832.000000000000000000
connection 2 14 -6.721800079948355489 0 0.000000000000000000 -1018995726166198435357253809566807990330326868723401613556577805759074471740362730473807134714844390452398594306008841530850998124739887444943654639888310485343187997223744616514052836214810270175755558644088832.000000000000000000
connection 2 15 -6.721800079948355489 0 0.000000000000000000 -1018995726166198435357253809566807990330326868723401613556577805759074471740362730473807134714844390452398594306008841530850998124739887444943654639888310485343187997223744616514052836214810270175755558644088832.000000000000000000
connection 2 16 -6.721800079948355489 0 0.000000000000000000 -1018995726166198435357253809566807990330326868723401613556577805759074471740362730473807134714844390452398594306008841530850998124739887444943654639888310485343187997223744616514052836214810270175755558644088832.000000000000000000
connection 2 17 -6.721800079948355489 0 0.000000000000000000 -1018995726166198435357253809566807990330326868723401613556577805759074471740362730473807134714844390452398594306008841530850998124739887444943654639888310485343187997223744616514052836214810270175755558644088832.000000000000000000
connection 2 18 -6.721800079948355489 0 0.000000000000000000 -1018995726166198435357253809566807990330326868723401613556577805759074471740362730473807134714844390452398594306008841530850998124739887444943654639888310485343187997223744616514052836214810270175755558644088832.000000000000000000
connection 2 19 -6.721800079948355489 0 0.000000000000000000 -1018995726166198435357253809566807990330326868723401613556577805759074471740362730473807134714844390452398594306008841530850998124739887444943654639888310485343187997223744616514052836214810270175755558644088832.000000000000000000
connection 2 20 -6.721800079948355489 0 0.000000000000000000 -1018995726166198435357253809566807990330326868723401613556577805759074471740362730473807134714844390452398594306008841530850998124739887444943654639888310485343187997223744616514052836214810270175755558644088832.000000000000000000
connection 2 21 -6.721800079948355489 0 0.000000000000000000 -1018995726166198435357253809566807990330326868723401613556577805759074471740362730473807134714844390452398594306008841530850998124739887444943654639888310485343187997223744616514052836214810270175755558644088832.000000000000000000
connection 3 14 -6.721800079948355489 0 0.000000000000000000 -1018995726166198435357253809566807990330326868723401613556577805759074471740362730473807134714844390452398594306008841530850998124739887444943654639888310485343187997223744616514052836214810270175755558644088832.000000000000000000
connection 3 15 -6.721800079948355489 0 0.000000000000000000 -1018995726166198435357253809566807990330326868723401613556577805759074471740362730473807134714844390452398594306008841530850998124739887444943654639888310485343187997223744616514052836214810270175755558644088832.000000000000000000
connection 3 16 -6.721800079948355489 0 0.000000000000000000 -1018995726166198435357253809566807990330326868723401613556577805759074471740362730473807134714844390452398594306008841530850998124739887444943654639888310485343187997223744616514052836214810270175755558644088832.000000000000000000
connection 3 17 -6.721800079948355489 0 0.000000000000000000 -1018995726166198435357253809566807990330326868723401613556577805759074471740362730473807134714844390452398594306008841530850998124739887444943654639888310485343187997223744616514052836214810270175755558644088832.000000000000000000
connection 3 18 -6.721800079948355489 0 0.000000000000000000 -1018995726166198435357253809566807990330326868723401613556577805759074471740362730473807134714844390452398594306008841530850998124739887444943654639888310485343187997223744616514052836214810270175755558644088832.000000000000000000
connection 3 19 -6.721800079948355489 0 0.000000000000000000 -1018995726166198435357253809566807990330326868723401613556577805759074471740362730473807134714844390452398594306008841530850998124739887444943654639888310485343187997223744616514052836214810270175755558644088832.000000000000000000
connection 3 20 -6.721800079948355489 0 0.000000000000000000 -1018995726166198435357253809566807990330326868723401613556577805759074471740362730473807134714844390452398594306008841530850998124739887444943654639888310485343187997223744616514052836214810270175755558644088832.000000000000000000
connection 3 21 -6.721800079948355489 0 0.000000000000000000 -1018995726166198435357253809566807990330326868723401613556577805759074471740362730473807134714844390452398594306008841530850998124739887444943654639888310485343187997223744616514052836214810270175755558644088832.000000000000000000
connection 4 14 -6.721800079948355489 0 0.000000000000000000 -1018995726166198435357253809566807990330326868723401613556577805759074471740362730473807134714844390452398594306008841530850998124739887444943654639888310485343187997223744616514052836214810270175755558644088832.000000000000000000
connection 4 15 -6.721800079948355489 0 0.000000000000000000 -1018995726166198435357253809566807990330326868723401613556577805759074471740362730473807134714844390452398594306008841530850998124739887444943654639888310485343187997223744616514052836214810270175755558644088832.000000000000000000
connection 4 16 -6.721800079948355489 0 0.000000000000000000 -1018995726166198435357253809566807990330326868723401613556577805759074471740362730473807134714844390452398594306008841530850998124739887444943654639888310485343187997223744616514052836214810270175755558644088832.000000000000000000
connection 4 17 -6.721800079948355489 0 0.000000000000000000 -1018995726166198435357253809566807990330326868723401613556577805759074471740362730473807134714844390452398594306008841530850998124739887444943654639888310485343187997223744616514052836214810270175755558644088832.000000000000000000
connection 4 18 -6.721800079948355489 0 0.000000000000000000 -1018995726166198435357253809566807990330326868723401613556577805759074471740362730473807134714844390452398594306008841530850998124739887444943654639888310485343187997223744616514052836214810270175755558644088832.000000000000000000
connection 4 19 -6.721800079948355489 0 0.000000000000000000 -1018995726166198435357253809566807990330326868723401613556577805759074471740362730473807134714844390452398594306008841530850998124739887444943654639888310485343187997223744616514052836214810270175755558644088832.000000000000000000
connection 4 20 -6.721800079948355489 0 0.000000000000000000 -1018995726166198435357253809566807990330326868723401613556577805759074471740362730473807134714844390452398594306008841530850998124739887444943654639888310485343187997223744616514052836214810270175755558644088832.000000000000000000
connection 4 21 -6.721800079948355489 0 0.000000000000000000 -1018995726166198435357253809566807990330326868723401613556577805759074471740362730473807134714844390452398594306008841530850998124739887444943654639888310485343187997223744616514052836214810270175755558644088832.000000000000000000
connection 5 14 -6.721800079948355489 0 0.000000000000000000 -1018995726166198435357253809566807990330326868723401613556577805759074471740362730473807134714844390452398594306008841530850998124739887444943654639888310485343187997223744616514052836214810270175755558644088832.000000000000000000
connection 5 15 -6.721800079948355489 0 0.000000000000000000 -1018995726166198435357253809566807990330326868723401613556577805759074471740362730473807134714844390452398594306008841530850998124739887444943654639888310485343187997223744616514052836214810270175755558644088832.000000000000000000
connection 5 16 -6.721800079948355489 0 0.000000000000000000 -1018995726166198435357253809566807990330326868723401613556577805759074471740362730473807134714844390452398594306008841530850998124739887444943654639888310485343187997223744616514052836214810270175755558644088832.000000000000000000
connection 5 17 -6.721800079948355489 0 0.000000000000000000 -1018995726166198435357253809566807990330326868723401613556577805759074471740362730473807134714844390452398594306008841530850998124739887444943654639888310485343187997223744616514052836214810270175755558644088832.000000000000000000
connection 5 18 -6.721800079948355489 0 0.000000000000000000 -1018995726166198435357253809566807990330326868723401613556577805759074471740362730473807134714844390452398594306008841530850998124739887444943654639888310485343187997223744616514052836214810270175755558644088832.000000000000000000
connection 5 19 -6.721800079948355489 0 0.000000000000000000 -1018995726166198435357253809566807990330326868723401613556577805759074471740362730473807134714844390452398594306008841530850998124739887444943654639888310485343187997223744616514052836214810270175755558644088832.000000000000000000
connection 5 20 -6.721800079948355489 0 0.000000000000000000 -1018995726166198435357253809566807990330326868723401613556577805759074471740362730473807134714844390452398594306008841530850998124739887444943654639888310485343187997223744616514052836214810270175755558644088832.000000000000000000
connection 5 21 -6.721800079948355489 0 0.000000000000000000 -1018995726166198435357253809566807990330326868723401613556577805759074471740362730473807134714844390452398594306008841530850998124739887444943654639888310485343187997223744616514052836214810270175755558644088832.000000000000000000
connection 6 14 -6.721800079948355489 0 0.000000000000000000 -1018995726166198435357253809566807990330326868723401613556577805759074471740362730473807134714844390452398594306008841530850998124739887444943654639888310485343187997223744616514052836214810270175755558644088832.000000000000000000
connection 6 15 -6.721800079948355489 0 0.000000000000000000 -1018995726166198435357253809566807990330326868723401613556577805759074471740362730473807134714844390452398594306008841530850998124739887444943654639888310485343187997223744616514052836214810270175755558644088832.000000000000000000
connection 6 16 -6.721800079948355489 0 0.000000000000000000 -1018995726166198435357253809566807990330326868723401613556577805759074471740362730473807134714844390452398594306008841530850998124739887444943654639888310485343187997223744616514052836214810270175755558644088832.000000000000000000
connection 6 17 -6.721800079948355489 0 0.000000000000000000 -1018995726166198435357253809566807990330326868723401613556577805759074471740362730473807134714844390452398594306008841530850998124739887444943654639888310485343187997223744616514052836214810270175755558644088832.000000000000000000
connection 6 18 -6.721800079948355489 0 0.000000000000000000 -1018995726166198435357253809566807990330326868723401613556577805759074471740362730473807134714844390452398594306008841530850998124739887444943654639888310485343187997223744616514052836214810270175755558644088832.000000000000000000
connection 6 19 -6.721800079948355489 0 0.000000000000000000 -1018995726166198435357253809566807990330326868723401613556577805759074471740362730473807134714844390452398594306008841530850998124739887444943654639888310485343187997223744616514052836214810270175755558644088832.000000000000000000
connection 6 20 -6.721800079948355489 0 0.000000000000000000 -1018995726166198435357253809566807990330326868723401613556577805759074471740362730473807134714844390452398594306008841530850998124739887444943654639888310485343187997223744616514052836214810270175755558644088832.000000000000000000
connection 6 21 -6.721800079948355489 0 0.000000000000000000 -1018995726166198435357253809566807990330326868723401613556577805759074471740362730473807134714844390452398594306008841530850998124739887444943654639888310485343187997223744616514052836214810270175755558644088832.000000000000000000
connection 7 14 -6.721800079948355489 0 0.000000000000000000 -1018995726166198435357253809566807990330326868723401613556577805759074471740362730473807134714844390452398594306008841530850998124739887444943654639888310485343187997223744616514052836214810270175755558644088832.000000000000000000
connection 7 15 -6.721800079948355489 0 0.000000000000000000 -1018995726166198435357253809566807990330326868723401613556577805759074471740362730473807134714844390452398594306008841530850998124739887444943654639888310485343187997223744616514052836214810270175755558644088832.000000000000000000
connection 7 16 -6.721800079948355489 0 0.000000000000000000 -1018995726166198435357253809566807990330326868723401613556577805759074471740362730473807134714844390452398594306008841530850998124739887444943654639888310485343187997223744616514052836214810270175755558644088832.000000000000000000
connection 7 17 -6.721800079948355489 0 0.000000000000000000 -1018995726166198435357253809566807990330326868723401613556577805759074471740362730473807134714844390452398594306008841530850998124739887444943654639888310485343187997223744616514052836214810270175755558644088832.000000000000000000
connection 7 18 -6.721800079948355489 0 0.000000000000000000 -1018995726166198435357253809566807990330326868723401613556577805759074471740362730473807134714844390452398594306008841530850998124739887444943654639888310485343187997223744616514052836214810270175755558644088832.000000000000000000
connection 7 19 -6.721800079948355489 0 0.000000000000000000 -1018995726166198435357253809566807990330326868723401613556577805759074471740362730473807134714844390452398594306008841530850998124739887444943654639888310485343187997223744616514052836214810270175755558644088832.000000000000000000
connection 7 20 -6.721800079948355489 0 0.000000000000000000 -1018995726166198435357253809566807990330326868723401613556577805759074471740362730473807134714844390452398594306008841530850998124739887444943654639888310485343187997223744616514052836214810270175755558644088832.000000000000000000
connection 7 21 -6.721800079948355489 0 0.000000000000000000 -1018995726166198435357253809566807990330326868723401613556577805759074471740362730473807134714844390452398594306008841530850998124739887444943654639888310485343187997223744616514052836214810270175755558644088832.000000000000000000
connection 8 14 -6.721800079948355489 0 0.000000000000000000 -1018995726166198435357253809566807990330326868723401613556577805759074471740362730473807134714844390452398594306008841530850998124739887444943654639888310485343187997223744616514052836214810270175755558644088832.000000000000000000
connection 8 15 -6.721800079948355489 0 0.000000000000000000 -1018995726166198435357253809566807990330326868723401613556577805759074471740362730473807134714844390452398594306008841530850998124739887444943654639888310485343187997223744616514052836214810270175755558644088832.000000000000000000
connection 8 16 -6.721800079948355489 0 0.000000000000000000 -1018995726166198435357253809566807990330326868723401613556577805759074471740362730473807134714844390452398594306008841530850998124739887444943654639888310485343187997223744616514052836214810270175755558644088832.000000000000000000
connection 8 17 -6.721800079948355489 0 0.000000000000000000 -1018995726166198435357253809566807990330326868723401613556577805759074471740362730473807134714844390452398594306008841530850998124739887444943654639888310485343187997223744616514052836214810270175755558644088832.000000000000000000
connection 8 18 -6.721800079948355489 0 0.000000000000000000 -1018995726166198435357253809566807990330326868723401613556577805759074471740362730473807134714844390452398594306008841530850998124739887444943654639888310485343187997223744616514052836214810270175755558644088832.000000000000000000
connection 8 19 -6.721800079948355489 0 0.000000000000000000 -1018995726166198435357253809566807990330326868723401613556577805759074471740362730473807134714844390452398594306008841530850998124739887444943654639888310485343187997223744616514052836214810270175755558644088832.000000000000000000
connection 8 20 -6.721800079948355489 0 0.000000000000000000 -1018995726166198435357253809566807990330326868723401613556577805759074471740362730473807134714844390452398594306008841530850998124739887444943654639888310485343187997223744616514052836214810270175755558644088832.000000000000000000
connection 8 21 -6.721800079948355489 0 0.000000000000000000 -1018995726166198435357253809566807990330326868723401613556577805759074471740362730473807134714844390452398594306008841530850998124739887444943654639888310485343187997223744616514052836214810270175755558644088832.000000000000000000
connection 9 14 -6.721800079948355489 0 0.000000000000000000 -1018995726166198435357253809566807990330326868723401613556577805759074471740362730473807134714844390452398594306008841530850998124739887444943654639888310485343187997223744616514052836214810270175755558644088832.000000000000000000
connection 9 15 -6.721800079948355489 0 0.000000000000000000 -1018995726166198435357253809566807990330326868723401613556577805759074471740362730473807134714844390452398594306008841530850998124739887444943654639888310485343187997223744616514052836214810270175755558644088832.000000000000000000
connection 9 16 -6.721800079948355489 0 0.000000000000000000 -1018995726166198435357253809566807990330326868723401613556577805759074471740362730473807134714844390452398594306008841530850998124739887444943654639888310485343187997223744616514052836214810270175755558644088832.000000000000000000
connection 9 17 -6.721800079948355489 0 0.000000000000000000 -1018995726166198435357253809566807990330326868723401613556577805759074471740362730473807134714844390452398594306008841530850998124739887444943654639888310485343187997223744616514052836214810270175755558644088832.000000000000000000
connection 9 18 -6.721800079948355489 0 0.000000000000000000 -1018995726166198435357253809566807990330326868723401613556577805759074471740362730473807134714844390452398594306008841530850998124739887444943654639888310485343187997223744616514052836214810270175755558644088832.000000000000000000
connection 9 19 -6.721800079948355489 0 0.000000000000000000 -1018995726166198435357253809566807990330326868723401613556577805759074471740362730473807134714844390452398594306008841530850998124739887444943654639888310485343187997223744616514052836214810270175755558644088832.000000000000000000
connection 9 20 -6.721800079948355489 0 0.000000000000000000 -1018995726166198435357253809566807990330326868723401613556577805759074471740362730473807134714844390452398594306008841530850998124739887444943654639888310485343187997223744616514052836214810270175755558644088832.000000000000000000
connection 9 21 -6.721800079948355489 0 0.000000000000000000 -1018995726166198435357253809566807990330326868723401613556577805759074471740362730473807134714844390452398594306008841530850998124739887444943654639888310485343187997223744616514052836214810270175755558644088832.000000000000000000
connection 10 14 -6.721800079948355489 0 0.000000000000000000 -1018995726166198435357253809566807990330326868723401613556577805759074471740362730473807134714844390452398594306008841530850998124739887444943654639888310485343187997223744616514052836214810270175755558644088832.000000000000000000
connection 10 15 -6.721800079948355489 0 0.000000000000000000 -1018995726166198435357253809566807990330326868723401613556577805759074471740362730473807134714844390452398594306008841530850998124739887444943654639888310485343187997223744616514052836214810270175755558644088832.000000000000000000
connection 10 16 -6.721800079948355489 0 0.000000000000000000 -1018995726166198435357253809566807990330326868723401613556577805759074471740362730473807134714844390452398594306008841530850998124739887444943654639888310485343187997223744616514052836214810270175755558644088832.000000000000000000
connection 10 17 -6.721800079948355489 0 0.000000000000000000 -1018995726166198435357253809566807990330326868723401613556577805759074471740362730473807134714844390452398594306008841530850998124739887444943654639888310485343187997223744616514052836214810270175755558644088832.000000000000000000
connection 10 18 -6.721800079948355489 0 0.000000000000000000 -1018995726166198435357253809566807990330326868723401613556577805759074471740362730473807134714844390452398594306008841530850998124739887444943654639888310485343187997223744616514052836214810270175755558644088832.000000000000000000
connection 10 19 -6.721800079948355489 0 0.000000000000000000 -1018995726166198435357253809566807990330326868723401613556577805759074471740362730473807134714844390452398594306008841530850998124739887444943654639888310485343187997223744616514052836214810270175755558644088832.000000000000000000
connection 10 20 -6.721800079948355489 0 0.000000000000000000 -1018995726166198435357253809566807990330326868723401613556577805759074471740362730473807134714844390452398594306008841530850998124739887444943654639888310485343187997223744616514052836214810270175755558644088832.000000000000000000
connection 10 21 -6.721800079948355489 0 0.000000000000000000 -1018995726166198435357253809566807990330326868723401613556577805759074471740362730473807134714844390452398594306008841530850998124739887444943654639888310485343187997223744616514052836214810270175755558644088832.000000000000000000
connection 11 14 -6.721800079948355489 0 0.000000000000000000 -1018995726166198435357253809566807990330326868723401613556577805759074471740362730473807134714844390452398594306008841530850998124739887444943654639888310485343187997223744616514052836214810270175755558644088832.000000000000000000
connection 11 15 -6.721800079948355489 0 0.000000000000000000 -1018995726166198435357253809566807990330326868723401613556577805759074471740362730473807134714844390452398594306008841530850998124739887444943654639888310485343187997223744616514052836214810270175755558644088832.000000000000000000
connection 11 16 -6.721800079948355489 0 0.000000000000000000 -1018995726166198435357253809566807990330326868723401613556577805759074471740362730473807134714844390452398594306008841530850998124739887444943654639888310485343187997223744616514052836214810270175755558644088832.000000000000000000
connection 11 17 -6.721800079948355489 0 0.000000000000000000 -1018995726166198435357253809566807990330326868723401613556577805759074471740362730473807134714844390452398594306008841530850998124739887444943654639888310485343187997223744616514052836214810270175755558644088832.000000000000000000
connection 11 18 -6.721800079948355489 0 0.000000000000000000 -1018995726166198435357253809566807990330326868723401613556577805759074471740362730473807134714844390452398594306008841530850998124739887444943654639888310485343187997223744616514052836214810270175755558644088832.000000000000000000
connection 11 19 -6.721800079948355489 0 0.000000000000000000 -1018995726166198435357253809566807990330326868723401613556577805759074471740362730473807134714844390452398594306008841530850998124739887444943654639888310485343187997223744616514052836214810270175755558644088832.000000000000000000
connection 11 20 -6.721800079948355489 0 0.000000000000000000 -1018995726166198435357253809566807990330326868723401613556577805759074471740362730473807134714844390452398594306008841530850998124739887444943654639888310485343187997223744616514052836214810270175755558644088832.000000000000000000
connection 11 21 -6.721800079948355489 0 0.000000000000000000 -1018995726166198435357253809566807990330326868723401613556577805759074471740362730473807134714844390452398594306008841530850998124739887444943654639888310485343187997223744616514052836214810270175755558644088832.000000000000000000
connection 14 14 6.721800079948355489 0 0.000000000000000000 -1018995726166198435357253809566807990330326868723401613556577805759074471740362730473807134714844390452398594306008841530850998124739887444943654639888310485343187997223744616514052836214810270175755558644088832.000000000000000000
connection 14 22 6.721800079948355489 0 0.000000000000000000 -1018995726166198435357253809566807990330326868723401613556577805759074471740362730473807134714844390452398594306008841530850998124739887444943654639888310485343187997223744616514052836214810270175755558644088832.000000000000000000
connection 15 14 6.721800079948355489 0 0.000000000000000000 -1018995726166198435357253809566807990330326868723401613556577805759074471740362730473807134714844390452398594306008841530850998124739887444943654639888310485343187997223744616514052836214810270175755558644088832.000000000000000000
connection 15 22 6.721800079948355489 0 0.000000000000000000 -1018995726166198435357253809566807990330326868723401613556577805759074471740362730473807134714844390452398594306008841530850998124739887444943654639888310485343187997223744616514052836214810270175755558644088832.000000000000000000
connection 16 14 6.721800079948355489 0 0.000000000000000000 -1018995726166198435357253809566807990330326868723401613556577805759074471740362730473807134714844390452398594306008841530850998124739887444943654639888310485343187997223744616514052836214810270175755558644088832.000000000000000000
connection 16 22 6.721800079948355489 0 0.000000000000000000 -1018995726166198435357253809566807990330326868723401613556577805759074471740362730473807134714844390452398594306008841530850998124739887444943654639888310485343187997223744616514052836214810270175755558644088832.000000000000000000
connection 17 14 6.721800079948355489 0 0.000000000000000000 -1018995726166198435357253809566807990330326868723401613556577805759074471740362730473807134714844390452398594306008841530850998124739887444943654639888310485343187997223744616514052836214810270175755558644088832.000000000000000000
connection 17 22 6.721800079948355489 0 0.000000000000000000 -1018995726166198435357253809566807990330326868723401613556577805759074471740362730473807134714844390452398594306008841530850998124739887444943654639888310485343187997223744616514052836214810270175755558644088832.000000000000000000
connection 18 14 6.721800079948355489 0 0.000000000000000000 -1018995726166198435357253809566807990330326868723401613556577805759074471740362730473807134714844390452398594306008841530850998124739887444943654639888310485343187997223744616514052836214810270175755558644088832.000000000000000000
connection 18 22 6.721800079948355489 0 0.000000000000000000 -1018995726166198435357253809566807990330326868723401613556577805759074471740362730473807134714844390452398594306008841530850998124739887444943654639888310485343187997223744616514052836214810270175755558644088832.000000000000000000
connection 19 14 6.721800079948355489 0 0.000000000000000000 -1018995726166198435357253809566807990330326868723401613556577805759074471740362730473807134714844390452398594306008841530850998124739887444943654639888310485343187997223744616514052836214810270175755558644088832.000000000000000000
connection 19 22 6.721800079948355489 0 0.000000000000000000 -1018995726166198435357253809566807990330326868723401613556577805759074471740362730473807134714844390452398594306008841530850998124739887444943654639888310485343187997223744616514052836214810270175755558644088832.000000000000000000
connection 20 14 6.721800079948355489 0 0.000000000000000000 -1018995726166198435357253809566807990330326868723401613556577805759074471740362730473807134714844390452398594306008841530850998124739887444943654639888310485343187997223744616514052836214810270175755558644088832.000000000000000000
connection 20 22 6.721800079948355489 0 0.000000000000000000 -1018995726166198435357253809566807990330326868723401613556577805759074471740362730473807134714844390452398594306008841530850998124739887444943654639888310485343187997223744616514052836214810270175755558644088832.000000000000000000
connection 21 14 6.721800079948355489 0 0.000000000000000000 -1018995726166198435357253809566807990330326868723401613556577805759074471740362730473807134714844390452398594306008841530850998124739887444943654639888310485343187997223744616514052836214810270175755558644088832.000000000000000000
connection 21 22 6.721800079948355489 0 0.000000000000000000 -1018995726166198435357253809566807990330326868723401613556577805759074471740362730473807134714844390452398594306008841530850998124739887444943654639888310485343187997223744616514052836214810270175755558644088832.000000000000000000
connection 14 12 6.721800079948355489 0 0.000000000000000000 -1018995726166198435357253809566807990330326868723401613556577805759074471740362730473807134714844390452398594306008841530850998124739887444943654639888310485343187997223744616514052836214810270175755558644088832.000000000000000000
connection 22 12 6.721800079948355489 0 0.000000000000000000 -1018995726166198435357253809566807990330326868723401613556577805759074471740362730473807134714844390452398594306008841530850998124739887444943654639888310485343187997223744616514052836214810270175755558644088832.000000000000000000
NNend

