NNstart
18 8
neuron 1 1.000000000000000000 0.000000000000000000 0.000000000000000000 0.000000000000000000 11 0.000000000000000000
neuron 1 1.000000000000000000 0.000000000000000000 0.000000000000000000 0.000000000000000000 11 0.000000000000000000
neuron 1 1.000000000000000000 0.000000000000000000 0.000000000000000000 0.000000000000000000 11 0.000000000000000000
neuron 1 1.000000000000000000 0.000000000000000000 0.000000000000000000 0.000000000000000000 11 0.000000000000000000
neuron 1 1.000000000000000000 0.000000000000000000 0.000000000000000000 0.000000000000000000 11 0.000000000000000000
neuron 1 1.000000000000000000 0.000000000000000000 0.000000000000000000 0.000000000000000000 11 0.000000000000000000
neuron 1 1.000000000000000000 0.000000000000000000 0.000000000000000000 0.000000000000000000 11 0.000000000000000000
neuron 1 1.000000000000000000 0.000000000000000000 0.000000000000000000 0.000000000000000000 11 0.000000000000000000
neuron 1 1.000000000000000000 0.000000000000000000 0.000000000000000000 0.000000000000000000 11 0.000000000000000000
neuron 1 1.000000000000000000 0.000000000000000000 0.000000000000000000 0.000000000000000000 11 0.000000000000000000
neuron 1 1.000000000000000000 0.000000000000000000 0.000000000000000000 0.000000000000000000 11 0.000000000000000000
neuron 1 1.000000000000000000 0.000000000000000000 0.000000000000000000 0.000000000000000000 11 0.000000000000000000
neuron 1 1.000000000000000000 0.000000000000000000 0.000000000000000000 0.000000000000000000 11 0.000000000000000000
neuron 1 1.000000000000000000 0.000000000000000000 0.000000000000000000 0.000000000000000000 11 0.000000000000000000
neuron 1 1.000000000000000000 0.000000000000000000 0.000000000000000000 0.000000000000000000 11 0.000000000000000000
neuron 1 1.000000000000000000 0.000000000000000000 0.000000000000000000 0.000000000000000000 11 0.000000000000000000
neuron 1 1.000000000000000000 0.000000000000000000 0.000000000000000000 0.000000000000000000 11 0.000000000000000000
neuron 2 1.000000000000000000 0.000000000000000000 0.000000000000000000 0.000000000000000000 11 0.000000000000000000
neuron 4 1.000000000000000000 0.000000000000000000 0.000000000000000000 0.000000000000000000 1 0.000000000000000000
neuron 4 1.000000000000000000 0.000000000000000000 0.000000000000000000 0.000000000000000000 1 0.000000000000000000
neuron 4 1.000000000000000000 0.000000000000000000 0.000000000000000000 0.000000000000000000 1 0.000000000000000000
neuron 4 1.000000000000000000 0.000000000000000000 0.000000000000000000 0.000000000000000000 1 0.000000000000000000
neuron 4 1.000000000000000000 0.000000000000000000 0.000000000000000000 0.000000000000000000 1 0.000000000000000000
neuron 4 1.000000000000000000 0.000000000000000000 0.000000000000000000 0.000000000000000000 1 0.000000000000000000
neuron 4 1.000000000000000000 0.000000000000000000 0.000000000000000000 0.000000000000000000 1 0.000000000000000000
neuron 4 1.000000000000000000 0.000000000000000000 0.000000000000000000 0.000000000000000000 1 0.000000000000000000
neuron 3 1.000000000000000000 0.000000000000000000 0.000000000000000000 0.000000000000000000 0 0.000000000000000000
neuron 3 1.000000000000000000 0.000000000000000000 0.000000000000000000 0.000000000000000000 0 0.000000000000000000
neuron 3 1.000000000000000000 0.000000000000000000 0.000000000000000000 0.000000000000000000 0 0.000000000000000000
neuron 3 1.000000000000000000 0.000000000000000000 0.000000000000000000 0.000000000000000000 0 0.000000000000000000
neuron 3 1.000000000000000000 0.000000000000000000 0.000000000000000000 0.000000000000000000 0 0.000000000000000000
neuron 3 1.000000000000000000 0.000000000000000000 0.000000000000000000 0.000000000000000000 0 0.000000000000000000
neuron 3 1.000000000000000000 0.000000000000000000 0.000000000000000000 0.000000000000000000 0 0.000000000000000000
neuron 3 1.000000000000000000 0.000000000000000000 0.000000000000000000 0.000000000000000000 0 0.000000000000000000
neuron 3 1.000000000000000000 0.000000000000000000 0.000000000000000000 0.000000000000000000 0 0.000000000000000000
neuron 3 1.000000000000000000 0.000000000000000000 0.000000000000000000 0.000000000000000000 0 0.000000000000000000
neuron 3 1.000000000000000000 0.000000000000000000 0.000000000000000000 0.000000000000000000 0 0.000000000000000000
neuron 3 1.000000000000000000 0.000000000000000000 0.000000000000000000 0.000000000000000000 0 0.000000000000000000
neuron 3 1.000000000000000000 0.000000000000000000 0.000000000000000000 0.000000000000000000 0 0.000000000000000000
neuron 3 1.000000000000000000 0.000000000000000000 0.000000000000000000 0.000000000000000000 0 0.000000000000000000
neuron 3 1.000000000000000000 0.000000000000000000 0.000000000000000000 0.000000000000000000 0 0.000000000000000000
neuron 3 1.000000000000000000 0.000000000000000000 0.000000000000000000 0.000000000000000000 0 0.000000000000000000
neuron 3 1.000000000000000000 0.000000000000000000 0.000000000000000000 0.000000000000000000 0 0.000000000000000000
neuron 3 1.000000000000000000 0.000000000000000000 0.000000000000000000 0.000000000000000000 0 0.000000000000000000
neuron 3 1.000000000000000000 0.000000000000000000 0.000000000000000000 0.000000000000000000 0 0.000000000000000000
neuron 3 1.000000000000000000 0.000000000000000000 0.000000000000000000 0.000000000000000000 0 0.000000000000000000
neuron 3 1.000000000000000000 0.000000000000000000 0.000000000000000000 0.000000000000000000 0 0.000000000000000000
neuron 3 1.000000000000000000 0.000000000000000000 0.000000000000000000 0.000000000000000000 0 0.000000000000000000
neuron 3 1.000000000000000000 0.000000000000000000 0.000000000000000000 0.000000000000000000 0 0.000000000000000000
neuron 3 1.000000000000000000 0.000000000000000000 0.000000000000000000 0.000000000000000000 0 0.000000000000000000
neuron 3 1.000000000000000000 0.000000000000000000 0.000000000000000000 0.000000000000000000 0 0.000000000000000000
neuron 3 1.000000000000000000 0.000000000000000000 0.000000000000000000 0.000000000000000000 0 0.000000000000000000
neuron 3 1.000000000000000000 0.000000000000000000 0.000000000000000000 0.000000000000000000 0 0.000000000000000000
neuron 3 1.000000000000000000 0.000000000000000000 0.000000000000000000 0.000000000000000000 0 0.000000000000000000
neuron 3 1.000000000000000000 0.000000000000000000 0.000000000000000000 0.000000000000000000 0 0.000000000000000000
neuron 3 1.000000000000000000 0.000000000000000000 0.000000000000000000 0.000000000000000000 0 0.000000000000000000
neuron 3 1.000000000000000000 0.000000000000000000 0.000000000000000000 0.000000000000000000 0 0.000000000000000000
neuron 3 1.000000000000000000 0.000000000000000000 0.000000000000000000 0.000000000000000000 0 0.000000000000000000
neuron 3 1.000000000000000000 0.000000000000000000 0.000000000000000000 0.000000000000000000 0 0.000000000000000000
neuron 3 1.000000000000000000 0.000000000000000000 0.000000000000000000 0.000000000000000000 0 0.000000000000000000
neuron 3 1.000000000000000000 0.000000000000000000 0.000000000000000000 0.000000000000000000 0 0.000000000000000000
neuron 3 1.000000000000000000 0.000000000000000000 0.000000000000000000 0.000000000000000000 0 0.000000000000000000
neuron 3 1.000000000000000000 0.000000000000000000 0.000000000000000000 0.000000000000000000 0 0.000000000000000000
neuron 3 1.000000000000000000 0.000000000000000000 0.000000000000000000 0.000000000000000000 0 0.000000000000000000
neuron 3 1.000000000000000000 0.000000000000000000 0.000000000000000000 0.000000000000000000 0 0.000000000000000000
neuron 3 1.000000000000000000 0.000000000000000000 0.000000000000000000 0.000000000000000000 0 0.000000000000000000
neuron 3 1.000000000000000000 0.000000000000000000 0.000000000000000000 0.000000000000000000 0 0.000000000000000000
neuron 3 1.000000000000000000 0.000000000000000000 0.000000000000000000 0.000000000000000000 0 0.000000000000000000
neuron 3 1.000000000000000000 0.000000000000000000 0.000000000000000000 0.000000000000000000 0 0.000000000000000000
neuron 3 1.000000000000000000 0.000000000000000000 0.000000000000000000 0.000000000000000000 0 0.000000000000000000
neuron 3 1.000000000000000000 0.000000000000000000 0.000000000000000000 0.000000000000000000 0 0.000000000000000000
neuron 3 1.000000000000000000 0.000000000000000000 0.000000000000000000 0.000000000000000000 0 0.000000000000000000
neuron 3 1.000000000000000000 0.000000000000000000 0.000000000000000000 0.000000000000000000 0 0.000000000000000000
neuron 3 1.000000000000000000 0.000000000000000000 0.000000000000000000 0.000000000000000000 0 0.000000000000000000
neuron 3 1.000000000000000000 0.000000000000000000 0.000000000000000000 0.000000000000000000 0 0.000000000000000000
neuron 3 1.000000000000000000 0.000000000000000000 0.000000000000000000 0.000000000000000000 0 0.000000000000000000
neuron 3 1.000000000000000000 0.000000000000000000 0.000000000000000000 0.000000000000000000 0 0.000000000000000000
neuron 3 1.000000000000000000 0.000000000000000000 0.000000000000000000 0.000000000000000000 0 0.000000000000000000
neuron 3 1.000000000000000000 0.000000000000000000 0.000000000000000000 0.000000000000000000 0 0.000000000000000000
neuron 3 1.000000000000000000 0.000000000000000000 0.000000000000000000 0.000000000000000000 0 0.000000000000000000
neuron 3 1.000000000000000000 0.000000000000000000 0.000000000000000000 0.000000000000000000 0 0.000000000000000000
neuron 3 1.000000000000000000 0.000000000000000000 0.000000000000000000 0.000000000000000000 0 0.000000000000000000
neuron 3 1.000000000000000000 0.000000000000000000 0.000000000000000000 0.000000000000000000 0 0.000000000000000000
neuron 3 1.000000000000000000 0.000000000000000000 0.000000000000000000 0.000000000000000000 0 0.000000000000000000
neuron 3 1.000000000000000000 0.000000000000000000 0.000000000000000000 0.000000000000000000 0 0.000000000000000000
neuron 3 1.000000000000000000 0.000000000000000000 0.000000000000000000 0.000000000000000000 0 0.000000000000000000
neuron 3 1.000000000000000000 0.000000000000000000 0.000000000000000000 0.000000000000000000 0 0.000000000000000000
neuron 3 1.000000000000000000 0.000000000000000000 0.000000000000000000 0.000000000000000000 0 0.000000000000000000
neuron 3 1.000000000000000000 0.000000000000000000 0.000000000000000000 0.000000000000000000 0 0.000000000000000000
neuron 3 1.000000000000000000 0.000000000000000000 0.000000000000000000 0.000000000000000000 0 0.000000000000000000
neuron 3 1.000000000000000000 0.000000000000000000 0.000000000000000000 0.000000000000000000 0 0.000000000000000000
neuron 3 1.000000000000000000 0.000000000000000000 0.000000000000000000 0.000000000000000000 0 0.000000000000000000
neuron 3 1.000000000000000000 0.000000000000000000 0.000000000000000000 0.000000000000000000 0 0.000000000000000000
neuron 3 1.000000000000000000 0.000000000000000000 0.000000000000000000 0.000000000000000000 0 0.000000000000000000
neuron 3 1.000000000000000000 0.000000000000000000 0.000000000000000000 0.000000000000000000 0 0.000000000000000000
connection 0 26 5.540724607475128849 0 0.000000000000000000 0.000000000000000000
connection 0 27 4.759237726165438609 0 0.000000000000000000 0.000000000000000000
connection 0 28 0.201100983868597344 0 0.000000000000000000 0.000000000000000000
connection 0 29 2.270633140835016217 0 0.000000000000000000 0.000000000000000000
connection 0 30 3.641674083257441907 0 0.000000000000000000 0.000000000000000000
connection 0 31 2.100647788658931425 0 0.000000000000000000 0.000000000000000000
connection 0 32 -1.954315144015239314 0 0.000000000000000000 0.000000000000000000
connection 0 33 -6.856256393113350889 0 0.000000000000000000 0.000000000000000000
connection 0 34 -6.106590530716257348 0 0.000000000000000000 0.000000000000000000
connection 0 35 6.626710063529133166 0 0.000000000000000000 0.000000000000000000
connection 0 36 5.710401973323247837 0 0.000000000000000000 0.000000000000000000
connection 0 37 0.947218072344658713 0 0.000000000000000000 0.000000000000000000
connection 0 38 -6.028622705796275127 0 0.000000000000000000 0.000000000000000000
connection 0 39 4.769368585749097278 0 0.000000000000000000 0.000000000000000000
connection 0 40 3.160623831403325035 0 0.000000000000000000 0.000000000000000000
connection 0 41 -2.851688460886690368 0 0.000000000000000000 0.000000000000000000
connection 0 42 -0.250672990923629491 0 0.000000000000000000 0.000000000000000000
connection 1 26 5.574165499559316395 0 0.000000000000000000 0.000000000000000000
connection 1 27 4.831243771679964993 0 0.000000000000000000 0.000000000000000000
connection 1 28 0.367729046049655783 0 0.000000000000000000 0.000000000000000000
connection 1 29 2.385901649277027747 0 0.000000000000000000 0.000000000000000000
connection 1 30 3.763180538765194871 0 0.000000000000000000 0.000000000000000000
connection 1 31 2.271100831984778523 0 0.000000000000000000 0.000000000000000000
connection 1 43 -3.659007515130469290 0 0.000000000000000000 0.000000000000000000
connection 1 32 -1.771688803912832455 0 0.000000000000000000 0.000000000000000000
connection 1 33 -6.827733262797966773 0 0.000000000000000000 0.000000000000000000
connection 1 35 6.616641458635045048 0 0.000000000000000000 0.000000000000000000
connection 1 36 5.722929956220211167 0 0.000000000000000000 0.000000000000000000
connection 1 37 1.035941986440037432 0 0.000000000000000000 0.000000000000000000
connection 1 38 -5.977582800431132881 0 0.000000000000000000 0.000000000000000000
connection 1 39 4.786640689431130191 0 0.000000000000000000 0.000000000000000000
connection 1 40 3.206338201745508432 0 0.000000000000000000 0.000000000000000000
connection 1 41 -2.775408292101920082 0 0.000000000000000000 0.000000000000000000
connection 2 26 5.496693630809772912 0 0.000000000000000000 0.000000000000000000
connection 2 27 4.726723845502485588 0 0.000000000000000000 0.000000000000000000
connection 2 29 2.158464786556526072 0 0.000000000000000000 0.000000000000000000
connection 2 30 3.619024387616128990 0 0.000000000000000000 0.000000000000000000
connection 2 31 2.076873534984307934 0 0.000000000000000000 0.000000000000000000
connection 2 32 -2.005579240231789573 0 0.000000000000000000 0.000000000000000000
connection 2 33 -6.834236077112246122 0 0.000000000000000000 0.000000000000000000
connection 2 34 -6.126873428632007013 0 0.000000000000000000 0.000000000000000000
connection 2 35 6.571000903800468862 0 0.000000000000000000 0.000000000000000000
connection 2 36 5.633909149713362652 0 0.000000000000000000 0.000000000000000000
connection 2 37 0.724221840509635451 0 0.000000000000000000 0.000000000000000000
connection 2 44 -1.695365837148634647 0 0.000000000000000000 0.000000000000000000
connection 2 38 -6.081314178656238134 0 0.000000000000000000 0.000000000000000000
connection 2 39 4.606103134287845791 0 0.000000000000000000 0.000000000000000000
connection 2 40 2.946751859472257262 0 0.000000000000000000 0.000000000000000000
connection 2 41 -3.080523660689602927 0 0.000000000000000000 0.000000000000000000
connection 2 42 -0.543019218998332054 0 0.000000000000000000 0.000000000000000000
connection 3 26 5.321080452288781792 0 0.000000000000000000 0.000000000000000000
connection 3 27 4.469176102282323981 0 0.000000000000000000 0.000000000000000000
connection 3 28 -0.454079465656006542 0 0.000000000000000000 0.000000000000000000
connection 3 29 1.649735625157694674 0 0.000000000000000000 0.000000000000000000
connection 3 30 3.250640492111688928 0 0.000000000000000000 0.000000000000000000
connection 3 31 1.586728261279534147 0 0.000000000000000000 0.000000000000000000
connection 3 32 -2.536826996337790519 0 0.000000000000000000 0.000000000000000000
connection 3 33 -6.856693391915856139 0 0.000000000000000000 0.000000000000000000
connection 3 34 -6.297871002224632697 0 0.000000000000000000 0.000000000000000000
connection 3 35 6.492334504999274003 0 0.000000000000000000 0.000000000000000000
connection 3 36 5.453138247644866432 0 0.000000000000000000 0.000000000000000000
connection 3 44 -2.288700720055204751 0 0.000000000000000000 0.000000000000000000
connection 3 38 -6.374530777046873098 0 0.000000000000000000 0.000000000000000000
connection 3 39 4.054513497592103555 0 0.000000000000000000 0.000000000000000000
connection 3 40 2.184923978053406213 0 0.000000000000000000 0.000000000000000000
connection 3 41 -3.843075107384879008 0 0.000000000000000000 0.000000000000000000
connection 4 26 4.932246437972151121 0 0.000000000000000000 0.000000000000000000
connection 4 27 4.132098779185584547 0 0.000000000000000000 0.000000000000000000
connection 4 29 0.765679930584974855 0 0.000000000000000000 0.000000000000000000
connection 4 30 2.775262128954242957 0 0.000000000000000000 0.000000000000000000
connection 4 31 0.976043642640067044 0 0.000000000000000000 0.000000000000000000
connection 4 32 -3.345890001221053733 0 0.000000000000000000 0.000000000000000000
connection 4 33 -6.935741006789712060 0 0.000000000000000000 0.000000000000000000
connection 4 34 -6.553416646395104017 0 0.000000000000000000 0.000000000000000000
connection 4 35 6.295924532487978453 0 0.000000000000000000 0.000000000000000000
connection 4 36 5.066016142875074735 0 0.000000000000000000 0.000000000000000000
connection 4 37 -0.892637318145141245 0 0.000000000000000000 0.000000000000000000
connection 4 44 -3.163637579291285196 0 0.000000000000000000 0.000000000000000000
connection 4 38 -6.552735426924821027 0 0.000000000000000000 0.000000000000000000
connection 4 45 -5.796537388708577154 0 0.000000000000000000 0.000000000000000000
connection 4 39 3.579633097998154767 0 0.000000000000000000 0.000000000000000000
connection 4 40 1.532173202783007282 0 0.000000000000000000 0.000000000000000000
connection 4 42 -2.228654930686540858 0 0.000000000000000000 0.000000000000000000
connection 5 26 4.730214598512283430 0 0.000000000000000000 0.000000000000000000
connection 5 27 3.647326271884506532 0 0.000000000000000000 0.000000000000000000
connection 5 28 -1.869493955095396842 0 0.000000000000000000 0.000000000000000000
connection 5 29 0.269728794350198808 0 0.000000000000000000 0.000000000000000000
connection 5 30 2.148769393306228626 0 0.000000000000000000 0.000000000000000000
connection 5 31 0.236379554220444321 0 0.000000000000000000 0.000000000000000000
connection 5 32 -3.747323181131386516 0 0.000000000000000000 0.000000000000000000
connection 5 33 -6.929568848809525505 0 0.000000000000000000 0.000000000000000000
connection 5 34 -6.650255908816236960 0 0.000000000000000000 0.000000000000000000
connection 5 35 6.200403424226009541 0 0.000000000000000000 0.000000000000000000
connection 5 46 6.022791900355456640 0 0.000000000000000000 0.000000000000000000
connection 5 47 5.489704211016890767 0 0.000000000000000000 0.000000000000000000
connection 5 48 2.297283158442731565 0 0.000000000000000000 0.000000000000000000
connection 5 49 3.933326595720043617 0 0.000000000000000000 0.000000000000000000
connection 5 44 -3.616683084234174395 0 0.000000000000000000 0.000000000000000000
connection 5 38 -6.664600196145467947 0 0.000000000000000000 0.000000000000000000
connection 5 45 -6.019099303538941292 0 0.000000000000000000 0.000000000000000000
connection 5 39 3.163495762090294594 0 0.000000000000000000 0.000000000000000000
connection 5 40 0.992042292032013329 0 0.000000000000000000 0.000000000000000000
connection 5 42 -2.789839420164133887 0 0.000000000000000000 0.000000000000000000
connection 6 26 4.669923366073899906 0 0.000000000000000000 0.000000000000000000
connection 6 27 3.571089342400481925 0 0.000000000000000000 0.000000000000000000
connection 6 28 -1.997423344302726944 0 0.000000000000000000 0.000000000000000000
connection 6 30 2.049106821092113950 0 0.000000000000000000 0.000000000000000000
connection 6 32 -3.844690089259281685 0 0.000000000000000000 0.000000000000000000
connection 6 33 -6.915731805970626311 0 0.000000000000000000 0.000000000000000000
connection 6 34 -6.667414277133919320 0 0.000000000000000000 0.000000000000000000
connection 6 35 6.150464062191227654 0 0.000000000000000000 0.000000000000000000
connection 6 46 5.979293731161331671 0 0.000000000000000000 0.000000000000000000
connection 6 47 5.439269222450888286 0 0.000000000000000000 0.000000000000000000
connection 6 48 2.156545498993613030 0 0.000000000000000000 0.000000000000000000
connection 6 49 3.813146969193860425 0 0.000000000000000000 0.000000000000000000
connection 6 44 -3.750782495247503956 0 0.000000000000000000 0.000000000000000000
connection 6 38 -6.691422329408243996 0 0.000000000000000000 0.000000000000000000
connection 6 45 -6.085752508515762216 0 0.000000000000000000 0.000000000000000000
connection 6 39 2.982854511903661798 0 0.000000000000000000 0.000000000000000000
connection 6 40 0.782019895638698004 0 0.000000000000000000 0.000000000000000000
connection 6 42 -3.000546568920566592 0 0.000000000000000000 0.000000000000000000
connection 7 26 4.793006304159911579 0 0.000000000000000000 0.000000000000000000
connection 7 27 3.765007418242928061 0 0.000000000000000000 0.000000000000000000
connection 7 28 -1.701773062248307156 0 0.000000000000000000 0.000000000000000000
connection 7 29 0.406386767990830011 0 0.000000000000000000 0.000000000000000000
connection 7 30 2.314487296478997980 0 0.000000000000000000 0.000000000000000000
connection 7 31 0.417093330970045584 0 0.000000000000000000 0.000000000000000000
connection 7 32 -3.599106671672912761 0 0.000000000000000000 0.000000000000000000
connection 7 33 -6.900718048072626232 0 0.000000000000000000 0.000000000000000000
connection 7 34 -6.600974019327336961 0 0.000000000000000000 0.000000000000000000
connection 7 35 6.163391192347544845 0 0.000000000000000000 0.000000000000000000
connection 7 46 6.008302209252866177 0 0.000000000000000000 0.000000000000000000
connection 7 47 5.506602773896094760 0 0.000000000000000000 0.000000000000000000
connection 7 48 2.368215484246486202 0 0.000000000000000000 0.000000000000000000
connection 7 49 3.941322184220406921 0 0.000000000000000000 0.000000000000000000
connection 7 44 -3.528399251386911128 0 0.000000000000000000 0.000000000000000000
connection 7 38 -6.630047381395620221 0 0.000000000000000000 0.000000000000000000
connection 7 45 -5.989512912183234228 0 0.000000000000000000 0.000000000000000000
connection 7 39 3.111752836450152326 0 0.000000000000000000 0.000000000000000000
connection 7 40 0.981951636074095080 0 0.000000000000000000 0.000000000000000000
connection 7 42 -2.819069548088537047 0 0.000000000000000000 0.000000000000000000
connection 8 26 5.196336068462330537 0 0.000000000000000000 0.000000000000000000
connection 8 27 4.333645732361007141 0 0.000000000000000000 0.000000000000000000
connection 8 28 -1.056288622069160077 0 0.000000000000000000 0.000000000000000000
connection 8 29 1.013916085529396716 0 0.000000000000000000 0.000000000000000000
connection 8 30 3.067572422685683975 0 0.000000000000000000 0.000000000000000000
connection 8 31 1.308149339590248372 0 0.000000000000000000 0.000000000000000000
connection 8 32 -3.047888848115528848 0 0.000000000000000000 0.000000000000000000
connection 8 33 -6.876219644517895802 0 0.000000000000000000 0.000000000000000000
connection 8 34 -6.449779220767846155 0 0.000000000000000000 0.000000000000000000
connection 8 35 6.221379453387661407 0 0.000000000000000000 0.000000000000000000
connection 8 36 5.082042779887312456 0 0.000000000000000000 0.000000000000000000
connection 8 37 -0.812926716591322429 0 0.000000000000000000 0.000000000000000000
connection 8 44 -2.993659135308991193 0 0.000000000000000000 0.000000000000000000
connection 8 38 -6.480699361822214399 0 0.000000000000000000 0.000000000000000000
connection 8 45 -5.738393325238211773 0 0.000000000000000000 0.000000000000000000
connection 8 39 3.465989855185489965 0 0.000000000000000000 0.000000000000000000
connection 8 40 1.492321671574980080 0 0.000000000000000000 0.000000000000000000
connection 8 42 -2.308626839277644560 0 0.000000000000000000 0.000000000000000000
connection 9 26 5.449950440818756014 0 0.000000000000000000 0.000000000000000000
connection 9 27 4.724560746431188285 0 0.000000000000000000 0.000000000000000000
connection 9 29 1.963913134566747543 0 0.000000000000000000 0.000000000000000000
connection 9 30 3.626849900571663010 0 0.000000000000000000 0.000000000000000000
connection 9 31 2.024001244251638632 0 0.000000000000000000 0.000000000000000000
connection 9 32 -2.092460781102960077 0 0.000000000000000000 0.000000000000000000
connection 9 33 -6.759597994603077531 0 0.000000000000000000 0.000000000000000000
connection 9 34 -6.126499919810538763 0 0.000000000000000000 0.000000000000000000
connection 9 35 6.385822035444069122 0 0.000000000000000000 0.000000000000000000
connection 9 36 5.459373623075292059 0 0.000000000000000000 0.000000000000000000
connection 9 44 -2.054166191434677824 0 0.000000000000000000 0.000000000000000000
connection 9 38 -6.263894974795108261 0 0.000000000000000000 0.000000000000000000
connection 9 39 4.066124394086916283 0 0.000000000000000000 0.000000000000000000
connection 9 40 2.331599814501604140 0 0.000000000000000000 0.000000000000000000
connection 9 41 -3.860457702540913694 0 0.000000000000000000 0.000000000000000000
connection 10 26 5.638271251557379848 0 0.000000000000000000 0.000000000000000000
connection 10 27 5.014723685535330766 0 0.000000000000000000 0.000000000000000000
connection 10 28 0.642469716933668722 0 0.000000000000000000 0.000000000000000000
connection 10 29 2.504648000610018688 0 0.000000000000000000 0.000000000000000000
connection 10 30 4.046658348799729410 0 0.000000000000000000 0.000000000000000000
connection 10 31 2.578045931305976701 0 0.000000000000000000 0.000000000000000000
connection 10 43 -3.433814711426224520 0 0.000000000000000000 0.000000000000000000
connection 10 32 -1.456513562667647088 0 0.000000000000000000 0.000000000000000000
connection 10 33 -6.704540802261682586 0 0.000000000000000000 0.000000000000000000
connection 10 34 -5.897906050243863163 0 0.000000000000000000 0.000000000000000000
connection 10 35 6.428878723112667615 0 0.000000000000000000 0.000000000000000000
connection 10 36 5.624026801199551784 0 0.000000000000000000 0.000000000000000000
connection 10 37 0.761646886961194203 0 0.000000000000000000 0.000000000000000000
connection 10 38 -5.931801894980911705 0 0.000000000000000000 0.000000000000000000
connection 10 39 4.348849129673821423 0 0.000000000000000000 0.000000000000000000
connection 10 40 2.778504712877020832 0 0.000000000000000000 0.000000000000000000
connection 10 41 -3.159054262594926055 0 0.000000000000000000 0.000000000000000000
connection 10 42 -0.833990509522746226 0 0.000000000000000000 0.000000000000000000
connection 11 26 5.725885023790111106 0 0.000000000000000000 0.000000000000000000
connection 11 27 5.148107777972366961 0 0.000000000000000000 0.000000000000000000
connection 11 28 0.945218415941433410 0 0.000000000000000000 0.000000000000000000
connection 11 29 2.749334732267333603 0 0.000000000000000000 0.000000000000000000
connection 11 30 4.234959935299776213 0 0.000000000000000000 0.000000000000000000
connection 11 31 2.820486347368027058 0 0.000000000000000000 0.000000000000000000
connection 11 43 -3.196339104848207935 0 0.000000000000000000 0.000000000000000000
connection 11 33 -6.671031083732205325 0 0.000000000000000000 0.000000000000000000
connection 11 50 -3.151498613410068206 0 0.000000000000000000 0.000000000000000000
connection 11 51 -6.722745891794920325 0 0.000000000000000000 0.000000000000000000
connection 11 52 -6.428471438067036914 0 0.000000000000000000 0.000000000000000000
connection 11 35 6.438298934931144579 0 0.000000000000000000 0.000000000000000000
connection 11 36 5.694252314239268919 0 0.000000000000000000 0.000000000000000000
connection 11 37 1.016613486742536487 0 0.000000000000000000 0.000000000000000000
connection 11 38 -5.810537072760982191 0 0.000000000000000000 0.000000000000000000
connection 11 39 4.445869117620942390 0 0.000000000000000000 0.000000000000000000
connection 11 40 2.953811810325253084 0 0.000000000000000000 0.000000000000000000
connection 11 41 -2.936894865599506854 0 0.000000000000000000 0.000000000000000000
connection 11 42 -0.611424497822664281 0 0.000000000000000000 0.000000000000000000
connection 12 26 5.706268577132068920 0 0.000000000000000000 0.000000000000000000
connection 12 27 5.114416017975422335 0 0.000000000000000000 0.000000000000000000
connection 12 28 0.826888373365188389 0 0.000000000000000000 0.000000000000000000
connection 12 29 2.656561527214644336 0 0.000000000000000000 0.000000000000000000
connection 12 30 4.171309968549626213 0 0.000000000000000000 0.000000000000000000
connection 12 31 2.707769240776941366 0 0.000000000000000000 0.000000000000000000
connection 12 43 -3.325839364862327674 0 0.000000000000000000 0.000000000000000000
connection 12 33 -6.678906332390367240 0 0.000000000000000000 0.000000000000000000
connection 12 50 -3.259496512539512558 0 0.000000000000000000 0.000000000000000000
connection 12 51 -6.725234665637663589 0 0.000000000000000000 0.000000000000000000
connection 12 52 -6.447420122631999817 0 0.000000000000000000 0.000000000000000000
connection 12 35 6.410159579446038869 0 0.000000000000000000 0.000000000000000000
connection 12 36 5.662111831501881909 0 0.000000000000000000 0.000000000000000000
connection 12 37 0.869044125961916381 0 0.000000000000000000 0.000000000000000000
connection 12 38 -5.857588700579838381 0 0.000000000000000000 0.000000000000000000
connection 12 39 4.333956367108750207 0 0.000000000000000000 0.000000000000000000
connection 12 40 2.817196815714436031 0 0.000000000000000000 0.000000000000000000
connection 12 41 -3.092010242463981040 0 0.000000000000000000 0.000000000000000000
connection 12 42 -0.815574281929855260 0 0.000000000000000000 0.000000000000000000
connection 13 26 5.588834860102367408 0 0.000000000000000000 0.000000000000000000
connection 13 27 4.928914291915232226 0 0.000000000000000000 0.000000000000000000
connection 13 28 0.344724762894272840 0 0.000000000000000000 0.000000000000000000
connection 13 29 2.263908474522795977 0 0.000000000000000000 0.000000000000000000
connection 13 30 3.879667764400466901 0 0.000000000000000000 0.000000000000000000
connection 13 31 2.278088999032203521 0 0.000000000000000000 0.000000000000000000
connection 13 43 -3.746324217258277578 0 0.000000000000000000 0.000000000000000000
connection 13 32 -1.788357614067026757 0 0.000000000000000000 0.000000000000000000
connection 13 33 -6.713830217891753271 0 0.000000000000000000 0.000000000000000000
connection 13 34 -5.986046035022644318 0 0.000000000000000000 0.000000000000000000
connection 13 35 6.346321452279469533 0 0.000000000000000000 0.000000000000000000
connection 13 36 5.535445967748027662 0 0.000000000000000000 0.000000000000000000
connection 13 37 0.372321442037902128 0 0.000000000000000000 0.000000000000000000
connection 13 44 -1.774204306936461695 0 0.000000000000000000 0.000000000000000000
connection 13 38 -6.143308568500881250 0 0.000000000000000000 0.000000000000000000
connection 13 39 4.026709905568165659 0 0.000000000000000000 0.000000000000000000
connection 13 40 2.398883630338457973 0 0.000000000000000000 0.000000000000000000
connection 13 41 -3.754809969598274400 0 0.000000000000000000 0.000000000000000000
connection 14 26 5.406804915914931620 0 0.000000000000000000 0.000000000000000000
connection 14 27 4.644029822016855213 0 0.000000000000000000 0.000000000000000000
connection 14 28 -0.577900992124790625 0 0.000000000000000000 0.000000000000000000
connection 14 29 1.447744650457114979 0 0.000000000000000000 0.000000000000000000
connection 14 30 3.443834613072748407 0 0.000000000000000000 0.000000000000000000
connection 14 31 1.665550831148471023 0 0.000000000000000000 0.000000000000000000
connection 14 32 -2.666842182097485914 0 0.000000000000000000 0.000000000000000000
connection 14 33 -6.818441586933696286 0 0.000000000000000000 0.000000000000000000
connection 14 34 -6.284392198710934352 0 0.000000000000000000 0.000000000000000000
connection 14 35 6.153294304418727378 0 0.000000000000000000 0.000000000000000000
connection 14 36 5.197281178465193996 0 0.000000000000000000 0.000000000000000000
connection 14 37 -0.558062146905608403 0 0.000000000000000000 0.000000000000000000
connection 14 44 -2.644536500881858654 0 0.000000000000000000 0.000000000000000000
connection 14 38 -6.333439395355660473 0 0.000000000000000000 0.000000000000000000
connection 14 45 -5.582667778236481304 0 0.000000000000000000 0.000000000000000000
connection 14 39 3.379057211023200225 0 0.000000000000000000 0.000000000000000000
connection 14 40 1.565461082944649807 0 0.000000000000000000 0.000000000000000000
connection 14 42 -2.322755437104481846 0 0.000000000000000000 0.000000000000000000
connection 15 26 5.078424479028455174 0 0.000000000000000000 0.000000000000000000
connection 15 27 4.182655386514641194 0 0.000000000000000000 0.000000000000000000
connection 15 28 -1.144543060298832238 0 0.000000000000000000 0.000000000000000000
connection 15 29 0.931997412904914890 0 0.000000000000000000 0.000000000000000000
connection 15 30 2.802095065157312881 0 0.000000000000000000 0.000000000000000000
connection 15 31 0.843908313875951999 0 0.000000000000000000 0.000000000000000000
connection 15 32 -3.178879356597283934 0 0.000000000000000000 0.000000000000000000
connection 15 33 -6.828866331922496258 0 0.000000000000000000 0.000000000000000000
connection 15 34 -6.415507976574492233 0 0.000000000000000000 0.000000000000000000
connection 15 35 6.063020990229502694 0 0.000000000000000000 0.000000000000000000
connection 15 36 5.007735400899299805 0 0.000000000000000000 0.000000000000000000
connection 15 37 -1.131152385736804655 0 0.000000000000000000 0.000000000000000000
connection 15 44 -3.146876527646258914 0 0.000000000000000000 0.000000000000000000
connection 15 38 -6.467396037639594475 0 0.000000000000000000 0.000000000000000000
connection 15 45 -5.829249385137083017 0 0.000000000000000000 0.000000000000000000
connection 15 39 2.951850318833013187 0 0.000000000000000000 0.000000000000000000
connection 15 40 1.026796307794275220 0 0.000000000000000000 0.000000000000000000
connection 15 42 -2.892119393832076835 0 0.000000000000000000 0.000000000000000000
connection 16 26 5.003112605618502684 0 0.000000000000000000 0.000000000000000000
connection 16 27 4.058377880638382784 0 0.000000000000000000 0.000000000000000000
connection 16 29 0.709291187881284979 0 0.000000000000000000 0.000000000000000000
connection 16 30 2.605569871752190902 0 0.000000000000000000 0.000000000000000000
connection 16 31 0.572125924256489560 0 0.000000000000000000 0.000000000000000000
connection 16 32 -3.398396806319273544 0 0.000000000000000000 0.000000000000000000
connection 16 33 -6.828460332175601444 0 0.000000000000000000 0.000000000000000000
connection 16 34 -6.460818741776742868 0 0.000000000000000000 0.000000000000000000
connection 16 35 6.015099018665667430 0 0.000000000000000000 0.000000000000000000
connection 16 36 4.924498262335972321 0 0.000000000000000000 0.000000000000000000
connection 16 44 -3.350317937471111840 0 0.000000000000000000 0.000000000000000000
connection 16 38 -6.512358183159530967 0 0.000000000000000000 0.000000000000000000
connection 16 45 -5.922119735883392799 0 0.000000000000000000 0.000000000000000000
connection 16 39 2.732936098926967095 0 0.000000000000000000 0.000000000000000000
connection 16 40 0.773787261301857376 0 0.000000000000000000 0.000000000000000000
connection 16 42 -3.149047490309536013 0 0.000000000000000000 0.000000000000000000
connection 17 26 5.093011589675089823 0 0.000000000000000000 0.000000000000000000
connection 17 27 4.178679201571191548 0 0.000000000000000000 0.000000000000000000
connection 17 28 -1.201632774008123850 0 0.000000000000000000 0.000000000000000000
connection 17 29 0.900742126962741252 0 0.000000000000000000 0.000000000000000000
connection 17 30 2.750652087493577369 0 0.000000000000000000 0.000000000000000000
connection 17 31 0.720438712720190444 0 0.000000000000000000 0.000000000000000000
connection 17 32 -3.260130025525997954 0 0.000000000000000000 0.000000000000000000
connection 17 33 -6.827468694347654576 0 0.000000000000000000 0.000000000000000000
connection 17 34 -6.413736507594084202 0 0.000000000000000000 0.000000000000000000
connection 17 35 6.034727935634910168 0 0.000000000000000000 0.000000000000000000
connection 17 36 5.005881806156176950 0 0.000000000000000000 0.000000000000000000
connection 17 37 -1.196567120198505307 0 0.000000000000000000 0.000000000000000000
connection 17 44 -3.183908211990792214 0 0.000000000000000000 0.000000000000000000
connection 17 38 -6.460609073084013332 0 0.000000000000000000 0.000000000000000000
connection 17 45 -5.842809983803133989 0 0.000000000000000000 0.000000000000000000
connection 17 39 2.831292126234728368 0 0.000000000000000000 0.000000000000000000
connection 17 40 0.927828864876852566 0 0.000000000000000000 0.000000000000000000
connection 17 42 -3.020813445962737376 0 0.000000000000000000 0.000000000000000000
connection 26 53 -4.061886075555056763 0 0.000000000000000000 0.000000000000000000
connection 26 54 -5.474995935345034148 0 0.000000000000000000 0.000000000000000000
connection 26 55 -2.026324329626219445 0 0.000000000000000000 0.000000000000000000
connection 26 27 -1.004038183466121170 0 0.000000000000000000 0.000000000000000000
connection 26 28 1.208358763948164105 0 0.000000000000000000 0.000000000000000000
connection 26 52 2.451231911202222946 0 0.000000000000000000 0.000000000000000000
connection 26 64 -6.496625936082994102 0 0.000000000000000000 0.000000000000000000
connection 28 26 -2.478038424272726026 0 0.000000000000000000 0.000000000000000000
connection 28 27 1.665029019158649870 0 0.000000000000000000 0.000000000000000000
connection 28 28 3.338889734547590304 0 0.000000000000000000 0.000000000000000000
connection 28 44 -1.321444101231407764 0 0.000000000000000000 0.000000000000000000
connection 28 38 1.354017000409808213 0 0.000000000000000000 0.000000000000000000
connection 28 45 -2.190946177162776731 0 0.000000000000000000 0.000000000000000000
connection 29 68 0.575351005435897567 0 0.000000000000000000 0.000000000000000000
connection 29 53 -3.519316984090288702 0 0.000000000000000000 0.000000000000000000
connection 29 54 -5.065809094836843940 0 0.000000000000000000 0.000000000000000000
connection 29 55 -1.516866052400008380 0 0.000000000000000000 0.000000000000000000
connection 29 27 -1.455842480047651932 0 0.000000000000000000 0.000000000000000000
connection 29 28 0.839792878101480844 0 0.000000000000000000 0.000000000000000000
connection 29 50 -0.301774088269064988 0 0.000000000000000000 0.000000000000000000
connection 29 52 2.256519968392713071 0 0.000000000000000000 0.000000000000000000
connection 29 64 -6.530864951844877808 0 0.000000000000000000 0.000000000000000000
connection 36 53 1.113422744101400408 0 0.000000000000000000 0.000000000000000000
connection 36 54 -0.951230375584617982 0 0.000000000000000000 0.000000000000000000
connection 36 69 1.207882354462411545 0 0.000000000000000000 0.000000000000000000
connection 36 70 -2.972835485089023511 0 0.000000000000000000 0.000000000000000000
connection 36 71 -4.614902074562899692 0 0.000000000000000000 0.000000000000000000
connection 36 72 -1.172359335962699811 0 0.000000000000000000 0.000000000000000000
connection 36 30 -1.940721640942926873 0 0.000000000000000000 0.000000000000000000
connection 36 31 2.117811617509233191 0 0.000000000000000000 0.000000000000000000
connection 36 43 3.686401873951934416 0 0.000000000000000000 0.000000000000000000
connection 36 32 0.411110878551157244 0 0.000000000000000000 0.000000000000000000
connection 36 51 1.956442893810701689 0 0.000000000000000000 0.000000000000000000
connection 36 52 -1.573222619176824821 0 0.000000000000000000 0.000000000000000000
connection 47 68 3.044732658498304989 0 0.000000000000000000 0.000000000000000000
connection 47 53 -0.992291211879452906 0 0.000000000000000000 0.000000000000000000
connection 47 54 -3.026659299737119113 0 0.000000000000000000 0.000000000000000000
connection 47 55 1.294565639526835676 0 0.000000000000000000 0.000000000000000000
connection 47 69 -0.838747291394464800 0 0.000000000000000000 0.000000000000000000
connection 47 70 -4.618335824142778101 0 0.000000000000000000 0.000000000000000000
connection 47 71 -5.687518532264758342 0 0.000000000000000000 0.000000000000000000
connection 47 72 -2.994327813633494539 0 0.000000000000000000 0.000000000000000000
connection 47 28 -1.599337533080133156 0 0.000000000000000000 0.000000000000000000
connection 47 31 3.734322704639964741 0 0.000000000000000000 0.000000000000000000
connection 47 43 4.790782247569147501 0 0.000000000000000000 0.000000000000000000
connection 47 32 2.130519495727753121 0 0.000000000000000000 0.000000000000000000
connection 47 50 -2.542089970748778516 0 0.000000000000000000 0.000000000000000000
connection 47 51 3.222452447509614348 0 0.000000000000000000 0.000000000000000000
connection 47 64 -6.737633093827514408 0 0.000000000000000000 0.000000000000000000
connection 30 73 -7.120931259057104334 0 0.000000000000000000 0.000000000000000000
connection 30 47 -3.038884047030176561 0 0.000000000000000000 0.000000000000000000
connection 30 48 -0.833594398324410402 0 0.000000000000000000 0.000000000000000000
connection 30 37 -2.060363851523522971 0 0.000000000000000000 0.000000000000000000
connection 30 44 1.519845248670370852 0 0.000000000000000000 0.000000000000000000
connection 30 45 0.617186130872626859 0 0.000000000000000000 0.000000000000000000
connection 48 53 -0.494691151992560529 0 0.000000000000000000 0.000000000000000000
connection 48 54 -2.557708810204448735 0 0.000000000000000000 0.000000000000000000
connection 48 55 1.773000138178087770 0 0.000000000000000000 0.000000000000000000
connection 48 69 -0.362471902638398735 0 0.000000000000000000 0.000000000000000000
connection 48 70 -4.266859106702597160 0 0.000000000000000000 0.000000000000000000
connection 48 71 -5.470443463927622929 0 0.000000000000000000 0.000000000000000000
connection 48 72 -2.627876049232198419 0 0.000000000000000000 0.000000000000000000
connection 48 28 -1.907549002242721725 0 0.000000000000000000 0.000000000000000000
connection 48 30 -0.397337655915812382 0 0.000000000000000000 0.000000000000000000
connection 48 31 3.375374692540195731 0 0.000000000000000000 0.000000000000000000
connection 48 43 4.553793871463939880 0 0.000000000000000000 0.000000000000000000
connection 48 32 1.788528584646033481 0 0.000000000000000000 0.000000000000000000
connection 48 50 -2.772469449664126451 0 0.000000000000000000 0.000000000000000000
connection 48 51 3.058576634612919509 0 0.000000000000000000 0.000000000000000000
connection 48 64 -6.748076693449490904 0 0.000000000000000000 0.000000000000000000
connection 32 73 -7.081106065022514606 0 0.000000000000000000 0.000000000000000000
connection 32 48 -1.213196451611902926 0 0.000000000000000000 0.000000000000000000
connection 32 37 -2.310995597657333533 0 0.000000000000000000 0.000000000000000000
connection 32 44 1.233772653954760212 0 0.000000000000000000 0.000000000000000000
connection 32 38 3.370589045012123197 0 0.000000000000000000 0.000000000000000000
connection 32 45 0.373897206744744137 0 0.000000000000000000 0.000000000000000000
connection 38 68 1.585901226937949993 0 0.000000000000000000 0.000000000000000000
connection 38 53 -2.729870985481906320 0 0.000000000000000000 0.000000000000000000
connection 38 54 -4.405782516808135263 0 0.000000000000000000 0.000000000000000000
connection 38 55 -0.539129809135206473 0 0.000000000000000000 0.000000000000000000
connection 38 28 0.307671666883678807 0 0.000000000000000000 0.000000000000000000
connection 38 30 1.447770987612184479 0 0.000000000000000000 0.000000000000000000
connection 38 31 4.339363205226344888 0 0.000000000000000000 0.000000000000000000
connection 38 50 -0.545106715570957023 0 0.000000000000000000 0.000000000000000000
connection 38 51 4.491357438296552651 0 0.000000000000000000 0.000000000000000000
connection 38 52 1.985456681329438755 0 0.000000000000000000 0.000000000000000000
connection 38 64 -6.691189228155449698 0 0.000000000000000000 0.000000000000000000
connection 27 26 -2.053839703534945382 0 0.000000000000000000 0.000000000000000000
connection 27 27 2.120936368800665939 0 0.000000000000000000 0.000000000000000000
connection 27 28 3.659709830894898541 0 0.000000000000000000 0.000000000000000000
connection 27 29 0.207878662087549987 0 0.000000000000000000 0.000000000000000000
connection 27 44 -1.057108141672122636 0 0.000000000000000000 0.000000000000000000
connection 27 38 1.576524048372717868 0 0.000000000000000000 0.000000000000000000
connection 27 45 -1.921652719164205436 0 0.000000000000000000 0.000000000000000000
connection 33 73 -6.984984209834100177 0 0.000000000000000000 0.000000000000000000
connection 33 47 -0.444251142137049415 0 0.000000000000000000 0.000000000000000000
connection 33 48 1.764989699683787716 0 0.000000000000000000 0.000000000000000000
connection 33 49 -1.842172544989804539 0 0.000000000000000000 0.000000000000000000
connection 33 37 0.782807203263622853 0 0.000000000000000000 0.000000000000000000
connection 33 45 3.110927472529282589 0 0.000000000000000000 0.000000000000000000
connection 33 40 -2.683893792090020547 0 0.000000000000000000 0.000000000000000000
connection 33 42 -3.663244343238790890 0 0.000000000000000000 0.000000000000000000
connection 31 73 -6.889561788147609889 0 0.000000000000000000 0.000000000000000000
connection 31 48 2.082318212751727682 0 0.000000000000000000 0.000000000000000000
connection 31 49 -1.869509759878107635 0 0.000000000000000000 0.000000000000000000
connection 31 37 0.559381563909211565 0 0.000000000000000000 0.000000000000000000
connection 31 44 3.698892446416277568 0 0.000000000000000000 0.000000000000000000
connection 31 45 2.823883310706720273 0 0.000000000000000000 0.000000000000000000
connection 31 41 -0.394324457077391610 0 0.000000000000000000 0.000000000000000000
connection 45 53 0.555520761175939737 0 0.000000000000000000 0.000000000000000000
connection 45 54 -1.614267603643580351 0 0.000000000000000000 0.000000000000000000
connection 45 70 -3.662784269368211998 0 0.000000000000000000 0.000000000000000000
connection 45 72 -2.524181442887767357 0 0.000000000000000000 0.000000000000000000
connection 45 28 -2.195677090751862348 0 0.000000000000000000 0.000000000000000000
connection 45 30 -1.272282283522588209 0 0.000000000000000000 0.000000000000000000
connection 45 31 2.328858579474693435 0 0.000000000000000000 0.000000000000000000
connection 45 32 1.270824232819291577 0 0.000000000000000000 0.000000000000000000
connection 45 50 -3.126976017110894013 0 0.000000000000000000 0.000000000000000000
connection 45 51 2.848684090533222690 0 0.000000000000000000 0.000000000000000000
connection 45 52 -0.802618188359637608 0 0.000000000000000000 0.000000000000000000
connection 45 64 -6.923887484171680207 0 0.000000000000000000 0.000000000000000000
connection 35 79 3.074361007340034924 0 0.000000000000000000 0.000000000000000000
connection 35 80 -1.021924100551793613 0 0.000000000000000000 0.000000000000000000
connection 35 81 -3.024566166661797784 0 0.000000000000000000 0.000000000000000000
connection 35 82 1.280775624476476304 0 0.000000000000000000 0.000000000000000000
connection 35 83 -0.927797511688707166 0 0.000000000000000000 0.000000000000000000
connection 35 84 -4.613067791112699823 0 0.000000000000000000 0.000000000000000000
connection 35 85 -3.144478757722272366 0 0.000000000000000000 0.000000000000000000
connection 35 71 0.589335636621578729 0 0.000000000000000000 0.000000000000000000
connection 35 43 -1.285920097009428442 0 0.000000000000000000 0.000000000000000000
connection 35 90 1.430955657406596471 0 0.000000000000000000 0.000000000000000000
connection 35 91 -2.058690628877062334 0 0.000000000000000000 0.000000000000000000
connection 35 93 -1.192691812007721230 0 0.000000000000000000 0.000000000000000000
connection 50 27 -0.526358166824704599 0 0.000000000000000000 0.000000000000000000
connection 50 28 1.972024465677700622 0 0.000000000000000000 0.000000000000000000
connection 50 29 -1.602320616231088124 0 0.000000000000000000 0.000000000000000000
connection 50 50 1.049863330864135635 0 0.000000000000000000 0.000000000000000000
connection 50 52 3.344140680368033802 0 0.000000000000000000 0.000000000000000000
connection 50 44 -2.447693393954527341 0 0.000000000000000000 0.000000000000000000
connection 50 45 -3.501311909457645033 0 0.000000000000000000 0.000000000000000000
connection 37 53 1.432256437528515836 0 0.000000000000000000 0.000000000000000000
connection 37 54 -0.651454052391246874 0 0.000000000000000000 0.000000000000000000
connection 37 70 -2.808849756839201905 0 0.000000000000000000 0.000000000000000000
connection 37 71 -4.611268397406574238 0 0.000000000000000000 0.000000000000000000
connection 37 72 -1.413362204102049491 0 0.000000000000000000 0.000000000000000000
connection 37 94 -6.691943296880571879 0 0.000000000000000000 0.000000000000000000
connection 37 31 1.731498164006466167 0 0.000000000000000000 0.000000000000000000
connection 37 43 3.516038778411315402 0 0.000000000000000000 0.000000000000000000
connection 37 32 0.429522311955480351 0 0.000000000000000000 0.000000000000000000
connection 37 51 2.133441954385259631 0 0.000000000000000000 0.000000000000000000
connection 37 52 -1.600184049050702662 0 0.000000000000000000 0.000000000000000000
connection 39 80 -0.691267465084841493 0 0.000000000000000000 0.000000000000000000
connection 39 81 -2.747316911135500916 0 0.000000000000000000 0.000000000000000000
connection 39 82 1.421773950730480962 0 0.000000000000000000 0.000000000000000000
connection 39 83 -0.948969099806419747 0 0.000000000000000000 0.000000000000000000
connection 39 84 -4.472364415715500030 0 0.000000000000000000 0.000000000000000000
connection 39 85 -3.321591842445511311 0 0.000000000000000000 0.000000000000000000
connection 39 43 -1.115930664403485206 0 0.000000000000000000 0.000000000000000000
connection 39 90 1.255984582604229072 0 0.000000000000000000 0.000000000000000000
connection 39 91 -2.504384661381195976 0 0.000000000000000000 0.000000000000000000
connection 39 93 -1.227103099944755416 0 0.000000000000000000 0.000000000000000000
connection 40 79 0.393599242213883815 0 0.000000000000000000 0.000000000000000000
connection 40 80 -3.788815725244334409 0 0.000000000000000000 0.000000000000000000
connection 40 81 -5.177771469990433140 0 0.000000000000000000 0.000000000000000000
connection 40 82 -1.728551712310178345 0 0.000000000000000000 0.000000000000000000
connection 40 71 -2.408332948997206291 0 0.000000000000000000 0.000000000000000000
connection 40 72 1.150078620384579864 0 0.000000000000000000 0.000000000000000000
connection 40 94 -7.075007945822706645 0 0.000000000000000000 0.000000000000000000
connection 40 31 -1.342714456285051927 0 0.000000000000000000 0.000000000000000000
connection 40 43 1.394966653141848756 0 0.000000000000000000 0.000000000000000000
connection 40 32 -2.114696923731576916 0 0.000000000000000000 0.000000000000000000
connection 40 51 -0.546284168150452998 0 0.000000000000000000 0.000000000000000000
connection 41 54 1.446159449923632767 0 0.000000000000000000 0.000000000000000000
connection 41 79 -0.526966318309323389 0 0.000000000000000000 0.000000000000000000
connection 41 80 -4.466182734794386100 0 0.000000000000000000 0.000000000000000000
connection 41 81 -5.616968207779281741 0 0.000000000000000000 0.000000000000000000
connection 41 82 -2.635797178683704889 0 0.000000000000000000 0.000000000000000000
connection 41 70 -1.001847327979134228 0 0.000000000000000000 0.000000000000000000
connection 41 71 -3.421680571268366666 0 0.000000000000000000 0.000000000000000000
connection 41 94 -6.977672187417268468 0 0.000000000000000000 0.000000000000000000
connection 41 31 -0.251293563011818044 0 0.000000000000000000 0.000000000000000000
connection 41 43 2.155718708210113910 0 0.000000000000000000 0.000000000000000000
connection 41 32 -1.201899016697488554 0 0.000000000000000000 0.000000000000000000
connection 41 51 0.264427046178346670 0 0.000000000000000000 0.000000000000000000
connection 41 52 -3.679735311328841352 0 0.000000000000000000 0.000000000000000000
connection 42 80 -1.610921398101470725 0 0.000000000000000000 0.000000000000000000
connection 42 81 -3.560470298891253549 0 0.000000000000000000 0.000000000000000000
connection 42 82 0.423045850156771874 0 0.000000000000000000 0.000000000000000000
connection 42 83 -2.027733342775094538 0 0.000000000000000000 0.000000000000000000
connection 42 84 -5.067812527943653222 0 0.000000000000000000 0.000000000000000000
connection 42 85 -4.207806439662788556 0 0.000000000000000000 0.000000000000000000
connection 42 71 -1.028402797101592769 0 0.000000000000000000 0.000000000000000000
connection 42 91 -3.541073947481369277 0 0.000000000000000000 0.000000000000000000
connection 42 93 -2.509138746876265813 0 0.000000000000000000 0.000000000000000000
connection 34 26 -2.303911727601616111 0 0.000000000000000000 0.000000000000000000
connection 34 27 1.560372689555611814 0 0.000000000000000000 0.000000000000000000
connection 34 28 3.337365323322118993 0 0.000000000000000000 0.000000000000000000
connection 34 44 -0.703699089998227945 0 0.000000000000000000 0.000000000000000000
connection 34 38 1.894950278575931346 0 0.000000000000000000 0.000000000000000000
connection 34 45 -1.798517835351664429 0 0.000000000000000000 0.000000000000000000
connection 43 73 -6.893475690911120779 0 0.000000000000000000 0.000000000000000000
connection 43 47 -0.404025167578547839 0 0.000000000000000000 0.000000000000000000
connection 43 48 1.678515985759956752 0 0.000000000000000000 0.000000000000000000
connection 43 49 -2.229200430723356607 0 0.000000000000000000 0.000000000000000000
connection 43 37 0.255841983753305469 0 0.000000000000000000 0.000000000000000000
connection 43 44 3.443144620511547682 0 0.000000000000000000 0.000000000000000000
connection 43 45 2.630372103468489264 0 0.000000000000000000 0.000000000000000000
connection 43 41 -0.647720645657130056 0 0.000000000000000000 0.000000000000000000
connection 44 68 2.384001726114014286 0 0.000000000000000000 0.000000000000000000
connection 44 53 -1.862934744791046260 0 0.000000000000000000 0.000000000000000000
connection 44 54 -3.731688233998991855 0 0.000000000000000000 0.000000000000000000
connection 44 55 0.431865275958798478 0 0.000000000000000000 0.000000000000000000
connection 44 69 -1.811760751808868974 0 0.000000000000000000 0.000000000000000000
connection 44 70 -5.125197457432839165 0 0.000000000000000000 0.000000000000000000
connection 44 72 -3.886937389703674306 0 0.000000000000000000 0.000000000000000000
connection 44 28 -0.583968143717882526 0 0.000000000000000000 0.000000000000000000
connection 44 30 0.765288638752941508 0 0.000000000000000000 0.000000000000000000
connection 44 31 4.052425838743046960 0 0.000000000000000000 0.000000000000000000
connection 44 32 2.798233162036535049 0 0.000000000000000000 0.000000000000000000
connection 44 50 -1.464140174294873420 0 0.000000000000000000 0.000000000000000000
connection 44 51 4.003325010796351613 0 0.000000000000000000 0.000000000000000000
connection 44 52 1.187564496738978681 0 0.000000000000000000 0.000000000000000000
connection 44 64 -6.772179283676845962 0 0.000000000000000000 0.000000000000000000
connection 46 53 2.178645894402098548 0 0.000000000000000000 0.000000000000000000
connection 46 54 0.236470255833376025 0 0.000000000000000000 0.000000000000000000
connection 46 79 -2.048729893014308523 0 0.000000000000000000 0.000000000000000000
connection 46 80 -5.401352699502761645 0 0.000000000000000000 0.000000000000000000
connection 46 81 -6.314001115811381126 0 0.000000000000000000 0.000000000000000000
connection 46 82 -3.917991674092154319 0 0.000000000000000000 0.000000000000000000
connection 46 70 -1.908382513850475748 0 0.000000000000000000 0.000000000000000000
connection 46 71 -3.856275905538109949 0 0.000000000000000000 0.000000000000000000
connection 46 94 -6.791849692332700528 0 0.000000000000000000 0.000000000000000000
connection 46 31 1.093880286713055483 0 0.000000000000000000 0.000000000000000000
connection 46 43 2.950808953762482201 0 0.000000000000000000 0.000000000000000000
connection 46 32 -0.572029816444418859 0 0.000000000000000000 0.000000000000000000
connection 46 51 1.127745385144585777 0 0.000000000000000000 0.000000000000000000
connection 46 52 -2.496086085689077638 0 0.000000000000000000 0.000000000000000000
connection 49 53 2.624752835064167567 0 0.000000000000000000 0.000000000000000000
connection 49 54 0.747225776498430583 0 0.000000000000000000 0.000000000000000000
connection 49 79 -1.570829875750666904 0 0.000000000000000000 0.000000000000000000
connection 49 80 -5.020908464739647137 0 0.000000000000000000 0.000000000000000000
connection 49 81 -6.048402185737812076 0 0.000000000000000000 0.000000000000000000
connection 49 82 -3.505084909836755802 0 0.000000000000000000 0.000000000000000000
connection 49 70 -1.442910122057121658 0 0.000000000000000000 0.000000000000000000
connection 49 71 -3.530448269483269286 0 0.000000000000000000 0.000000000000000000
connection 49 94 -6.803334553540649310 0 0.000000000000000000 0.000000000000000000
connection 49 31 0.647668608883495311 0 0.000000000000000000 0.000000000000000000
connection 49 43 2.643317971904269648 0 0.000000000000000000 0.000000000000000000
connection 49 32 -0.892141723177670820 0 0.000000000000000000 0.000000000000000000
connection 49 51 0.872632283693934863 0 0.000000000000000000 0.000000000000000000
connection 49 52 -2.799627067601398789 0 0.000000000000000000 0.000000000000000000
connection 51 26 -0.541033991414353710 0 0.000000000000000000 0.000000000000000000
connection 51 27 3.065206771340564629 0 0.000000000000000000 0.000000000000000000
connection 51 29 1.783494591284742192 0 0.000000000000000000 0.000000000000000000
connection 51 48 -1.709623600245081754 0 0.000000000000000000 0.000000000000000000
connection 51 37 -2.552329858208193691 0 0.000000000000000000 0.000000000000000000
connection 51 44 0.963315064675300814 0 0.000000000000000000 0.000000000000000000
connection 51 38 3.261553455218134001 0 0.000000000000000000 0.000000000000000000
connection 52 27 0.480471455498637234 0 0.000000000000000000 0.000000000000000000
connection 52 28 2.614038582714832692 0 0.000000000000000000 0.000000000000000000
connection 52 29 -0.700126173540738472 0 0.000000000000000000 0.000000000000000000
connection 52 44 -1.571388126806745111 0 0.000000000000000000 0.000000000000000000
connection 52 38 1.024987560222791583 0 0.000000000000000000 0.000000000000000000
connection 52 45 -2.842818732612146793 0 0.000000000000000000 0.000000000000000000
connection 33 18 4.894231717514469615 0 0.000000000000000000 0.000000000000000000
connection 34 18 1.787082704884517259 0 0.000000000000000000 0.000000000000000000
connection 64 18 -6.021328142789540649 0 0.000000000000000000 0.000000000000000000
connection 83 19 -2.147221242553198017 0 0.000000000000000000 0.000000000000000000
connection 84 19 0.722458350982966957 0 0.000000000000000000 0.000000000000000000
connection 85 19 -2.541174152081306037 0 0.000000000000000000 0.000000000000000000
connection 94 19 4.775182521365411326 0 0.000000000000000000 0.000000000000000000
connection 46 19 -3.615013080086071362 0 0.000000000000000000 0.000000000000000000
connection 47 19 -0.797198701791090980 0 0.000000000000000000 0.000000000000000000
connection 48 19 -1.193624241747723191 0 0.000000000000000000 0.000000000000000000
connection 49 19 -3.976114273027107071 0 0.000000000000000000 0.000000000000000000
connection 37 19 -3.281758828887026969 0 0.000000000000000000 0.000000000000000000
connection 44 19 -0.224925426277064855 0 0.000000000000000000 0.000000000000000000
connection 38 19 0.769037749443825747 0 0.000000000000000000 0.000000000000000000
connection 45 19 -2.450895226188267717 0 0.000000000000000000 0.000000000000000000
connection 79 20 -1.478662273228298796 0 0.000000000000000000 0.000000000000000000
connection 80 20 1.443768204218782936 0 0.000000000000000000 0.000000000000000000
connection 81 20 2.184070440197038998 0 0.000000000000000000 0.000000000000000000
connection 82 20 -0.726386233835328521 0 0.000000000000000000 0.000000000000000000
connection 83 20 0.454722392237844386 0 0.000000000000000000 0.000000000000000000
connection 84 20 3.194337031550284145 0 0.000000000000000000 0.000000000000000000
connection 46 20 -1.347493046501452296 0 0.000000000000000000 0.000000000000000000
connection 47 20 1.842359142272786077 0 0.000000000000000000 0.000000000000000000
connection 48 20 1.411949842479971018 0 0.000000000000000000 0.000000000000000000
connection 49 20 -1.852829874634625673 0 0.000000000000000000 0.000000000000000000
connection 37 20 -1.005682885476799848 0 0.000000000000000000 0.000000000000000000
connection 44 20 2.196420142145740773 0 0.000000000000000000 0.000000000000000000
connection 38 20 2.946217252736367254 0 0.000000000000000000 0.000000000000000000
connection 53 21 -2.190780288611190230 0 0.000000000000000000 0.000000000000000000
connection 54 21 -1.549255339709131540 0 0.000000000000000000 0.000000000000000000
connection 69 21 -3.543900376636719862 0 0.000000000000000000 0.000000000000000000
connection 70 21 -0.443909990052892556 0 0.000000000000000000 0.000000000000000000
connection 71 21 -0.961342686310544314 0 0.000000000000000000 0.000000000000000000
connection 72 21 -3.916991145357726634 0 0.000000000000000000 0.000000000000000000
connection 46 21 1.043772486242682040 0 0.000000000000000000 0.000000000000000000
connection 47 21 3.789502304003891542 0 0.000000000000000000 0.000000000000000000
connection 48 21 3.430798821981746904 0 0.000000000000000000 0.000000000000000000
connection 49 21 0.532626809593101047 0 0.000000000000000000 0.000000000000000000
connection 40 21 -1.841436025910768270 0 0.000000000000000000 0.000000000000000000
connection 41 21 -0.865151903405214306 0 0.000000000000000000 0.000000000000000000
connection 42 21 -3.602642639318818674 0 0.000000000000000000 0.000000000000000000
connection 68 22 -2.985815104932619590 0 0.000000000000000000 0.000000000000000000
connection 54 22 1.077189453020482857 0 0.000000000000000000 0.000000000000000000
connection 55 22 -2.074711462780996829 0 0.000000000000000000 0.000000000000000000
connection 69 22 -1.152771578441708744 0 0.000000000000000000 0.000000000000000000
connection 70 22 1.833638751918891918 0 0.000000000000000000 0.000000000000000000
connection 71 22 1.407870761019825778 0 0.000000000000000000 0.000000000000000000
connection 72 22 -1.546831625345324701 0 0.000000000000000000 0.000000000000000000
connection 90 22 -2.669134306179311356 0 0.000000000000000000 0.000000000000000000
connection 91 22 0.239598752800602305 0 0.000000000000000000 0.000000000000000000
connection 93 22 -2.981436335174142194 0 0.000000000000000000 0.000000000000000000
connection 36 22 3.843948165133170392 0 0.000000000000000000 0.000000000000000000
connection 39 22 -2.005656423237320851 0 0.000000000000000000 0.000000000000000000
connection 40 22 1.000296800097600025 0 0.000000000000000000 0.000000000000000000
connection 41 22 1.699499199624937784 0 0.000000000000000000 0.000000000000000000
connection 42 22 -0.886924433258512335 0 0.000000000000000000 0.000000000000000000
connection 68 23 -0.462076547633950452 0 0.000000000000000000 0.000000000000000000
connection 53 23 2.395436980901586743 0 0.000000000000000000 0.000000000000000000
connection 54 23 3.116676551717442401 0 0.000000000000000000 0.000000000000000000
connection 55 23 0.569986983881387022 0 0.000000000000000000 0.000000000000000000
connection 35 23 1.076500776572618001 0 0.000000000000000000 0.000000000000000000
connection 36 23 4.984023382350282638 0 0.000000000000000000 0.000000000000000000
connection 73 24 5.420899075976888248 0 0.000000000000000000 0.000000000000000000
connection 64 24 5.090208013939170328 0 0.000000000000000000 0.000000000000000000
NNend

