NNstart
20 10
neuron 1 1.000000000000000000 0.000000000000000000 0.000000000000000000 -0.000000000000000000 11 0.000000000000000000
neuron 1 1.000000000000000000 0.000000000000000000 0.000000000000000000 -0.000000000000000000 11 0.000000000000000000
neuron 1 1.000000000000000000 0.000000000000000000 0.000000000000000000 -0.000000000000000000 11 0.000000000000000000
neuron 1 1.000000000000000000 0.000000000000000000 0.000000000000000000 -0.000000000000000000 11 0.000000000000000000
neuron 1 1.000000000000000000 0.000000000000000000 0.000000000000000000 -0.000000000000000000 11 0.000000000000000000
neuron 1 1.000000000000000000 0.000000000000000000 0.000000000000000000 -0.000000000000000000 11 0.000000000000000000
neuron 1 1.000000000000000000 0.000000000000000000 0.000000000000000000 -0.000000000000000000 11 0.000000000000000000
neuron 1 1.000000000000000000 0.000000000000000000 0.000000000000000000 -0.000000000000000000 11 0.000000000000000000
neuron 1 1.000000000000000000 0.000000000000000000 0.000000000000000000 -0.000000000000000000 11 0.000000000000000000
neuron 1 1.000000000000000000 0.000000000000000000 0.000000000000000000 -0.000000000000000000 11 0.000000000000000000
neuron 1 1.000000000000000000 0.000000000000000000 0.000000000000000000 -0.000000000000000000 11 0.000000000000000000
neuron 1 1.000000000000000000 0.000000000000000000 0.000000000000000000 -0.000000000000000000 11 0.000000000000000000
neuron 1 1.000000000000000000 0.000000000000000000 0.000000000000000000 -0.000000000000000000 11 0.000000000000000000
neuron 1 1.000000000000000000 0.000000000000000000 0.000000000000000000 -0.000000000000000000 11 0.000000000000000000
neuron 1 1.000000000000000000 0.000000000000000000 0.000000000000000000 -0.000000000000000000 11 0.000000000000000000
neuron 1 1.000000000000000000 0.000000000000000000 0.000000000000000000 -0.000000000000000000 11 0.000000000000000000
neuron 1 1.000000000000000000 0.000000000000000000 0.000000000000000000 -0.000000000000000000 11 0.000000000000000000
neuron 1 1.000000000000000000 0.000000000000000000 0.000000000000000000 -0.000000000000000000 11 0.000000000000000000
neuron 1 1.000000000000000000 0.000000000000000000 0.000000000000000000 -0.000000000000000000 11 0.000000000000000000
neuron 2 1.000000000000000000 0.000000000000000000 0.000000000000000000 0.000000000000000000 11 0.000000000000000000
neuron 4 1.000000000000000000 0.000000000000000000 0.000000000000000000 -0.000000000000000000 1 0.000000000000000000
neuron 4 1.000000000000000000 0.000000000000000000 0.000000000000000000 -0.000000000000000000 1 0.000000000000000000
neuron 4 1.000000000000000000 0.000000000000000000 0.000000000000000000 -0.000000000000000000 1 0.000000000000000000
neuron 4 1.000000000000000000 0.000000000000000000 0.000000000000000000 -0.000000000000000000 1 0.000000000000000000
neuron 4 1.000000000000000000 0.000000000000000000 0.000000000000000000 -0.000000000000000000 1 0.000000000000000000
neuron 4 1.000000000000000000 0.000000000000000000 0.000000000000000000 -0.000000000000000000 1 0.000000000000000000
neuron 4 1.000000000000000000 0.000000000000000000 0.000000000000000000 -0.000000000000000000 1 0.000000000000000000
neuron 4 1.000000000000000000 0.000000000000000000 0.000000000000000000 -0.000000000000000000 1 0.000000000000000000
neuron 4 1.000000000000000000 0.000000000000000000 0.000000000000000000 -0.000000000000000000 1 0.000000000000000000
neuron 4 1.000000000000000000 0.000000000000000000 0.000000000000000000 -0.000000000000000000 1 0.000000000000000000
neuron 3 1.000000000000000000 0.000000000000000000 0.000000000000000000 -0.000000000000000000 0 0.000000000000000000
neuron 3 1.000000000000000000 0.000000000000000000 0.000000000000000000 -0.000000000000000000 0 0.000000000000000000
neuron 3 1.000000000000000000 0.000000000000000000 0.000000000000000000 -0.000000000000000000 0 0.000000000000000000
neuron 3 1.000000000000000000 0.000000000000000000 0.000000000000000000 -0.000000000000000000 0 0.000000000000000000
neuron 3 1.000000000000000000 0.000000000000000000 0.000000000000000000 -0.000000000000000000 0 0.000000000000000000
neuron 3 1.000000000000000000 0.000000000000000000 0.000000000000000000 -0.000000000000000000 0 0.000000000000000000
neuron 3 1.000000000000000000 0.000000000000000000 0.000000000000000000 -0.000000000000000000 0 0.000000000000000000
neuron 3 1.000000000000000000 0.000000000000000000 0.000000000000000000 -0.000000000000000000 0 0.000000000000000000
neuron 3 1.000000000000000000 0.000000000000000000 0.000000000000000000 -0.000000000000000000 0 0.000000000000000000
neuron 3 1.000000000000000000 0.000000000000000000 0.000000000000000000 -0.000000000000000000 0 0.000000000000000000
neuron 3 1.000000000000000000 0.000000000000000000 0.000000000000000000 -0.000000000000000000 0 0.000000000000000000
neuron 3 1.000000000000000000 0.000000000000000000 0.000000000000000000 -0.000000000000000000 0 0.000000000000000000
neuron 3 1.000000000000000000 0.000000000000000000 0.000000000000000000 -0.000000000000000000 0 0.000000000000000000
neuron 3 1.000000000000000000 0.000000000000000000 0.000000000000000000 -0.000000000000000000 0 0.000000000000000000
neuron 3 1.000000000000000000 0.000000000000000000 0.000000000000000000 -0.000000000000000000 0 0.000000000000000000
neuron 3 1.000000000000000000 0.000000000000000000 0.000000000000000000 -0.000000000000000000 0 0.000000000000000000
neuron 3 1.000000000000000000 0.000000000000000000 0.000000000000000000 -0.000000000000000000 0 0.000000000000000000
neuron 3 1.000000000000000000 0.000000000000000000 0.000000000000000000 -0.000000000000000000 0 0.000000000000000000
neuron 3 1.000000000000000000 0.000000000000000000 0.000000000000000000 -0.000000000000000000 0 0.000000000000000000
neuron 3 1.000000000000000000 0.000000000000000000 0.000000000000000000 -0.000000000000000000 0 0.000000000000000000
neuron 3 1.000000000000000000 0.000000000000000000 0.000000000000000000 -0.000000000000000000 0 0.000000000000000000
neuron 3 1.000000000000000000 0.000000000000000000 0.000000000000000000 -0.000000000000000000 0 0.000000000000000000
neuron 3 1.000000000000000000 0.000000000000000000 0.000000000000000000 -0.000000000000000000 0 0.000000000000000000
neuron 3 1.000000000000000000 0.000000000000000000 0.000000000000000000 -0.000000000000000000 0 0.000000000000000000
neuron 3 1.000000000000000000 0.000000000000000000 0.000000000000000000 -0.000000000000000000 0 0.000000000000000000
neuron 3 1.000000000000000000 0.000000000000000000 0.000000000000000000 -0.000000000000000000 0 0.000000000000000000
neuron 3 1.000000000000000000 0.000000000000000000 0.000000000000000000 -0.000000000000000000 0 0.000000000000000000
neuron 3 1.000000000000000000 0.000000000000000000 0.000000000000000000 -0.000000000000000000 0 0.000000000000000000
neuron 3 1.000000000000000000 0.000000000000000000 0.000000000000000000 -0.000000000000000000 0 0.000000000000000000
neuron 3 1.000000000000000000 0.000000000000000000 0.000000000000000000 -0.000000000000000000 0 0.000000000000000000
neuron 3 1.000000000000000000 0.000000000000000000 0.000000000000000000 -0.000000000000000000 0 0.000000000000000000
neuron 3 1.000000000000000000 0.000000000000000000 0.000000000000000000 -0.000000000000000000 0 0.000000000000000000
neuron 3 1.000000000000000000 0.000000000000000000 0.000000000000000000 -0.000000000000000000 0 0.000000000000000000
neuron 3 1.000000000000000000 0.000000000000000000 0.000000000000000000 -0.000000000000000000 0 0.000000000000000000
neuron 3 1.000000000000000000 0.000000000000000000 0.000000000000000000 -0.000000000000000000 0 0.000000000000000000
neuron 3 1.000000000000000000 0.000000000000000000 0.000000000000000000 -0.000000000000000000 0 0.000000000000000000
neuron 3 1.000000000000000000 0.000000000000000000 0.000000000000000000 -0.000000000000000000 0 0.000000000000000000
neuron 3 1.000000000000000000 0.000000000000000000 0.000000000000000000 -0.000000000000000000 0 0.000000000000000000
neuron 3 1.000000000000000000 0.000000000000000000 0.000000000000000000 -0.000000000000000000 0 0.000000000000000000
neuron 3 1.000000000000000000 0.000000000000000000 0.000000000000000000 -0.000000000000000000 0 0.000000000000000000
neuron 3 1.000000000000000000 0.000000000000000000 0.000000000000000000 -0.000000000000000000 0 0.000000000000000000
neuron 3 1.000000000000000000 0.000000000000000000 0.000000000000000000 -0.000000000000000000 0 0.000000000000000000
neuron 3 1.000000000000000000 0.000000000000000000 0.000000000000000000 -0.000000000000000000 0 0.000000000000000000
neuron 3 1.000000000000000000 0.000000000000000000 0.000000000000000000 -0.000000000000000000 0 0.000000000000000000
neuron 3 1.000000000000000000 0.000000000000000000 0.000000000000000000 -0.000000000000000000 0 0.000000000000000000
neuron 3 1.000000000000000000 0.000000000000000000 0.000000000000000000 -0.000000000000000000 0 0.000000000000000000
neuron 3 1.000000000000000000 0.000000000000000000 0.000000000000000000 -0.000000000000000000 0 0.000000000000000000
neuron 3 1.000000000000000000 0.000000000000000000 0.000000000000000000 -0.000000000000000000 0 0.000000000000000000
neuron 3 1.000000000000000000 0.000000000000000000 0.000000000000000000 -0.000000000000000000 0 0.000000000000000000
neuron 3 1.000000000000000000 0.000000000000000000 0.000000000000000000 -0.000000000000000000 0 0.000000000000000000
neuron 3 1.000000000000000000 0.000000000000000000 0.000000000000000000 -0.000000000000000000 0 0.000000000000000000
neuron 3 1.000000000000000000 0.000000000000000000 0.000000000000000000 -0.000000000000000000 0 0.000000000000000000
neuron 3 1.000000000000000000 0.000000000000000000 0.000000000000000000 -0.000000000000000000 0 0.000000000000000000
neuron 3 1.000000000000000000 0.000000000000000000 0.000000000000000000 -0.000000000000000000 0 0.000000000000000000
neuron 3 1.000000000000000000 0.000000000000000000 0.000000000000000000 -0.000000000000000000 0 0.000000000000000000
neuron 3 1.000000000000000000 0.000000000000000000 0.000000000000000000 -0.000000000000000000 0 0.000000000000000000
neuron 3 1.000000000000000000 0.000000000000000000 0.000000000000000000 -0.000000000000000000 0 0.000000000000000000
neuron 3 1.000000000000000000 0.000000000000000000 0.000000000000000000 -0.000000000000000000 0 0.000000000000000000
neuron 3 1.000000000000000000 0.000000000000000000 0.000000000000000000 -0.000000000000000000 0 0.000000000000000000
neuron 3 1.000000000000000000 0.000000000000000000 0.000000000000000000 -0.000000000000000000 0 0.000000000000000000
neuron 3 1.000000000000000000 0.000000000000000000 0.000000000000000000 -0.000000000000000000 0 0.000000000000000000
neuron 3 1.000000000000000000 0.000000000000000000 0.000000000000000000 -0.000000000000000000 0 0.000000000000000000
neuron 3 1.000000000000000000 0.000000000000000000 0.000000000000000000 -0.000000000000000000 0 0.000000000000000000
neuron 3 1.000000000000000000 0.000000000000000000 0.000000000000000000 -0.000000000000000000 0 0.000000000000000000
neuron 3 1.000000000000000000 0.000000000000000000 0.000000000000000000 -0.000000000000000000 0 0.000000000000000000
neuron 3 1.000000000000000000 0.000000000000000000 0.000000000000000000 -0.000000000000000000 0 0.000000000000000000
neuron 3 1.000000000000000000 0.000000000000000000 0.000000000000000000 -0.000000000000000000 0 0.000000000000000000
neuron 3 1.000000000000000000 0.000000000000000000 0.000000000000000000 -0.000000000000000000 0 0.000000000000000000
neuron 3 1.000000000000000000 0.000000000000000000 0.000000000000000000 -0.000000000000000000 0 0.000000000000000000
neuron 3 1.000000000000000000 0.000000000000000000 0.000000000000000000 -0.000000000000000000 0 0.000000000000000000
neuron 3 1.000000000000000000 0.000000000000000000 0.000000000000000000 -0.000000000000000000 0 0.000000000000000000
neuron 3 1.000000000000000000 0.000000000000000000 0.000000000000000000 -0.000000000000000000 0 0.000000000000000000
neuron 3 1.000000000000000000 0.000000000000000000 0.000000000000000000 -0.000000000000000000 0 0.000000000000000000
neuron 3 1.000000000000000000 0.000000000000000000 0.000000000000000000 -0.000000000000000000 0 0.000000000000000000
neuron 3 1.000000000000000000 0.000000000000000000 0.000000000000000000 -0.000000000000000000 0 0.000000000000000000
neuron 3 1.000000000000000000 0.000000000000000000 0.000000000000000000 -0.000000000000000000 0 0.000000000000000000
neuron 3 1.000000000000000000 0.000000000000000000 0.000000000000000000 -0.000000000000000000 0 0.000000000000000000
neuron 3 1.000000000000000000 0.000000000000000000 0.000000000000000000 -0.000000000000000000 0 0.000000000000000000
neuron 3 1.000000000000000000 0.000000000000000000 0.000000000000000000 -0.000000000000000000 0 0.000000000000000000
neuron 3 1.000000000000000000 0.000000000000000000 0.000000000000000000 -0.000000000000000000 0 0.000000000000000000
connection 0 30 6.439853611869590821 0 0.000000000000000000 -0.000000000000000000
connection 0 31 1.587926747573766839 0 0.000000000000000000 -0.000000000000000000
connection 0 32 -2.959713736208088086 0 0.000000000000000000 -0.000000000000000000
connection 0 33 -0.808031998865409995 0 0.000000000000000000 -0.000000000000000000
connection 0 34 3.832054462105685122 0 0.000000000000000000 -0.000000000000000000
connection 0 35 5.372557895408287543 0 0.000000000000000000 -0.000000000000000000
connection 0 36 1.696528187026861145 0 0.000000000000000000 -0.000000000000000000
connection 0 37 3.915663351807364467 0 0.000000000000000000 -0.000000000000000000
connection 0 38 6.228014216377178336 0 0.000000000000000000 -0.000000000000000000
connection 0 39 6.588576666026234818 0 0.000000000000000000 -0.000000000000000000
connection 1 30 6.555320035820426661 0 0.000000000000000000 -0.000000000000000000
connection 1 31 2.425054591084630840 0 0.000000000000000000 -0.000000000000000000
connection 1 32 -2.284979126989240328 0 0.000000000000000000 -0.000000000000000000
connection 1 34 4.451217275139091711 0 0.000000000000000000 -0.000000000000000000
connection 1 35 5.735481681484219330 0 0.000000000000000000 -0.000000000000000000
connection 1 36 2.527479104196285853 0 0.000000000000000000 -0.000000000000000000
connection 1 37 4.523129086285424094 0 0.000000000000000000 -0.000000000000000000
connection 1 38 6.402974520507102696 0 0.000000000000000000 -0.000000000000000000
connection 1 39 6.489320794365405654 0 0.000000000000000000 -0.000000000000000000
connection 2 30 6.630055279556544612 0 0.000000000000000000 -0.000000000000000000
connection 2 31 3.202885888308376838 0 0.000000000000000000 -0.000000000000000000
connection 2 32 -1.534022056906500842 0 0.000000000000000000 -0.000000000000000000
connection 2 33 0.921796544578645349 0 0.000000000000000000 -0.000000000000000000
connection 2 34 4.977812610812177851 0 0.000000000000000000 -0.000000000000000000
connection 2 40 5.605537909911782357 0 0.000000000000000000 -0.000000000000000000
connection 2 39 6.346037686297669289 0 0.000000000000000000 -0.000000000000000000
connection 3 30 6.667909073571740564 0 0.000000000000000000 -0.000000000000000000
connection 3 31 3.901973931316393696 0 0.000000000000000000 -0.000000000000000000
connection 3 32 -0.719254171252257990 0 0.000000000000000000 -0.000000000000000000
connection 3 33 1.786766399391142235 0 0.000000000000000000 -0.000000000000000000
connection 3 34 5.414791349458757175 0 0.000000000000000000 -0.000000000000000000
connection 3 40 5.921679295860601044 0 0.000000000000000000 -0.000000000000000000
connection 3 39 6.151923974395666406 0 0.000000000000000000 -0.000000000000000000
connection 4 30 6.670876903952785320 0 0.000000000000000000 -0.000000000000000000
connection 4 31 4.511372035378242273 0 0.000000000000000000 -0.000000000000000000
connection 4 33 2.612238661179068444 0 0.000000000000000000 -0.000000000000000000
connection 4 34 5.769415508095613099 0 0.000000000000000000 -0.000000000000000000
connection 4 40 6.169854560145250133 0 0.000000000000000000 -0.000000000000000000
connection 4 39 5.898570008832177081 0 0.000000000000000000 -0.000000000000000000
connection 5 30 6.639116475645092663 0 0.000000000000000000 -0.000000000000000000
connection 5 31 5.028240818162291070 0 0.000000000000000000 -0.000000000000000000
connection 5 32 1.014417690475678535 0 0.000000000000000000 -0.000000000000000000
connection 5 33 3.373176447686855539 0 0.000000000000000000 -0.000000000000000000
connection 5 34 6.051057542666532285 0 0.000000000000000000 -0.000000000000000000
connection 5 40 6.359526423139092444 0 0.000000000000000000 -0.000000000000000000
connection 5 39 5.576449933520809310 0 0.000000000000000000 -0.000000000000000000
connection 6 30 6.570949537698467680 0 0.000000000000000000 -0.000000000000000000
connection 6 31 5.456099000222438100 0 0.000000000000000000 -0.000000000000000000
connection 6 32 1.876557151864736372 0 0.000000000000000000 -0.000000000000000000
connection 6 33 4.052049776497419487 0 0.000000000000000000 -0.000000000000000000
connection 6 34 6.269468052319513873 0 0.000000000000000000 -0.000000000000000000
connection 6 40 6.498987011141160508 0 0.000000000000000000 -0.000000000000000000
connection 6 41 4.477040821975510454 0 0.000000000000000000 -0.000000000000000000
connection 6 42 6.390605628247017833 0 0.000000000000000000 -0.000000000000000000
connection 6 43 5.708786772358154238 0 0.000000000000000000 -0.000000000000000000
connection 6 44 2.461703531454425775 0 0.000000000000000000 -0.000000000000000000
connection 7 30 6.462846392685323238 0 0.000000000000000000 -0.000000000000000000
connection 7 31 5.802530290538649993 0 0.000000000000000000 -0.000000000000000000
connection 7 32 2.696267028755118478 0 0.000000000000000000 -0.000000000000000000
connection 7 33 4.639896345688137913 0 0.000000000000000000 -0.000000000000000000
connection 7 34 6.433617580578857797 0 0.000000000000000000 -0.000000000000000000
connection 7 40 6.594896859269493206 0 0.000000000000000000 -0.000000000000000000
connection 7 41 3.862044852007076479 0 0.000000000000000000 -0.000000000000000000
connection 7 42 6.211389449429850274 0 0.000000000000000000 -0.000000000000000000
connection 7 43 5.339400329728420935 0 0.000000000000000000 -0.000000000000000000
connection 7 44 1.626730379769163681 0 0.000000000000000000 -0.000000000000000000
connection 8 30 6.309422102845370972 0 0.000000000000000000 -0.000000000000000000
connection 8 45 5.678673248596802559 0 0.000000000000000000 -0.000000000000000000
connection 8 40 6.652099025316150716 0 0.000000000000000000 -0.000000000000000000
connection 8 41 3.157779929312667822 0 0.000000000000000000 -0.000000000000000000
connection 8 42 5.975408227527877258 0 0.000000000000000000 -0.000000000000000000
connection 8 43 4.886075710148488405 0 0.000000000000000000 -0.000000000000000000
connection 8 44 0.757574808619481121 0 0.000000000000000000 -0.000000000000000000
connection 9 30 6.103508628653598223 0 0.000000000000000000 -0.000000000000000000
connection 9 45 5.979595094227903473 0 0.000000000000000000 -0.000000000000000000
connection 9 40 6.673578163286729037 0 0.000000000000000000 -0.000000000000000000
connection 9 41 2.375714862689953577 0 0.000000000000000000 -0.000000000000000000
connection 9 42 5.673374415485055167 0 0.000000000000000000 -0.000000000000000000
connection 9 43 4.342181958724160573 0 0.000000000000000000 -0.000000000000000000
connection 10 30 5.836406439922261491 0 0.000000000000000000 -0.000000000000000000
connection 10 45 6.214616608108172180 0 0.000000000000000000 -0.000000000000000000
connection 10 40 6.660472738771134438 0 0.000000000000000000 -0.000000000000000000
connection 10 41 1.535783404406271924 0 0.000000000000000000 -0.000000000000000000
connection 10 42 5.295503001482742889 0 0.000000000000000000 -0.000000000000000000
connection 10 43 3.705837223251569501 0 0.000000000000000000 -0.000000000000000000
connection 11 30 5.498454958336592036 0 0.000000000000000000 -0.000000000000000000
connection 11 45 6.393009981133509712 0 0.000000000000000000 -0.000000000000000000
connection 11 40 6.612086990962286137 0 0.000000000000000000 -0.000000000000000000
connection 11 41 0.664734016731187594 0 0.000000000000000000 -0.000000000000000000
connection 11 42 4.832836016625970288 0 0.000000000000000000 -0.000000000000000000
connection 11 43 2.982123668697535646 0 0.000000000000000000 -0.000000000000000000
connection 11 44 -1.761696593472901418 0 0.000000000000000000 -0.000000000000000000
connection 12 46 4.354489872687653751 0 0.000000000000000000 -0.000000000000000000
connection 12 47 6.356958077027011100 0 0.000000000000000000 -0.000000000000000000
connection 12 48 5.637110564536817137 0 0.000000000000000000 -0.000000000000000000
connection 12 49 2.289070468201902298 0 0.000000000000000000 -0.000000000000000000
connection 12 45 6.522748676179567440 0 0.000000000000000000 -0.000000000000000000
connection 12 40 6.525883148083635454 0 0.000000000000000000 -0.000000000000000000
connection 12 42 4.279134525211080842 0 0.000000000000000000 -0.000000000000000000
connection 12 43 2.184520667139375760 0 0.000000000000000000 -0.000000000000000000
connection 12 44 -2.491223066095497707 0 0.000000000000000000 -0.000000000000000000
connection 13 46 3.720051453864184232 0 0.000000000000000000 -0.000000000000000000
connection 13 47 6.166436221860220002 0 0.000000000000000000 -0.000000000000000000
connection 13 48 5.250651912812934974 0 0.000000000000000000 -0.000000000000000000
connection 13 49 1.444484089151972572 0 0.000000000000000000 -0.000000000000000000
connection 13 45 6.610117124135042488 0 0.000000000000000000 -0.000000000000000000
connection 13 40 6.397465746301241651 0 0.000000000000000000 -0.000000000000000000
connection 13 42 3.633156184255279975 0 0.000000000000000000 -0.000000000000000000
connection 13 43 1.334769315812756707 0 0.000000000000000000 -0.000000000000000000
connection 14 46 2.998055000127034742 0 0.000000000000000000 -0.000000000000000000
connection 14 47 5.917269855842238080 0 0.000000000000000000 -0.000000000000000000
connection 14 48 4.778570403321327653 0 0.000000000000000000 -0.000000000000000000
connection 14 49 0.571882991461410750 0 0.000000000000000000 -0.000000000000000000
connection 14 45 6.659565212801532574 0 0.000000000000000000 -0.000000000000000000
connection 14 40 6.220602861525557969 0 0.000000000000000000 -0.000000000000000000
connection 14 41 -1.842440896374668124 0 0.000000000000000000 -0.000000000000000000
connection 14 42 2.900826128629183209 0 0.000000000000000000 -0.000000000000000000
connection 14 43 0.460762182447308988 0 0.000000000000000000 -0.000000000000000000
connection 15 46 2.201799319082984763 0 0.000000000000000000 -0.000000000000000000
connection 15 47 5.599983653958760854 0 0.000000000000000000 -0.000000000000000000
connection 15 48 4.215045128504463001 0 0.000000000000000000 -0.000000000000000000
connection 15 45 6.673684928667881877 0 0.000000000000000000 -0.000000000000000000
connection 15 40 5.987366483256496785 0 0.000000000000000000 -0.000000000000000000
connection 15 41 -2.564008490154990660 0 0.000000000000000000 -0.000000000000000000
connection 15 42 2.096538491594185594 0 0.000000000000000000 -0.000000000000000000
connection 16 46 1.352867669537159756 0 0.000000000000000000 -0.000000000000000000
connection 16 47 5.204837566692655848 0 0.000000000000000000 -0.000000000000000000
connection 16 48 3.559498347516988570 0 0.000000000000000000 -0.000000000000000000
connection 16 45 6.653225764594704827 0 0.000000000000000000 -0.000000000000000000
connection 16 40 5.688513590052310498 0 0.000000000000000000 -0.000000000000000000
connection 16 42 1.242820147496049632 0 0.000000000000000000 -0.000000000000000000
connection 16 44 -4.619919789072122640 0 0.000000000000000000 -0.000000000000000000
connection 17 46 0.479058201542183981 0 0.000000000000000000 -0.000000000000000000
connection 17 47 4.723274041945710877 0 0.000000000000000000 -0.000000000000000000
connection 17 48 2.818713536137030129 0 0.000000000000000000 -0.000000000000000000
connection 17 49 -1.922395674305094726 0 0.000000000000000000 -0.000000000000000000
connection 17 45 6.597103056739566540 0 0.000000000000000000 -0.000000000000000000
connection 17 35 4.655706451193677431 0 0.000000000000000000 -0.000000000000000000
connection 17 36 6.437686694110772656 0 0.000000000000000000 -0.000000000000000000
connection 17 37 5.811540563771438350 0 0.000000000000000000 -0.000000000000000000
connection 17 38 2.719360695640578029 0 0.000000000000000000 -0.000000000000000000
connection 17 42 0.368016496807875015 0 0.000000000000000000 -0.000000000000000000
connection 17 43 -2.017055606859260664 0 0.000000000000000000 -0.000000000000000000
connection 17 44 -4.971839802150570975 0 0.000000000000000000 -0.000000000000000000
connection 18 47 4.149916442467023181 0 0.000000000000000000 -0.000000000000000000
connection 18 48 2.007996179741839082 0 0.000000000000000000 -0.000000000000000000
connection 18 49 -2.635900683874150552 0 0.000000000000000000 -0.000000000000000000
connection 18 45 6.502386478946353243 0 0.000000000000000000 -0.000000000000000000
connection 18 35 4.070576376775987271 0 0.000000000000000000 -0.000000000000000000
connection 18 36 6.275004238755044206 0 0.000000000000000000 -0.000000000000000000
connection 18 37 5.467354845918435124 0 0.000000000000000000 -0.000000000000000000
connection 18 38 1.901292593957361943 0 0.000000000000000000 -0.000000000000000000
connection 18 44 -5.266703871249727165 0 0.000000000000000000 -0.000000000000000000
connection 19 47 3.484876149225414999 0 0.000000000000000000 -0.000000000000000000
connection 19 48 1.150632567646247217 0 0.000000000000000000 -0.000000000000000000
connection 19 45 6.364287252272180950 0 0.000000000000000000 -0.000000000000000000
connection 19 35 3.394282052285436446 0 0.000000000000000000 -0.000000000000000000
connection 19 36 6.058303927741486739 0 0.000000000000000000 -0.000000000000000000
connection 19 37 5.042002430895355047 0 0.000000000000000000 -0.000000000000000000
connection 19 38 1.039994260087025557 0 0.000000000000000000 -0.000000000000000000
connection 19 41 -4.660148359384215233 0 0.000000000000000000 -0.000000000000000000
connection 19 44 -5.512688611568682617 0 0.000000000000000000 -0.000000000000000000
connection 30 48 -4.732846974117945749 0 0.000000000000000000 -0.000000000000000000
connection 30 42 -6.023383777643553039 0 0.000000000000000000 -0.000000000000000000
connection 30 44 -5.282790602836082705 0 0.000000000000000000 -0.000000000000000000
connection 33 47 6.145000223865691780 0 0.000000000000000000 -0.000000000000000000
connection 33 48 6.670670679484169696 0 0.000000000000000000 -0.000000000000000000
connection 33 69 -0.349859031281476884 0 0.000000000000000000 -0.000000000000000000
connection 33 70 -3.740552345703143988 0 0.000000000000000000 -0.000000000000000000
connection 33 71 -4.934373468879085678 0 0.000000000000000000 -0.000000000000000000
connection 33 72 -2.561565683668331594 0 0.000000000000000000 -0.000000000000000000
connection 33 74 -1.087742878914364830 0 0.000000000000000000 -0.000000000000000000
connection 33 75 -3.130866994156695338 0 0.000000000000000000 -0.000000000000000000
connection 33 76 0.583364808992249739 0 0.000000000000000000 -0.000000000000000000
connection 33 36 -5.452907344542282431 0 0.000000000000000000 -0.000000000000000000
connection 33 37 -6.275141188514147927 0 0.000000000000000000 -0.000000000000000000
connection 33 38 -4.127317970976190686 0 0.000000000000000000 -0.000000000000000000
connection 33 41 6.454788420140902261 0 0.000000000000000000 -0.000000000000000000
connection 42 46 6.442747598141525422 0 0.000000000000000000 -0.000000000000000000
connection 42 32 -5.431693121689029624 0 0.000000000000000000 -0.000000000000000000
connection 42 33 -6.267809073780457929 0 0.000000000000000000 -0.000000000000000000
connection 42 34 -4.085415066032136444 0 0.000000000000000000 -0.000000000000000000
connection 42 43 -4.805038261242809305 0 0.000000000000000000 -0.000000000000000000
connection 31 46 6.599678098303366269 0 0.000000000000000000 -0.000000000000000000
connection 31 32 -5.746388252579708755 0 0.000000000000000000 -0.000000000000000000
connection 31 33 -6.376075116853581193 0 0.000000000000000000 -0.000000000000000000
connection 31 34 -4.715505793248983224 0 0.000000000000000000 -0.000000000000000000
connection 31 43 -5.270106443235395233 0 0.000000000000000000 -0.000000000000000000
connection 34 32 -4.381483281633189897 0 0.000000000000000000 -0.000000000000000000
connection 34 33 -5.897905907104128431 0 0.000000000000000000 -0.000000000000000000
connection 35 47 6.604368428337446417 0 0.000000000000000000 -0.000000000000000000
connection 35 49 5.983197281339606377 0 0.000000000000000000 -0.000000000000000000
connection 35 33 -4.739202975631139125 0 0.000000000000000000 -0.000000000000000000
connection 35 99 0.223658993981597748 0 0.000000000000000000 -0.000000000000000000
connection 35 74 -3.375418728490060083 0 0.000000000000000000 -0.000000000000000000
connection 35 75 -4.703714094302918092 0 0.000000000000000000 -0.000000000000000000
connection 35 76 -2.092139432865881776 0 0.000000000000000000 -0.000000000000000000
connection 35 36 -6.025635856687265424 0 0.000000000000000000 -0.000000000000000000
connection 35 38 -5.287445492249608137 0 0.000000000000000000 -0.000000000000000000
connection 35 41 6.672887278051071291 0 0.000000000000000000 -0.000000000000000000
connection 36 48 6.325633461475219654 0 0.000000000000000000 -0.000000000000000000
connection 36 31 6.670816225593242166 0 0.000000000000000000 -0.000000000000000000
connection 36 70 -0.377690501014681934 0 0.000000000000000000 -0.000000000000000000
connection 36 71 -2.583716502189479236 0 0.000000000000000000 -0.000000000000000000
connection 36 72 1.322888452133430093 0 0.000000000000000000 -0.000000000000000000
connection 36 75 0.554893766955567247 0 0.000000000000000000 -0.000000000000000000
connection 36 100 -1.114305601020716185 0 0.000000000000000000 -0.000000000000000000
connection 36 101 -4.186899115675831062 0 0.000000000000000000 -0.000000000000000000
connection 36 102 -5.210829528584763004 0 0.000000000000000000 -0.000000000000000000
connection 36 103 -3.150699539212379552 0 0.000000000000000000 -0.000000000000000000
connection 36 37 -5.650151096031055253 0 0.000000000000000000 -0.000000000000000000
connection 36 104 2.233456058981383219 0 0.000000000000000000 -0.000000000000000000
connection 36 105 -1.808980423738882903 0 0.000000000000000000 -0.000000000000000000
connection 36 106 -3.654683105183418768 0 0.000000000000000000 -0.000000000000000000
connection 36 107 -0.210918509883912031 0 0.000000000000000000 -0.000000000000000000
connection 37 101 -1.140810511665983018 0 0.000000000000000000 -0.000000000000000000
connection 37 102 -3.170445665345446251 0 0.000000000000000000 -0.000000000000000000
connection 37 103 0.526425819298957265 0 0.000000000000000000 -0.000000000000000000
connection 37 37 -4.157361391495730807 0 0.000000000000000000 -0.000000000000000000
connection 37 105 2.206639034624728435 0 0.000000000000000000 -0.000000000000000000
connection 37 106 -0.238914630000485850 0 0.000000000000000000 -0.000000000000000000
connection 37 42 6.463300072218705949 0 0.000000000000000000 -0.000000000000000000
connection 37 44 5.535682077420107206 0 0.000000000000000000 -0.000000000000000000
connection 45 33 -5.609270464515267562 0 0.000000000000000000 -0.000000000000000000
connection 38 47 5.733978207801839311 0 0.000000000000000000 -0.000000000000000000
connection 38 48 6.653643491752491812 0 0.000000000000000000 -0.000000000000000000
connection 38 69 0.964847428638244686 0 0.000000000000000000 -0.000000000000000000
connection 38 70 -2.856637506400005577 0 0.000000000000000000 -0.000000000000000000
connection 38 71 -4.367870077339595980 0 0.000000000000000000 -0.000000000000000000
connection 38 72 -1.445148013190372671 0 0.000000000000000000 -0.000000000000000000
connection 38 75 -2.115953931900780294 0 0.000000000000000000 -0.000000000000000000
connection 38 76 1.890258931859697622 0 0.000000000000000000 -0.000000000000000000
connection 38 36 -5.044782914161691778 0 0.000000000000000000 -0.000000000000000000
connection 38 37 -6.133223932842568615 0 0.000000000000000000 -0.000000000000000000
connection 38 104 -0.562571821748885537 0 0.000000000000000000 -0.000000000000000000
connection 38 105 -3.869040728512082694 0 0.000000000000000000 -0.000000000000000000
connection 38 106 -5.014540932307592236 0 0.000000000000000000 -0.000000000000000000
connection 38 107 -2.729466583632884635 0 0.000000000000000000 -0.000000000000000000
connection 39 46 6.607693247218888288 0 0.000000000000000000 -0.000000000000000000
connection 39 32 -5.766502209880775887 0 0.000000000000000000 -0.000000000000000000
connection 39 33 -6.382956940810051272 0 0.000000000000000000 -0.000000000000000000
connection 39 34 -4.756350297553129991 0 0.000000000000000000 -0.000000000000000000
connection 39 43 -5.299980851688236960 0 0.000000000000000000 -0.000000000000000000
connection 40 47 5.103766844824000337 0 0.000000000000000000 -0.000000000000000000
connection 40 48 6.544206555468273123 0 0.000000000000000000 -0.000000000000000000
connection 40 31 6.648780027681257643 0 0.000000000000000000 -0.000000000000000000
connection 40 69 2.345887383554053685 0 0.000000000000000000 -0.000000000000000000
connection 40 70 -1.704015749707020300 0 0.000000000000000000 -0.000000000000000000
connection 40 71 -3.580262303886757813 0 0.000000000000000000 -0.000000000000000000
connection 40 74 1.608430908269631532 0 0.000000000000000000 -0.000000000000000000
connection 40 75 -0.841040985025648835 0 0.000000000000000000 -0.000000000000000000
connection 40 36 -4.465554534880118887 0 0.000000000000000000 -0.000000000000000000
connection 40 37 -5.928119633233841057 0 0.000000000000000000 -0.000000000000000000
connection 40 104 0.844983769923415062 0 0.000000000000000000 -0.000000000000000000
connection 40 105 -2.944554554743351815 0 0.000000000000000000 -0.000000000000000000
connection 40 106 -4.425512103850561374 0 0.000000000000000000 -0.000000000000000000
connection 40 107 -1.553126176164418615 0 0.000000000000000000 -0.000000000000000000
connection 48 46 6.649508828617535450 0 0.000000000000000000 -0.000000000000000000
connection 48 42 -4.458381396285264309 0 0.000000000000000000 -0.000000000000000000
connection 48 43 -5.925545297403892242 0 0.000000000000000000 -0.000000000000000000
connection 41 42 -5.475031458955607278 0 0.000000000000000000 -0.000000000000000000
connection 41 43 -6.282780631688537731 0 0.000000000000000000 -0.000000000000000000
connection 41 44 -4.171100234143101382 0 0.000000000000000000 -0.000000000000000000
connection 32 33 -5.219756813779459215 0 0.000000000000000000 -0.000000000000000000
connection 32 41 6.645669905656899523 0 0.000000000000000000 -0.000000000000000000
connection 43 33 -5.632221081809978713 0 0.000000000000000000 -0.000000000000000000
connection 44 46 6.672028673061058512 0 0.000000000000000000 -0.000000000000000000
connection 44 32 -6.014040060127587850 0 0.000000000000000000 -0.000000000000000000
connection 44 34 -5.263506018288627963 0 0.000000000000000000 -0.000000000000000000
connection 44 43 -5.668841698294641240 0 0.000000000000000000 -0.000000000000000000
connection 46 47 -4.975636847716883970 0 0.000000000000000000 -0.000000000000000000
connection 46 48 -6.108987766230620231 0 0.000000000000000000 -0.000000000000000000
connection 47 48 -4.054621019048840758 0 0.000000000000000000 -0.000000000000000000
connection 47 42 -5.779163937812739960 0 0.000000000000000000 -0.000000000000000000
connection 47 43 -6.387285405335152433 0 0.000000000000000000 -0.000000000000000000
connection 47 44 -4.782087309688541232 0 0.000000000000000000 -0.000000000000000000
connection 49 48 -5.245883167780600154 0 0.000000000000000000 -0.000000000000000000
connection 31 20 -6.042022461989721371 0 0.000000000000000000 -0.000000000000000000
connection 32 20 -3.774296525464865493 0 0.000000000000000000 -0.000000000000000000
connection 69 20 -2.862052429598408665 0 0.000000000000000000 -0.000000000000000000
connection 70 20 0.268504975737411111 0 0.000000000000000000 -0.000000000000000000
connection 71 20 2.312445324173701078 0 0.000000000000000000 -0.000000000000000000
connection 72 20 -1.111121302548340628 0 0.000000000000000000 -0.000000000000000000
connection 34 20 -5.084219960290067064 0 0.000000000000000000 -0.000000000000000000
connection 99 20 -4.540245207142545425 0 0.000000000000000000 -0.000000000000000000
connection 74 20 -2.351314627837608473 0 0.000000000000000000 -0.000000000000000000
connection 75 20 -0.480845860454036267 0 0.000000000000000000 -0.000000000000000000
connection 76 20 -3.391898351564612835 0 0.000000000000000000 -0.000000000000000000
connection 100 20 0.929116316977884993 0 0.000000000000000000 -0.000000000000000000
connection 104 20 -1.796637439981029871 0 0.000000000000000000 -0.000000000000000000
connection 105 20 1.583918856953030030 0 0.000000000000000000 -0.000000000000000000
connection 31 21 -6.293070741376262767 0 0.000000000000000000 -0.000000000000000000
connection 32 21 -4.850400936880893354 0 0.000000000000000000 -0.000000000000000000
connection 69 21 -4.234197053095069663 0 0.000000000000000000 -0.000000000000000000
connection 70 21 -1.818554158423318468 0 0.000000000000000000 -0.000000000000000000
connection 72 21 -2.952538105808333313 0 0.000000000000000000 -0.000000000000000000
connection 34 21 -5.694032180136304966 0 0.000000000000000000 -0.000000000000000000
connection 35 21 -4.259237138592890659 0 0.000000000000000000 -0.000000000000000000
connection 100 21 -1.225899280609160646 0 0.000000000000000000 -0.000000000000000000
connection 101 21 2.196240737520863462 0 0.000000000000000000 -0.000000000000000000
connection 103 21 0.805533938140297612 0 0.000000000000000000 -0.000000000000000000
connection 104 21 -3.472393044688864894 0 0.000000000000000000 -0.000000000000000000
connection 105 21 -0.600725675464636844 0 0.000000000000000000 -0.000000000000000000
connection 106 21 1.462417594565629031 0 0.000000000000000000 -0.000000000000000000
connection 107 21 -1.903615268650766357 0 0.000000000000000000 -0.000000000000000000
connection 45 22 -5.851166972088148732 0 0.000000000000000000 -0.000000000000000000
connection 35 22 -5.167351377595275075 0 0.000000000000000000 -0.000000000000000000
connection 100 22 -3.041399551415095992 0 0.000000000000000000 -0.000000000000000000
connection 102 22 2.078974982846704123 0 0.000000000000000000 -0.000000000000000000
connection 103 22 -1.339535014893709963 0 0.000000000000000000 -0.000000000000000000
connection 104 22 -4.649623031334233048 0 0.000000000000000000 -0.000000000000000000
connection 105 22 -2.547797843054170119 0 0.000000000000000000 -0.000000000000000000
connection 106 22 -0.719797633000681003 0 0.000000000000000000 -0.000000000000000000
connection 107 22 -3.551274902021805069 0 0.000000000000000000 -0.000000000000000000
connection 35 23 -5.746438030918151085 0 0.000000000000000000 -0.000000000000000000
connection 100 23 -4.357690372340447205 0 0.000000000000000000 -0.000000000000000000
connection 101 23 -2.030494061127707361 0 0.000000000000000000 -0.000000000000000000
connection 103 23 -3.128632731940956369 0 0.000000000000000000 -0.000000000000000000
connection 38 23 -4.381599858657933666 0 0.000000000000000000 -0.000000000000000000
connection 35 24 -6.109187131237120205 0 0.000000000000000000 -0.000000000000000000
connection 36 24 -4.055466001062139725 0 0.000000000000000000 -0.000000000000000000
connection 38 24 -5.246365616037784285 0 0.000000000000000000 -0.000000000000000000
connection 40 25 -5.471738431877641418 0 0.000000000000000000 -0.000000000000000000
connection 40 26 -5.937557987644467516 0 0.000000000000000000 -0.000000000000000000
NNend

