NNstart
8 6
neuron 1 1.000000000000000000 0.000000000000000000 0.000000000000000000 -0.000000000000000000 11 0.000000000000000000
neuron 1 1.000000000000000000 0.000000000000000000 0.000000000000000000 -0.000000000000000000 11 0.000000000000000000
neuron 1 1.000000000000000000 0.000000000000000000 0.000000000000000000 -0.000000000000000000 11 0.000000000000000000
neuron 1 1.000000000000000000 0.000000000000000000 0.000000000000000000 -0.000000000000000000 11 0.000000000000000000
neuron 1 1.000000000000000000 0.000000000000000000 0.000000000000000000 -0.000000000000000000 11 0.000000000000000000
neuron 1 1.000000000000000000 0.000000000000000000 0.000000000000000000 -0.000000000000000000 11 0.000000000000000000
neuron 1 1.000000000000000000 0.000000000000000000 0.000000000000000000 -0.000000000000000000 11 0.000000000000000000
neuron 2 1.000000000000000000 0.000000000000000000 0.000000000000000000 0.000000000000000000 11 0.000000000000000000
neuron 4 1.000000000000000000 0.000000000000000000 0.000000000000000000 -0.000000000000000000 1 0.000000000000000000
neuron 4 1.000000000000000000 0.000000000000000000 0.000000000000000000 -0.000000000000000000 1 0.000000000000000000
neuron 4 1.000000000000000000 0.000000000000000000 0.000000000000000000 -0.000000000000000000 1 0.000000000000000000
neuron 4 1.000000000000000000 0.000000000000000000 0.000000000000000000 -0.000000000000000000 1 0.000000000000000000
neuron 4 1.000000000000000000 0.000000000000000000 0.000000000000000000 -0.000000000000000000 1 0.000000000000000000
neuron 4 1.000000000000000000 0.000000000000000000 0.000000000000000000 -0.000000000000000000 1 0.000000000000000000
neuron 3 1.000000000000000000 0.000000000000000000 0.000000000000000000 -0.000000000000000000 0 0.000000000000000000
neuron 3 1.000000000000000000 0.000000000000000000 0.000000000000000000 -0.000000000000000000 0 0.000000000000000000
neuron 3 1.000000000000000000 0.000000000000000000 0.000000000000000000 -0.000000000000000000 0 0.000000000000000000
neuron 3 1.000000000000000000 0.000000000000000000 0.000000000000000000 -0.000000000000000000 0 0.000000000000000000
neuron 3 1.000000000000000000 0.000000000000000000 0.000000000000000000 -0.000000000000000000 0 0.000000000000000000
neuron 3 1.000000000000000000 0.000000000000000000 0.000000000000000000 -0.000000000000000000 0 0.000000000000000000
neuron 3 1.000000000000000000 0.000000000000000000 0.000000000000000000 -0.000000000000000000 0 0.000000000000000000
neuron 3 1.000000000000000000 0.000000000000000000 0.000000000000000000 -0.000000000000000000 0 0.000000000000000000
neuron 3 1.000000000000000000 0.000000000000000000 0.000000000000000000 -0.000000000000000000 0 0.000000000000000000
neuron 3 1.000000000000000000 0.000000000000000000 0.000000000000000000 -0.000000000000000000 0 0.000000000000000000
neuron 3 1.000000000000000000 0.000000000000000000 0.000000000000000000 -0.000000000000000000 0 0.000000000000000000
neuron 3 1.000000000000000000 0.000000000000000000 0.000000000000000000 -0.000000000000000000 0 0.000000000000000000
neuron 3 1.000000000000000000 0.000000000000000000 0.000000000000000000 -0.000000000000000000 0 0.000000000000000000
neuron 3 1.000000000000000000 0.000000000000000000 0.000000000000000000 -0.000000000000000000 0 0.000000000000000000
neuron 3 1.000000000000000000 0.000000000000000000 0.000000000000000000 -0.000000000000000000 0 0.000000000000000000
neuron 3 1.000000000000000000 0.000000000000000000 0.000000000000000000 -0.000000000000000000 0 0.000000000000000000
neuron 3 1.000000000000000000 0.000000000000000000 0.000000000000000000 -0.000000000000000000 0 0.000000000000000000
neuron 3 1.000000000000000000 0.000000000000000000 0.000000000000000000 -0.000000000000000000 0 0.000000000000000000
neuron 3 1.000000000000000000 0.000000000000000000 0.000000000000000000 -0.000000000000000000 0 0.000000000000000000
neuron 3 1.000000000000000000 0.000000000000000000 0.000000000000000000 -0.000000000000000000 0 0.000000000000000000
neuron 3 1.000000000000000000 0.000000000000000000 0.000000000000000000 -0.000000000000000000 0 0.000000000000000000
neuron 3 1.000000000000000000 0.000000000000000000 0.000000000000000000 -0.000000000000000000 0 0.000000000000000000
neuron 3 1.000000000000000000 0.000000000000000000 0.000000000000000000 -0.000000000000000000 0 0.000000000000000000
neuron 3 1.000000000000000000 0.000000000000000000 0.000000000000000000 -0.000000000000000000 0 0.000000000000000000
neuron 3 1.000000000000000000 0.000000000000000000 0.000000000000000000 -0.000000000000000000 0 0.000000000000000000
neuron 3 1.000000000000000000 0.000000000000000000 0.000000000000000000 -0.000000000000000000 0 0.000000000000000000
neuron 3 1.000000000000000000 0.000000000000000000 0.000000000000000000 -0.000000000000000000 0 0.000000000000000000
neuron 3 1.000000000000000000 0.000000000000000000 0.000000000000000000 -0.000000000000000000 0 0.000000000000000000
neuron 3 1.000000000000000000 0.000000000000000000 0.000000000000000000 -0.000000000000000000 0 0.000000000000000000
neuron 3 1.000000000000000000 0.000000000000000000 0.000000000000000000 -0.000000000000000000 0 0.000000000000000000
neuron 3 1.000000000000000000 0.000000000000000000 0.000000000000000000 -0.000000000000000000 0 0.000000000000000000
neuron 3 1.000000000000000000 0.000000000000000000 0.000000000000000000 -0.000000000000000000 0 0.000000000000000000
neuron 3 1.000000000000000000 0.000000000000000000 0.000000000000000000 -0.000000000000000000 0 0.000000000000000000
neuron 3 1.000000000000000000 0.000000000000000000 0.000000000000000000 -0.000000000000000000 0 0.000000000000000000
neuron 3 1.000000000000000000 0.000000000000000000 0.000000000000000000 -0.000000000000000000 0 0.000000000000000000
neuron 3 1.000000000000000000 0.000000000000000000 0.000000000000000000 -0.000000000000000000 0 0.000000000000000000
neuron 3 1.000000000000000000 0.000000000000000000 0.000000000000000000 -0.000000000000000000 0 0.000000000000000000
neuron 3 1.000000000000000000 0.000000000000000000 0.000000000000000000 -0.000000000000000000 0 0.000000000000000000
neuron 3 1.000000000000000000 0.000000000000000000 0.000000000000000000 -0.000000000000000000 0 0.000000000000000000
neuron 3 1.000000000000000000 0.000000000000000000 0.000000000000000000 -0.000000000000000000 0 0.000000000000000000
neuron 3 1.000000000000000000 0.000000000000000000 0.000000000000000000 -0.000000000000000000 0 0.000000000000000000
neuron 3 1.000000000000000000 0.000000000000000000 0.000000000000000000 -0.000000000000000000 0 0.000000000000000000
neuron 3 1.000000000000000000 0.000000000000000000 0.000000000000000000 -0.000000000000000000 0 0.000000000000000000
neuron 3 1.000000000000000000 0.000000000000000000 0.000000000000000000 -0.000000000000000000 0 0.000000000000000000
neuron 3 1.000000000000000000 0.000000000000000000 0.000000000000000000 -0.000000000000000000 0 0.000000000000000000
neuron 3 1.000000000000000000 0.000000000000000000 0.000000000000000000 -0.000000000000000000 0 0.000000000000000000
neuron 3 1.000000000000000000 0.000000000000000000 0.000000000000000000 -0.000000000000000000 0 0.000000000000000000
neuron 3 1.000000000000000000 0.000000000000000000 0.000000000000000000 -0.000000000000000000 0 0.000000000000000000
neuron 3 1.000000000000000000 0.000000000000000000 0.000000000000000000 -0.000000000000000000 0 0.000000000000000000
neuron 3 1.000000000000000000 0.000000000000000000 0.000000000000000000 -0.000000000000000000 0 0.000000000000000000
neuron 3 1.000000000000000000 0.000000000000000000 0.000000000000000000 -0.000000000000000000 0 0.000000000000000000
neuron 3 1.000000000000000000 0.000000000000000000 0.000000000000000000 -0.000000000000000000 0 0.000000000000000000
neuron 3 1.000000000000000000 0.000000000000000000 0.000000000000000000 -0.000000000000000000 0 0.000000000000000000
neuron 3 1.000000000000000000 0.000000000000000000 0.000000000000000000 -0.000000000000000000 0 0.000000000000000000
neuron 3 1.000000000000000000 0.000000000000000000 0.000000000000000000 -0.000000000000000000 0 0.000000000000000000
neuron 3 1.000000000000000000 0.000000000000000000 0.000000000000000000 -0.000000000000000000 0 0.000000000000000000
neuron 3 1.000000000000000000 0.000000000000000000 0.000000000000000000 -0.000000000000000000 0 0.000000000000000000
neuron 3 1.000000000000000000 0.000000000000000000 0.000000000000000000 -0.000000000000000000 0 0.000000000000000000
neuron 3 1.000000000000000000 0.000000000000000000 0.000000000000000000 -0.000000000000000000 0 0.000000000000000000
neuron 3 1.000000000000000000 0.000000000000000000 0.000000000000000000 -0.000000000000000000 0 0.000000000000000000
neuron 3 1.000000000000000000 0.000000000000000000 0.000000000000000000 -0.000000000000000000 0 0.000000000000000000
neuron 3 1.000000000000000000 0.000000000000000000 0.000000000000000000 -0.000000000000000000 0 0.000000000000000000
neuron 3 1.000000000000000000 0.000000000000000000 0.000000000000000000 -0.000000000000000000 0 0.000000000000000000
neuron 3 1.000000000000000000 0.000000000000000000 0.000000000000000000 -0.000000000000000000 0 0.000000000000000000
neuron 3 1.000000000000000000 0.000000000000000000 0.000000000000000000 -0.000000000000000000 0 0.000000000000000000
neuron 3 1.000000000000000000 0.000000000000000000 0.000000000000000000 -0.000000000000000000 0 0.000000000000000000
neuron 3 1.000000000000000000 0.000000000000000000 0.000000000000000000 -0.000000000000000000 0 0.000000000000000000
neuron 3 1.000000000000000000 0.000000000000000000 0.000000000000000000 -0.000000000000000000 0 0.000000000000000000
neuron 3 1.000000000000000000 0.000000000000000000 0.000000000000000000 -0.000000000000000000 0 0.000000000000000000
neuron 3 1.000000000000000000 0.000000000000000000 0.000000000000000000 -0.000000000000000000 0 0.000000000000000000
neuron 3 1.000000000000000000 0.000000000000000000 0.000000000000000000 -0.000000000000000000 0 0.000000000000000000
neuron 3 1.000000000000000000 0.000000000000000000 0.000000000000000000 -0.000000000000000000 0 0.000000000000000000
neuron 3 1.000000000000000000 0.000000000000000000 0.000000000000000000 -0.000000000000000000 0 0.000000000000000000
neuron 3 1.000000000000000000 0.000000000000000000 0.000000000000000000 -0.000000000000000000 0 0.000000000000000000
neuron 3 1.000000000000000000 0.000000000000000000 0.000000000000000000 -0.000000000000000000 0 0.000000000000000000
connection 0 14 -7.097915378265697406 0 0.000000000000000000 -0.000000000000000000
connection 0 15 -7.104277309763055825 0 0.000000000000000000 -0.000000000000000000
connection 1 14 -7.097915378265697406 0 0.000000000000000000 -0.000000000000000000
connection 1 15 -7.104277309763055825 0 0.000000000000000000 -0.000000000000000000
connection 2 14 -7.097915378265697406 0 0.000000000000000000 -0.000000000000000000
connection 2 15 -7.104277309763055825 0 0.000000000000000000 -0.000000000000000000
connection 3 14 -7.097915378265697406 0 0.000000000000000000 -0.000000000000000000
connection 3 15 -7.104277309763055825 0 0.000000000000000000 -0.000000000000000000
connection 4 16 -0.936712749655115084 0 0.000000000000000000 -0.000000000000000000
connection 4 17 -1.042222974262233537 0 0.000000000000000000 -0.000000000000000000
connection 4 18 1.162969483999291676 0 0.000000000000000000 -0.000000000000000000
connection 4 19 -3.921692618863266588 0 0.000000000000000000 -0.000000000000000000
connection 4 20 -4.067976737987473612 0 0.000000000000000000 -0.000000000000000000
connection 4 21 -6.508187348383768445 0 0.000000000000000000 -0.000000000000000000
connection 4 22 -6.572029092955549601 0 0.000000000000000000 -0.000000000000000000
connection 4 23 -0.294310151550895294 0 0.000000000000000000 -0.000000000000000000
connection 4 24 -4.208998571580202963 0 0.000000000000000000 -0.000000000000000000
connection 4 25 -4.344784130607656891 0 0.000000000000000000 -0.000000000000000000
connection 4 26 -0.506993442287150820 0 0.000000000000000000 -0.000000000000000000
connection 5 17 -1.042222974262233537 0 0.000000000000000000 -0.000000000000000000
connection 5 19 -3.921692618863266588 0 0.000000000000000000 -0.000000000000000000
connection 5 20 -4.067976737987473612 0 0.000000000000000000 -0.000000000000000000
connection 5 27 -1.147384542135126084 0 0.000000000000000000 -0.000000000000000000
connection 5 28 -1.252139333827549716 0 0.000000000000000000 -0.000000000000000000
connection 5 21 -6.508187348383768445 0 0.000000000000000000 -0.000000000000000000
connection 5 22 -6.572029092955549601 0 0.000000000000000000 -0.000000000000000000
connection 5 23 -0.294310151550895294 0 0.000000000000000000 -0.000000000000000000
connection 5 24 -4.208998571580202963 0 0.000000000000000000 -0.000000000000000000
connection 5 25 -4.344784130607656891 0 0.000000000000000000 -0.000000000000000000
connection 5 26 -0.506993442287150820 0 0.000000000000000000 -0.000000000000000000
connection 6 29 2.648793408689103845 0 0.000000000000000000 -0.000000000000000000
connection 6 30 -4.603964261960362236 0 0.000000000000000000 -0.000000000000000000
connection 6 31 -4.664739986469109034 0 0.000000000000000000 -0.000000000000000000
connection 6 32 2.556635344118350694 0 0.000000000000000000 -0.000000000000000000
connection 6 20 -4.067976737987473612 0 0.000000000000000000 -0.000000000000000000
connection 6 21 -6.508187348383768445 0 0.000000000000000000 -0.000000000000000000
connection 6 22 -6.572029092955549601 0 0.000000000000000000 -0.000000000000000000
connection 6 33 -1.356430370596490853 0 0.000000000000000000 -0.000000000000000000
connection 6 34 -1.460201934676720326 0 0.000000000000000000 -0.000000000000000000
connection 6 24 -4.208998571580202963 0 0.000000000000000000 -0.000000000000000000
connection 6 25 -4.344784130607656891 0 0.000000000000000000 -0.000000000000000000
connection 6 26 -0.506993442287150820 0 0.000000000000000000 -0.000000000000000000
connection 7 19 1.616116421348079868 0 0.000000000000000000 -0.000000000000000000
connection 7 35 2.464081476123384462 0 0.000000000000000000 -0.000000000000000000
connection 7 36 -4.724267058910649020 0 0.000000000000000000 -0.000000000000000000
connection 7 37 -4.782557935085804068 0 0.000000000000000000 -0.000000000000000000
connection 7 38 2.371177277148563078 0 0.000000000000000000 -0.000000000000000000
connection 7 21 -6.508187348383768445 0 0.000000000000000000 -0.000000000000000000
connection 7 22 -6.572029092955549601 0 0.000000000000000000 -0.000000000000000000
connection 7 24 -4.208998571580202963 0 0.000000000000000000 -0.000000000000000000
connection 7 25 -4.344784130607656891 0 0.000000000000000000 -0.000000000000000000
connection 7 39 -1.665970755689033522 0 0.000000000000000000 -0.000000000000000000
connection 14 14 4.826806364918555303 0 0.000000000000000000 -0.000000000000000000
connection 14 21 7.152020900596961717 0 0.000000000000000000 -0.000000000000000000
connection 14 23 1.788081990254577480 0 0.000000000000000000 -0.000000000000000000
connection 14 24 1.906073645113761206 0 0.000000000000000000 -0.000000000000000000
connection 14 25 -2.391207386172371940 0 0.000000000000000000 -0.000000000000000000
connection 14 26 -2.514043253010687096 0 0.000000000000000000 -0.000000000000000000
connection 15 14 -1.767334024667177594 0 0.000000000000000000 -0.000000000000000000
connection 15 21 -1.930769869608544909 0 0.000000000000000000 -0.000000000000000000
connection 15 23 -1.883271675377969023 0 0.000000000000000000 -0.000000000000000000
connection 15 51 -0.889801895402275056 0 0.000000000000000000 -0.000000000000000000
connection 15 25 2.248388678593224110 0 0.000000000000000000 -0.000000000000000000
connection 15 26 2.357862729133575641 0 0.000000000000000000 -0.000000000000000000
connection 16 14 4.140655792507200950 0 0.000000000000000000 -0.000000000000000000
connection 16 53 7.135464089144935684 0 0.000000000000000000 -0.000000000000000000
connection 16 54 3.771748138627788016 0 0.000000000000000000 -0.000000000000000000
connection 16 55 6.805557907844821841 0 0.000000000000000000 -0.000000000000000000
connection 16 56 2.356099168827169521 0 0.000000000000000000 -0.000000000000000000
connection 16 23 -1.230787086140180620 0 0.000000000000000000 -0.000000000000000000
connection 16 24 -1.095734178024833527 0 0.000000000000000000 -0.000000000000000000
connection 16 25 -4.695158719163286420 0 0.000000000000000000 -0.000000000000000000
connection 17 14 4.140655792507200950 0 0.000000000000000000 -0.000000000000000000
connection 17 53 7.135464089144935684 0 0.000000000000000000 -0.000000000000000000
connection 17 54 6.793266808681785562 0 0.000000000000000000 -0.000000000000000000
connection 17 55 6.805557907844821841 0 0.000000000000000000 -0.000000000000000000
connection 17 56 6.237806695297941850 0 0.000000000000000000 -0.000000000000000000
connection 17 23 -1.230787086140180620 0 0.000000000000000000 -0.000000000000000000
connection 17 24 -1.095734178024833527 0 0.000000000000000000 -0.000000000000000000
connection 17 25 -4.695158719163286420 0 0.000000000000000000 -0.000000000000000000
connection 24 14 -4.077905819413406796 0 0.000000000000000000 -0.000000000000000000
connection 24 21 -4.127341305682543648 0 0.000000000000000000 -0.000000000000000000
connection 24 15 -4.912175281635236423 0 0.000000000000000000 -0.000000000000000000
connection 18 60 1.426090637835802699 0 0.000000000000000000 -0.000000000000000000
connection 18 19 1.549637997007689227 0 0.000000000000000000 -0.000000000000000000
connection 18 20 -2.751270691777054633 0 0.000000000000000000 -0.000000000000000000
connection 18 62 6.326808117848578661 0 0.000000000000000000 -0.000000000000000000
connection 18 63 6.348279544976101363 0 0.000000000000000000 -0.000000000000000000
connection 18 64 5.417376392587664569 0 0.000000000000000000 -0.000000000000000000
connection 18 65 0.593664932317532146 0 0.000000000000000000 -0.000000000000000000
connection 18 53 5.985908100703598578 0 0.000000000000000000 -0.000000000000000000
connection 18 54 4.017587630822768041 0 0.000000000000000000 -0.000000000000000000
connection 18 55 4.068899504324417826 0 0.000000000000000000 -0.000000000000000000
connection 18 56 2.214410966602021080 0 0.000000000000000000 -0.000000000000000000
connection 21 14 -6.924543362918525347 0 0.000000000000000000 -0.000000000000000000
connection 21 21 -4.191548955726219994 0 0.000000000000000000 -0.000000000000000000
connection 21 15 -5.101882180207636175 0 0.000000000000000000 -0.000000000000000000
connection 19 60 1.202816841883543209 0 0.000000000000000000 -0.000000000000000000
connection 19 31 2.044769675033830225 0 0.000000000000000000 -0.000000000000000000
connection 19 32 2.101760395303930551 0 0.000000000000000000 -0.000000000000000000
connection 19 20 4.151997538639612628 0 0.000000000000000000 -0.000000000000000000
connection 19 22 4.385138186015758777 0 0.000000000000000000 -0.000000000000000000
connection 19 15 4.293628276521070930 0 0.000000000000000000 -0.000000000000000000
connection 20 17 2.158215607583002349 0 0.000000000000000000 -0.000000000000000000
connection 20 18 2.214127609188856205 0 0.000000000000000000 -0.000000000000000000
connection 20 15 4.293628276521070930 0 0.000000000000000000 -0.000000000000000000
connection 23 16 0.375741845773716276 0 0.000000000000000000 -0.000000000000000000
connection 23 18 -3.258784738095468203 0 0.000000000000000000 -0.000000000000000000
connection 23 19 1.254145268510530764 0 0.000000000000000000 -0.000000000000000000
connection 23 35 4.119640275100291404 0 0.000000000000000000 -0.000000000000000000
connection 23 36 4.068755474861877275 0 0.000000000000000000 -0.000000000000000000
connection 23 53 1.014526447515741392 0 0.000000000000000000 -0.000000000000000000
connection 23 22 7.005464163314148784 0 0.000000000000000000 -0.000000000000000000
connection 23 15 4.467983395295829219 0 0.000000000000000000 -0.000000000000000000
connection 26 60 1.374594792376317098 0 0.000000000000000000 -0.000000000000000000
connection 26 19 1.254145268510530764 0 0.000000000000000000 -0.000000000000000000
connection 26 75 4.220099585476956960 0 0.000000000000000000 -0.000000000000000000
connection 26 27 4.170090364723362697 0 0.000000000000000000 -0.000000000000000000
connection 26 76 0.987926221626748702 0 0.000000000000000000 -0.000000000000000000
connection 26 53 1.014526447515741392 0 0.000000000000000000 -0.000000000000000000
connection 26 22 7.005464163314148784 0 0.000000000000000000 -0.000000000000000000
connection 26 15 4.467983395295829219 0 0.000000000000000000 -0.000000000000000000
connection 28 60 4.732038288925680902 0 0.000000000000000000 -0.000000000000000000
connection 28 19 7.124936155758812895 0 0.000000000000000000 -0.000000000000000000
connection 28 35 3.628180085844178393 0 0.000000000000000000 -0.000000000000000000
connection 28 36 6.754733672439569681 0 0.000000000000000000 -0.000000000000000000
connection 28 37 2.134859564822789491 0 0.000000000000000000 -0.000000000000000000
connection 28 38 2.078181231183613864 0 0.000000000000000000 -0.000000000000000000
connection 28 21 6.958536321629729571 0 0.000000000000000000 -0.000000000000000000
connection 28 23 -1.230787086140180620 0 0.000000000000000000 -0.000000000000000000
connection 28 24 -1.095734178024833527 0 0.000000000000000000 -0.000000000000000000
connection 28 25 -4.695158719163286420 0 0.000000000000000000 -0.000000000000000000
connection 29 14 4.475052686111168576 0 0.000000000000000000 -0.000000000000000000
connection 29 21 7.008087154378557670 0 0.000000000000000000 -0.000000000000000000
connection 29 23 3.903087300290013939 0 0.000000000000000000 -0.000000000000000000
connection 29 24 3.966345032111527669 0 0.000000000000000000 -0.000000000000000000
connection 29 25 0.657763608580976822 0 0.000000000000000000 -0.000000000000000000
connection 29 26 0.524611275226831819 0 0.000000000000000000 -0.000000000000000000
connection 30 60 -1.859678213702440797 0 0.000000000000000000 -0.000000000000000000
connection 30 29 -2.959479946018457319 0 0.000000000000000000 -0.000000000000000000
connection 30 31 -0.933107071258861165 0 0.000000000000000000 -0.000000000000000000
connection 30 32 -0.865025776074173303 0 0.000000000000000000 -0.000000000000000000
connection 30 20 2.268465006616557922 0 0.000000000000000000 -0.000000000000000000
connection 30 63 2.533226463851218746 0 0.000000000000000000 -0.000000000000000000
connection 30 64 4.334710437734716315 0 0.000000000000000000 -0.000000000000000000
connection 30 65 -1.001069222544961557 0 0.000000000000000000 -0.000000000000000000
connection 30 53 3.395403072548381918 0 0.000000000000000000 -0.000000000000000000
connection 30 22 4.837235691108540792 0 0.000000000000000000 -0.000000000000000000
connection 30 15 4.838737055351962191 0 0.000000000000000000 -0.000000000000000000
connection 31 60 -1.859678213702440797 0 0.000000000000000000 -0.000000000000000000
connection 31 32 -0.865025776074173303 0 0.000000000000000000 -0.000000000000000000
connection 31 20 2.268465006616557922 0 0.000000000000000000 -0.000000000000000000
connection 31 53 3.395403072548381918 0 0.000000000000000000 -0.000000000000000000
connection 31 77 1.201633962189439409 0 0.000000000000000000 -0.000000000000000000
connection 31 78 2.977454635961467755 0 0.000000000000000000 -0.000000000000000000
connection 31 79 3.023991649520016534 0 0.000000000000000000 -0.000000000000000000
connection 31 22 4.837235691108540792 0 0.000000000000000000 -0.000000000000000000
connection 31 15 4.838737055351962191 0 0.000000000000000000 -0.000000000000000000
connection 32 14 4.475052686111168576 0 0.000000000000000000 -0.000000000000000000
connection 32 21 7.008087154378557670 0 0.000000000000000000 -0.000000000000000000
connection 32 23 3.903087300290013939 0 0.000000000000000000 -0.000000000000000000
connection 32 24 3.966345032111527669 0 0.000000000000000000 -0.000000000000000000
connection 32 25 0.657763608580976822 0 0.000000000000000000 -0.000000000000000000
connection 32 26 0.524611275226831819 0 0.000000000000000000 -0.000000000000000000
connection 25 14 -4.077905819413406796 0 0.000000000000000000 -0.000000000000000000
connection 25 21 -4.127341305682543648 0 0.000000000000000000 -0.000000000000000000
connection 25 80 -6.119174068843360459 0 0.000000000000000000 -0.000000000000000000
connection 25 33 -2.122886016942928666 0 0.000000000000000000 -0.000000000000000000
connection 25 34 -5.414342787384253342 0 0.000000000000000000 -0.000000000000000000
connection 25 81 -5.386073862207719998 0 0.000000000000000000 -0.000000000000000000
connection 25 24 -1.511190855525458510 0 0.000000000000000000 -0.000000000000000000
connection 25 82 -4.286012383944989068 0 0.000000000000000000 -0.000000000000000000
connection 25 83 1.076357343764594576 0 0.000000000000000000 -0.000000000000000000
connection 25 84 -2.629950666215151056 0 0.000000000000000000 -0.000000000000000000
connection 25 85 -2.569578027679567001 0 0.000000000000000000 -0.000000000000000000
connection 25 26 -3.419066317021856705 0 0.000000000000000000 -0.000000000000000000
connection 27 60 4.732038288925680902 0 0.000000000000000000 -0.000000000000000000
connection 27 19 7.124936155758812895 0 0.000000000000000000 -0.000000000000000000
connection 27 20 2.958841429657764976 0 0.000000000000000000 -0.000000000000000000
connection 27 53 7.135464089144935684 0 0.000000000000000000 -0.000000000000000000
connection 27 77 6.767858539690978503 0 0.000000000000000000 -0.000000000000000000
connection 27 87 6.780701627130951259 0 0.000000000000000000 -0.000000000000000000
connection 27 78 2.246588563322535315 0 0.000000000000000000 -0.000000000000000000
connection 27 79 2.190997839877559805 0 0.000000000000000000 -0.000000000000000000
connection 27 23 -1.230787086140180620 0 0.000000000000000000 -0.000000000000000000
connection 27 24 -1.095734178024833527 0 0.000000000000000000 -0.000000000000000000
connection 27 25 -4.695158719163286420 0 0.000000000000000000 -0.000000000000000000
connection 33 16 -1.889789746395736492 0 0.000000000000000000 -0.000000000000000000
connection 33 17 -0.342295147897261454 0 0.000000000000000000 -0.000000000000000000
connection 33 18 -5.209026959689123437 0 0.000000000000000000 -0.000000000000000000
connection 33 19 -1.240922599719922026 0 0.000000000000000000 -0.000000000000000000
connection 33 35 1.494224448077471346 0 0.000000000000000000 -0.000000000000000000
connection 33 36 1.433816913479063926 0 0.000000000000000000 -0.000000000000000000
connection 33 38 -2.201829035334049056 0 0.000000000000000000 -0.000000000000000000
connection 33 53 -1.424359944920820187 0 0.000000000000000000 -0.000000000000000000
connection 33 22 2.768084990223394382 0 0.000000000000000000 -0.000000000000000000
connection 33 23 1.179647663405248625 0 0.000000000000000000 -0.000000000000000000
connection 33 24 1.051382312443923217 0 0.000000000000000000 -0.000000000000000000
connection 33 25 4.142059269947997002 0 0.000000000000000000 -0.000000000000000000
connection 33 26 4.195745743648197745 0 0.000000000000000000 -0.000000000000000000
connection 34 60 -1.146724120094312349 0 0.000000000000000000 -0.000000000000000000
connection 34 19 -1.240922599719922026 0 0.000000000000000000 -0.000000000000000000
connection 34 75 -3.922430338860427579 0 0.000000000000000000 -0.000000000000000000
connection 34 27 1.554684439699187903 0 0.000000000000000000 -0.000000000000000000
connection 34 28 -2.138595807634084078 0 0.000000000000000000 -0.000000000000000000
connection 34 76 -2.074991511242562758 0 0.000000000000000000 -0.000000000000000000
connection 34 53 -1.424359944920820187 0 0.000000000000000000 -0.000000000000000000
connection 34 23 1.179647663405248625 0 0.000000000000000000 -0.000000000000000000
connection 34 88 2.023909082208599663 0 0.000000000000000000 -0.000000000000000000
connection 34 51 2.081092603310051636 0 0.000000000000000000 -0.000000000000000000
connection 34 25 4.142059269947997002 0 0.000000000000000000 -0.000000000000000000
connection 34 26 4.195745743648197745 0 0.000000000000000000 -0.000000000000000000
connection 38 14 4.475052686111168576 0 0.000000000000000000 -0.000000000000000000
connection 38 21 7.008087154378557670 0 0.000000000000000000 -0.000000000000000000
connection 38 23 3.903087300290013939 0 0.000000000000000000 -0.000000000000000000
connection 38 24 3.966345032111527669 0 0.000000000000000000 -0.000000000000000000
connection 38 25 0.657763608580976822 0 0.000000000000000000 -0.000000000000000000
connection 38 26 0.524611275226831819 0 0.000000000000000000 -0.000000000000000000
connection 35 14 4.475052686111168576 0 0.000000000000000000 -0.000000000000000000
connection 35 21 7.008087154378557670 0 0.000000000000000000 -0.000000000000000000
connection 35 23 3.903087300290013939 0 0.000000000000000000 -0.000000000000000000
connection 35 24 3.966345032111527669 0 0.000000000000000000 -0.000000000000000000
connection 35 25 0.657763608580976822 0 0.000000000000000000 -0.000000000000000000
connection 35 26 0.524611275226831819 0 0.000000000000000000 -0.000000000000000000
connection 37 18 -0.728569808824793275 0 0.000000000000000000 -0.000000000000000000
connection 37 19 3.616194218198308441 0 0.000000000000000000 -0.000000000000000000
connection 37 22 4.837235691108540792 0 0.000000000000000000 -0.000000000000000000
connection 37 15 4.838737055351962191 0 0.000000000000000000 -0.000000000000000000
connection 36 17 -0.796841316683373657 0 0.000000000000000000 -0.000000000000000000
connection 36 18 -0.728569808824793275 0 0.000000000000000000 -0.000000000000000000
connection 36 19 3.616194218198308441 0 0.000000000000000000 -0.000000000000000000
connection 36 37 3.069907113013944144 0 0.000000000000000000 -0.000000000000000000
connection 36 38 3.115199181183887500 0 0.000000000000000000 -0.000000000000000000
connection 36 22 4.837235691108540792 0 0.000000000000000000 -0.000000000000000000
connection 36 15 4.838737055351962191 0 0.000000000000000000 -0.000000000000000000
connection 39 60 -1.146724120094312349 0 0.000000000000000000 -0.000000000000000000
connection 39 19 -1.240922599719922026 0 0.000000000000000000 -0.000000000000000000
connection 39 20 2.453025281944192226 0 0.000000000000000000 -0.000000000000000000
connection 39 53 -1.424359944920820187 0 0.000000000000000000 -0.000000000000000000
connection 39 34 2.137743507105912766 0 0.000000000000000000 -0.000000000000000000
connection 39 81 2.193853960452155860 0 0.000000000000000000 -0.000000000000000000
connection 39 26 4.195745743648197745 0 0.000000000000000000 -0.000000000000000000
connection 60 8 7.096425793556508488 0 0.000000000000000000 -0.000000000000000000
connection 30 8 1.394292742246933781 0 0.000000000000000000 -0.000000000000000000
connection 31 8 1.394292742246933781 0 0.000000000000000000 -0.000000000000000000
connection 36 8 1.394292742246933781 0 0.000000000000000000 -0.000000000000000000
connection 37 8 1.394292742246933781 0 0.000000000000000000 -0.000000000000000000
connection 80 8 1.731866267199575038 0 0.000000000000000000 -0.000000000000000000
connection 33 8 -2.708094307913909038 0 0.000000000000000000 -0.000000000000000000
connection 34 8 -2.708094307913909038 0 0.000000000000000000 -0.000000000000000000
connection 81 8 1.731866267199575038 0 0.000000000000000000 -0.000000000000000000
connection 24 8 -4.627513924266200007 0 0.000000000000000000 -0.000000000000000000
connection 25 8 -4.627513924266200007 0 0.000000000000000000 -0.000000000000000000
connection 39 8 -2.708094307913909038 0 0.000000000000000000 -0.000000000000000000
connection 80 9 4.635177671532111354 0 0.000000000000000000 -0.000000000000000000
connection 33 9 -0.513081522036366255 0 0.000000000000000000 -0.000000000000000000
connection 34 9 -0.513081522036366255 0 0.000000000000000000 -0.000000000000000000
connection 81 9 4.635177671532111354 0 0.000000000000000000 -0.000000000000000000
connection 24 9 -4.289309117408585337 0 0.000000000000000000 -0.000000000000000000
connection 25 9 -4.289309117408585337 0 0.000000000000000000 -0.000000000000000000
connection 39 9 -0.513081522036366255 0 0.000000000000000000 -0.000000000000000000
connection 63 10 -2.448233018755898271 0 0.000000000000000000 -0.000000000000000000
connection 64 10 -2.448233018755898271 0 0.000000000000000000 -0.000000000000000000
connection 65 10 2.211545094443704063 0 0.000000000000000000 -0.000000000000000000
connection 53 10 -4.593104834666712044 0 0.000000000000000000 -0.000000000000000000
connection 77 10 2.211545094443704063 0 0.000000000000000000 -0.000000000000000000
connection 87 10 -2.448233018755898271 0 0.000000000000000000 -0.000000000000000000
connection 78 10 -2.448233018755898271 0 0.000000000000000000 -0.000000000000000000
connection 33 10 2.545779566083862910 0 0.000000000000000000 -0.000000000000000000
connection 34 10 2.545779566083862910 0 0.000000000000000000 -0.000000000000000000
connection 24 10 -3.532009195425453996 0 0.000000000000000000 -0.000000000000000000
connection 25 10 -3.532009195425453996 0 0.000000000000000000 -0.000000000000000000
connection 39 10 2.545779566083862910 0 0.000000000000000000 -0.000000000000000000
connection 16 11 -0.307090331861148147 0 0.000000000000000000 -0.000000000000000000
connection 17 11 -0.307090331861148147 0 0.000000000000000000 -0.000000000000000000
connection 19 11 7.152591617439062688 0 0.000000000000000000 -0.000000000000000000
connection 75 11 -0.257355327794891731 0 0.000000000000000000 -0.000000000000000000
connection 27 11 4.848962086177821540 0 0.000000000000000000 -0.000000000000000000
connection 28 11 4.848962086177821540 0 0.000000000000000000 -0.000000000000000000
connection 76 11 -0.257355327794891731 0 0.000000000000000000 -0.000000000000000000
connection 53 11 -4.208901165770106090 0 0.000000000000000000 -0.000000000000000000
connection 23 11 6.494101019944551467 0 0.000000000000000000 -0.000000000000000000
connection 88 11 -3.386590309156487955 0 0.000000000000000000 -0.000000000000000000
connection 51 11 0.226518624737256563 0 0.000000000000000000 -0.000000000000000000
connection 82 11 0.226518624737256563 0 0.000000000000000000 -0.000000000000000000
connection 83 11 -3.386590309156487955 0 0.000000000000000000 -0.000000000000000000
connection 84 11 -3.386590309156487955 0 0.000000000000000000 -0.000000000000000000
connection 85 11 0.226518624737256563 0 0.000000000000000000 -0.000000000000000000
connection 26 11 6.494101019944551467 0 0.000000000000000000 -0.000000000000000000
connection 19 12 4.108231077802401821 0 0.000000000000000000 -0.000000000000000000
connection 35 12 2.180666379447374403 0 0.000000000000000000 -0.000000000000000000
connection 36 12 7.147516730524801076 0 0.000000000000000000 -0.000000000000000000
connection 37 12 7.147516730524801076 0 0.000000000000000000 -0.000000000000000000
connection 38 12 6.161612577561032644 0 0.000000000000000000 -0.000000000000000000
connection 27 12 -3.587755384326254848 0 0.000000000000000000 -0.000000000000000000
connection 28 12 2.022297406659292918 0 0.000000000000000000 -0.000000000000000000
connection 62 12 3.032522165649090162 0 0.000000000000000000 -0.000000000000000000
connection 63 12 -2.657062587026929990 0 0.000000000000000000 -0.000000000000000000
connection 65 12 3.032522165649090162 0 0.000000000000000000 -0.000000000000000000
connection 77 12 6.515685406207033736 0 0.000000000000000000 -0.000000000000000000
connection 87 12 3.011806582376986174 0 0.000000000000000000 -0.000000000000000000
connection 22 12 -4.782044865224734487 0 0.000000000000000000 -0.000000000000000000
connection 23 12 7.073914821878538817 0 0.000000000000000000 -0.000000000000000000
connection 88 12 -1.718417082479959612 0 0.000000000000000000 -0.000000000000000000
connection 51 12 3.330353615862117422 0 0.000000000000000000 -0.000000000000000000
connection 82 12 3.330353615862117422 0 0.000000000000000000 -0.000000000000000000
connection 83 12 -1.718417082479959612 0 0.000000000000000000 -0.000000000000000000
connection 84 12 -1.718417082479959612 0 0.000000000000000000 -0.000000000000000000
connection 85 12 3.330353615862117422 0 0.000000000000000000 -0.000000000000000000
connection 26 12 7.073914821878538817 0 0.000000000000000000 -0.000000000000000000
connection 29 13 -1.228283050318850878 0 0.000000000000000000 -0.000000000000000000
connection 30 13 3.904285401202724604 0 0.000000000000000000 -0.000000000000000000
connection 31 13 3.904285401202724604 0 0.000000000000000000 -0.000000000000000000
connection 32 13 -1.228283050318850878 0 0.000000000000000000 -0.000000000000000000
connection 35 13 -1.228283050318850878 0 0.000000000000000000 -0.000000000000000000
connection 36 13 3.904285401202724604 0 0.000000000000000000 -0.000000000000000000
connection 37 13 3.904285401202724604 0 0.000000000000000000 -0.000000000000000000
connection 38 13 -1.228283050318850878 0 0.000000000000000000 -0.000000000000000000
connection 62 13 4.611425739451068040 0 0.000000000000000000 -0.000000000000000000
connection 63 13 0.815794353466676170 0 0.000000000000000000 -0.000000000000000000
connection 64 13 0.815794353466676170 0 0.000000000000000000 -0.000000000000000000
connection 65 13 4.611425739451068040 0 0.000000000000000000 -0.000000000000000000
connection 53 13 -5.928504486466976253 0 0.000000000000000000 -0.000000000000000000
connection 54 13 -4.601939918331669155 0 0.000000000000000000 -0.000000000000000000
connection 55 13 -3.198087797967517965 0 0.000000000000000000 -0.000000000000000000
connection 56 13 -3.198087797967517965 0 0.000000000000000000 -0.000000000000000000
connection 77 13 4.611425739451068040 0 0.000000000000000000 -0.000000000000000000
connection 87 13 0.815794353466676170 0 0.000000000000000000 -0.000000000000000000
connection 79 13 7.079813071533586744 0 0.000000000000000000 -0.000000000000000000
connection 22 13 -4.671010281361144045 0 0.000000000000000000 -0.000000000000000000
connection 80 13 3.714884180937809699 0 0.000000000000000000 -0.000000000000000000
connection 33 13 4.687689364493446753 0 0.000000000000000000 -0.000000000000000000
connection 34 13 7.104467752435366990 0 0.000000000000000000 -0.000000000000000000
connection 81 13 6.772801779714762382 0 0.000000000000000000 -0.000000000000000000
connection 88 13 1.015527223452278083 0 0.000000000000000000 -0.000000000000000000
connection 83 13 1.015527223452278083 0 0.000000000000000000 -0.000000000000000000
connection 84 13 1.015527223452278083 0 0.000000000000000000 -0.000000000000000000
connection 26 13 7.120006971272914598 0 0.000000000000000000 -0.000000000000000000
NNend

