NNstart
11 3
neuron 1 1.000000000000000000 0.000000000000000000 0.000000000000000000 -0.000000000000000000 11 0.000000000000000000
neuron 1 1.000000000000000000 0.000000000000000000 0.000000000000000000 -0.000000000000000000 11 0.000000000000000000
neuron 1 1.000000000000000000 0.000000000000000000 0.000000000000000000 -0.000000000000000000 11 0.000000000000000000
neuron 1 1.000000000000000000 0.000000000000000000 0.000000000000000000 -0.000000000000000000 11 0.000000000000000000
neuron 1 1.000000000000000000 0.000000000000000000 0.000000000000000000 -0.000000000000000000 11 0.000000000000000000
neuron 1 1.000000000000000000 0.000000000000000000 0.000000000000000000 -0.000000000000000000 11 0.000000000000000000
neuron 1 1.000000000000000000 0.000000000000000000 0.000000000000000000 -0.000000000000000000 11 0.000000000000000000
neuron 1 1.000000000000000000 0.000000000000000000 0.000000000000000000 -0.000000000000000000 11 0.000000000000000000
neuron 1 1.000000000000000000 0.000000000000000000 0.000000000000000000 -0.000000000000000000 11 0.000000000000000000
neuron 1 1.000000000000000000 0.000000000000000000 0.000000000000000000 -0.000000000000000000 11 0.000000000000000000
neuron 2 1.000000000000000000 0.000000000000000000 0.000000000000000000 0.000000000000000000 11 0.000000000000000000
neuron 4 1.000000000000000000 0.000000000000000000 0.000000000000000000 -0.000000000000000000 1 0.000000000000000000
neuron 4 1.000000000000000000 0.000000000000000000 0.000000000000000000 -0.000000000000000000 1 0.000000000000000000
neuron 4 1.000000000000000000 0.000000000000000000 0.000000000000000000 -0.000000000000000000 1 0.000000000000000000
neuron 3 1.000000000000000000 0.000000000000000000 0.000000000000000000 -0.000000000000000000 0 0.000000000000000000
neuron 3 1.000000000000000000 0.000000000000000000 0.000000000000000000 -0.000000000000000000 0 0.000000000000000000
neuron 3 1.000000000000000000 0.000000000000000000 0.000000000000000000 -0.000000000000000000 0 0.000000000000000000
neuron 3 1.000000000000000000 0.000000000000000000 0.000000000000000000 -0.000000000000000000 0 0.000000000000000000
neuron 3 1.000000000000000000 0.000000000000000000 0.000000000000000000 -0.000000000000000000 0 0.000000000000000000
neuron 3 1.000000000000000000 0.000000000000000000 0.000000000000000000 -0.000000000000000000 0 0.000000000000000000
neuron 3 1.000000000000000000 0.000000000000000000 0.000000000000000000 -0.000000000000000000 0 0.000000000000000000
neuron 3 1.000000000000000000 0.000000000000000000 0.000000000000000000 -0.000000000000000000 0 0.000000000000000000
neuron 3 1.000000000000000000 0.000000000000000000 0.000000000000000000 -0.000000000000000000 0 0.000000000000000000
neuron 3 1.000000000000000000 0.000000000000000000 0.000000000000000000 -0.000000000000000000 0 0.000000000000000000
neuron 3 1.000000000000000000 0.000000000000000000 0.000000000000000000 -0.000000000000000000 0 0.000000000000000000
neuron 3 1.000000000000000000 0.000000000000000000 0.000000000000000000 -0.000000000000000000 0 0.000000000000000000
neuron 3 1.000000000000000000 0.000000000000000000 0.000000000000000000 -0.000000000000000000 0 0.000000000000000000
neuron 3 1.000000000000000000 0.000000000000000000 0.000000000000000000 -0.000000000000000000 0 0.000000000000000000
neuron 3 1.000000000000000000 0.000000000000000000 0.000000000000000000 -0.000000000000000000 0 0.000000000000000000
neuron 3 1.000000000000000000 0.000000000000000000 0.000000000000000000 -0.000000000000000000 0 0.000000000000000000
neuron 3 1.000000000000000000 0.000000000000000000 0.000000000000000000 -0.000000000000000000 0 0.000000000000000000
neuron 3 1.000000000000000000 0.000000000000000000 0.000000000000000000 -0.000000000000000000 0 0.000000000000000000
neuron 3 1.000000000000000000 0.000000000000000000 0.000000000000000000 -0.000000000000000000 0 0.000000000000000000
neuron 3 1.000000000000000000 0.000000000000000000 0.000000000000000000 -0.000000000000000000 0 0.000000000000000000
neuron 3 1.000000000000000000 0.000000000000000000 0.000000000000000000 -0.000000000000000000 0 0.000000000000000000
neuron 3 1.000000000000000000 0.000000000000000000 0.000000000000000000 -0.000000000000000000 0 0.000000000000000000
neuron 3 1.000000000000000000 0.000000000000000000 0.000000000000000000 -0.000000000000000000 0 0.000000000000000000
neuron 3 1.000000000000000000 0.000000000000000000 0.000000000000000000 -0.000000000000000000 0 0.000000000000000000
neuron 3 1.000000000000000000 0.000000000000000000 0.000000000000000000 -0.000000000000000000 0 0.000000000000000000
neuron 3 1.000000000000000000 0.000000000000000000 0.000000000000000000 -0.000000000000000000 0 0.000000000000000000
neuron 3 1.000000000000000000 0.000000000000000000 0.000000000000000000 -0.000000000000000000 0 0.000000000000000000
neuron 3 1.000000000000000000 0.000000000000000000 0.000000000000000000 -0.000000000000000000 0 0.000000000000000000
neuron 3 1.000000000000000000 0.000000000000000000 0.000000000000000000 -0.000000000000000000 0 0.000000000000000000
neuron 3 1.000000000000000000 0.000000000000000000 0.000000000000000000 -0.000000000000000000 0 0.000000000000000000
neuron 3 1.000000000000000000 0.000000000000000000 0.000000000000000000 -0.000000000000000000 0 0.000000000000000000
neuron 3 1.000000000000000000 0.000000000000000000 0.000000000000000000 -0.000000000000000000 0 0.000000000000000000
neuron 3 1.000000000000000000 0.000000000000000000 0.000000000000000000 -0.000000000000000000 0 0.000000000000000000
neuron 3 1.000000000000000000 0.000000000000000000 0.000000000000000000 -0.000000000000000000 0 0.000000000000000000
neuron 3 1.000000000000000000 0.000000000000000000 0.000000000000000000 -0.000000000000000000 0 0.000000000000000000
neuron 3 1.000000000000000000 0.000000000000000000 0.000000000000000000 -0.000000000000000000 0 0.000000000000000000
neuron 3 1.000000000000000000 0.000000000000000000 0.000000000000000000 -0.000000000000000000 0 0.000000000000000000
neuron 3 1.000000000000000000 0.000000000000000000 0.000000000000000000 -0.000000000000000000 0 0.000000000000000000
neuron 3 1.000000000000000000 0.000000000000000000 0.000000000000000000 -0.000000000000000000 0 0.000000000000000000
neuron 3 1.000000000000000000 0.000000000000000000 0.000000000000000000 -0.000000000000000000 0 0.000000000000000000
neuron 3 1.000000000000000000 0.000000000000000000 0.000000000000000000 -0.000000000000000000 0 0.000000000000000000
neuron 3 1.000000000000000000 0.000000000000000000 0.000000000000000000 -0.000000000000000000 0 0.000000000000000000
neuron 3 1.000000000000000000 0.000000000000000000 0.000000000000000000 -0.000000000000000000 0 0.000000000000000000
neuron 3 1.000000000000000000 0.000000000000000000 0.000000000000000000 -0.000000000000000000 0 0.000000000000000000
neuron 3 1.000000000000000000 0.000000000000000000 0.000000000000000000 -0.000000000000000000 0 0.000000000000000000
neuron 3 1.000000000000000000 0.000000000000000000 0.000000000000000000 -0.000000000000000000 0 0.000000000000000000
neuron 3 1.000000000000000000 0.000000000000000000 0.000000000000000000 -0.000000000000000000 0 0.000000000000000000
neuron 3 1.000000000000000000 0.000000000000000000 0.000000000000000000 -0.000000000000000000 0 0.000000000000000000
neuron 3 1.000000000000000000 0.000000000000000000 0.000000000000000000 -0.000000000000000000 0 0.000000000000000000
neuron 3 1.000000000000000000 0.000000000000000000 0.000000000000000000 -0.000000000000000000 0 0.000000000000000000
neuron 3 1.000000000000000000 0.000000000000000000 0.000000000000000000 -0.000000000000000000 0 0.000000000000000000
neuron 3 1.000000000000000000 0.000000000000000000 0.000000000000000000 -0.000000000000000000 0 0.000000000000000000
neuron 3 1.000000000000000000 0.000000000000000000 0.000000000000000000 -0.000000000000000000 0 0.000000000000000000
neuron 3 1.000000000000000000 0.000000000000000000 0.000000000000000000 -0.000000000000000000 0 0.000000000000000000
neuron 3 1.000000000000000000 0.000000000000000000 0.000000000000000000 -0.000000000000000000 0 0.000000000000000000
neuron 3 1.000000000000000000 0.000000000000000000 0.000000000000000000 -0.000000000000000000 0 0.000000000000000000
neuron 3 1.000000000000000000 0.000000000000000000 0.000000000000000000 -0.000000000000000000 0 0.000000000000000000
neuron 3 1.000000000000000000 0.000000000000000000 0.000000000000000000 -0.000000000000000000 0 0.000000000000000000
neuron 3 1.000000000000000000 0.000000000000000000 0.000000000000000000 -0.000000000000000000 0 0.000000000000000000
neuron 3 1.000000000000000000 0.000000000000000000 0.000000000000000000 -0.000000000000000000 0 0.000000000000000000
neuron 3 1.000000000000000000 0.000000000000000000 0.000000000000000000 -0.000000000000000000 0 0.000000000000000000
neuron 3 1.000000000000000000 0.000000000000000000 0.000000000000000000 -0.000000000000000000 0 0.000000000000000000
neuron 3 1.000000000000000000 0.000000000000000000 0.000000000000000000 -0.000000000000000000 0 0.000000000000000000
neuron 3 1.000000000000000000 0.000000000000000000 0.000000000000000000 -0.000000000000000000 0 0.000000000000000000
neuron 3 1.000000000000000000 0.000000000000000000 0.000000000000000000 -0.000000000000000000 0 0.000000000000000000
neuron 3 1.000000000000000000 0.000000000000000000 0.000000000000000000 -0.000000000000000000 0 0.000000000000000000
neuron 3 1.000000000000000000 0.000000000000000000 0.000000000000000000 -0.000000000000000000 0 0.000000000000000000
neuron 3 1.000000000000000000 0.000000000000000000 0.000000000000000000 -0.000000000000000000 0 0.000000000000000000
neuron 3 1.000000000000000000 0.000000000000000000 0.000000000000000000 -0.000000000000000000 0 0.000000000000000000
neuron 3 1.000000000000000000 0.000000000000000000 0.000000000000000000 -0.000000000000000000 0 0.000000000000000000
neuron 3 1.000000000000000000 0.000000000000000000 0.000000000000000000 -0.000000000000000000 0 0.000000000000000000
connection 0 16 -6.788774300628348968 0 0.000000000000000000 -0.000000000000000000
connection 0 17 -4.077729508514775780 0 0.000000000000000000 -0.000000000000000000
connection 0 18 3.548290926245389887 0 0.000000000000000000 -0.000000000000000000
connection 1 18 -4.063130167718828289 0 0.000000000000000000 -0.000000000000000000
connection 1 19 3.558118158751417237 0 0.000000000000000000 -0.000000000000000000
connection 1 20 -4.115187413713896625 0 0.000000000000000000 -0.000000000000000000
connection 1 21 3.522881784246037817 0 0.000000000000000000 -0.000000000000000000
connection 2 23 3.532772102988556373 0 0.000000000000000000 -0.000000000000000000
connection 2 24 -6.775940223001634344 0 0.000000000000000000 -0.000000000000000000
connection 2 19 -4.048504382343638852 0 0.000000000000000000 -0.000000000000000000
connection 2 25 3.567920938875403181 0 0.000000000000000000 -0.000000000000000000
connection 2 21 -4.100656701272217930 0 0.000000000000000000 -0.000000000000000000
connection 3 23 -4.086099233219257165 0 0.000000000000000000 -0.000000000000000000
connection 3 27 3.542637889516505822 0 0.000000000000000000 -0.000000000000000000
connection 3 25 -4.033852274837883556 0 0.000000000000000000 -0.000000000000000000
connection 4 29 -7.996912381211574328 0 0.000000000000000000 -0.000000000000000000
connection 4 30 3.481591818715248365 0 0.000000000000000000 -0.000000000000000000
connection 5 29 -7.999270779842820644 0 0.000000000000000000 -0.000000000000000000
connection 5 30 -4.160757440623886083 0 0.000000000000000000 -0.000000000000000000
connection 5 32 3.491584226478921416 0 0.000000000000000000 -0.000000000000000000
connection 5 33 -4.056904511650204270 0 0.000000000000000000 -0.000000000000000000
connection 5 34 3.562295989461148338 0 0.000000000000000000 -0.000000000000000000
connection 6 29 -7.998594394083498926 0 0.000000000000000000 -0.000000000000000000
connection 6 36 -7.996982952267396527 0 0.000000000000000000 -0.000000000000000000
connection 6 34 -4.042267501089573223 0 0.000000000000000000 -0.000000000000000000
connection 7 16 -3.168657770718002364 0 0.000000000000000000 -0.000000000000000000
connection 7 36 -7.999273793991140913 0 0.000000000000000000 -0.000000000000000000
connection 7 38 -4.131838901886829341 0 0.000000000000000000 -0.000000000000000000
connection 7 39 3.511495099554120536 0 0.000000000000000000 -0.000000000000000000
connection 7 40 3.475843860164719690 0 0.000000000000000000 -0.000000000000000000
connection 8 42 -3.184570571699025354 0 0.000000000000000000 -0.000000000000000000
connection 8 16 4.082545530566780378 0 0.000000000000000000 -0.000000000000000000
connection 8 17 1.076595700696056701 0 0.000000000000000000 -0.000000000000000000
connection 8 36 -7.998570567909266238 0 0.000000000000000000 -0.000000000000000000
connection 8 39 -4.117339058076277425 0 0.000000000000000000 -0.000000000000000000
connection 8 40 -4.169038654090931217 0 0.000000000000000000 -0.000000000000000000
connection 8 44 3.485850437511119004 0 0.000000000000000000 -0.000000000000000000
connection 8 45 3.521413624685927335 0 0.000000000000000000 -0.000000000000000000
connection 9 47 -3.143572883476104085 0 0.000000000000000000 -0.000000000000000000
connection 9 18 1.061753117617997511 0 0.000000000000000000 -0.000000000000000000
connection 9 24 -3.200465265203724652 0 0.000000000000000000 -0.000000000000000000
connection 9 48 4.104271318872613428 0 0.000000000000000000 -0.000000000000000000
connection 9 20 1.114701403676173319 0 0.000000000000000000 -0.000000000000000000
connection 9 49 -3.086454650498940744 0 0.000000000000000000 -0.000000000000000000
connection 9 44 -4.154608575726506992 0 0.000000000000000000 -0.000000000000000000
connection 9 50 3.495832340463350452 0 0.000000000000000000 -0.000000000000000000
connection 9 45 -4.102812321861095235 0 0.000000000000000000 -0.000000000000000000
connection 9 51 3.531307582516098886 0 0.000000000000000000 -0.000000000000000000
connection 10 52 -3.159513852467508599 0 0.000000000000000000 -0.000000000000000000
connection 10 24 4.065563204783905427 0 0.000000000000000000 -0.000000000000000000
connection 10 19 1.046888731563416775 0 0.000000000000000000 -0.000000000000000000
connection 10 53 -3.102458043619765959 0 0.000000000000000000 -0.000000000000000000
connection 10 21 1.099915296360203465 0 0.000000000000000000 -0.000000000000000000
connection 10 49 4.125849805538042148 0 0.000000000000000000 -0.000000000000000000
connection 10 54 3.470087759008118500 0 0.000000000000000000 -0.000000000000000000
connection 10 50 -4.140151302699659475 0 0.000000000000000000 -0.000000000000000000
connection 10 56 -7.996928301560495278 0 0.000000000000000000 -0.000000000000000000
connection 48 38 -0.633774789126078986 0 0.000000000000000000 -0.000000000000000000
connection 48 40 -0.633774789126078986 0 0.000000000000000000 -0.000000000000000000
connection 48 33 -0.633774789126078986 0 0.000000000000000000 -0.000000000000000000
connection 17 42 -4.351062290895653106 0 0.000000000000000000 -0.000000000000000000
connection 17 16 7.821623395179001292 0 0.000000000000000000 -0.000000000000000000
connection 17 17 7.821623395179001292 0 0.000000000000000000 -0.000000000000000000
connection 17 47 -4.351062290895653106 0 0.000000000000000000 -0.000000000000000000
connection 17 18 -4.351062290895653106 0 0.000000000000000000 -0.000000000000000000
connection 17 48 7.821623395179001292 0 0.000000000000000000 -0.000000000000000000
connection 17 20 7.821623395179001292 0 0.000000000000000000 -0.000000000000000000
connection 17 53 -4.351062290895653106 0 0.000000000000000000 -0.000000000000000000
connection 17 21 -4.351062290895653106 0 0.000000000000000000 -0.000000000000000000
connection 17 49 7.821623395179001292 0 0.000000000000000000 -0.000000000000000000
connection 18 52 -1.946592726769204473 0 0.000000000000000000 -0.000000000000000000
connection 18 23 -1.946592726769204473 0 0.000000000000000000 -0.000000000000000000
connection 18 27 2.081385529235763254 0 0.000000000000000000 -0.000000000000000000
connection 18 24 -1.946592726769204473 0 0.000000000000000000 -0.000000000000000000
connection 18 19 -1.946592726769204473 0 0.000000000000000000 -0.000000000000000000
connection 18 25 2.081385529235763254 0 0.000000000000000000 -0.000000000000000000
connection 18 30 -1.946592726769204473 0 0.000000000000000000 -0.000000000000000000
connection 18 32 2.081385529235763254 0 0.000000000000000000 -0.000000000000000000
connection 19 52 -3.651681888028012857 0 0.000000000000000000 -0.000000000000000000
connection 19 23 -3.651681888028012857 0 0.000000000000000000 -0.000000000000000000
connection 19 27 0.567977485884257671 0 0.000000000000000000 -0.000000000000000000
connection 19 24 -3.651681888028012857 0 0.000000000000000000 -0.000000000000000000
connection 19 19 -3.651681888028012857 0 0.000000000000000000 -0.000000000000000000
connection 19 25 0.567977485884257671 0 0.000000000000000000 -0.000000000000000000
connection 19 30 -3.651681888028012857 0 0.000000000000000000 -0.000000000000000000
connection 19 32 0.567977485884257671 0 0.000000000000000000 -0.000000000000000000
connection 20 68 -1.084434932273183883 0 0.000000000000000000 -0.000000000000000000
connection 20 54 -1.084434932273183883 0 0.000000000000000000 -0.000000000000000000
connection 20 69 -1.084434932273183883 0 0.000000000000000000 -0.000000000000000000
connection 20 50 -1.084434932273183883 0 0.000000000000000000 -0.000000000000000000
connection 20 70 -1.084434932273183883 0 0.000000000000000000 -0.000000000000000000
connection 20 45 -1.084434932273183883 0 0.000000000000000000 -0.000000000000000000
connection 24 42 0.979867186231802467 0 0.000000000000000000 -0.000000000000000000
connection 24 16 -3.230881101436483327 0 0.000000000000000000 -0.000000000000000000
connection 24 17 -3.230881101436483327 0 0.000000000000000000 -0.000000000000000000
connection 24 47 0.979867186231802467 0 0.000000000000000000 -0.000000000000000000
connection 24 18 0.979867186231802467 0 0.000000000000000000 -0.000000000000000000
connection 24 48 -3.230881101436483327 0 0.000000000000000000 -0.000000000000000000
connection 24 20 -3.230881101436483327 0 0.000000000000000000 -0.000000000000000000
connection 24 53 0.979867186231802467 0 0.000000000000000000 -0.000000000000000000
connection 24 21 0.979867186231802467 0 0.000000000000000000 -0.000000000000000000
connection 24 49 -3.230881101436483327 0 0.000000000000000000 -0.000000000000000000
connection 21 68 -2.840891876069415733 0 0.000000000000000000 -0.000000000000000000
connection 21 54 -2.840891876069415733 0 0.000000000000000000 -0.000000000000000000
connection 21 73 1.336963557729764718 0 0.000000000000000000 -0.000000000000000000
connection 21 69 -2.840891876069415733 0 0.000000000000000000 -0.000000000000000000
connection 21 50 -2.840891876069415733 0 0.000000000000000000 -0.000000000000000000
connection 21 74 1.336963557729764718 0 0.000000000000000000 -0.000000000000000000
connection 21 70 -2.840891876069415733 0 0.000000000000000000 -0.000000000000000000
connection 21 45 -2.840891876069415733 0 0.000000000000000000 -0.000000000000000000
connection 21 51 1.336963557729764718 0 0.000000000000000000 -0.000000000000000000
connection 21 76 1.336963557729764718 0 0.000000000000000000 -0.000000000000000000
connection 23 68 -4.440932101363334716 0 0.000000000000000000 -0.000000000000000000
connection 23 54 -4.440932101363334716 0 0.000000000000000000 -0.000000000000000000
connection 23 73 -0.294738147934087258 0 0.000000000000000000 -0.000000000000000000
connection 23 69 -4.440932101363334716 0 0.000000000000000000 -0.000000000000000000
connection 23 50 -4.440932101363334716 0 0.000000000000000000 -0.000000000000000000
connection 23 74 -0.294738147934087258 0 0.000000000000000000 -0.000000000000000000
connection 23 70 -4.440932101363334716 0 0.000000000000000000 -0.000000000000000000
connection 23 45 -4.440932101363334716 0 0.000000000000000000 -0.000000000000000000
connection 23 51 -0.294738147934087258 0 0.000000000000000000 -0.000000000000000000
connection 23 76 -0.294738147934087258 0 0.000000000000000000 -0.000000000000000000
connection 25 27 -1.146674507734168458 0 0.000000000000000000 -0.000000000000000000
connection 25 25 -1.146674507734168458 0 0.000000000000000000 -0.000000000000000000
connection 25 32 -1.146674507734168458 0 0.000000000000000000 -0.000000000000000000
connection 44 38 0.567977485884257671 0 0.000000000000000000 -0.000000000000000000
connection 44 39 -3.651681888028012857 0 0.000000000000000000 -0.000000000000000000
connection 44 40 0.567977485884257671 0 0.000000000000000000 -0.000000000000000000
connection 44 44 -3.651681888028012857 0 0.000000000000000000 -0.000000000000000000
connection 44 33 0.567977485884257671 0 0.000000000000000000 -0.000000000000000000
connection 44 34 -3.651681888028012857 0 0.000000000000000000 -0.000000000000000000
connection 27 73 -2.054408479041224034 0 0.000000000000000000 -0.000000000000000000
connection 27 74 -2.054408479041224034 0 0.000000000000000000 -0.000000000000000000
connection 27 51 -2.054408479041224034 0 0.000000000000000000 -0.000000000000000000
connection 27 76 -2.054408479041224034 0 0.000000000000000000 -0.000000000000000000
connection 38 16 -2.054408479041224034 0 0.000000000000000000 -0.000000000000000000
connection 38 17 -2.054408479041224034 0 0.000000000000000000 -0.000000000000000000
connection 38 48 -2.054408479041224034 0 0.000000000000000000 -0.000000000000000000
connection 38 20 -2.054408479041224034 0 0.000000000000000000 -0.000000000000000000
connection 38 49 -2.054408479041224034 0 0.000000000000000000 -0.000000000000000000
connection 29 52 -2.818732831187685139 0 0.000000000000000000 -0.000000000000000000
connection 29 23 -2.818732831187685139 0 0.000000000000000000 -0.000000000000000000
connection 29 27 1.356606149576150999 0 0.000000000000000000 -0.000000000000000000
connection 29 24 -2.818732831187685139 0 0.000000000000000000 -0.000000000000000000
connection 29 19 -2.818732831187685139 0 0.000000000000000000 -0.000000000000000000
connection 29 25 1.356606149576150999 0 0.000000000000000000 -0.000000000000000000
connection 29 30 -2.818732831187685139 0 0.000000000000000000 -0.000000000000000000
connection 29 32 1.356606149576150999 0 0.000000000000000000 -0.000000000000000000
connection 39 42 -4.440932101363334716 0 0.000000000000000000 -0.000000000000000000
connection 39 16 -0.294738147934087258 0 0.000000000000000000 -0.000000000000000000
connection 39 17 -0.294738147934087258 0 0.000000000000000000 -0.000000000000000000
connection 39 47 -4.440932101363334716 0 0.000000000000000000 -0.000000000000000000
connection 39 18 -4.440932101363334716 0 0.000000000000000000 -0.000000000000000000
connection 39 48 -0.294738147934087258 0 0.000000000000000000 -0.000000000000000000
connection 39 20 -0.294738147934087258 0 0.000000000000000000 -0.000000000000000000
connection 39 53 -4.440932101363334716 0 0.000000000000000000 -0.000000000000000000
connection 39 21 -4.440932101363334716 0 0.000000000000000000 -0.000000000000000000
connection 39 49 -0.294738147934087258 0 0.000000000000000000 -0.000000000000000000
connection 42 16 7.980704203207280578 0 0.000000000000000000 -0.000000000000000000
connection 42 17 7.980704203207280578 0 0.000000000000000000 -0.000000000000000000
connection 42 48 7.980704203207280578 0 0.000000000000000000 -0.000000000000000000
connection 42 20 7.980704203207280578 0 0.000000000000000000 -0.000000000000000000
connection 42 49 7.980704203207280578 0 0.000000000000000000 -0.000000000000000000
connection 40 38 -1.146674507734168458 0 0.000000000000000000 -0.000000000000000000
connection 40 40 -1.146674507734168458 0 0.000000000000000000 -0.000000000000000000
connection 40 33 -1.146674507734168458 0 0.000000000000000000 -0.000000000000000000
connection 51 42 -1.084434932273183883 0 0.000000000000000000 -0.000000000000000000
connection 51 47 -1.084434932273183883 0 0.000000000000000000 -0.000000000000000000
connection 51 18 -1.084434932273183883 0 0.000000000000000000 -0.000000000000000000
connection 51 53 -1.084434932273183883 0 0.000000000000000000 -0.000000000000000000
connection 51 21 -1.084434932273183883 0 0.000000000000000000 -0.000000000000000000
connection 45 42 -2.840891876069415733 0 0.000000000000000000 -0.000000000000000000
connection 45 16 1.336963557729764718 0 0.000000000000000000 -0.000000000000000000
connection 45 17 1.336963557729764718 0 0.000000000000000000 -0.000000000000000000
connection 45 47 -2.840891876069415733 0 0.000000000000000000 -0.000000000000000000
connection 45 18 -2.840891876069415733 0 0.000000000000000000 -0.000000000000000000
connection 45 48 1.336963557729764718 0 0.000000000000000000 -0.000000000000000000
connection 45 20 1.336963557729764718 0 0.000000000000000000 -0.000000000000000000
connection 45 53 -2.840891876069415733 0 0.000000000000000000 -0.000000000000000000
connection 45 21 -2.840891876069415733 0 0.000000000000000000 -0.000000000000000000
connection 45 49 1.336963557729764718 0 0.000000000000000000 -0.000000000000000000
connection 47 38 -2.397242772500641106 0 0.000000000000000000 -0.000000000000000000
connection 47 39 1.718110159213534383 0 0.000000000000000000 -0.000000000000000000
connection 47 40 -2.397242772500641106 0 0.000000000000000000 -0.000000000000000000
connection 47 44 1.718110159213534383 0 0.000000000000000000 -0.000000000000000000
connection 47 33 -2.397242772500641106 0 0.000000000000000000 -0.000000000000000000
connection 47 34 1.718110159213534383 0 0.000000000000000000 -0.000000000000000000
connection 50 38 2.081385529235763254 0 0.000000000000000000 -0.000000000000000000
connection 50 39 -1.946592726769204473 0 0.000000000000000000 -0.000000000000000000
connection 50 40 2.081385529235763254 0 0.000000000000000000 -0.000000000000000000
connection 50 44 -1.946592726769204473 0 0.000000000000000000 -0.000000000000000000
connection 50 33 2.081385529235763254 0 0.000000000000000000 -0.000000000000000000
connection 50 34 -1.946592726769204473 0 0.000000000000000000 -0.000000000000000000
connection 52 38 -4.055910688079243265 0 0.000000000000000000 -0.000000000000000000
connection 52 40 -4.055910688079243265 0 0.000000000000000000 -0.000000000000000000
connection 52 33 -4.055910688079243265 0 0.000000000000000000 -0.000000000000000000
connection 16 11 7.978576701567826390 0 0.000000000000000000 -0.000000000000000000
connection 17 11 7.622797888540826072 0 0.000000000000000000 -0.000000000000000000
connection 18 11 7.297178802868169001 0 0.000000000000000000 -0.000000000000000000
connection 48 11 1.485883192003115916 0 0.000000000000000000 -0.000000000000000000
connection 30 11 -3.382992418698754111 0 0.000000000000000000 -0.000000000000000000
connection 32 11 -1.654991990779239197 0 0.000000000000000000 -0.000000000000000000
connection 39 11 1.673624571562487562 0 0.000000000000000000 -0.000000000000000000
connection 70 11 -5.105898399596022763 0 0.000000000000000000 -0.000000000000000000
connection 45 11 2.993058631537830028 0 0.000000000000000000 -0.000000000000000000
connection 51 11 4.031341744045959352 0 0.000000000000000000 -0.000000000000000000
connection 76 11 -3.644150270564070926 0 0.000000000000000000 -0.000000000000000000
connection 47 12 -4.396147490176408823 0 0.000000000000000000 -0.000000000000000000
connection 18 12 3.559466192043474919 0 0.000000000000000000 -0.000000000000000000
connection 19 12 2.386042778089012106 0 0.000000000000000000 -0.000000000000000000
connection 25 12 0.931582362710223100 0 0.000000000000000000 -0.000000000000000000
connection 36 12 -7.999161958777595061 0 0.000000000000000000 -0.000000000000000000
connection 40 12 0.931582362710223100 0 0.000000000000000000 -0.000000000000000000
connection 44 12 2.386042778089012106 0 0.000000000000000000 -0.000000000000000000
connection 69 12 -4.396147490176408823 0 0.000000000000000000 -0.000000000000000000
connection 50 12 3.559466192043474919 0 0.000000000000000000 -0.000000000000000000
connection 56 12 -7.999161958777595061 0 0.000000000000000000 -0.000000000000000000
connection 23 13 1.673624571562487562 0 0.000000000000000000 -0.000000000000000000
connection 20 13 4.031341744045959352 0 0.000000000000000000 -0.000000000000000000
connection 53 13 -5.105898399596022763 0 0.000000000000000000 -0.000000000000000000
connection 21 13 2.993058631537830028 0 0.000000000000000000 -0.000000000000000000
connection 49 13 -3.644150270564070926 0 0.000000000000000000 -0.000000000000000000
connection 68 13 -3.602364725043436078 0 0.000000000000000000 -0.000000000000000000
connection 54 13 4.054704898980374672 0 0.000000000000000000 -0.000000000000000000
connection 73 13 4.838006502430896028 0 0.000000000000000000 -0.000000000000000000
connection 74 13 -1.892609928097322314 0 0.000000000000000000 -0.000000000000000000
connection 33 13 -1.654991990779239197 0 0.000000000000000000 -0.000000000000000000
connection 34 13 -3.382992418698754111 0 0.000000000000000000 -0.000000000000000000
NNend

