NNstart
18 8
neuron 1 1.000000000000000000 0.000000000000000000 0.000000000000000000 -0.000000000000000000 11 0.000000000000000000
neuron 1 1.000000000000000000 0.000000000000000000 0.000000000000000000 -0.000000000000000000 11 0.000000000000000000
neuron 1 1.000000000000000000 0.000000000000000000 0.000000000000000000 -0.000000000000000000 11 0.000000000000000000
neuron 1 1.000000000000000000 0.000000000000000000 0.000000000000000000 -0.000000000000000000 11 0.000000000000000000
neuron 1 1.000000000000000000 0.000000000000000000 0.000000000000000000 -0.000000000000000000 11 0.000000000000000000
neuron 1 1.000000000000000000 0.000000000000000000 0.000000000000000000 -0.000000000000000000 11 0.000000000000000000
neuron 1 1.000000000000000000 0.000000000000000000 0.000000000000000000 -0.000000000000000000 11 0.000000000000000000
neuron 1 1.000000000000000000 0.000000000000000000 0.000000000000000000 -0.000000000000000000 11 0.000000000000000000
neuron 1 1.000000000000000000 0.000000000000000000 0.000000000000000000 -0.000000000000000000 11 0.000000000000000000
neuron 1 1.000000000000000000 0.000000000000000000 0.000000000000000000 -0.000000000000000000 11 0.000000000000000000
neuron 1 1.000000000000000000 0.000000000000000000 0.000000000000000000 -0.000000000000000000 11 0.000000000000000000
neuron 1 1.000000000000000000 0.000000000000000000 0.000000000000000000 -0.000000000000000000 11 0.000000000000000000
neuron 1 1.000000000000000000 0.000000000000000000 0.000000000000000000 -0.000000000000000000 11 0.000000000000000000
neuron 1 1.000000000000000000 0.000000000000000000 0.000000000000000000 -0.000000000000000000 11 0.000000000000000000
neuron 1 1.000000000000000000 0.000000000000000000 0.000000000000000000 -0.000000000000000000 11 0.000000000000000000
neuron 1 1.000000000000000000 0.000000000000000000 0.000000000000000000 -0.000000000000000000 11 0.000000000000000000
neuron 1 1.000000000000000000 0.000000000000000000 0.000000000000000000 -0.000000000000000000 11 0.000000000000000000
neuron 2 1.000000000000000000 0.000000000000000000 0.000000000000000000 0.000000000000000000 11 0.000000000000000000
neuron 4 1.000000000000000000 0.000000000000000000 0.000000000000000000 -0.000000000000000000 1 0.000000000000000000
neuron 4 1.000000000000000000 0.000000000000000000 0.000000000000000000 -0.000000000000000000 1 0.000000000000000000
neuron 4 1.000000000000000000 0.000000000000000000 0.000000000000000000 -0.000000000000000000 1 0.000000000000000000
neuron 4 1.000000000000000000 0.000000000000000000 0.000000000000000000 -0.000000000000000000 1 0.000000000000000000
neuron 4 1.000000000000000000 0.000000000000000000 0.000000000000000000 -0.000000000000000000 1 0.000000000000000000
neuron 4 1.000000000000000000 0.000000000000000000 0.000000000000000000 -0.000000000000000000 1 0.000000000000000000
neuron 4 1.000000000000000000 0.000000000000000000 0.000000000000000000 -0.000000000000000000 1 0.000000000000000000
neuron 4 1.000000000000000000 0.000000000000000000 0.000000000000000000 -0.000000000000000000 1 0.000000000000000000
neuron 3 1.000000000000000000 0.000000000000000000 0.000000000000000000 -0.000000000000000000 0 0.000000000000000000
neuron 3 1.000000000000000000 0.000000000000000000 0.000000000000000000 -0.000000000000000000 0 0.000000000000000000
neuron 3 1.000000000000000000 0.000000000000000000 0.000000000000000000 -0.000000000000000000 0 0.000000000000000000
neuron 3 1.000000000000000000 0.000000000000000000 0.000000000000000000 -0.000000000000000000 0 0.000000000000000000
neuron 3 1.000000000000000000 0.000000000000000000 0.000000000000000000 -0.000000000000000000 0 0.000000000000000000
neuron 3 1.000000000000000000 0.000000000000000000 0.000000000000000000 -0.000000000000000000 0 0.000000000000000000
neuron 3 1.000000000000000000 0.000000000000000000 0.000000000000000000 -0.000000000000000000 0 0.000000000000000000
neuron 3 1.000000000000000000 0.000000000000000000 0.000000000000000000 -0.000000000000000000 0 0.000000000000000000
neuron 3 1.000000000000000000 0.000000000000000000 0.000000000000000000 -0.000000000000000000 0 0.000000000000000000
neuron 3 1.000000000000000000 0.000000000000000000 0.000000000000000000 -0.000000000000000000 0 0.000000000000000000
neuron 3 1.000000000000000000 0.000000000000000000 0.000000000000000000 -0.000000000000000000 0 0.000000000000000000
neuron 3 1.000000000000000000 0.000000000000000000 0.000000000000000000 -0.000000000000000000 0 0.000000000000000000
neuron 3 1.000000000000000000 0.000000000000000000 0.000000000000000000 -0.000000000000000000 0 0.000000000000000000
neuron 3 1.000000000000000000 0.000000000000000000 0.000000000000000000 -0.000000000000000000 0 0.000000000000000000
neuron 3 1.000000000000000000 0.000000000000000000 0.000000000000000000 -0.000000000000000000 0 0.000000000000000000
neuron 3 1.000000000000000000 0.000000000000000000 0.000000000000000000 -0.000000000000000000 0 0.000000000000000000
neuron 3 1.000000000000000000 0.000000000000000000 0.000000000000000000 -0.000000000000000000 0 0.000000000000000000
neuron 3 1.000000000000000000 0.000000000000000000 0.000000000000000000 -0.000000000000000000 0 0.000000000000000000
neuron 3 1.000000000000000000 0.000000000000000000 0.000000000000000000 -0.000000000000000000 0 0.000000000000000000
neuron 3 1.000000000000000000 0.000000000000000000 0.000000000000000000 -0.000000000000000000 0 0.000000000000000000
neuron 3 1.000000000000000000 0.000000000000000000 0.000000000000000000 -0.000000000000000000 0 0.000000000000000000
neuron 3 1.000000000000000000 0.000000000000000000 0.000000000000000000 -0.000000000000000000 0 0.000000000000000000
neuron 3 1.000000000000000000 0.000000000000000000 0.000000000000000000 -0.000000000000000000 0 0.000000000000000000
neuron 3 1.000000000000000000 0.000000000000000000 0.000000000000000000 -0.000000000000000000 0 0.000000000000000000
connection 0 26 -4.341748730432938963 0 0.000000000000000000 -0.000000000000000000
connection 0 27 -1.107314742363002313 0 0.000000000000000000 -0.000000000000000000
connection 0 28 -1.134097533348379594 0 0.000000000000000000 -0.000000000000000000
connection 0 29 -4.356118562072093248 0 0.000000000000000000 -0.000000000000000000
connection 0 30 0.266155028617918010 0 0.000000000000000000 -0.000000000000000000
connection 0 31 -4.373389623612488286 0 0.000000000000000000 -0.000000000000000000
connection 0 32 -1.166430582393389370 0 0.000000000000000000 -0.000000000000000000
connection 0 33 -1.210337236046675313 0 0.000000000000000000 -0.000000000000000000
connection 0 34 -4.396709260569543254 0 0.000000000000000000 -0.000000000000000000
connection 0 35 -4.423117530298222633 0 0.000000000000000000 -0.000000000000000000
connection 0 36 -1.260410801304820083 0 0.000000000000000000 -0.000000000000000000
connection 0 37 -1.302675442858580279 0 0.000000000000000000 -0.000000000000000000
connection 0 38 -4.445253511108486322 0 0.000000000000000000 -0.000000000000000000
connection 0 39 -4.460980394413613048 0 0.000000000000000000 -0.000000000000000000
connection 0 40 -1.332867017813432531 0 0.000000000000000000 -0.000000000000000000
connection 0 41 -1.357301084533859781 0 0.000000000000000000 -0.000000000000000000
connection 0 42 -4.473655976534135270 0 0.000000000000000000 -0.000000000000000000
connection 1 26 -4.212486203642378690 0 0.000000000000000000 -0.000000000000000000
connection 1 27 -0.871109208851962302 0 0.000000000000000000 -0.000000000000000000
connection 1 28 -0.900164474687603078 0 0.000000000000000000 -0.000000000000000000
connection 1 29 -4.228635001335971921 0 0.000000000000000000 -0.000000000000000000
connection 1 30 0.587649773159754973 0 0.000000000000000000 -0.000000000000000000
connection 1 43 0.490411095967323352 0 0.000000000000000000 -0.000000000000000000
connection 1 31 -4.248054001480275232 0 0.000000000000000000 -0.000000000000000000
connection 1 32 -0.935272519614305797 0 0.000000000000000000 -0.000000000000000000
connection 1 33 -0.983002959763350503 0 0.000000000000000000 -0.000000000000000000
connection 1 34 -4.274290979649927102 0 0.000000000000000000 -0.000000000000000000
connection 1 35 -4.304027128521573431 0 0.000000000000000000 -0.000000000000000000
connection 1 36 -1.037515675441197160 0 0.000000000000000000 -0.000000000000000000
connection 1 37 -1.083592408028761556 0 0.000000000000000000 -0.000000000000000000
connection 1 38 -4.328972679869954376 0 0.000000000000000000 -0.000000000000000000
connection 1 44 0.346934357947612904 0 0.000000000000000000 -0.000000000000000000
connection 1 45 0.252501777699940644 0 0.000000000000000000 -0.000000000000000000
connection 1 39 -4.346706961665407043 0 0.000000000000000000 -0.000000000000000000
connection 1 40 -1.116543856327449014 0 0.000000000000000000 -0.000000000000000000
connection 1 41 -1.143233981575471736 0 0.000000000000000000 -0.000000000000000000
connection 1 42 -4.361007383911267965 0 0.000000000000000000 -0.000000000000000000
connection 2 26 -4.067545385957159532 0 0.000000000000000000 -0.000000000000000000
connection 2 27 -0.615881938824959452 0 0.000000000000000000 -0.000000000000000000
connection 2 28 -0.647178656563271337 0 0.000000000000000000 -0.000000000000000000
connection 2 29 -4.085621582180973377 0 0.000000000000000000 -0.000000000000000000
connection 2 30 0.920275119447717338 0 0.000000000000000000 -0.000000000000000000
connection 2 43 0.820025955356338154 0 0.000000000000000000 -0.000000000000000000
connection 2 31 -4.107369967743499828 0 0.000000000000000000 -0.000000000000000000
connection 2 32 -0.685031807503138412 0 0.000000000000000000 -0.000000000000000000
connection 2 33 -0.736558856191079636 0 0.000000000000000000 -0.000000000000000000
connection 2 34 -4.136774595758046402 0 0.000000000000000000 -0.000000000000000000
connection 2 35 -4.170129533810773559 0 0.000000000000000000 -0.000000000000000000
connection 2 36 -0.795498872113023725 0 0.000000000000000000 -0.000000000000000000
connection 2 37 -0.845393834444646441 0 0.000000000000000000 -0.000000000000000000
connection 2 38 -4.198134666694398831 0 0.000000000000000000 -0.000000000000000000
connection 2 44 0.671542936557253611 0 0.000000000000000000 -0.000000000000000000
connection 2 45 0.573449248765954822 0 0.000000000000000000 -0.000000000000000000
connection 2 39 -4.218057424251040466 0 0.000000000000000000 -0.000000000000000000
connection 2 40 -0.881118723535294524 0 0.000000000000000000 -0.000000000000000000
connection 2 41 -0.910081555858031299 0 0.000000000000000000 -0.000000000000000000
connection 2 42 -4.234130738051701925 0 0.000000000000000000 -0.000000000000000000
connection 3 35 -4.020174860828155339 0 0.000000000000000000 -0.000000000000000000
connection 3 36 -0.534567433576736528 0 0.000000000000000000 -0.000000000000000000
connection 3 37 -0.588205694427589076 0 0.000000000000000000 -0.000000000000000000
connection 3 38 -4.051488315092894865 0 0.000000000000000000 -0.000000000000000000
connection 3 44 1.006516649682645204 0 0.000000000000000000 -0.000000000000000000
connection 3 45 0.905654251844654645 0 0.000000000000000000 -0.000000000000000000
connection 3 39 -4.073780552543270872 0 0.000000000000000000 -0.000000000000000000
connection 3 40 -0.626660526962156461 0 0.000000000000000000 -0.000000000000000000
connection 3 41 -0.657867082445466433 0 0.000000000000000000 -0.000000000000000000
connection 3 42 -4.091775256585973075 0 0.000000000000000000 -0.000000000000000000
connection 4 46 0.418742137994918440 0 0.000000000000000000 -0.000000000000000000
connection 4 35 -3.852942873995110151 0 0.000000000000000000 -0.000000000000000000
connection 4 36 -0.255374428390538477 0 0.000000000000000000 -0.000000000000000000
connection 4 37 -0.312586751445987521 0 0.000000000000000000 -0.000000000000000000
connection 4 38 -3.887804058681383790 0 0.000000000000000000 -0.000000000000000000
connection 4 44 1.348557435237250468 0 0.000000000000000000 -0.000000000000000000
connection 4 45 1.245957006497330433 0 0.000000000000000000 -0.000000000000000000
connection 4 39 -3.912641138503889948 0 0.000000000000000000 -0.000000000000000000
connection 4 40 -0.353661168270321735 0 0.000000000000000000 -0.000000000000000000
connection 4 41 -0.387028701656310370 0 0.000000000000000000 -0.000000000000000000
connection 4 42 -3.932701788725736503 0 0.000000000000000000 -0.000000000000000000
connection 5 46 0.745940248006138895 0 0.000000000000000000 -0.000000000000000000
connection 5 47 0.487108748659823121 0 0.000000000000000000 -0.000000000000000000
connection 6 48 -4.619363327552695075 0 0.000000000000000000 -0.000000000000000000
connection 6 46 1.082803149245154417 0 0.000000000000000000 -0.000000000000000000
connection 6 47 0.816615937334820963 0 0.000000000000000000 -0.000000000000000000
connection 7 48 -4.525858943646696275 0 0.000000000000000000 -0.000000000000000000
connection 7 46 1.425934376297725681 0 0.000000000000000000 -0.000000000000000000
connection 7 47 1.155104807103582543 0 0.000000000000000000 -0.000000000000000000
connection 7 49 -4.600527039358813575 0 0.000000000000000000 -0.000000000000000000
connection 8 48 -4.419968546787111485 0 0.000000000000000000 -0.000000000000000000
connection 8 46 1.771569463684793400 0 0.000000000000000000 -0.000000000000000000
connection 8 47 1.499090868531779197 0 0.000000000000000000 -0.000000000000000000
connection 8 49 -4.504497226930103793 0 0.000000000000000000 -0.000000000000000000
connection 9 48 -4.300479960842352511 0 0.000000000000000000 -0.000000000000000000
connection 9 46 2.115715677616540447 0 0.000000000000000000 -0.000000000000000000
connection 9 47 1.844748615830343885 0 0.000000000000000000 -0.000000000000000000
connection 9 49 -4.395828252126056768 0 0.000000000000000000 -0.000000000000000000
connection 10 48 -4.166149074763655591 0 0.000000000000000000 -0.000000000000000000
connection 10 46 2.454315815630988329 0 0.000000000000000000 -0.000000000000000000
connection 10 47 2.188057427003451849 0 0.000000000000000000 -0.000000000000000000
connection 10 49 -4.273299393656930789 0 0.000000000000000000 -0.000000000000000000
connection 11 48 -4.015726294235892446 0 0.000000000000000000 -0.000000000000000000
connection 11 47 2.524968633704208987 0 0.000000000000000000 -0.000000000000000000
connection 11 49 -4.135662863968845748 0 0.000000000000000000 -0.000000000000000000
connection 12 48 -3.847992841802901687 0 0.000000000000000000 -0.000000000000000000
connection 12 49 -3.981672203661177800 0 0.000000000000000000 -0.000000000000000000
connection 13 48 -3.661808490793655224 0 0.000000000000000000 -0.000000000000000000
connection 13 49 -3.810120882258968944 0 0.000000000000000000 -0.000000000000000000
connection 14 48 -3.456171843577910963 0 0.000000000000000000 -0.000000000000000000
connection 14 49 -3.619892620698634378 0 0.000000000000000000 -0.000000000000000000
connection 15 48 -3.230293354879846923 0 0.000000000000000000 -0.000000000000000000
connection 15 49 -3.410024393330990389 0 0.000000000000000000 -0.000000000000000000
connection 16 48 -2.983679862551146034 0 0.000000000000000000 -0.000000000000000000
connection 16 46 4.174080000359863263 0 0.000000000000000000 -0.000000000000000000
connection 16 49 -3.179782051823661693 0 0.000000000000000000 -0.000000000000000000
connection 17 48 -2.716227393805248802 0 0.000000000000000000 -0.000000000000000000
connection 17 46 4.386022428773812543 0 0.000000000000000000 -0.000000000000000000
connection 17 47 4.221018946858982268 0 0.000000000000000000 -0.000000000000000000
connection 17 49 -2.928746956253935441 0 0.000000000000000000 -0.000000000000000000
connection 26 47 2.559454755400728754 0 0.000000000000000000 -0.000000000000000000
connection 34 47 0.399741238360553530 0 0.000000000000000000 -0.000000000000000000
connection 34 49 0.899249805505866751 0 0.000000000000000000 -0.000000000000000000
connection 27 47 0.641730994561602874 0 0.000000000000000000 -0.000000000000000000
connection 27 49 -1.870600799866333874 0 0.000000000000000000 -0.000000000000000000
connection 28 49 0.443664928356244104 0 0.000000000000000000 -0.000000000000000000
connection 29 47 1.837472687956495765 0 0.000000000000000000 -0.000000000000000000
connection 29 49 2.356285150088600400 0 0.000000000000000000 -0.000000000000000000
connection 30 48 -0.431403223055875085 0 0.000000000000000000 -0.000000000000000000
connection 30 46 -0.986063526864774609 0 0.000000000000000000 -0.000000000000000000
connection 30 47 -1.755293373995072903 0 0.000000000000000000 -0.000000000000000000
connection 30 49 -1.483607889889207776 0 0.000000000000000000 -0.000000000000000000
connection 31 47 1.105228665518417364 0 0.000000000000000000 -0.000000000000000000
connection 31 49 1.627419900968773536 0 0.000000000000000000 -0.000000000000000000
connection 33 47 -1.147607255359930800 0 0.000000000000000000 -0.000000000000000000
connection 33 49 -0.786916843061238436 0 0.000000000000000000 -0.000000000000000000
connection 35 47 -0.248908946184921737 0 0.000000000000000000 -0.000000000000000000
connection 35 49 0.207369472569216035 0 0.000000000000000000 -0.000000000000000000
connection 37 48 -0.840668656226266631 0 0.000000000000000000 -0.000000000000000000
connection 37 46 -1.383787298510759989 0 0.000000000000000000 -0.000000000000000000
connection 37 47 -1.929720570224026099 0 0.000000000000000000 -0.000000000000000000
connection 37 49 -1.687510940758358169 0 0.000000000000000000 -0.000000000000000000
connection 38 47 -0.821198437068742848 0 0.000000000000000000 -0.000000000000000000
connection 38 49 -0.420940829912000769 0 0.000000000000000000 -0.000000000000000000
connection 43 48 -1.932022594980504326 0 0.000000000000000000 -0.000000000000000000
connection 43 46 -2.407542679271804431 0 0.000000000000000000 -0.000000000000000000
connection 39 48 0.439628934967991047 0 0.000000000000000000 -0.000000000000000000
connection 39 47 -1.308473919051707179 0 0.000000000000000000 -0.000000000000000000
connection 39 49 -0.969363161541211493 0 0.000000000000000000 -0.000000000000000000
connection 40 48 -1.594322417955466253 0 0.000000000000000000 -0.000000000000000000
connection 40 46 -2.096126802397896949 0 0.000000000000000000 -0.000000000000000000
connection 40 49 -2.016110672475779353 0 0.000000000000000000 -0.000000000000000000
connection 41 48 -2.286071411194914749 0 0.000000000000000000 -0.000000000000000000
connection 41 46 -2.729244143784995913 0 0.000000000000000000 -0.000000000000000000
connection 42 48 -0.334171579619072012 0 0.000000000000000000 -0.000000000000000000
connection 42 46 -0.890362062033022594 0 0.000000000000000000 -0.000000000000000000
connection 42 47 -1.710935329892911083 0 0.000000000000000000 -0.000000000000000000
connection 42 49 -1.432046650730650406 0 0.000000000000000000 -0.000000000000000000
connection 44 48 -3.149546324658986762 0 0.000000000000000000 -0.000000000000000000
connection 44 46 -3.494749413477608702 0 0.000000000000000000 -0.000000000000000000
connection 32 47 -0.630180731469853761 0 0.000000000000000000 -0.000000000000000000
connection 32 49 -0.209348022690159868 0 0.000000000000000000 -0.000000000000000000
connection 36 46 -0.618445124208670149 0 0.000000000000000000 -0.000000000000000000
connection 36 47 -1.579319719300986025 0 0.000000000000000000 -0.000000000000000000
connection 36 49 -1.279732714810328797 0 0.000000000000000000 -0.000000000000000000
connection 45 48 -4.001858623697877704 0 0.000000000000000000 -0.000000000000000000
connection 45 46 -4.225867270060534864 0 0.000000000000000000 -0.000000000000000000
connection 46 46 0.295960673858244983 0 0.000000000000000000 -0.000000000000000000
connection 46 47 -1.063210172225184325 0 0.000000000000000000 -0.000000000000000000
connection 46 49 -0.691751149621925965 0 0.000000000000000000 -0.000000000000000000
connection 47 48 -2.170549066100782021 0 0.000000000000000000 -0.000000000000000000
connection 47 46 -2.624799951707476708 0 0.000000000000000000 -0.000000000000000000
connection 48 48 1.050276626897238330 0 0.000000000000000000 -0.000000000000000000
connection 48 46 1.527924068974553240 0 0.000000000000000000 -0.000000000000000000
connection 49 48 2.893795053110553184 0 0.000000000000000000 -0.000000000000000000
connection 46 18 2.151832159924640386 0 0.000000000000000000 -0.000000000000000000
connection 44 18 -1.846547588662140749 0 0.000000000000000000 -0.000000000000000000
connection 45 18 -3.085659358817013587 0 0.000000000000000000 -0.000000000000000000
connection 43 19 -1.722130561163222717 0 0.000000000000000000 -0.000000000000000000
connection 44 19 -2.991611331659095097 0 0.000000000000000000 -0.000000000000000000
connection 30 20 -1.595624554890196389 0 0.000000000000000000 -0.000000000000000000
connection 43 20 -2.894667381868333500 0 0.000000000000000000 -0.000000000000000000
connection 30 21 -2.794837471300312348 0 0.000000000000000000 -0.000000000000000000
connection 43 21 -3.763964625255863616 0 0.000000000000000000 -0.000000000000000000
connection 47 21 -3.896832677303224468 0 0.000000000000000000 -0.000000000000000000
connection 49 21 2.621696784951360382 0 0.000000000000000000 -0.000000000000000000
connection 49 22 4.344205754936882435 0 0.000000000000000000 -0.000000000000000000
connection 48 24 4.489908656158165812 0 0.000000000000000000 -0.000000000000000000
NNend

