NNstart
18 8
neuron 1 1.000000000000000000 0.000000000000000000 0.000000000000000000 -0.000000000000000000 11 0.000000000000000000
neuron 1 1.000000000000000000 0.000000000000000000 0.000000000000000000 -0.000000000000000000 11 0.000000000000000000
neuron 1 1.000000000000000000 0.000000000000000000 0.000000000000000000 -0.000000000000000000 11 0.000000000000000000
neuron 1 1.000000000000000000 0.000000000000000000 0.000000000000000000 -0.000000000000000000 11 0.000000000000000000
neuron 1 1.000000000000000000 0.000000000000000000 0.000000000000000000 -0.000000000000000000 11 0.000000000000000000
neuron 1 1.000000000000000000 0.000000000000000000 0.000000000000000000 -0.000000000000000000 11 0.000000000000000000
neuron 1 1.000000000000000000 0.000000000000000000 0.000000000000000000 -0.000000000000000000 11 0.000000000000000000
neuron 1 1.000000000000000000 0.000000000000000000 0.000000000000000000 -0.000000000000000000 11 0.000000000000000000
neuron 1 1.000000000000000000 0.000000000000000000 0.000000000000000000 -0.000000000000000000 11 0.000000000000000000
neuron 1 1.000000000000000000 0.000000000000000000 0.000000000000000000 -0.000000000000000000 11 0.000000000000000000
neuron 1 1.000000000000000000 0.000000000000000000 0.000000000000000000 -0.000000000000000000 11 0.000000000000000000
neuron 1 1.000000000000000000 0.000000000000000000 0.000000000000000000 -0.000000000000000000 11 0.000000000000000000
neuron 1 1.000000000000000000 0.000000000000000000 0.000000000000000000 -0.000000000000000000 11 0.000000000000000000
neuron 1 1.000000000000000000 0.000000000000000000 0.000000000000000000 -0.000000000000000000 11 0.000000000000000000
neuron 1 1.000000000000000000 0.000000000000000000 0.000000000000000000 -0.000000000000000000 11 0.000000000000000000
neuron 1 1.000000000000000000 0.000000000000000000 0.000000000000000000 -0.000000000000000000 11 0.000000000000000000
neuron 1 1.000000000000000000 0.000000000000000000 0.000000000000000000 -0.000000000000000000 11 0.000000000000000000
neuron 2 1.000000000000000000 0.000000000000000000 0.000000000000000000 0.000000000000000000 11 0.000000000000000000
neuron 4 1.000000000000000000 0.000000000000000000 0.000000000000000000 -0.000000000000000000 1 0.000000000000000000
neuron 4 1.000000000000000000 0.000000000000000000 0.000000000000000000 -0.000000000000000000 1 0.000000000000000000
neuron 4 1.000000000000000000 0.000000000000000000 0.000000000000000000 -0.000000000000000000 1 0.000000000000000000
neuron 4 1.000000000000000000 0.000000000000000000 0.000000000000000000 -0.000000000000000000 1 0.000000000000000000
neuron 4 1.000000000000000000 0.000000000000000000 0.000000000000000000 -0.000000000000000000 1 0.000000000000000000
neuron 4 1.000000000000000000 0.000000000000000000 0.000000000000000000 -0.000000000000000000 1 0.000000000000000000
neuron 4 1.000000000000000000 0.000000000000000000 0.000000000000000000 -0.000000000000000000 1 0.000000000000000000
neuron 4 1.000000000000000000 0.000000000000000000 0.000000000000000000 -0.000000000000000000 1 0.000000000000000000
neuron 3 1.000000000000000000 0.000000000000000000 0.000000000000000000 -0.000000000000000000 0 0.000000000000000000
neuron 3 1.000000000000000000 0.000000000000000000 0.000000000000000000 -0.000000000000000000 0 0.000000000000000000
neuron 3 1.000000000000000000 0.000000000000000000 0.000000000000000000 -0.000000000000000000 0 0.000000000000000000
neuron 3 1.000000000000000000 0.000000000000000000 0.000000000000000000 -0.000000000000000000 0 0.000000000000000000
neuron 3 1.000000000000000000 0.000000000000000000 0.000000000000000000 -0.000000000000000000 0 0.000000000000000000
neuron 3 1.000000000000000000 0.000000000000000000 0.000000000000000000 -0.000000000000000000 0 0.000000000000000000
neuron 3 1.000000000000000000 0.000000000000000000 0.000000000000000000 -0.000000000000000000 0 0.000000000000000000
neuron 3 1.000000000000000000 0.000000000000000000 0.000000000000000000 -0.000000000000000000 0 0.000000000000000000
neuron 3 1.000000000000000000 0.000000000000000000 0.000000000000000000 -0.000000000000000000 0 0.000000000000000000
neuron 3 1.000000000000000000 0.000000000000000000 0.000000000000000000 -0.000000000000000000 0 0.000000000000000000
neuron 3 1.000000000000000000 0.000000000000000000 0.000000000000000000 -0.000000000000000000 0 0.000000000000000000
neuron 3 1.000000000000000000 0.000000000000000000 0.000000000000000000 -0.000000000000000000 0 0.000000000000000000
neuron 3 1.000000000000000000 0.000000000000000000 0.000000000000000000 -0.000000000000000000 0 0.000000000000000000
neuron 3 1.000000000000000000 0.000000000000000000 0.000000000000000000 -0.000000000000000000 0 0.000000000000000000
neuron 3 1.000000000000000000 0.000000000000000000 0.000000000000000000 -0.000000000000000000 0 0.000000000000000000
neuron 3 1.000000000000000000 0.000000000000000000 0.000000000000000000 -0.000000000000000000 0 0.000000000000000000
neuron 3 1.000000000000000000 0.000000000000000000 0.000000000000000000 -0.000000000000000000 0 0.000000000000000000
neuron 3 1.000000000000000000 0.000000000000000000 0.000000000000000000 -0.000000000000000000 0 0.000000000000000000
neuron 3 1.000000000000000000 0.000000000000000000 0.000000000000000000 -0.000000000000000000 0 0.000000000000000000
neuron 3 1.000000000000000000 0.000000000000000000 0.000000000000000000 -0.000000000000000000 0 0.000000000000000000
neuron 3 1.000000000000000000 0.000000000000000000 0.000000000000000000 -0.000000000000000000 0 0.000000000000000000
neuron 3 1.000000000000000000 0.000000000000000000 0.000000000000000000 -0.000000000000000000 0 0.000000000000000000
neuron 3 1.000000000000000000 0.000000000000000000 0.000000000000000000 -0.000000000000000000 0 0.000000000000000000
neuron 3 1.000000000000000000 0.000000000000000000 0.000000000000000000 -0.000000000000000000 0 0.000000000000000000
neuron 3 1.000000000000000000 0.000000000000000000 0.000000000000000000 -0.000000000000000000 0 0.000000000000000000
neuron 3 1.000000000000000000 0.000000000000000000 0.000000000000000000 -0.000000000000000000 0 0.000000000000000000
neuron 3 1.000000000000000000 0.000000000000000000 0.000000000000000000 -0.000000000000000000 0 0.000000000000000000
neuron 3 1.000000000000000000 0.000000000000000000 0.000000000000000000 -0.000000000000000000 0 0.000000000000000000
neuron 3 1.000000000000000000 0.000000000000000000 0.000000000000000000 -0.000000000000000000 0 0.000000000000000000
neuron 3 1.000000000000000000 0.000000000000000000 0.000000000000000000 -0.000000000000000000 0 0.000000000000000000
neuron 3 1.000000000000000000 0.000000000000000000 0.000000000000000000 -0.000000000000000000 0 0.000000000000000000
neuron 3 1.000000000000000000 0.000000000000000000 0.000000000000000000 -0.000000000000000000 0 0.000000000000000000
neuron 3 1.000000000000000000 0.000000000000000000 0.000000000000000000 -0.000000000000000000 0 0.000000000000000000
neuron 3 1.000000000000000000 0.000000000000000000 0.000000000000000000 -0.000000000000000000 0 0.000000000000000000
neuron 3 1.000000000000000000 0.000000000000000000 0.000000000000000000 -0.000000000000000000 0 0.000000000000000000
neuron 3 1.000000000000000000 0.000000000000000000 0.000000000000000000 -0.000000000000000000 0 0.000000000000000000
neuron 3 1.000000000000000000 0.000000000000000000 0.000000000000000000 -0.000000000000000000 0 0.000000000000000000
neuron 3 1.000000000000000000 0.000000000000000000 0.000000000000000000 -0.000000000000000000 0 0.000000000000000000
neuron 3 1.000000000000000000 0.000000000000000000 0.000000000000000000 -0.000000000000000000 0 0.000000000000000000
neuron 3 1.000000000000000000 0.000000000000000000 0.000000000000000000 -0.000000000000000000 0 0.000000000000000000
neuron 3 1.000000000000000000 0.000000000000000000 0.000000000000000000 -0.000000000000000000 0 0.000000000000000000
neuron 3 1.000000000000000000 0.000000000000000000 0.000000000000000000 -0.000000000000000000 0 0.000000000000000000
neuron 3 1.000000000000000000 0.000000000000000000 0.000000000000000000 -0.000000000000000000 0 0.000000000000000000
neuron 3 1.000000000000000000 0.000000000000000000 0.000000000000000000 -0.000000000000000000 0 0.000000000000000000
neuron 3 1.000000000000000000 0.000000000000000000 0.000000000000000000 -0.000000000000000000 0 0.000000000000000000
neuron 3 1.000000000000000000 0.000000000000000000 0.000000000000000000 -0.000000000000000000 0 0.000000000000000000
neuron 3 1.000000000000000000 0.000000000000000000 0.000000000000000000 -0.000000000000000000 0 0.000000000000000000
neuron 3 1.000000000000000000 0.000000000000000000 0.000000000000000000 -0.000000000000000000 0 0.000000000000000000
neuron 3 1.000000000000000000 0.000000000000000000 0.000000000000000000 -0.000000000000000000 0 0.000000000000000000
neuron 3 1.000000000000000000 0.000000000000000000 0.000000000000000000 -0.000000000000000000 0 0.000000000000000000
neuron 3 1.000000000000000000 0.000000000000000000 0.000000000000000000 -0.000000000000000000 0 0.000000000000000000
neuron 3 1.000000000000000000 0.000000000000000000 0.000000000000000000 -0.000000000000000000 0 0.000000000000000000
neuron 3 1.000000000000000000 0.000000000000000000 0.000000000000000000 -0.000000000000000000 0 0.000000000000000000
neuron 3 1.000000000000000000 0.000000000000000000 0.000000000000000000 -0.000000000000000000 0 0.000000000000000000
neuron 3 1.000000000000000000 0.000000000000000000 0.000000000000000000 -0.000000000000000000 0 0.000000000000000000
neuron 3 1.000000000000000000 0.000000000000000000 0.000000000000000000 -0.000000000000000000 0 0.000000000000000000
neuron 3 1.000000000000000000 0.000000000000000000 0.000000000000000000 -0.000000000000000000 0 0.000000000000000000
neuron 3 1.000000000000000000 0.000000000000000000 0.000000000000000000 -0.000000000000000000 0 0.000000000000000000
neuron 3 1.000000000000000000 0.000000000000000000 0.000000000000000000 -0.000000000000000000 0 0.000000000000000000
neuron 3 1.000000000000000000 0.000000000000000000 0.000000000000000000 -0.000000000000000000 0 0.000000000000000000
neuron 3 1.000000000000000000 0.000000000000000000 0.000000000000000000 -0.000000000000000000 0 0.000000000000000000
neuron 3 1.000000000000000000 0.000000000000000000 0.000000000000000000 -0.000000000000000000 0 0.000000000000000000
neuron 3 1.000000000000000000 0.000000000000000000 0.000000000000000000 -0.000000000000000000 0 0.000000000000000000
neuron 3 1.000000000000000000 0.000000000000000000 0.000000000000000000 -0.000000000000000000 0 0.000000000000000000
neuron 3 1.000000000000000000 0.000000000000000000 0.000000000000000000 -0.000000000000000000 0 0.000000000000000000
neuron 3 1.000000000000000000 0.000000000000000000 0.000000000000000000 -0.000000000000000000 0 0.000000000000000000
neuron 3 1.000000000000000000 0.000000000000000000 0.000000000000000000 -0.000000000000000000 0 0.000000000000000000
neuron 3 1.000000000000000000 0.000000000000000000 0.000000000000000000 -0.000000000000000000 0 0.000000000000000000
neuron 3 1.000000000000000000 0.000000000000000000 0.000000000000000000 -0.000000000000000000 0 0.000000000000000000
neuron 3 1.000000000000000000 0.000000000000000000 0.000000000000000000 -0.000000000000000000 0 0.000000000000000000
neuron 3 1.000000000000000000 0.000000000000000000 0.000000000000000000 -0.000000000000000000 0 0.000000000000000000
neuron 3 1.000000000000000000 0.000000000000000000 0.000000000000000000 -0.000000000000000000 0 0.000000000000000000
neuron 3 1.000000000000000000 0.000000000000000000 0.000000000000000000 -0.000000000000000000 0 0.000000000000000000
neuron 3 1.000000000000000000 0.000000000000000000 0.000000000000000000 -0.000000000000000000 0 0.000000000000000000
neuron 3 1.000000000000000000 0.000000000000000000 0.000000000000000000 -0.000000000000000000 0 0.000000000000000000
neuron 3 1.000000000000000000 0.000000000000000000 0.000000000000000000 -0.000000000000000000 0 0.000000000000000000
connection 0 26 6.547586577722297463 0 0.000000000000000000 -0.000000000000000000
connection 0 27 7.313436912122992517 0 0.000000000000000000 -0.000000000000000000
connection 0 28 7.097884883111839294 0 0.000000000000000000 -0.000000000000000000
connection 0 29 -1.853385081119167443 0 0.000000000000000000 -0.000000000000000000
connection 0 30 1.504760673635346713 0 0.000000000000000000 -0.000000000000000000
connection 0 31 -7.770669625037974093 0 0.000000000000000000 -0.000000000000000000
connection 0 32 2.023927982021933580 0 0.000000000000000000 -0.000000000000000000
connection 0 33 7.353404725039917267 0 0.000000000000000000 -0.000000000000000000
connection 0 34 2.497486118719344006 0 0.000000000000000000 -0.000000000000000000
connection 0 35 6.984179626918331607 0 0.000000000000000000 -0.000000000000000000
connection 0 36 -7.689423256256425532 0 0.000000000000000000 -0.000000000000000000
connection 0 37 -7.993392272761001394 0 0.000000000000000000 -0.000000000000000000
connection 0 38 -7.892206520605898667 0 0.000000000000000000 -0.000000000000000000
connection 0 39 -1.306300127092193231 0 0.000000000000000000 -0.000000000000000000
connection 0 40 -4.806186028683713474 0 0.000000000000000000 -0.000000000000000000
connection 0 41 0.985636269216324190 0 0.000000000000000000 -0.000000000000000000
connection 0 42 7.289009724871718277 0 0.000000000000000000 -0.000000000000000000
connection 0 43 4.178554153321404563 0 0.000000000000000000 -0.000000000000000000
connection 0 44 6.295303898630045580 0 0.000000000000000000 -0.000000000000000000
connection 0 45 -2.927101407281192724 0 0.000000000000000000 -0.000000000000000000
connection 1 26 6.635241125997987766 0 0.000000000000000000 -0.000000000000000000
connection 1 27 7.293395170166575348 0 0.000000000000000000 -0.000000000000000000
connection 1 28 7.137030435714454946 0 0.000000000000000000 -0.000000000000000000
connection 1 29 -1.399726029701481522 0 0.000000000000000000 -0.000000000000000000
connection 1 30 1.074986655138830738 0 0.000000000000000000 -0.000000000000000000
connection 1 31 -7.797131244862648636 0 0.000000000000000000 -0.000000000000000000
connection 1 46 -2.840941032998210325 0 0.000000000000000000 -0.000000000000000000
connection 1 32 2.418955549641268465 0 0.000000000000000000 -0.000000000000000000
connection 1 33 7.338678559832276349 0 0.000000000000000000 -0.000000000000000000
connection 1 34 2.106031659777606979 0 0.000000000000000000 -0.000000000000000000
connection 1 35 7.033603706944349554 0 0.000000000000000000 -0.000000000000000000
connection 1 36 -7.725514331752451724 0 0.000000000000000000 -0.000000000000000000
connection 1 37 -7.993834534692203952 0 0.000000000000000000 -0.000000000000000000
connection 1 38 -7.904210811267024184 0 0.000000000000000000 -0.000000000000000000
connection 1 39 -1.761282198959922107 0 0.000000000000000000 -0.000000000000000000
connection 1 40 -5.114837371171374159 0 0.000000000000000000 -0.000000000000000000
connection 1 41 1.418043246170398675 0 0.000000000000000000 -0.000000000000000000
connection 1 42 7.309530416318432700 0 0.000000000000000000 -0.000000000000000000
connection 1 43 4.452498803365627644 0 0.000000000000000000 -0.000000000000000000
connection 1 47 -5.578590196142885205 0 0.000000000000000000 -0.000000000000000000
connection 1 44 6.404603590054025908 0 0.000000000000000000 -0.000000000000000000
connection 1 45 -2.499612883320276424 0 0.000000000000000000 -0.000000000000000000
connection 2 26 6.715307666517461804 0 0.000000000000000000 -0.000000000000000000
connection 2 27 7.270945979223850664 0 0.000000000000000000 -0.000000000000000000
connection 2 28 7.172558912074221027 0 0.000000000000000000 -0.000000000000000000
connection 2 29 -0.940917252657959335 0 0.000000000000000000 -0.000000000000000000
connection 2 30 0.633304111111214985 0 0.000000000000000000 -0.000000000000000000
connection 2 31 -7.820445083983730505 0 0.000000000000000000 -0.000000000000000000
connection 2 46 -3.256322281175807021 0 0.000000000000000000 -0.000000000000000000
connection 2 32 2.795993074503755338 0 0.000000000000000000 -0.000000000000000000
connection 2 33 7.321884692067264666 0 0.000000000000000000 -0.000000000000000000
connection 2 34 1.697683902358209762 0 0.000000000000000000 -0.000000000000000000
connection 2 35 7.078592200977104731 0 0.000000000000000000 -0.000000000000000000
connection 2 36 -7.757335736161801165 0 0.000000000000000000 -0.000000000000000000
connection 2 37 -7.994233804165409296 0 0.000000000000000000 -0.000000000000000000
connection 2 38 -7.914794484689270604 0 0.000000000000000000 -0.000000000000000000
connection 2 39 -2.208495807312991666 0 0.000000000000000000 -0.000000000000000000
connection 2 41 1.836671939331674608 0 0.000000000000000000 -0.000000000000000000
connection 2 42 7.327765410459871731 0 0.000000000000000000 -0.000000000000000000
connection 2 47 -5.307326341532527358 0 0.000000000000000000 -0.000000000000000000
connection 2 44 6.504561568107452452 0 0.000000000000000000 -0.000000000000000000
connection 2 45 -2.059298834941434730 0 0.000000000000000000 -0.000000000000000000
connection 3 26 6.788411570993160282 0 0.000000000000000000 -0.000000000000000000
connection 3 27 7.245918784896460352 0 0.000000000000000000 -0.000000000000000000
connection 3 28 7.204748923381765202 0 0.000000000000000000 -0.000000000000000000
connection 3 29 -0.480333898177205010 0 0.000000000000000000 -0.000000000000000000
connection 3 31 -7.840983182135284224 0 0.000000000000000000 -0.000000000000000000
connection 3 46 -3.654411936845009201 0 0.000000000000000000 -0.000000000000000000
connection 3 32 3.154016041131353365 0 0.000000000000000000 -0.000000000000000000
connection 3 33 7.302897841535523682 0 0.000000000000000000 -0.000000000000000000
connection 3 34 1.274182602050306423 0 0.000000000000000000 -0.000000000000000000
connection 3 35 7.119502207979643060 0 0.000000000000000000 -0.000000000000000000
connection 3 36 -7.785381810904871358 0 0.000000000000000000 -0.000000000000000000
connection 3 37 -7.994594497296411362 0 0.000000000000000000 -0.000000000000000000
connection 3 38 -7.924129276994863247 0 0.000000000000000000 -0.000000000000000000
connection 3 39 -2.644815979614114632 0 0.000000000000000000 -0.000000000000000000
connection 3 41 2.239517675449948175 0 0.000000000000000000 -0.000000000000000000
connection 3 42 7.343851392387636068 0 0.000000000000000000 -0.000000000000000000
connection 3 47 -5.013647730289929605 0 0.000000000000000000 -0.000000000000000000
connection 3 44 6.595928002984871696 0 0.000000000000000000 -0.000000000000000000
connection 3 45 -1.609115639983726753 0 0.000000000000000000 -0.000000000000000000
connection 4 26 6.855129202068538596 0 0.000000000000000000 -0.000000000000000000
connection 4 28 7.233851285460256797 0 0.000000000000000000 -0.000000000000000000
connection 4 30 -0.274823689456545228 0 0.000000000000000000 -0.000000000000000000
connection 4 31 -7.859075628797295821 0 0.000000000000000000 -0.000000000000000000
connection 4 46 -4.033287935577533290 0 0.000000000000000000 -0.000000000000000000
connection 4 32 3.492373410910607934 0 0.000000000000000000 -0.000000000000000000
connection 4 33 7.281575334649594389 0 0.000000000000000000 -0.000000000000000000
connection 4 34 0.837663829158793782 0 0.000000000000000000 -0.000000000000000000
connection 4 35 7.156657103327129121 0 0.000000000000000000 -0.000000000000000000
connection 4 36 -7.810093797076325117 0 0.000000000000000000 -0.000000000000000000
connection 4 37 -7.994920524471275769 0 0.000000000000000000 -0.000000000000000000
connection 4 38 -7.932366271428767490 0 0.000000000000000000 -0.000000000000000000
connection 4 39 -3.067385395430051176 0 0.000000000000000000 -0.000000000000000000
connection 4 41 2.624976029431922431 0 0.000000000000000000 -0.000000000000000000
connection 4 42 7.357908077381831724 0 0.000000000000000000 -0.000000000000000000
connection 4 47 -4.697431817517976782 0 0.000000000000000000 -0.000000000000000000
connection 4 44 6.679402093840118404 0 0.000000000000000000 -0.000000000000000000
connection 4 45 -1.152258774470929170 0 0.000000000000000000 -0.000000000000000000
connection 5 26 6.915989846536209740 0 0.000000000000000000 -0.000000000000000000
connection 5 28 7.260091179785751692 0 0.000000000000000000 -0.000000000000000000
connection 5 29 0.432763067046383509 0 0.000000000000000000 -0.000000000000000000
connection 5 30 -0.735105577513748165 0 0.000000000000000000 -0.000000000000000000
connection 5 31 -7.875014730261749030 0 0.000000000000000000 -0.000000000000000000
connection 5 46 -4.391469249137687214 0 0.000000000000000000 -0.000000000000000000
connection 5 32 3.810755553899426662 0 0.000000000000000000 -0.000000000000000000
connection 5 33 7.257755740700935654 0 0.000000000000000000 -0.000000000000000000
connection 5 34 0.390635584021633786 0 0.000000000000000000 -0.000000000000000000
connection 5 35 7.190349043287626252 0 0.000000000000000000 -0.000000000000000000
connection 5 36 -7.831864485263456466 0 0.000000000000000000 -0.000000000000000000
connection 5 37 -7.995215350107986119 0 0.000000000000000000 -0.000000000000000000
connection 5 38 -0.228433050820834510 0 0.000000000000000000 -0.000000000000000000
connection 5 39 -3.473688727146627908 0 0.000000000000000000 -0.000000000000000000
connection 5 41 2.991842834942049389 0 0.000000000000000000 -0.000000000000000000
connection 5 47 -4.358919119227123495 0 0.000000000000000000 -0.000000000000000000
connection 5 44 6.755632248209975543 0 0.000000000000000000 -0.000000000000000000
connection 5 45 -0.692069760613577500 0 0.000000000000000000 -0.000000000000000000
connection 6 26 6.971478014581522054 0 0.000000000000000000 -0.000000000000000000
connection 6 28 7.283670153231657451 0 0.000000000000000000 -0.000000000000000000
connection 6 29 0.878925054916761872 0 0.000000000000000000 -0.000000000000000000
connection 6 30 -1.195126802960665202 0 0.000000000000000000 -0.000000000000000000
connection 6 31 -7.889058901114679223 0 0.000000000000000000 -0.000000000000000000
connection 6 46 -4.727920016267617598 0 0.000000000000000000 -0.000000000000000000
connection 6 32 4.109154989937889191 0 0.000000000000000000 -0.000000000000000000
connection 6 35 7.220841343461032125 0 0.000000000000000000 -0.000000000000000000
connection 6 36 -7.851042716546488442 0 0.000000000000000000 -0.000000000000000000
connection 6 37 -7.995482044987978654 0 0.000000000000000000 -0.000000000000000000
connection 6 38 -0.678552212402378618 0 0.000000000000000000 -0.000000000000000000
connection 6 39 -3.861608216519402337 0 0.000000000000000000 -0.000000000000000000
connection 6 41 3.339298785475551590 0 0.000000000000000000 -0.000000000000000000
connection 6 43 7.988411192010948625 0 0.000000000000000000 -0.000000000000000000
connection 6 47 -3.998754050986589981 0 0.000000000000000000 -0.000000000000000000
connection 6 44 6.825217146648459909 0 0.000000000000000000 -0.000000000000000000
connection 6 45 -0.231935639014221151 0 0.000000000000000000 -0.000000000000000000
connection 7 26 7.022035961757598699 0 0.000000000000000000 -0.000000000000000000
connection 7 28 7.304767952749315008 0 0.000000000000000000 -0.000000000000000000
connection 7 29 1.314328590569464383 0 0.000000000000000000 -0.000000000000000000
connection 7 30 -1.651500243779957078 0 0.000000000000000000 -0.000000000000000000
connection 7 31 -7.901436262178806125 0 0.000000000000000000 -0.000000000000000000
connection 7 46 -5.042034983360530909 0 0.000000000000000000 -0.000000000000000000
connection 7 32 4.387823160360655450 0 0.000000000000000000 -0.000000000000000000
connection 7 34 -0.523340615793796204 0 0.000000000000000000 -0.000000000000000000
connection 7 35 7.248370711295732960 0 0.000000000000000000 -0.000000000000000000
connection 7 36 -7.867937665769328959 0 0.000000000000000000 -0.000000000000000000
connection 7 37 -6.999781422084846660 0 0.000000000000000000 -0.000000000000000000
connection 7 38 -1.119143263450744552 0 0.000000000000000000 -0.000000000000000000
connection 7 39 -4.229458355034124040 0 0.000000000000000000 -0.000000000000000000
connection 7 41 3.666881824020920444 0 0.000000000000000000 -0.000000000000000000
connection 7 43 7.989354971322123689 0 0.000000000000000000 -0.000000000000000000
connection 7 47 -3.618013708213075219 0 0.000000000000000000 -0.000000000000000000
connection 7 44 6.888707449739263744 0 0.000000000000000000 -0.000000000000000000
connection 7 45 0.224812615921782505 0 0.000000000000000000 -0.000000000000000000
connection 8 26 7.068066321618527326 0 0.000000000000000000 -0.000000000000000000
connection 8 28 7.323544194983987232 0 0.000000000000000000 -0.000000000000000000
connection 8 29 1.736498856894091558 0 0.000000000000000000 -0.000000000000000000
connection 8 31 -7.912347939585676393 0 0.000000000000000000 -0.000000000000000000
connection 8 46 -5.333609430536536244 0 0.000000000000000000 -0.000000000000000000
connection 8 32 4.647226020240394995 0 0.000000000000000000 -0.000000000000000000
connection 8 34 -0.983901830247250642 0 0.000000000000000000 -0.000000000000000000
connection 8 35 7.273149320720658118 0 0.000000000000000000 -0.000000000000000000
connection 8 36 -7.882822862848760437 0 0.000000000000000000 -0.000000000000000000
connection 8 37 -7.047809584816945971 0 0.000000000000000000 -0.000000000000000000
connection 8 38 -1.547574616015622295 0 0.000000000000000000 -0.000000000000000000
connection 8 41 3.974450770279505996 0 0.000000000000000000 -0.000000000000000000
connection 8 43 7.990201605302996946 0 0.000000000000000000 -0.000000000000000000
connection 8 47 -3.218220800138063442 0 0.000000000000000000 -0.000000000000000000
connection 8 44 6.946607948956088130 0 0.000000000000000000 -0.000000000000000000
connection 8 45 0.674996321124759380 0 0.000000000000000000 -0.000000000000000000
connection 9 26 7.109934763073343156 0 0.000000000000000000 -0.000000000000000000
connection 9 28 7.340139873479056831 0 0.000000000000000000 -0.000000000000000000
connection 9 29 2.143336069109725184 0 0.000000000000000000 -0.000000000000000000
connection 9 31 -7.921971068840975683 0 0.000000000000000000 -0.000000000000000000
connection 9 46 -5.602797411847069142 0 0.000000000000000000 -0.000000000000000000
connection 9 32 4.888000695806706375 0 0.000000000000000000 -0.000000000000000000
connection 9 34 -1.442371680714737092 0 0.000000000000000000 -0.000000000000000000
connection 9 35 7.295366722905829882 0 0.000000000000000000 -0.000000000000000000
connection 9 36 -7.895939926994570257 0 0.000000000000000000 -0.000000000000000000
connection 9 37 -7.091515054832731479 0 0.000000000000000000 -0.000000000000000000
connection 9 38 -1.961573114287146868 0 0.000000000000000000 -0.000000000000000000
connection 9 43 7.990961845211523418 0 0.000000000000000000 -0.000000000000000000
connection 9 47 -2.801337647552585075 0 0.000000000000000000 -0.000000000000000000
connection 9 44 6.999380001929194073 0 0.000000000000000000 -0.000000000000000000
connection 9 45 1.115674220131755767 0 0.000000000000000000 -0.000000000000000000
connection 9 48 -7.984356838729661732 0 0.000000000000000000 -0.000000000000000000
connection 10 26 7.147972608037155950 0 0.000000000000000000 -0.000000000000000000
connection 10 28 7.354678707880038857 0 0.000000000000000000 -0.000000000000000000
connection 10 29 2.533138059402260556 0 0.000000000000000000 -0.000000000000000000
connection 10 30 -2.966280980673888124 0 0.000000000000000000 -0.000000000000000000
connection 10 31 -7.930461514211063268 0 0.000000000000000000 -0.000000000000000000
connection 10 46 -5.850062329661472660 0 0.000000000000000000 -0.000000000000000000
connection 10 32 5.110914873881501563 0 0.000000000000000000 -0.000000000000000000
connection 10 49 -5.500154908078440208 0 0.000000000000000000 -0.000000000000000000
connection 10 34 -1.895380106849108737 0 0.000000000000000000 -0.000000000000000000
connection 10 35 7.315191591566706286 0 0.000000000000000000 -0.000000000000000000
connection 10 36 -7.907502003178319860 0 0.000000000000000000 -0.000000000000000000
connection 10 37 -7.131244350029089851 0 0.000000000000000000 -0.000000000000000000
connection 10 38 -2.359255398296875139 0 0.000000000000000000 -0.000000000000000000
connection 10 43 7.991645169503578394 0 0.000000000000000000 -0.000000000000000000
connection 10 50 7.540115260301557321 0 0.000000000000000000 -0.000000000000000000
connection 10 47 -2.369739323439736811 0 0.000000000000000000 -0.000000000000000000
connection 10 44 7.047444126346906756 0 0.000000000000000000 -0.000000000000000000
connection 10 45 1.544212045449188997 0 0.000000000000000000 -0.000000000000000000
connection 10 48 -7.985726264507455596 0 0.000000000000000000 -0.000000000000000000
connection 11 26 7.182479362389444510 0 0.000000000000000000 -0.000000000000000000
connection 11 28 7.367268340610119814 0 0.000000000000000000 -0.000000000000000000
connection 11 29 2.904604442661512742 0 0.000000000000000000 -0.000000000000000000
connection 11 30 -3.376740658660447369 0 0.000000000000000000 -0.000000000000000000
connection 11 31 -7.937956318085625185 0 0.000000000000000000 -0.000000000000000000
connection 11 46 -6.076123664146152237 0 0.000000000000000000 -0.000000000000000000
connection 11 32 5.316830040995123241 0 0.000000000000000000 -0.000000000000000000
connection 11 49 -5.222250390377810803 0 0.000000000000000000 -0.000000000000000000
connection 11 34 -2.339666808163809897 0 0.000000000000000000 -0.000000000000000000
connection 11 36 1.011782612800520509 0 0.000000000000000000 -0.000000000000000000
connection 11 37 -7.167311042096374152 0 0.000000000000000000 -0.000000000000000000
connection 11 38 -2.739140164372983133 0 0.000000000000000000 -0.000000000000000000
connection 11 47 -1.926165581569318608 0 0.000000000000000000 -0.000000000000000000
connection 11 44 7.091182655144654845 0 0.000000000000000000 -0.000000000000000000
connection 11 45 1.958333632446815020 0 0.000000000000000000 -0.000000000000000000
connection 11 48 -7.986950576876185259 0 0.000000000000000000 -0.000000000000000000
connection 12 26 7.213725127163774786 0 0.000000000000000000 -0.000000000000000000
connection 12 28 7.378001387008553458 0 0.000000000000000000 -0.000000000000000000
connection 12 29 3.256824679806216594 0 0.000000000000000000 -0.000000000000000000
connection 12 30 -3.769291483524378261 0 0.000000000000000000 -0.000000000000000000
connection 12 31 -7.944575897652334184 0 0.000000000000000000 -0.000000000000000000
connection 12 46 -6.281903195194120215 0 0.000000000000000000 -0.000000000000000000
connection 12 32 5.506669208859586107 0 0.000000000000000000 -0.000000000000000000
connection 12 49 -4.921859465023408653 0 0.000000000000000000 -0.000000000000000000
connection 12 34 -2.772177749924478185 0 0.000000000000000000 -0.000000000000000000
connection 12 36 0.551251567776862350 0 0.000000000000000000 -0.000000000000000000
connection 12 37 -7.199998225145067821 0 0.000000000000000000 -0.000000000000000000
connection 12 38 -3.100143156962257063 0 0.000000000000000000 -0.000000000000000000
connection 12 47 -1.473653025155461815 0 0.000000000000000000 -0.000000000000000000
connection 12 44 7.130942379208394577 0 0.000000000000000000 -0.000000000000000000
connection 12 45 2.356152439406030030 0 0.000000000000000000 -0.000000000000000000
connection 12 51 -7.980814988383318820 0 0.000000000000000000 -0.000000000000000000
connection 12 48 -7.988046261149675864 0 0.000000000000000000 -0.000000000000000000
connection 13 26 7.241952867827917473 0 0.000000000000000000 -0.000000000000000000
connection 13 28 7.386956345029275894 0 0.000000000000000000 -0.000000000000000000
connection 13 29 3.589253116095335372 0 0.000000000000000000 -0.000000000000000000
connection 13 30 -4.142141054783653686 0 0.000000000000000000 -0.000000000000000000
connection 13 31 -7.950426007656647975 0 0.000000000000000000 -0.000000000000000000
connection 13 46 -6.468473402181999177 0 0.000000000000000000 -0.000000000000000000
connection 13 32 5.681389370312706966 0 0.000000000000000000 -0.000000000000000000
connection 13 49 -4.598962851091185300 0 0.000000000000000000 -0.000000000000000000
connection 13 34 -3.190150443282718573 0 0.000000000000000000 -0.000000000000000000
connection 13 37 -7.229560851240080410 0 0.000000000000000000 -0.000000000000000000
connection 13 38 -3.441557678315109392 0 0.000000000000000000 -0.000000000000000000
connection 13 47 -1.015450794357886322 0 0.000000000000000000 -0.000000000000000000
connection 13 44 7.167037123058973336 0 0.000000000000000000 -0.000000000000000000
connection 13 45 2.736183954616374425 0 0.000000000000000000 -0.000000000000000000
connection 13 52 -2.562239191934477578 0 0.000000000000000000 -0.000000000000000000
connection 13 53 -7.997308775446112072 0 0.000000000000000000 -0.000000000000000000
connection 13 48 -7.989027823537690587 0 0.000000000000000000 -0.000000000000000000
connection 14 26 7.267380527964975911 0 0.000000000000000000 -0.000000000000000000
connection 14 28 7.394198370389928776 0 0.000000000000000000 -0.000000000000000000
connection 14 29 3.901674417193627953 0 0.000000000000000000 -0.000000000000000000
connection 14 30 -4.493941339670949553 0 0.000000000000000000 -0.000000000000000000
connection 14 31 -7.955599488536188701 0 0.000000000000000000 -0.000000000000000000
connection 14 46 -6.637010012861150443 0 0.000000000000000000 -0.000000000000000000
connection 14 54 7.389390717040669188 0 0.000000000000000000 -0.000000000000000000
connection 14 55 3.688615147989873222 0 0.000000000000000000 -0.000000000000000000
connection 14 56 7.250155701985437240 0 0.000000000000000000 -0.000000000000000000
connection 14 57 6.777017290785346759 0 0.000000000000000000 -0.000000000000000000
connection 14 32 5.841958630770734295 0 0.000000000000000000 -0.000000000000000000
connection 14 49 -4.253917508717724338 0 0.000000000000000000 -0.000000000000000000
connection 14 36 -0.363265262311557702 0 0.000000000000000000 -0.000000000000000000
connection 14 37 -7.256227915613325585 0 0.000000000000000000 -0.000000000000000000
connection 14 38 -3.763023931912826914 0 0.000000000000000000 -0.000000000000000000
connection 14 47 -0.554924645962903029 0 0.000000000000000000 -0.000000000000000000
connection 14 44 7.199750214447078633 0 0.000000000000000000 -0.000000000000000000
connection 14 45 3.097340815883086407 0 0.000000000000000000 -0.000000000000000000
connection 14 52 -2.173800046101272976 0 0.000000000000000000 -0.000000000000000000
connection 14 53 -7.997246115354937679 0 0.000000000000000000 -0.000000000000000000
connection 14 48 -7.989908035551106735 0 0.000000000000000000 -0.000000000000000000
connection 15 30 -4.823786965791236447 0 0.000000000000000000 -0.000000000000000000
connection 15 31 -7.960177819070928251 0 0.000000000000000000 -0.000000000000000000
connection 15 46 -6.788749981046366955 0 0.000000000000000000 -0.000000000000000000
connection 15 54 7.380975147949550674 0 0.000000000000000000 -0.000000000000000000
connection 15 55 3.362403653518067692 0 0.000000000000000000 -0.000000000000000000
connection 15 57 6.844732316794202021 0 0.000000000000000000 -0.000000000000000000
connection 15 32 5.989337749202062078 0 0.000000000000000000 -0.000000000000000000
connection 15 49 -3.887494306081352047 0 0.000000000000000000 -0.000000000000000000
connection 15 36 -0.810842329490259806 0 0.000000000000000000 -0.000000000000000000
connection 15 37 -7.280204481606856959 0 0.000000000000000000 -0.000000000000000000
connection 15 38 -4.064490652728202313 0 0.000000000000000000 -0.000000000000000000
connection 15 44 7.229336821028191196 0 0.000000000000000000 -0.000000000000000000
connection 15 45 3.438913423024194671 0 0.000000000000000000 -0.000000000000000000
connection 15 52 -1.768211979826319391 0 0.000000000000000000 -0.000000000000000000
connection 15 53 -7.997174391364581858 0 0.000000000000000000 -0.000000000000000000
connection 15 48 -7.990698147746635449 0 0.000000000000000000 -0.000000000000000000
connection 16 30 -5.131195672133512353 0 0.000000000000000000 -0.000000000000000000
connection 16 31 -7.964232492077879755 0 0.000000000000000000 -0.000000000000000000
connection 16 46 -6.924955561350156330 0 0.000000000000000000 -0.000000000000000000
connection 16 54 7.370803162093695349 0 0.000000000000000000 -0.000000000000000000
connection 16 55 3.016299768539721704 0 0.000000000000000000 -0.000000000000000000
connection 16 57 6.906507718450871636 0 0.000000000000000000 -0.000000000000000000
connection 16 32 6.124465688022308285 0 0.000000000000000000 -0.000000000000000000
connection 16 49 -3.500902455796920165 0 0.000000000000000000 -0.000000000000000000
connection 16 36 -1.248073014968039240 0 0.000000000000000000 -0.000000000000000000
connection 16 37 -7.301673540856718603 0 0.000000000000000000 -0.000000000000000000
connection 16 38 -4.346172295957284604 0 0.000000000000000000 -0.000000000000000000
connection 16 47 0.359661569937277492 0 0.000000000000000000 -0.000000000000000000
connection 16 44 7.256026136821767558 0 0.000000000000000000 -0.000000000000000000
connection 16 45 3.760539356640583364 0 0.000000000000000000 -0.000000000000000000
connection 16 58 7.357872603860073468 0 0.000000000000000000 -0.000000000000000000
connection 16 52 -1.347146327232896068 0 0.000000000000000000 -0.000000000000000000
connection 16 53 -7.306285609801860481 0 0.000000000000000000 -0.000000000000000000
connection 16 48 -7.991408076642398051 0 0.000000000000000000 -0.000000000000000000
connection 17 30 -5.416074338783867681 0 0.000000000000000000 -0.000000000000000000
connection 17 31 -7.967826230756912764 0 0.000000000000000000 -0.000000000000000000
connection 17 46 -7.046884649920636789 0 0.000000000000000000 -0.000000000000000000
connection 17 54 7.358800490140267492 0 0.000000000000000000 -0.000000000000000000
connection 17 55 2.650742302023990415 0 0.000000000000000000 -0.000000000000000000
connection 17 57 6.962835092611584287 0 0.000000000000000000 -0.000000000000000000
connection 17 32 6.248248698713690708 0 0.000000000000000000 -0.000000000000000000
connection 17 49 -3.095797090267480289 0 0.000000000000000000 -0.000000000000000000
connection 17 36 -1.672427992055475654 0 0.000000000000000000 -0.000000000000000000
connection 17 37 -7.320797708214064947 0 0.000000000000000000 -0.000000000000000000
connection 17 38 -4.608504650284569237 0 0.000000000000000000 -0.000000000000000000
connection 17 47 0.807310075277150374 0 0.000000000000000000 -0.000000000000000000
connection 17 58 7.432348597429819570 0 0.000000000000000000 -0.000000000000000000
connection 17 52 -0.912672986202919811 0 0.000000000000000000 -0.000000000000000000
connection 17 53 -7.285370943731276583 0 0.000000000000000000 -0.000000000000000000
connection 17 48 -7.992046568168595044 0 0.000000000000000000 -0.000000000000000000
connection 26 59 -7.997303799078125053 0 0.000000000000000000 -0.000000000000000000
connection 26 33 -6.022712114316981058 0 0.000000000000000000 -0.000000000000000000
connection 26 34 -7.281306123787150142 0 0.000000000000000000 -0.000000000000000000
connection 26 61 4.645607182743287211 0 0.000000000000000000 -0.000000000000000000
connection 26 36 -7.750465003196594260 0 0.000000000000000000 -0.000000000000000000
connection 26 37 -7.911066418495876107 0 0.000000000000000000 -0.000000000000000000
connection 26 39 1.791714918507834042 0 0.000000000000000000 -0.000000000000000000
connection 26 62 3.802782021216297270 0 0.000000000000000000 -0.000000000000000000
connection 26 63 7.392712849958251731 0 0.000000000000000000 -0.000000000000000000
connection 26 47 0.484117841275231275 0 0.000000000000000000 -0.000000000000000000
connection 26 44 -3.334522866214220116 0 0.000000000000000000 -0.000000000000000000
connection 26 64 6.740380836727904779 0 0.000000000000000000 -0.000000000000000000
connection 26 58 7.179019903388079271 0 0.000000000000000000 -0.000000000000000000
connection 26 52 -0.852106640095156465 0 0.000000000000000000 -0.000000000000000000
connection 26 53 -4.430964346082692629 0 0.000000000000000000 -0.000000000000000000
connection 26 65 3.833010755357307175 0 0.000000000000000000 -0.000000000000000000
connection 26 66 5.784884598507814779 0 0.000000000000000000 -0.000000000000000000
connection 27 59 -7.997449251210707821 0 0.000000000000000000 -0.000000000000000000
connection 27 67 -5.432787133249545874 0 0.000000000000000000 -0.000000000000000000
connection 27 68 -2.321464891447436507 0 0.000000000000000000 -0.000000000000000000
connection 27 69 1.531605598427745685 0 0.000000000000000000 -0.000000000000000000
connection 27 70 4.486148241499476441 0 0.000000000000000000 -0.000000000000000000
connection 27 33 -7.578397044343571309 0 0.000000000000000000 -0.000000000000000000
connection 27 34 -7.852725043090091894 0 0.000000000000000000 -0.000000000000000000
connection 27 35 3.383783820115741303 0 0.000000000000000000 -0.000000000000000000
connection 27 36 -7.945784637034886799 0 0.000000000000000000 -0.000000000000000000
connection 27 37 -7.978080843162911329 0 0.000000000000000000 -0.000000000000000000
connection 27 39 -3.844256951534152478 0 0.000000000000000000 -0.000000000000000000
connection 27 71 7.997280221119105192 0 0.000000000000000000 -0.000000000000000000
connection 27 72 2.283946633340786292 0 0.000000000000000000 -0.000000000000000000
connection 27 62 -1.494099518316463371 0 0.000000000000000000 -0.000000000000000000
connection 27 47 -4.892132094312993118 0 0.000000000000000000 -0.000000000000000000
connection 27 44 -6.799659774088826936 0 0.000000000000000000 -0.000000000000000000
connection 27 64 7.294810145088644227 0 0.000000000000000000 -0.000000000000000000
connection 27 58 7.400138377999707195 0 0.000000000000000000 -0.000000000000000000
connection 27 52 7.980150545058863898 0 0.000000000000000000 -0.000000000000000000
connection 27 53 1.104154808871213866 0 0.000000000000000000 -0.000000000000000000
connection 27 65 6.356737735295503455 0 0.000000000000000000 -0.000000000000000000
connection 27 66 7.005061866300769324 0 0.000000000000000000 -0.000000000000000000
connection 27 73 -2.753067323858260806 0 0.000000000000000000 -0.000000000000000000
connection 28 59 -7.997505190000297581 0 0.000000000000000000 -0.000000000000000000
connection 28 33 -7.451573121084539508 0 0.000000000000000000 -0.000000000000000000
connection 28 34 -7.809375743020600780 0 0.000000000000000000 -0.000000000000000000
connection 28 61 0.851330953967046833 0 0.000000000000000000 -0.000000000000000000
connection 28 35 4.050361194786123775 0 0.000000000000000000 -0.000000000000000000
connection 28 36 -7.931030934099513097 0 0.000000000000000000 -0.000000000000000000
connection 28 37 -7.972847467461307680 0 0.000000000000000000 -0.000000000000000000
connection 28 72 3.076297885178963298 0 0.000000000000000000 -0.000000000000000000
connection 28 62 -0.518019356648877993 0 0.000000000000000000 -0.000000000000000000
connection 28 47 -4.175083814775844893 0 0.000000000000000000 -0.000000000000000000
connection 28 44 -6.459797347367473463 0 0.000000000000000000 -0.000000000000000000
connection 28 65 6.102403776335976637 0 0.000000000000000000 -0.000000000000000000
connection 28 66 6.888006599325898982 0 0.000000000000000000 -0.000000000000000000
connection 28 73 -3.622525785192135306 0 0.000000000000000000 -0.000000000000000000
connection 35 59 -7.989736644129695975 0 0.000000000000000000 -0.000000000000000000
connection 35 67 5.047686121319399533 0 0.000000000000000000 -0.000000000000000000
connection 35 68 6.390526423383660948 0 0.000000000000000000 -0.000000000000000000
connection 35 69 7.020527297370877662 0 0.000000000000000000 -0.000000000000000000
connection 35 74 7.953211580708857475 0 0.000000000000000000 -0.000000000000000000
connection 35 75 -2.618060876540333481 0 0.000000000000000000 -0.000000000000000000
connection 35 76 0.717040737505440728 0 0.000000000000000000 -0.000000000000000000
connection 35 77 4.328883726610111005 0 0.000000000000000000 -0.000000000000000000
connection 35 78 -2.922126942217611489 0 0.000000000000000000 -0.000000000000000000
connection 35 79 -7.404885549676334833 0 0.000000000000000000 -0.000000000000000000
connection 35 33 -4.571475339931379445 0 0.000000000000000000 -0.000000000000000000
connection 35 34 -6.158045785884150192 0 0.000000000000000000 -0.000000000000000000
connection 35 36 -6.913707718474782382 0 0.000000000000000000 -0.000000000000000000
connection 35 37 -7.255592131772758968 0 0.000000000000000000 -0.000000000000000000
connection 35 38 -0.351919130993650131 0 0.000000000000000000 -0.000000000000000000
connection 35 39 3.452121323422783217 0 0.000000000000000000 -0.000000000000000000
connection 44 59 -7.995222576956170890 0 0.000000000000000000 -0.000000000000000000
connection 44 67 1.591341847736127191 0 0.000000000000000000 -0.000000000000000000
connection 44 68 4.523102321836156570 0 0.000000000000000000 -0.000000000000000000
connection 44 69 6.134098604420813672 0 0.000000000000000000 -0.000000000000000000
connection 44 70 6.902652639733186213 0 0.000000000000000000 -0.000000000000000000
connection 44 74 -3.526682269021931049 0 0.000000000000000000 -0.000000000000000000
connection 44 77 -0.289088644896671076 0 0.000000000000000000 -0.000000000000000000
connection 44 33 -0.721321186743268283 0 0.000000000000000000 -0.000000000000000000
connection 44 34 -3.963752722925046879 0 0.000000000000000000 -0.000000000000000000
connection 44 36 -5.852198815325445835 0 0.000000000000000000 -0.000000000000000000
connection 44 37 -6.771816605249822985 0 0.000000000000000000 -0.000000000000000000
connection 44 38 4.279893805524296546 0 0.000000000000000000 -0.000000000000000000
connection 44 72 -4.936424054862845523 0 0.000000000000000000 -0.000000000000000000
connection 44 62 -6.819732285522301041 0 0.000000000000000000 -0.000000000000000000
connection 44 47 -7.585742087768394093 0 0.000000000000000000 -0.000000000000000000
connection 44 44 3.118025409751898458 0 0.000000000000000000 -0.000000000000000000
connection 29 59 -7.997158137731926963 0 0.000000000000000000 -0.000000000000000000
connection 29 33 -5.505855378919255472 0 0.000000000000000000 -0.000000000000000000
connection 29 34 -7.068837464668416892 0 0.000000000000000000 -0.000000000000000000
connection 29 36 -7.675608112242986003 0 0.000000000000000000 -0.000000000000000000
connection 29 37 -7.885723728791004916 0 0.000000000000000000 -0.000000000000000000
connection 29 47 1.416549597132555904 0 0.000000000000000000 -0.000000000000000000
connection 29 44 -2.440243267890899848 0 0.000000000000000000 -0.000000000000000000
connection 29 64 6.566458962918853004 0 0.000000000000000000 -0.000000000000000000
connection 29 52 7.898632952760785031 0 0.000000000000000000 -0.000000000000000000
connection 29 53 -5.113794356396998531 0 0.000000000000000000 -0.000000000000000000
connection 29 65 3.135649039583757958 0 0.000000000000000000 -0.000000000000000000
connection 29 66 5.415543080912529561 0 0.000000000000000000 -0.000000000000000000
connection 30 59 -7.996214289281485144 0 0.000000000000000000 -0.000000000000000000
connection 30 67 -0.356583783990158498 0 0.000000000000000000 -0.000000000000000000
connection 30 68 3.198798877495575788 0 0.000000000000000000 -0.000000000000000000
connection 30 69 5.449748973138562214 0 0.000000000000000000 -0.000000000000000000
connection 30 70 6.582674509059946999 0 0.000000000000000000 -0.000000000000000000
connection 30 74 -5.059369460256665008 0 0.000000000000000000 -0.000000000000000000
connection 30 33 -7.911889052219859941 0 0.000000000000000000 -0.000000000000000000
connection 30 34 -7.966146822939546901 0 0.000000000000000000 -0.000000000000000000
connection 30 61 -5.281477839759825876 0 0.000000000000000000 -0.000000000000000000
connection 30 35 -2.081005004724057805 0 0.000000000000000000 -0.000000000000000000
connection 30 37 -7.992815241483820721 0 0.000000000000000000 -0.000000000000000000
connection 30 72 -3.366557204099439815 0 0.000000000000000000 -0.000000000000000000
connection 30 62 -6.040194443568059235 0 0.000000000000000000 -0.000000000000000000
connection 30 47 -7.288277559102346537 0 0.000000000000000000 -0.000000000000000000
connection 30 44 -7.752894969464821706 0 0.000000000000000000 -0.000000000000000000
connection 30 45 1.758856348498957667 0 0.000000000000000000 -0.000000000000000000
connection 30 82 4.625668727646152334 0 0.000000000000000000 -0.000000000000000000
connection 30 65 7.181646716640997852 0 0.000000000000000000 -0.000000000000000000
connection 30 66 7.365318353038134980 0 0.000000000000000000 -0.000000000000000000
connection 30 73 2.844530208119031567 0 0.000000000000000000 -0.000000000000000000
connection 30 83 -0.815495445355683968 0 0.000000000000000000 -0.000000000000000000
connection 31 59 -7.991444912679372514 0 0.000000000000000000 -0.000000000000000000
connection 31 67 4.506901410148565823 0 0.000000000000000000 -0.000000000000000000
connection 31 68 6.126063776363918301 0 0.000000000000000000 -0.000000000000000000
connection 31 69 6.898941320147397249 0 0.000000000000000000 -0.000000000000000000
connection 31 70 7.249159534776176805 0 0.000000000000000000 -0.000000000000000000
connection 31 74 0.238541272360384221 0 0.000000000000000000 -0.000000000000000000
connection 31 75 -3.551280829581266563 0 0.000000000000000000 -0.000000000000000000
connection 31 38 0.681808492500733387 0 0.000000000000000000 -0.000000000000000000
connection 31 39 4.301953326699429425 0 0.000000000000000000 -0.000000000000000000
connection 31 72 -6.810944800581648195 0 0.000000000000000000 -0.000000000000000000
connection 31 62 -7.582528468904079055 0 0.000000000000000000 -0.000000000000000000
connection 31 86 3.357097338112121410 0 0.000000000000000000 -0.000000000000000000
connection 31 47 -7.854130858330134579 0 0.000000000000000000 -0.000000000000000000
connection 31 44 -7.946264702043966288 0 0.000000000000000000 -0.000000000000000000
connection 31 45 -3.874323725533026064 0 0.000000000000000000 -0.000000000000000000
connection 32 59 -7.997529524412141377 0 0.000000000000000000 -0.000000000000000000
connection 32 33 -7.287530224441068682 0 0.000000000000000000 -0.000000000000000000
connection 32 34 -7.752634554651782750 0 0.000000000000000000 -0.000000000000000000
connection 32 35 4.627820759780213677 0 0.000000000000000000 -0.000000000000000000
connection 32 36 1.284258091207985286 0 0.000000000000000000 -0.000000000000000000
connection 32 37 -2.462302720755046526 0 0.000000000000000000 -0.000000000000000000
connection 32 72 3.780821768678708672 0 0.000000000000000000 -0.000000000000000000
connection 32 62 0.452198854764824631 0 0.000000000000000000 -0.000000000000000000
connection 32 47 -3.363114138027387234 0 0.000000000000000000 -0.000000000000000000
connection 32 44 -6.038318698414849806 0 0.000000000000000000 -0.000000000000000000
connection 32 65 5.796107283621804385 0 0.000000000000000000 -0.000000000000000000
connection 32 73 7.781544240711516736 0 0.000000000000000000 -0.000000000000000000
connection 51 59 -7.997138954422596591 0 0.000000000000000000 -0.000000000000000000
connection 51 67 -3.594499222304911701 0 0.000000000000000000 -0.000000000000000000
connection 51 87 7.880332776999067868 0 0.000000000000000000 -0.000000000000000000
connection 51 88 -7.175352080348842421 0 0.000000000000000000 -0.000000000000000000
connection 51 33 4.340666304028572675 0 0.000000000000000000 -0.000000000000000000
connection 51 34 0.732507594293871134 0 0.000000000000000000 -0.000000000000000000
connection 51 36 -2.909995966994985750 0 0.000000000000000000 -0.000000000000000000
connection 51 37 -5.291986523689785393 0 0.000000000000000000 -0.000000000000000000
connection 33 59 -7.987699693326701933 0 0.000000000000000000 -0.000000000000000000
connection 33 67 5.476098771118611097 0 0.000000000000000000 -0.000000000000000000
connection 33 68 6.595150109226933566 0 0.000000000000000000 -0.000000000000000000
connection 33 89 -5.016362825162483219 0 0.000000000000000000 -0.000000000000000000
connection 33 69 7.113659276555217126 0 0.000000000000000000 -0.000000000000000000
connection 33 70 7.339420157423492519 0 0.000000000000000000 -0.000000000000000000
connection 33 74 2.124924325170734818 0 0.000000000000000000 -0.000000000000000000
connection 33 75 -1.676614432427902424 0 0.000000000000000000 -0.000000000000000000
connection 33 76 1.690373834672664666 0 0.000000000000000000 -0.000000000000000000
connection 33 77 5.025610501503776639 0 0.000000000000000000 -0.000000000000000000
connection 33 33 -5.073227331600820733 0 0.000000000000000000 -0.000000000000000000
connection 33 34 -6.402838144256993047 0 0.000000000000000000 -0.000000000000000000
connection 33 36 -7.026157020190061608 0 0.000000000000000000 -0.000000000000000000
connection 33 37 -7.303686825262421856 0 0.000000000000000000 -0.000000000000000000
connection 33 38 -1.291080711238541623 0 0.000000000000000000 -0.000000000000000000
connection 33 39 2.567560491765348729 0 0.000000000000000000 -0.000000000000000000
connection 33 72 -7.300558059340147565 0 0.000000000000000000 -0.000000000000000000
connection 33 62 -7.757171591025052493 0 0.000000000000000000 -0.000000000000000000
connection 33 63 4.589790712550543716 0 0.000000000000000000 -0.000000000000000000
connection 33 47 -7.913336941126603463 0 0.000000000000000000 -0.000000000000000000
connection 33 44 -2.519888425911559260 0 0.000000000000000000 -0.000000000000000000
connection 34 26 -2.223927581323518865 0 0.000000000000000000 -0.000000000000000000
connection 34 27 1.624684366221385012 0 0.000000000000000000 -0.000000000000000000
connection 34 30 4.543641347969905375 0 0.000000000000000000 -0.000000000000000000
connection 34 31 6.144274407124574289 0 0.000000000000000000 -0.000000000000000000
connection 34 67 6.907351380376667294 0 0.000000000000000000 -0.000000000000000000
connection 34 68 7.252825819244683281 0 0.000000000000000000 -0.000000000000000000
connection 34 89 0.302847447465968422 0 0.000000000000000000 -0.000000000000000000
connection 34 90 -3.495229373881775459 0 0.000000000000000000 -0.000000000000000000
connection 34 69 7.389114557154129237 0 0.000000000000000000 -0.000000000000000000
connection 34 75 3.677096471193732174 0 0.000000000000000000 -0.000000000000000000
connection 34 76 6.132969003006305542 0 0.000000000000000000 -0.000000000000000000
connection 34 77 7.325044818938580171 0 0.000000000000000000 -0.000000000000000000
connection 34 91 -4.515221147426444759 0 0.000000000000000000 -0.000000000000000000
connection 34 33 -6.777466410178303313 0 0.000000000000000000 -0.000000000000000000
connection 34 34 -7.195566807064328607 0 0.000000000000000000 -0.000000000000000000
connection 34 61 0.616451447019237486 0 0.000000000000000000 -0.000000000000000000
connection 34 35 4.251660691408073234 0 0.000000000000000000 -0.000000000000000000
connection 34 36 -7.370310106005551809 0 0.000000000000000000 -0.000000000000000000
connection 34 38 -5.341790230131710615 0 0.000000000000000000 -0.000000000000000000
connection 34 39 -3.000490809758821431 0 0.000000000000000000 -0.000000000000000000
connection 34 72 -7.856604890180284073 0 0.000000000000000000 -0.000000000000000000
connection 34 62 -7.947109862169225103 0 0.000000000000000000 -0.000000000000000000
connection 34 63 -0.208596886159293976 0 0.000000000000000000 -0.000000000000000000
connection 34 47 -3.987401541702950247 0 0.000000000000000000 -0.000000000000000000
connection 34 44 -5.864314247673153346 0 0.000000000000000000 -0.000000000000000000
connection 36 26 3.274841232402266211 0 0.000000000000000000 -0.000000000000000000
connection 36 27 5.490728422168895229 0 0.000000000000000000 -0.000000000000000000
connection 36 30 6.602070838556547194 0 0.000000000000000000 -0.000000000000000000
connection 36 31 7.116790544764457493 0 0.000000000000000000 -0.000000000000000000
connection 36 46 -1.640580601355231982 0 0.000000000000000000 -0.000000000000000000
connection 36 92 -4.992066889340751601 0 0.000000000000000000 -0.000000000000000000
connection 36 67 7.340657102800244083 0 0.000000000000000000 -0.000000000000000000
connection 36 68 7.406773590629049053 0 0.000000000000000000 -0.000000000000000000
connection 36 89 4.863204988302738840 0 0.000000000000000000 -0.000000000000000000
connection 36 90 2.156614892086837543 0 0.000000000000000000 -0.000000000000000000
connection 36 76 7.604286987445057377 0 0.000000000000000000 -0.000000000000000000
connection 36 77 7.861529106019431445 0 0.000000000000000000 -0.000000000000000000
connection 36 91 0.341873585618883147 0 0.000000000000000000 -0.000000000000000000
connection 36 93 -3.209850632105499812 0 0.000000000000000000 -0.000000000000000000
connection 36 78 6.870604365091491417 0 0.000000000000000000 -0.000000000000000000
connection 36 33 -7.305272268228427457 0 0.000000000000000000 -0.000000000000000000
connection 36 34 -7.402302370305260837 0 0.000000000000000000 -0.000000000000000000
connection 36 61 -4.356889292501676891 0 0.000000000000000000 -0.000000000000000000
connection 36 35 -1.325210044124029984 0 0.000000000000000000 -0.000000000000000000
connection 36 40 3.770539212990693834 0 0.000000000000000000 -0.000000000000000000
connection 36 72 -7.966929653357502694 0 0.000000000000000000 -0.000000000000000000
connection 36 62 -7.985753851387266344 0 0.000000000000000000 -0.000000000000000000
connection 36 47 -6.411127776439293768 0 0.000000000000000000 -0.000000000000000000
connection 36 44 -7.029945891602237040 0 0.000000000000000000 -0.000000000000000000
connection 36 45 2.533154026140941095 0 0.000000000000000000 -0.000000000000000000
connection 36 82 5.562257939042143384 0 0.000000000000000000 -0.000000000000000000
connection 45 59 -7.995757671598253680 0 0.000000000000000000 -0.000000000000000000
connection 45 67 0.669191472107255270 0 0.000000000000000000 -0.000000000000000000
connection 45 68 3.928707749518546954 0 0.000000000000000000 -0.000000000000000000
connection 45 69 5.834211286955881093 0 0.000000000000000000 -0.000000000000000000
connection 45 70 6.763423921173988163 0 0.000000000000000000 -0.000000000000000000
connection 45 74 7.787984805992458348 0 0.000000000000000000 -0.000000000000000000
connection 45 76 -4.297224708531751425 0 0.000000000000000000 -0.000000000000000000
connection 45 77 -1.231267223623536911 0 0.000000000000000000 -0.000000000000000000
connection 45 33 0.241571388630348299 0 0.000000000000000000 -0.000000000000000000
connection 45 34 -3.284724522832414007 0 0.000000000000000000 -0.000000000000000000
connection 45 36 -5.496037915077974567 0 0.000000000000000000 -0.000000000000000000
connection 45 37 -6.604581532633581276 0 0.000000000000000000 -0.000000000000000000
connection 45 38 4.983174053190960962 0 0.000000000000000000 -0.000000000000000000
connection 45 72 -4.226024393472688878 0 0.000000000000000000 -0.000000000000000000
connection 45 62 -6.484900649493361868 0 0.000000000000000000 -0.000000000000000000
connection 45 44 3.954527781465083880 0 0.000000000000000000 -0.000000000000000000
connection 37 26 6.154379410106042947 0 0.000000000000000000 -0.000000000000000000
connection 37 27 6.912015762422360154 0 0.000000000000000000 -0.000000000000000000
connection 37 28 -3.463659442656531251 0 0.000000000000000000 -0.000000000000000000
connection 37 30 7.254856184964888044 0 0.000000000000000000 -0.000000000000000000
connection 37 31 7.389714947896283803 0 0.000000000000000000 -0.000000000000000000
connection 37 46 3.702225599726243210 0 0.000000000000000000 -0.000000000000000000
connection 37 92 0.338817348319343625 0 0.000000000000000000 -0.000000000000000000
connection 37 94 1.959086998666712987 0 0.000000000000000000 -0.000000000000000000
connection 37 40 -1.871286563305870843 0 0.000000000000000000 -0.000000000000000000
connection 37 72 -7.990188089457182841 0 0.000000000000000000 -0.000000000000000000
connection 37 86 4.223292310212641176 0 0.000000000000000000 -0.000000000000000000
connection 37 47 -7.198063067631674805 0 0.000000000000000000 -0.000000000000000000
connection 37 44 -7.371191026503059796 0 0.000000000000000000 -0.000000000000000000
connection 37 45 -3.028790654951815320 0 0.000000000000000000 -0.000000000000000000
connection 37 82 0.579835510194470660 0 0.000000000000000000 -0.000000000000000000
connection 53 59 -7.997502624829902373 0 0.000000000000000000 -0.000000000000000000
connection 53 68 -3.169735506467469488 0 0.000000000000000000 -0.000000000000000000
connection 53 69 0.665374543965441489 0 0.000000000000000000 -0.000000000000000000
connection 53 70 3.926134523477696980 0 0.000000000000000000 -0.000000000000000000
connection 53 74 6.296182908143468815 0 0.000000000000000000 -0.000000000000000000
connection 53 75 3.850426175707263532 0 0.000000000000000000 -0.000000000000000000
connection 53 96 7.987591742186889832 0 0.000000000000000000 -0.000000000000000000
connection 38 26 5.858603506580920772 0 0.000000000000000000 -0.000000000000000000
connection 38 27 6.774803618738343580 0 0.000000000000000000 -0.000000000000000000
connection 38 28 -4.265009575120136454 0 0.000000000000000000 -0.000000000000000000
connection 38 30 7.194381118624225024 0 0.000000000000000000 -0.000000000000000000
connection 38 31 7.369890101714254627 0 0.000000000000000000 -0.000000000000000000
connection 38 46 2.987084551422940493 0 0.000000000000000000 -0.000000000000000000
connection 38 92 -0.633743361067526156 0 0.000000000000000000 -0.000000000000000000
connection 38 97 -3.405190815308229979 0 0.000000000000000000 -0.000000000000000000
connection 38 76 7.893466957768139558 0 0.000000000000000000 -0.000000000000000000
connection 38 77 7.959763066605970216 0 0.000000000000000000 -0.000000000000000000
connection 38 91 4.793163054028690695 0 0.000000000000000000 -0.000000000000000000
connection 38 93 1.351718285280639531 0 0.000000000000000000 -0.000000000000000000
connection 38 98 7.133258219280565804 0 0.000000000000000000 -0.000000000000000000
connection 38 78 7.698472438238305848 0 0.000000000000000000 -0.000000000000000000
connection 38 99 -2.405473674358481695 0 0.000000000000000000 -0.000000000000000000
connection 38 94 2.885317924278465451 0 0.000000000000000000 -0.000000000000000000
connection 38 40 -0.967800579114717396 0 0.000000000000000000 -0.000000000000000000
connection 38 72 -5.524939872286719122 0 0.000000000000000000 -0.000000000000000000
connection 38 62 -6.618238869170664174 0 0.000000000000000000 -0.000000000000000000
connection 38 86 4.934050621302771056 0 0.000000000000000000 -0.000000000000000000
connection 38 47 -7.124100048552246989 0 0.000000000000000000 -0.000000000000000000
connection 38 44 -7.343530473407315462 0 0.000000000000000000 -0.000000000000000000
connection 38 45 -2.231117609181018313 0 0.000000000000000000 -0.000000000000000000
connection 38 82 1.555205593493097949 0 0.000000000000000000 -0.000000000000000000
connection 39 26 2.505557349108820997 0 0.000000000000000000 -0.000000000000000000
connection 39 27 5.065060664348092878 0 0.000000000000000000 -0.000000000000000000
connection 39 30 6.398903172787817617 0 0.000000000000000000 -0.000000000000000000
connection 39 31 7.024358018504914369 0 0.000000000000000000 -0.000000000000000000
connection 39 46 -2.583778512955734019 0 0.000000000000000000 -0.000000000000000000
connection 39 67 7.302933052390741864 0 0.000000000000000000 -0.000000000000000000
connection 39 68 7.401844413225538766 0 0.000000000000000000 -0.000000000000000000
connection 39 89 4.325024969124250163 0 0.000000000000000000 -0.000000000000000000
connection 39 90 1.274935522389712528 0 0.000000000000000000 -0.000000000000000000
connection 39 76 7.485178347665982557 0 0.000000000000000000 -0.000000000000000000
connection 39 77 7.820901905836339374 0 0.000000000000000000 -0.000000000000000000
connection 39 91 -0.623956409464047179 0 0.000000000000000000 -0.000000000000000000
connection 39 93 -3.898148063855493728 0 0.000000000000000000 -0.000000000000000000
connection 39 98 4.356742840207636469 0 0.000000000000000000 -0.000000000000000000
connection 39 78 6.548629689512363683 0 0.000000000000000000 -0.000000000000000000
connection 39 33 -7.257599249504036010 0 0.000000000000000000 -0.000000000000000000
connection 39 34 -7.390516977060706871 0 0.000000000000000000 -0.000000000000000000
connection 39 61 -3.736311632975385599 0 0.000000000000000000 -0.000000000000000000
connection 39 35 -0.387825272203142946 0 0.000000000000000000 -0.000000000000000000
connection 39 100 -7.317630059227603567 0 0.000000000000000000 -0.000000000000000000
connection 39 40 4.537488343972675864 0 0.000000000000000000 -0.000000000000000000
connection 39 72 -7.958476525058357787 0 0.000000000000000000 -0.000000000000000000
connection 39 62 -4.591732254049633255 0 0.000000000000000000 -0.000000000000000000
connection 39 47 -6.168054890571709414 0 0.000000000000000000 -0.000000000000000000
connection 39 44 -6.918325594407711776 0 0.000000000000000000 -0.000000000000000000
connection 39 45 3.420393233180663017 0 0.000000000000000000 -0.000000000000000000
connection 52 59 -7.996538925254123242 0 0.000000000000000000 -0.000000000000000000
connection 52 67 -1.272880610906188759 0 0.000000000000000000 -0.000000000000000000
connection 52 68 2.471840454383176677 0 0.000000000000000000 -0.000000000000000000
connection 52 89 5.286106769866870003 0 0.000000000000000000 -0.000000000000000000
connection 52 77 -2.925215536474699896 0 0.000000000000000000 -0.000000000000000000
connection 52 93 -7.404863902446168211 0 0.000000000000000000 -0.000000000000000000
connection 52 33 2.179723988516987454 0 0.000000000000000000 -0.000000000000000000
connection 52 34 -1.666459867154306052 0 0.000000000000000000 -0.000000000000000000
connection 52 36 -4.569287601133235732 0 0.000000000000000000 -0.000000000000000000
connection 52 37 -6.156964134159994551 0 0.000000000000000000 -0.000000000000000000
connection 40 26 5.503702072736150086 0 0.000000000000000000 -0.000000000000000000
connection 40 27 6.608204716196330430 0 0.000000000000000000 -0.000000000000000000
connection 40 28 -4.970266025030243284 0 0.000000000000000000 -0.000000000000000000
connection 40 30 7.119564595885446323 0 0.000000000000000000 -0.000000000000000000
connection 40 31 7.341749944603789046 0 0.000000000000000000 -0.000000000000000000
connection 40 46 2.184802685721230375 0 0.000000000000000000 -0.000000000000000000
connection 40 92 -1.608388857763249247 0 0.000000000000000000 -0.000000000000000000
connection 40 55 5.071093543688639294 0 0.000000000000000000 -0.000000000000000000
connection 40 76 7.862705476935342830 0 0.000000000000000000 -0.000000000000000000
connection 40 77 7.949195715063271273 0 0.000000000000000000 -0.000000000000000000
connection 40 91 4.061595655489747436 0 0.000000000000000000 -0.000000000000000000
connection 40 93 0.374487846095907906 0 0.000000000000000000 -0.000000000000000000
connection 40 98 6.880132449914144743 0 0.000000000000000000 -0.000000000000000000
connection 40 78 7.607749184971507539 0 0.000000000000000000 -0.000000000000000000
connection 40 99 -3.185322892439013565 0 0.000000000000000000 -0.000000000000000000
connection 40 94 3.743329901353218858 0 0.000000000000000000 -0.000000000000000000
connection 40 72 -5.105712510436810625 0 0.000000000000000000 -0.000000000000000000
connection 40 62 -6.418475466819511865 0 0.000000000000000000 -0.000000000000000000
connection 40 86 5.543649693907600984 0 0.000000000000000000 -0.000000000000000000
connection 40 47 -7.033303085253081122 0 0.000000000000000000 -0.000000000000000000
connection 40 44 -7.306674680229620300 0 0.000000000000000000 -0.000000000000000000
connection 40 45 -1.355594334208199303 0 0.000000000000000000 -0.000000000000000000
connection 40 82 2.502381634681869915 0 0.000000000000000000 -0.000000000000000000
connection 41 59 -7.991355105293330041 0 0.000000000000000000 -0.000000000000000000
connection 41 67 4.541436080650862017 0 0.000000000000000000 -0.000000000000000000
connection 41 68 6.143182396132913503 0 0.000000000000000000 -0.000000000000000000
connection 41 76 -0.256937911827506249 0 0.000000000000000000 -0.000000000000000000
connection 41 77 3.535296342110700429 0 0.000000000000000000 -0.000000000000000000
connection 41 78 -3.644885207555370155 0 0.000000000000000000 -0.000000000000000000
connection 41 79 -7.395912432568319872 0 0.000000000000000000 -0.000000000000000000
connection 41 33 -3.984861796590361660 0 0.000000000000000000 -0.000000000000000000
connection 41 34 -5.863013996886042634 0 0.000000000000000000 -0.000000000000000000
connection 41 36 -6.776860180059553151 0 0.000000000000000000 -0.000000000000000000
connection 41 37 -7.195296899022607384 0 0.000000000000000000 -0.000000000000000000
connection 41 38 0.620393393262157478 0 0.000000000000000000 -0.000000000000000000
connection 41 39 4.254706475870309923 0 0.000000000000000000 -0.000000000000000000
connection 42 26 -3.968518319695151231 0 0.000000000000000000 -0.000000000000000000
connection 42 27 -0.258804706296764553 0 0.000000000000000000 -0.000000000000000000
connection 42 30 3.271919665067640537 0 0.000000000000000000 -0.000000000000000000
connection 42 31 5.489158171338371695 0 0.000000000000000000 -0.000000000000000000
connection 42 67 6.601328211445425254 0 0.000000000000000000 -0.000000000000000000
connection 42 68 7.116454613580377675 0 0.000000000000000000 -0.000000000000000000
connection 42 89 7.903238434487757758 0 0.000000000000000000 -0.000000000000000000
connection 42 90 -4.994689181193524341 0 0.000000000000000000 -0.000000000000000000
connection 42 76 5.047121964217554435 0 0.000000000000000000 -0.000000000000000000
connection 42 77 6.869449915388109673 0 0.000000000000000000 -0.000000000000000000
connection 42 98 -2.084378254425952370 0 0.000000000000000000 -0.000000000000000000
connection 42 78 1.722474604769274054 0 0.000000000000000000 -0.000000000000000000
connection 42 33 -6.410238228184063303 0 0.000000000000000000 -0.000000000000000000
connection 42 34 -7.029539379131557908 0 0.000000000000000000 -0.000000000000000000
connection 42 61 2.536861853611274142 0 0.000000000000000000 -0.000000000000000000
connection 42 35 5.564495261652782077 0 0.000000000000000000 -0.000000000000000000
connection 42 36 -7.305102300452929853 0 0.000000000000000000 -0.000000000000000000
connection 42 37 -7.402269627621355319 0 0.000000000000000000 -0.000000000000000000
connection 42 38 -4.354568331189461183 0 0.000000000000000000 -0.000000000000000000
connection 42 39 -1.321540063604145443 0 0.000000000000000000 -0.000000000000000000
connection 42 72 4.673334064182456338 0 0.000000000000000000 -0.000000000000000000
connection 42 62 1.182781847136640918 0 0.000000000000000000 -0.000000000000000000
connection 42 47 -2.546899688533732942 0 0.000000000000000000 -0.000000000000000000
connection 42 44 -5.088594127148806656 0 0.000000000000000000 -0.000000000000000000
connection 43 26 -4.711691143317914054 0 0.000000000000000000 -0.000000000000000000
connection 43 27 -1.236454215500852216 0 0.000000000000000000 -0.000000000000000000
connection 43 30 2.502286702921135753 0 0.000000000000000000 -0.000000000000000000
connection 43 31 5.063195530461114480 0 0.000000000000000000 -0.000000000000000000
connection 43 76 4.353750395174290411 0 0.000000000000000000 -0.000000000000000000
connection 43 77 6.547181770609775242 0 0.000000000000000000 -0.000000000000000000
connection 43 98 -2.896469910304662054 0 0.000000000000000000 -0.000000000000000000
connection 43 78 0.749720260851920672 0 0.000000000000000000 -0.000000000000000000
connection 43 33 -6.166980774419281275 0 0.000000000000000000 -0.000000000000000000
connection 43 34 -6.917830110526779208 0 0.000000000000000000 -0.000000000000000000
connection 43 61 3.423814273101770222 0 0.000000000000000000 -0.000000000000000000
connection 43 36 -7.257383998908922607 0 0.000000000000000000 -0.000000000000000000
connection 43 37 -7.390454427111659896 0 0.000000000000000000 -0.000000000000000000
connection 43 38 -3.733631169837981378 0 0.000000000000000000 -0.000000000000000000
connection 43 39 -0.383962299690961462 0 0.000000000000000000 -0.000000000000000000
connection 43 72 5.321866278393414973 0 0.000000000000000000 -0.000000000000000000
connection 43 62 2.144479017597315629 0 0.000000000000000000 -0.000000000000000000
connection 43 47 -1.699589328155663992 0 0.000000000000000000 -0.000000000000000000
connection 43 44 -4.589557317990153429 0 0.000000000000000000 -0.000000000000000000
connection 46 59 -7.992718521695986844 0 0.000000000000000000 -0.000000000000000000
connection 46 67 3.909916976191461835 0 0.000000000000000000 -0.000000000000000000
connection 46 68 5.824549821873665323 0 0.000000000000000000 -0.000000000000000000
connection 46 69 6.758913793046296803 0 0.000000000000000000 -0.000000000000000000
connection 46 70 7.187297784872118456 0 0.000000000000000000 -0.000000000000000000
connection 46 74 -0.735724404414353828 0 0.000000000000000000 -0.000000000000000000
connection 46 75 -4.343113813891865682 0 0.000000000000000000 -0.000000000000000000
connection 46 34 -7.988042036436643123 0 0.000000000000000000 -0.000000000000000000
connection 46 35 -5.852740581089491911 0 0.000000000000000000 -0.000000000000000000
connection 46 37 -7.115477889832666492 0 0.000000000000000000 -0.000000000000000000
connection 46 38 1.655725242780232920 0 0.000000000000000000 -0.000000000000000000
connection 46 39 5.002291932580817502 0 0.000000000000000000 -0.000000000000000000
connection 46 72 -6.473907820578581607 0 0.000000000000000000 -0.000000000000000000
connection 46 62 -7.456933110033155288 0 0.000000000000000000 -0.000000000000000000
connection 46 86 4.027049829708666984 0 0.000000000000000000 -0.000000000000000000
connection 46 47 -7.811216220712146274 0 0.000000000000000000 -0.000000000000000000
connection 46 44 -7.931655813683878620 0 0.000000000000000000 -0.000000000000000000
connection 46 45 -3.029426681068339455 0 0.000000000000000000 -0.000000000000000000
connection 46 82 0.816171941106927035 0 0.000000000000000000 -0.000000000000000000
connection 46 65 7.387203781805796510 0 0.000000000000000000 -0.000000000000000000
connection 46 73 7.989034610998017705 0 0.000000000000000000 -0.000000000000000000
connection 46 83 3.599139225582092205 0 0.000000000000000000 -0.000000000000000000
connection 47 59 -7.997224074902132607 0 0.000000000000000000 -0.000000000000000000
connection 47 67 -4.024293749091190087 0 0.000000000000000000 -0.000000000000000000
connection 47 68 -0.327909473619282410 0 0.000000000000000000 -0.000000000000000000
connection 47 69 3.220324982946546122 0 0.000000000000000000 -0.000000000000000000
connection 47 70 5.461372566801436790 0 0.000000000000000000 -0.000000000000000000
connection 47 33 4.722581368525240464 0 0.000000000000000000 -0.000000000000000000
connection 47 34 1.251761515832969129 0 0.000000000000000000 -0.000000000000000000
connection 47 36 -2.489509075144523464 0 0.000000000000000000 -0.000000000000000000
connection 47 37 -5.055904143956367669 0 0.000000000000000000 -0.000000000000000000
connection 48 59 -7.996592832554050290 0 0.000000000000000000 -0.000000000000000000
connection 48 96 7.996368512222385760 0 0.000000000000000000 -0.000000000000000000
connection 49 59 -7.997523115497283897 0 0.000000000000000000 -0.000000000000000000
connection 49 96 7.991377723417368628 0 0.000000000000000000 -0.000000000000000000
connection 49 72 4.395408379408889843 0 0.000000000000000000 -0.000000000000000000
connection 49 62 1.386302686185608923 0 0.000000000000000000 -0.000000000000000000
connection 49 47 -2.471144978031456940 0 0.000000000000000000 -0.000000000000000000
connection 49 44 -5.524687389852396713 0 0.000000000000000000 -0.000000000000000000
connection 49 48 0.847877761759400328 0 0.000000000000000000 -0.000000000000000000
connection 50 59 -7.992646687414935336 0 0.000000000000000000 -0.000000000000000000
connection 50 67 3.949982099310485939 0 0.000000000000000000 -0.000000000000000000
connection 50 89 7.394766363372770712 0 0.000000000000000000 -0.000000000000000000
connection 50 76 -1.200614765466507583 0 0.000000000000000000 -0.000000000000000000
connection 50 77 2.657955383088595358 0 0.000000000000000000 -0.000000000000000000
connection 50 33 -3.308845838144734319 0 0.000000000000000000 -0.000000000000000000
connection 50 34 -5.508980412377757929 0 0.000000000000000000 -0.000000000000000000
connection 50 36 -6.610699362264910839 0 0.000000000000000000 -0.000000000000000000
connection 50 37 -7.120692472126606276 0 0.000000000000000000 -0.000000000000000000
connection 50 38 1.595227467886077832 0 0.000000000000000000 -0.000000000000000000
connection 50 39 4.961326818133182215 0 0.000000000000000000 -0.000000000000000000
connection 54 59 -7.996834342412889818 0 0.000000000000000000 -0.000000000000000000
connection 54 67 -2.290270069117698704 0 0.000000000000000000 -0.000000000000000000
connection 54 68 1.561510286191971630 0 0.000000000000000000 -0.000000000000000000
connection 54 69 4.504673118102773266 0 0.000000000000000000 -0.000000000000000000
connection 54 70 6.124958082572618423 0 0.000000000000000000 -0.000000000000000000
connection 54 33 -7.853980202553064949 0 0.000000000000000000 -0.000000000000000000
connection 54 34 -7.946213249220728692 0 0.000000000000000000 -0.000000000000000000
connection 54 36 -3.942543499717613198 0 0.000000000000000000 -0.000000000000000000
connection 54 37 -5.841317598596434735 0 0.000000000000000000 -0.000000000000000000
connection 54 72 -1.526405013282735368 0 0.000000000000000000 -0.000000000000000000
connection 54 62 -4.914334760549546210 0 0.000000000000000000 -0.000000000000000000
connection 54 47 -6.809734639590432792 0 0.000000000000000000 -0.000000000000000000
connection 54 44 -7.582085670909988195 0 0.000000000000000000 -0.000000000000000000
connection 54 45 3.359976168872628843 0 0.000000000000000000 -0.000000000000000000
connection 54 65 7.008584012099595029 0 0.000000000000000000 -0.000000000000000000
connection 54 73 7.951934155242520674 0 0.000000000000000000 -0.000000000000000000
connection 54 83 -2.722791001888307694 0 0.000000000000000000 -0.000000000000000000
connection 56 59 -7.994560331954424726 0 0.000000000000000000 -0.000000000000000000
connection 56 67 2.447868754817964287 0 0.000000000000000000 -0.000000000000000000
connection 56 68 5.032089851806858860 0 0.000000000000000000 -0.000000000000000000
connection 56 69 6.383001067396707029 0 0.000000000000000000 -0.000000000000000000
connection 56 70 7.017084755433590892 0 0.000000000000000000 -0.000000000000000000
connection 56 74 -2.648580194224445350 0 0.000000000000000000 -0.000000000000000000
connection 56 33 -1.640396548667058418 0 0.000000000000000000 -0.000000000000000000
connection 56 34 -4.553298539072290652 0 0.000000000000000000 -0.000000000000000000
connection 56 36 -6.149054899938661833 0 0.000000000000000000 -0.000000000000000000
connection 56 37 -6.909558221748911322 0 0.000000000000000000 -0.000000000000000000
connection 56 38 3.480336219942061327 0 0.000000000000000000 -0.000000000000000000
connection 56 72 -5.545659021759201224 0 0.000000000000000000 -0.000000000000000000
connection 56 62 -7.085647775163453232 0 0.000000000000000000 -0.000000000000000000
connection 56 47 -7.681588919749010813 0 0.000000000000000000 -0.000000000000000000
connection 56 44 -7.887749621872111483 0 0.000000000000000000 -0.000000000000000000
connection 56 82 2.574166105286477713 0 0.000000000000000000 -0.000000000000000000
connection 55 59 -7.993739293717386118 0 0.000000000000000000 -0.000000000000000000
connection 55 67 3.223272047379088345 0 0.000000000000000000 -0.000000000000000000
connection 55 68 5.462962486535369422 0 0.000000000000000000 -0.000000000000000000
connection 55 69 6.588932288837132667 0 0.000000000000000000 -0.000000000000000000
connection 55 70 7.110844827500006460 0 0.000000000000000000 -0.000000000000000000
connection 55 74 -1.708731018379137323 0 0.000000000000000000 -0.000000000000000000
connection 55 75 -5.037922921923987829 0 0.000000000000000000 -0.000000000000000000
connection 55 33 -7.966399949807587255 0 0.000000000000000000 -0.000000000000000000
connection 55 34 -7.985558034442622244 0 0.000000000000000000 -0.000000000000000000
connection 55 36 -6.395391013840429295 0 0.000000000000000000 -0.000000000000000000
connection 55 37 -7.022752061598019679 0 0.000000000000000000 -0.000000000000000000
connection 55 38 2.598192265577335291 0 0.000000000000000000 -0.000000000000000000
connection 55 72 -6.055685649626901146 0 0.000000000000000000 -0.000000000000000000
connection 55 62 -7.294443539815185673 0 0.000000000000000000 -0.000000000000000000
connection 55 86 4.607776886744155753 0 0.000000000000000000 -0.000000000000000000
connection 55 47 -7.755042856796103834 0 0.000000000000000000 -0.000000000000000000
connection 55 44 -7.912616222886351913 0 0.000000000000000000 -0.000000000000000000
connection 55 45 -2.112564105339018727 0 0.000000000000000000 -0.000000000000000000
connection 55 82 1.729452435071573646 0 0.000000000000000000 -0.000000000000000000
connection 57 59 -7.997053381637211800 0 0.000000000000000000 -0.000000000000000000
connection 57 67 -3.195320817765513244 0 0.000000000000000000 -0.000000000000000000
connection 57 68 0.637530539589310274 0 0.000000000000000000 -0.000000000000000000
connection 57 69 3.907333106451188698 0 0.000000000000000000 -0.000000000000000000
connection 57 70 5.823220381418593661 0 0.000000000000000000 -0.000000000000000000
connection 57 33 -7.811018983697826101 0 0.000000000000000000 -0.000000000000000000
connection 57 34 0.274141457815777478 0 0.000000000000000000 -0.000000000000000000
connection 57 36 -3.260503342848805719 0 0.000000000000000000 -0.000000000000000000
connection 57 37 -5.483019060805577993 0 0.000000000000000000 -0.000000000000000000
connection 57 72 -0.550683980045614252 0 0.000000000000000000 -0.000000000000000000
connection 57 62 -4.200607593670180329 0 0.000000000000000000 -0.000000000000000000
connection 57 47 -6.472394310026180264 0 0.000000000000000000 -0.000000000000000000
connection 57 44 -7.456358589212195298 0 0.000000000000000000 -0.000000000000000000
connection 58 59 -7.996190121450901245 0 0.000000000000000000 -0.000000000000000000
connection 58 67 -0.295314329993827174 0 0.000000000000000000 -0.000000000000000000
connection 58 68 3.244710639544398312 0 0.000000000000000000 -0.000000000000000000
connection 58 87 0.955438954015188635 0 0.000000000000000000 -0.000000000000000000
connection 58 77 -2.116205581967458560 0 0.000000000000000000 -0.000000000000000000
connection 58 33 1.219244462672009366 0 0.000000000000000000 -0.000000000000000000
connection 58 34 -2.516623658769261862 0 0.000000000000000000 -0.000000000000000000
connection 58 36 -5.071367716005440229 0 0.000000000000000000 -0.000000000000000000
connection 58 37 -6.401942254556637124 0 0.000000000000000000 -0.000000000000000000
connection 59 18 7.259436007457640727 0 0.000000000000000000 -0.000000000000000000
connection 69 18 1.376945855630034021 0 0.000000000000000000 -0.000000000000000000
connection 70 18 -4.208469980411594591 0 0.000000000000000000 -0.000000000000000000
connection 74 18 -3.400400902165062078 0 0.000000000000000000 -0.000000000000000000
connection 75 18 2.250810020173953152 0 0.000000000000000000 -0.000000000000000000
connection 76 18 3.046507375778435112 0 0.000000000000000000 -0.000000000000000000
connection 77 18 -2.511495402796513510 0 0.000000000000000000 -0.000000000000000000
connection 91 18 -1.564752199600782934 0 0.000000000000000000 -0.000000000000000000
connection 93 18 3.754596513410872305 0 0.000000000000000000 -0.000000000000000000
connection 36 18 4.372717910163846256 0 0.000000000000000000 -0.000000000000000000
connection 37 18 -0.589504863341219987 0 0.000000000000000000 -0.000000000000000000
connection 38 18 0.382211333341749560 0 0.000000000000000000 -0.000000000000000000
connection 39 18 4.903933868110788907 0 0.000000000000000000 -0.000000000000000000
connection 27 19 -3.397396511709065425 0 0.000000000000000000 -0.000000000000000000
connection 28 19 -4.205781524778802627 0 0.000000000000000000 -0.000000000000000000
connection 30 19 2.253761750033814071 0 0.000000000000000000 -0.000000000000000000
connection 31 19 5.756910005305389433 0 0.000000000000000000 -0.000000000000000000
connection 46 19 5.382121671985940381 0 0.000000000000000000 -0.000000000000000000
connection 92 19 1.380147423132312978 0 0.000000000000000000 -0.000000000000000000
connection 54 19 0.445707190985144719 0 0.000000000000000000 -0.000000000000000000
connection 55 19 4.936209462154903527 0 0.000000000000000000 -0.000000000000000000
connection 56 19 4.410546712850868190 0 0.000000000000000000 -0.000000000000000000
connection 57 19 -0.524657028770960099 0 0.000000000000000000 -0.000000000000000000
connection 47 19 -1.500667132827321559 0 0.000000000000000000 -0.000000000000000000
connection 44 19 3.798327362019810582 0 0.000000000000000000 -0.000000000000000000
connection 45 19 3.096195899504763815 0 0.000000000000000000 -0.000000000000000000
connection 82 19 -2.450257949904151467 0 0.000000000000000000 -0.000000000000000000
connection 51 19 7.918286906098727762 0 0.000000000000000000 -0.000000000000000000
connection 66 19 7.244170202209821774 0 0.000000000000000000 -0.000000000000000000
connection 73 19 7.021376734850269585 0 0.000000000000000000 -0.000000000000000000
connection 83 19 3.995570301571381044 0 0.000000000000000000 -0.000000000000000000
connection 67 20 -4.822041969444368803 0 0.000000000000000000 -0.000000000000000000
connection 68 20 0.583557934278621793 0 0.000000000000000000 -0.000000000000000000
connection 89 20 -0.383395260360016199 0 0.000000000000000000 -0.000000000000000000
connection 90 20 -5.448625769725543577 0 0.000000000000000000 -0.000000000000000000
connection 88 20 7.986671881700281972 0 0.000000000000000000 -0.000000000000000000
connection 78 20 -1.360574616562384875 0 0.000000000000000000 -0.000000000000000000
connection 99 20 7.884412715903874158 0 0.000000000000000000 -0.000000000000000000
connection 79 20 7.439566499027068680 0 0.000000000000000000 -0.000000000000000000
connection 96 20 7.898895000879765149 0 0.000000000000000000 -0.000000000000000000
connection 47 20 -0.566667818304732451 0 0.000000000000000000 -0.000000000000000000
connection 44 20 4.834046160341650022 0 0.000000000000000000 -0.000000000000000000
connection 45 20 4.108420210837683939 0 0.000000000000000000 -0.000000000000000000
connection 82 20 -1.494636812283452798 0 0.000000000000000000 -0.000000000000000000
connection 64 20 -2.359135744698842796 0 0.000000000000000000 -0.000000000000000000
connection 58 20 3.288809883903072606 0 0.000000000000000000 -0.000000000000000000
connection 52 20 2.390905914226041151 0 0.000000000000000000 -0.000000000000000000
connection 53 20 -3.143794483623164382 0 0.000000000000000000 -0.000000000000000000
connection 89 21 0.542020215265604066 0 0.000000000000000000 -0.000000000000000000
connection 70 21 7.585215424213627600 0 0.000000000000000000 -0.000000000000000000
connection 74 21 7.460419621698241244 0 0.000000000000000000 -0.000000000000000000
connection 75 21 5.540708364845882805 0 0.000000000000000000 -0.000000000000000000
connection 88 21 6.285042637755703154 0 0.000000000000000000 -0.000000000000000000
connection 78 21 -0.428719255247647202 0 0.000000000000000000 -0.000000000000000000
connection 99 21 -1.364033936867591557 0 0.000000000000000000 -0.000000000000000000
connection 34 21 -2.238902888248745615 0 0.000000000000000000 -0.000000000000000000
connection 61 21 -3.035796001688355616 0 0.000000000000000000 -0.000000000000000000
connection 36 21 3.412500053021693791 0 0.000000000000000000 -0.000000000000000000
connection 37 21 6.827029443236079409 0 0.000000000000000000 -0.000000000000000000
connection 38 21 6.494032602937081400 0 0.000000000000000000 -0.000000000000000000
connection 39 21 2.524601003172126656 0 0.000000000000000000 -0.000000000000000000
connection 94 21 1.578485772823521538 0 0.000000000000000000 -0.000000000000000000
connection 40 21 6.080474475493050868 0 0.000000000000000000 -0.000000000000000000
connection 26 22 -7.926306022387838546 0 0.000000000000000000 -0.000000000000000000
connection 27 22 -7.981282678078320814 0 0.000000000000000000 -0.000000000000000000
connection 28 22 -3.766345899360872718 0 0.000000000000000000 -0.000000000000000000
connection 29 22 1.547603147930882495 0 0.000000000000000000 -0.000000000000000000
connection 97 22 -6.646051015393779515 0 0.000000000000000000 -0.000000000000000000
connection 32 22 -3.059851262563520802 0 0.000000000000000000 -0.000000000000000000
connection 49 22 -2.265648987225723054 0 0.000000000000000000 -0.000000000000000000
connection 72 22 4.194933366318274182 0 0.000000000000000000 -0.000000000000000000
connection 62 22 -1.393043845471622522 0 0.000000000000000000 -0.000000000000000000
connection 86 22 -0.459309936071091274 0 0.000000000000000000 -0.000000000000000000
connection 63 22 4.909400621829181688 0 0.000000000000000000 -0.000000000000000000
connection 51 22 -5.594830059820040447 0 0.000000000000000000 -0.000000000000000000
connection 65 22 5.522770912753033556 0 0.000000000000000000 -0.000000000000000000
connection 66 22 0.510746677212075895 0 0.000000000000000000 -0.000000000000000000
connection 73 22 1.486901888567512264 0 0.000000000000000000 -0.000000000000000000
connection 67 23 -3.167440782592138238 0 0.000000000000000000 -0.000000000000000000
connection 68 23 -6.114331630127172623 0 0.000000000000000000 -0.000000000000000000
connection 89 23 -5.810444802341424797 0 0.000000000000000000 -0.000000000000000000
connection 90 23 -2.385513443129560596 0 0.000000000000000000 -0.000000000000000000
connection 87 23 -7.274960173918393558 0 0.000000000000000000 -0.000000000000000000
connection 88 23 -7.150502408029320911 0 0.000000000000000000 -0.000000000000000000
connection 98 23 -1.523356090857047151 0 0.000000000000000000 -0.000000000000000000
connection 78 23 -5.446095913882423645 0 0.000000000000000000 -0.000000000000000000
connection 99 23 -5.012071304522888404 0 0.000000000000000000 -0.000000000000000000
connection 79 23 -0.597081388222974518 0 0.000000000000000000 -0.000000000000000000
connection 33 23 0.369502053433683364 0 0.000000000000000000 -0.000000000000000000
connection 34 23 -4.499580297165647558 0 0.000000000000000000 -0.000000000000000000
connection 61 23 -3.901428180128306167 0 0.000000000000000000 -0.000000000000000000
connection 35 23 1.346759911868790072 0 0.000000000000000000 -0.000000000000000000
connection 100 23 -6.961870312540306749 0 0.000000000000000000 -0.000000000000000000
connection 71 23 -6.681773650182428526 0 0.000000000000000000 -0.000000000000000000
connection 41 23 2.302632350673219808 0 0.000000000000000000 -0.000000000000000000
connection 42 23 -3.213590863794767216 0 0.000000000000000000 -0.000000000000000000
connection 43 23 -2.437048756822990825 0 0.000000000000000000 -0.000000000000000000
connection 50 23 3.206822982980501280 0 0.000000000000000000 -0.000000000000000000
connection 69 24 3.970337042466046906 0 0.000000000000000000 -0.000000000000000000
connection 70 24 -1.652317147801900976 0 0.000000000000000000 -0.000000000000000000
connection 74 24 -0.734001583583567596 0 0.000000000000000000 -0.000000000000000000
connection 75 24 4.713285711476560280 0 0.000000000000000000 -0.000000000000000000
connection 76 24 5.355988773806415360 0 0.000000000000000000 -0.000000000000000000
connection 77 24 0.228484454819115862 0 0.000000000000000000 -0.000000000000000000
connection 91 24 1.206168686369716303 0 0.000000000000000000 -0.000000000000000000
NNend

