NNstart
20 10
neuron 1 1.000000000000000000 0.000000000000000000 0.000000000000000000 -0.000000000000000000 11 0.000000000000000000
neuron 1 1.000000000000000000 0.000000000000000000 0.000000000000000000 -0.000000000000000000 11 0.000000000000000000
neuron 1 1.000000000000000000 0.000000000000000000 0.000000000000000000 -0.000000000000000000 11 0.000000000000000000
neuron 1 1.000000000000000000 0.000000000000000000 0.000000000000000000 -0.000000000000000000 11 0.000000000000000000
neuron 1 1.000000000000000000 0.000000000000000000 0.000000000000000000 -0.000000000000000000 11 0.000000000000000000
neuron 1 1.000000000000000000 0.000000000000000000 0.000000000000000000 -0.000000000000000000 11 0.000000000000000000
neuron 1 1.000000000000000000 0.000000000000000000 0.000000000000000000 -0.000000000000000000 11 0.000000000000000000
neuron 1 1.000000000000000000 0.000000000000000000 0.000000000000000000 -0.000000000000000000 11 0.000000000000000000
neuron 1 1.000000000000000000 0.000000000000000000 0.000000000000000000 -0.000000000000000000 11 0.000000000000000000
neuron 1 1.000000000000000000 0.000000000000000000 0.000000000000000000 -0.000000000000000000 11 0.000000000000000000
neuron 1 1.000000000000000000 0.000000000000000000 0.000000000000000000 -0.000000000000000000 11 0.000000000000000000
neuron 1 1.000000000000000000 0.000000000000000000 0.000000000000000000 -0.000000000000000000 11 0.000000000000000000
neuron 1 1.000000000000000000 0.000000000000000000 0.000000000000000000 -0.000000000000000000 11 0.000000000000000000
neuron 1 1.000000000000000000 0.000000000000000000 0.000000000000000000 -0.000000000000000000 11 0.000000000000000000
neuron 1 1.000000000000000000 0.000000000000000000 0.000000000000000000 -0.000000000000000000 11 0.000000000000000000
neuron 1 1.000000000000000000 0.000000000000000000 0.000000000000000000 -0.000000000000000000 11 0.000000000000000000
neuron 1 1.000000000000000000 0.000000000000000000 0.000000000000000000 -0.000000000000000000 11 0.000000000000000000
neuron 1 1.000000000000000000 0.000000000000000000 0.000000000000000000 -0.000000000000000000 11 0.000000000000000000
neuron 1 1.000000000000000000 0.000000000000000000 0.000000000000000000 -0.000000000000000000 11 0.000000000000000000
neuron 2 1.000000000000000000 0.000000000000000000 0.000000000000000000 0.000000000000000000 11 0.000000000000000000
neuron 4 1.000000000000000000 0.000000000000000000 0.000000000000000000 -0.000000000000000000 1 0.000000000000000000
neuron 4 1.000000000000000000 0.000000000000000000 0.000000000000000000 -0.000000000000000000 1 0.000000000000000000
neuron 4 1.000000000000000000 0.000000000000000000 0.000000000000000000 -0.000000000000000000 1 0.000000000000000000
neuron 4 1.000000000000000000 0.000000000000000000 0.000000000000000000 -0.000000000000000000 1 0.000000000000000000
neuron 4 1.000000000000000000 0.000000000000000000 0.000000000000000000 -0.000000000000000000 1 0.000000000000000000
neuron 4 1.000000000000000000 0.000000000000000000 0.000000000000000000 -0.000000000000000000 1 0.000000000000000000
neuron 4 1.000000000000000000 0.000000000000000000 0.000000000000000000 -0.000000000000000000 1 0.000000000000000000
neuron 4 1.000000000000000000 0.000000000000000000 0.000000000000000000 -0.000000000000000000 1 0.000000000000000000
neuron 4 1.000000000000000000 0.000000000000000000 0.000000000000000000 -0.000000000000000000 1 0.000000000000000000
neuron 4 1.000000000000000000 0.000000000000000000 0.000000000000000000 -0.000000000000000000 1 0.000000000000000000
neuron 3 1.000000000000000000 0.000000000000000000 0.000000000000000000 -0.000000000000000000 0 0.000000000000000000
neuron 3 1.000000000000000000 0.000000000000000000 0.000000000000000000 -0.000000000000000000 0 0.000000000000000000
neuron 3 1.000000000000000000 0.000000000000000000 0.000000000000000000 -0.000000000000000000 0 0.000000000000000000
neuron 3 1.000000000000000000 0.000000000000000000 0.000000000000000000 -0.000000000000000000 0 0.000000000000000000
neuron 3 1.000000000000000000 0.000000000000000000 0.000000000000000000 -0.000000000000000000 0 0.000000000000000000
neuron 3 1.000000000000000000 0.000000000000000000 0.000000000000000000 -0.000000000000000000 0 0.000000000000000000
neuron 3 1.000000000000000000 0.000000000000000000 0.000000000000000000 -0.000000000000000000 0 0.000000000000000000
neuron 3 1.000000000000000000 0.000000000000000000 0.000000000000000000 -0.000000000000000000 0 0.000000000000000000
neuron 3 1.000000000000000000 0.000000000000000000 0.000000000000000000 -0.000000000000000000 0 0.000000000000000000
neuron 3 1.000000000000000000 0.000000000000000000 0.000000000000000000 -0.000000000000000000 0 0.000000000000000000
neuron 3 1.000000000000000000 0.000000000000000000 0.000000000000000000 -0.000000000000000000 0 0.000000000000000000
neuron 3 1.000000000000000000 0.000000000000000000 0.000000000000000000 -0.000000000000000000 0 0.000000000000000000
neuron 3 1.000000000000000000 0.000000000000000000 0.000000000000000000 -0.000000000000000000 0 0.000000000000000000
neuron 3 1.000000000000000000 0.000000000000000000 0.000000000000000000 -0.000000000000000000 0 0.000000000000000000
neuron 3 1.000000000000000000 0.000000000000000000 0.000000000000000000 -0.000000000000000000 0 0.000000000000000000
neuron 3 1.000000000000000000 0.000000000000000000 0.000000000000000000 -0.000000000000000000 0 0.000000000000000000
neuron 3 1.000000000000000000 0.000000000000000000 0.000000000000000000 -0.000000000000000000 0 0.000000000000000000
neuron 3 1.000000000000000000 0.000000000000000000 0.000000000000000000 -0.000000000000000000 0 0.000000000000000000
neuron 3 1.000000000000000000 0.000000000000000000 0.000000000000000000 -0.000000000000000000 0 0.000000000000000000
neuron 3 1.000000000000000000 0.000000000000000000 0.000000000000000000 -0.000000000000000000 0 0.000000000000000000
neuron 3 1.000000000000000000 0.000000000000000000 0.000000000000000000 -0.000000000000000000 0 0.000000000000000000
neuron 3 1.000000000000000000 0.000000000000000000 0.000000000000000000 -0.000000000000000000 0 0.000000000000000000
neuron 3 1.000000000000000000 0.000000000000000000 0.000000000000000000 -0.000000000000000000 0 0.000000000000000000
neuron 3 1.000000000000000000 0.000000000000000000 0.000000000000000000 -0.000000000000000000 0 0.000000000000000000
neuron 3 1.000000000000000000 0.000000000000000000 0.000000000000000000 -0.000000000000000000 0 0.000000000000000000
neuron 3 1.000000000000000000 0.000000000000000000 0.000000000000000000 -0.000000000000000000 0 0.000000000000000000
neuron 3 1.000000000000000000 0.000000000000000000 0.000000000000000000 -0.000000000000000000 0 0.000000000000000000
neuron 3 1.000000000000000000 0.000000000000000000 0.000000000000000000 -0.000000000000000000 0 0.000000000000000000
neuron 3 1.000000000000000000 0.000000000000000000 0.000000000000000000 -0.000000000000000000 0 0.000000000000000000
neuron 3 1.000000000000000000 0.000000000000000000 0.000000000000000000 -0.000000000000000000 0 0.000000000000000000
neuron 3 1.000000000000000000 0.000000000000000000 0.000000000000000000 -0.000000000000000000 0 0.000000000000000000
neuron 3 1.000000000000000000 0.000000000000000000 0.000000000000000000 -0.000000000000000000 0 0.000000000000000000
neuron 3 1.000000000000000000 0.000000000000000000 0.000000000000000000 -0.000000000000000000 0 0.000000000000000000
neuron 3 1.000000000000000000 0.000000000000000000 0.000000000000000000 -0.000000000000000000 0 0.000000000000000000
neuron 3 1.000000000000000000 0.000000000000000000 0.000000000000000000 -0.000000000000000000 0 0.000000000000000000
neuron 3 1.000000000000000000 0.000000000000000000 0.000000000000000000 -0.000000000000000000 0 0.000000000000000000
neuron 3 1.000000000000000000 0.000000000000000000 0.000000000000000000 -0.000000000000000000 0 0.000000000000000000
neuron 3 1.000000000000000000 0.000000000000000000 0.000000000000000000 -0.000000000000000000 0 0.000000000000000000
neuron 3 1.000000000000000000 0.000000000000000000 0.000000000000000000 -0.000000000000000000 0 0.000000000000000000
neuron 3 1.000000000000000000 0.000000000000000000 0.000000000000000000 -0.000000000000000000 0 0.000000000000000000
neuron 3 1.000000000000000000 0.000000000000000000 0.000000000000000000 -0.000000000000000000 0 0.000000000000000000
neuron 3 1.000000000000000000 0.000000000000000000 0.000000000000000000 -0.000000000000000000 0 0.000000000000000000
neuron 3 1.000000000000000000 0.000000000000000000 0.000000000000000000 -0.000000000000000000 0 0.000000000000000000
neuron 3 1.000000000000000000 0.000000000000000000 0.000000000000000000 -0.000000000000000000 0 0.000000000000000000
neuron 3 1.000000000000000000 0.000000000000000000 0.000000000000000000 -0.000000000000000000 0 0.000000000000000000
neuron 3 1.000000000000000000 0.000000000000000000 0.000000000000000000 -0.000000000000000000 0 0.000000000000000000
neuron 3 1.000000000000000000 0.000000000000000000 0.000000000000000000 -0.000000000000000000 0 0.000000000000000000
neuron 3 1.000000000000000000 0.000000000000000000 0.000000000000000000 -0.000000000000000000 0 0.000000000000000000
neuron 3 1.000000000000000000 0.000000000000000000 0.000000000000000000 -0.000000000000000000 0 0.000000000000000000
neuron 3 1.000000000000000000 0.000000000000000000 0.000000000000000000 -0.000000000000000000 0 0.000000000000000000
neuron 3 1.000000000000000000 0.000000000000000000 0.000000000000000000 -0.000000000000000000 0 0.000000000000000000
neuron 3 1.000000000000000000 0.000000000000000000 0.000000000000000000 -0.000000000000000000 0 0.000000000000000000
neuron 3 1.000000000000000000 0.000000000000000000 0.000000000000000000 -0.000000000000000000 0 0.000000000000000000
neuron 3 1.000000000000000000 0.000000000000000000 0.000000000000000000 -0.000000000000000000 0 0.000000000000000000
neuron 3 1.000000000000000000 0.000000000000000000 0.000000000000000000 -0.000000000000000000 0 0.000000000000000000
neuron 3 1.000000000000000000 0.000000000000000000 0.000000000000000000 -0.000000000000000000 0 0.000000000000000000
neuron 3 1.000000000000000000 0.000000000000000000 0.000000000000000000 -0.000000000000000000 0 0.000000000000000000
neuron 3 1.000000000000000000 0.000000000000000000 0.000000000000000000 -0.000000000000000000 0 0.000000000000000000
neuron 3 1.000000000000000000 0.000000000000000000 0.000000000000000000 -0.000000000000000000 0 0.000000000000000000
neuron 3 1.000000000000000000 0.000000000000000000 0.000000000000000000 -0.000000000000000000 0 0.000000000000000000
neuron 3 1.000000000000000000 0.000000000000000000 0.000000000000000000 -0.000000000000000000 0 0.000000000000000000
neuron 3 1.000000000000000000 0.000000000000000000 0.000000000000000000 -0.000000000000000000 0 0.000000000000000000
neuron 3 1.000000000000000000 0.000000000000000000 0.000000000000000000 -0.000000000000000000 0 0.000000000000000000
neuron 3 1.000000000000000000 0.000000000000000000 0.000000000000000000 -0.000000000000000000 0 0.000000000000000000
neuron 3 1.000000000000000000 0.000000000000000000 0.000000000000000000 -0.000000000000000000 0 0.000000000000000000
neuron 3 1.000000000000000000 0.000000000000000000 0.000000000000000000 -0.000000000000000000 0 0.000000000000000000
neuron 3 1.000000000000000000 0.000000000000000000 0.000000000000000000 -0.000000000000000000 0 0.000000000000000000
neuron 3 1.000000000000000000 0.000000000000000000 0.000000000000000000 -0.000000000000000000 0 0.000000000000000000
neuron 3 1.000000000000000000 0.000000000000000000 0.000000000000000000 -0.000000000000000000 0 0.000000000000000000
neuron 3 1.000000000000000000 0.000000000000000000 0.000000000000000000 -0.000000000000000000 0 0.000000000000000000
neuron 3 1.000000000000000000 0.000000000000000000 0.000000000000000000 -0.000000000000000000 0 0.000000000000000000
neuron 3 1.000000000000000000 0.000000000000000000 0.000000000000000000 -0.000000000000000000 0 0.000000000000000000
neuron 3 1.000000000000000000 0.000000000000000000 0.000000000000000000 -0.000000000000000000 0 0.000000000000000000
neuron 3 1.000000000000000000 0.000000000000000000 0.000000000000000000 -0.000000000000000000 0 0.000000000000000000
neuron 3 1.000000000000000000 0.000000000000000000 0.000000000000000000 -0.000000000000000000 0 0.000000000000000000
neuron 3 1.000000000000000000 0.000000000000000000 0.000000000000000000 -0.000000000000000000 0 0.000000000000000000
neuron 3 1.000000000000000000 0.000000000000000000 0.000000000000000000 -0.000000000000000000 0 0.000000000000000000
neuron 3 1.000000000000000000 0.000000000000000000 0.000000000000000000 -0.000000000000000000 0 0.000000000000000000
neuron 3 1.000000000000000000 0.000000000000000000 0.000000000000000000 -0.000000000000000000 0 0.000000000000000000
neuron 3 1.000000000000000000 0.000000000000000000 0.000000000000000000 -0.000000000000000000 0 0.000000000000000000
neuron 3 1.000000000000000000 0.000000000000000000 0.000000000000000000 -0.000000000000000000 0 0.000000000000000000
connection 0 30 6.973881522582741077 0 0.000000000000000000 -0.000000000000000000
connection 0 31 6.990703897992516680 0 0.000000000000000000 -0.000000000000000000
connection 0 32 5.743718701911468827 0 0.000000000000000000 -0.000000000000000000
connection 0 33 4.555419460808138865 0 0.000000000000000000 -0.000000000000000000
connection 0 34 2.412624034976050602 0 0.000000000000000000 -0.000000000000000000
connection 0 35 0.215870318450001097 0 0.000000000000000000 -0.000000000000000000
connection 0 36 2.717576438746301282 0 0.000000000000000000 -0.000000000000000000
connection 0 37 6.017270101545609151 0 0.000000000000000000 -0.000000000000000000
connection 0 38 4.982264606085432312 0 0.000000000000000000 -0.000000000000000000
connection 0 39 3.014143095900461589 0 0.000000000000000000 -0.000000000000000000
connection 0 40 0.854090839171778970 0 0.000000000000000000 -0.000000000000000000
connection 0 41 3.301220540616558896 0 0.000000000000000000 -0.000000000000000000
connection 0 42 0.534147967336832008 0 0.000000000000000000 -0.000000000000000000
connection 0 43 -1.814607601792160185 0 0.000000000000000000 -0.000000000000000000
connection 0 44 -3.383878279236772535 0 0.000000000000000000 -0.000000000000000000
connection 0 45 -1.545847629321817518 0 0.000000000000000000 -0.000000000000000000
connection 0 46 -4.400576726442547937 0 0.000000000000000000 -0.000000000000000000
connection 0 47 1.174255526345770129 0 0.000000000000000000 -0.000000000000000000
connection 0 48 -1.268173257895550021 0 0.000000000000000000 -0.000000000000000000
connection 0 49 -2.984650731576510285 0 0.000000000000000000 -0.000000000000000000
connection 0 50 -0.982240290971650776 0 0.000000000000000000 -0.000000000000000000
connection 0 51 6.349510097986917678 0 0.000000000000000000 -0.000000000000000000
connection 1 31 7.031453885391188763 0 0.000000000000000000 -0.000000000000000000
connection 1 32 5.955426292065276961 0 0.000000000000000000 -0.000000000000000000
connection 1 33 4.885703999972547784 0 0.000000000000000000 -0.000000000000000000
connection 1 34 2.874556718271071176 0 0.000000000000000000 -0.000000000000000000
connection 1 35 0.703071689502882347 0 0.000000000000000000 -0.000000000000000000
connection 1 36 3.167204888648406325 0 0.000000000000000000 -0.000000000000000000
connection 1 37 6.197062806607461560 0 0.000000000000000000 -0.000000000000000000
connection 1 38 5.273751076299900475 0 0.000000000000000000 -0.000000000000000000
connection 1 39 3.449758769830695737 0 0.000000000000000000 -0.000000000000000000
connection 1 40 1.345155446804359389 0 0.000000000000000000 -0.000000000000000000
connection 1 41 3.721346658395912943 0 0.000000000000000000 -0.000000000000000000
connection 1 42 1.024412322270940923 0 0.000000000000000000 -0.000000000000000000
connection 1 43 -1.399510355901392389 0 0.000000000000000000 -0.000000000000000000
connection 1 44 -3.081329038608572990 0 0.000000000000000000 -0.000000000000000000
connection 1 45 -1.116296207516258354 0 0.000000000000000000 -0.000000000000000000
connection 1 46 -4.192791807186917907 0 0.000000000000000000 -0.000000000000000000
connection 1 47 1.663813649972819775 0 0.000000000000000000 -0.000000000000000000
connection 1 48 -0.825217601880926632 0 0.000000000000000000 -0.000000000000000000
connection 1 49 -2.649374087692196511 0 0.000000000000000000 -0.000000000000000000
connection 1 50 -0.527142436920627455 0 0.000000000000000000 -0.000000000000000000
connection 1 51 6.487820651912000969 0 0.000000000000000000 -0.000000000000000000
connection 2 52 6.253392150589693443 0 0.000000000000000000 -0.000000000000000000
connection 2 53 3.989821387257607821 0 0.000000000000000000 -0.000000000000000000
connection 2 42 1.515034438353290769 0 0.000000000000000000 -0.000000000000000000
connection 2 43 -0.962593661662369704 0 0.000000000000000000 -0.000000000000000000
connection 2 44 -2.753654551271230044 0 0.000000000000000000 -0.000000000000000000
connection 2 45 -0.666602079205648845 0 0.000000000000000000 -0.000000000000000000
connection 2 46 -3.964500560693255071 0 0.000000000000000000 -0.000000000000000000
connection 2 47 2.146607949405217930 0 0.000000000000000000 -0.000000000000000000
connection 2 48 -0.364129578726998249 0 0.000000000000000000 -0.000000000000000000
connection 2 49 -2.288663159497509536 0 0.000000000000000000 -0.000000000000000000
connection 2 51 6.607778526365649441 0 0.000000000000000000 -0.000000000000000000
connection 3 52 6.403932008736203940 0 0.000000000000000000 -0.000000000000000000
connection 3 53 4.365107686354609662 0 0.000000000000000000 -0.000000000000000000
connection 3 42 2.000541984034234222 0 0.000000000000000000 -0.000000000000000000
connection 3 43 -0.506562088773335084 0 0.000000000000000000 -0.000000000000000000
connection 3 44 -2.400539856500010671 0 0.000000000000000000 -0.000000000000000000
connection 3 46 -3.714322810760662730 0 0.000000000000000000 -0.000000000000000000
connection 3 47 2.617344880134220730 0 0.000000000000000000 -0.000000000000000000
connection 3 49 -1.902888390941798402 0 0.000000000000000000 -0.000000000000000000
connection 3 50 0.426259268334270580 0 0.000000000000000000 -0.000000000000000000
connection 3 51 6.711155936843838710 0 0.000000000000000000 -0.000000000000000000
connection 4 52 6.534965090484131878 0 0.000000000000000000 -0.000000000000000000
connection 4 53 4.711360858866440182 0 0.000000000000000000 -0.000000000000000000
connection 4 42 2.475559111959102054 0 0.000000000000000000 -0.000000000000000000
connection 4 44 -2.022180891455299445 0 0.000000000000000000 -0.000000000000000000
connection 4 45 0.279575332608730243 0 0.000000000000000000 -0.000000000000000000
connection 4 46 -3.440996096271238258 0 0.000000000000000000 -0.000000000000000000
connection 4 47 3.071154181753177337 0 0.000000000000000000 -0.000000000000000000
connection 4 48 0.596864362033639018 0 0.000000000000000000 -0.000000000000000000
connection 4 49 -1.493064421413397902 0 0.000000000000000000 -0.000000000000000000
connection 4 50 0.915575379231172048 0 0.000000000000000000 -0.000000000000000000
connection 4 51 6.799584458975982848 0 0.000000000000000000 -0.000000000000000000
connection 5 52 6.648334832764179581 0 0.000000000000000000 -0.000000000000000000
connection 5 53 5.027963308709083812 0 0.000000000000000000 -0.000000000000000000
connection 5 42 2.935060857069679674 0 0.000000000000000000 -0.000000000000000000
connection 5 43 0.448149584387454614 0 0.000000000000000000 -0.000000000000000000
connection 5 44 -1.619388777977098570 0 0.000000000000000000 -0.000000000000000000
connection 5 45 0.767448211097726540 0 0.000000000000000000 -0.000000000000000000
connection 5 46 -3.143451196691486871 0 0.000000000000000000 -0.000000000000000000
connection 5 47 3.503802036711404444 0 0.000000000000000000 -0.000000000000000000
connection 5 48 1.087372903505249955 0 0.000000000000000000 -0.000000000000000000
connection 5 49 -1.060934175403382085 0 0.000000000000000000 -0.000000000000000000
connection 5 50 1.406460712046838424 0 0.000000000000000000 -0.000000000000000000
connection 5 51 6.874533823481359107 0 0.000000000000000000 -0.000000000000000000
connection 6 52 6.745763180591619168 0 0.000000000000000000 -0.000000000000000000
connection 6 53 5.315051441646483354 0 0.000000000000000000 -0.000000000000000000
connection 6 42 3.374599534779765264 0 0.000000000000000000 -0.000000000000000000
connection 6 43 0.937779904741662951 0 0.000000000000000000 -0.000000000000000000
connection 6 44 -1.193680491811608402 0 0.000000000000000000 -0.000000000000000000
connection 6 45 1.258500879415329177 0 0.000000000000000000 -0.000000000000000000
connection 6 46 -2.820901186886173750 0 0.000000000000000000 -0.000000000000000000
connection 6 47 3.911848900569062870 0 0.000000000000000000 -0.000000000000000000
connection 6 48 1.577552439095101011 0 0.000000000000000000 -0.000000000000000000
connection 6 49 -0.609022464689416565 0 0.000000000000000000 -0.000000000000000000
connection 6 50 1.893460036216981113 0 0.000000000000000000 -0.000000000000000000
connection 6 51 6.937300892492055837 0 0.000000000000000000 -0.000000000000000000
connection 7 52 6.828821600622663190 0 0.000000000000000000 -0.000000000000000000
connection 7 53 5.573388238196380406 0 0.000000000000000000 -0.000000000000000000
connection 7 42 3.790481071475821473 0 0.000000000000000000 -0.000000000000000000
connection 7 43 1.428724709147379812 0 0.000000000000000000 -0.000000000000000000
connection 7 44 -0.747343097230053988 0 0.000000000000000000 -0.000000000000000000
connection 7 45 1.747315282577637019 0 0.000000000000000000 -0.000000000000000000
connection 7 46 -2.472941639228124711 0 0.000000000000000000 -0.000000000000000000
connection 7 47 4.292740320073876958 0 0.000000000000000000 -0.000000000000000000
connection 7 48 2.061930829708196189 0 0.000000000000000000 -0.000000000000000000
connection 7 50 2.371156294518289354 0 0.000000000000000000 -0.000000000000000000
connection 7 51 6.989005959808451074 0 0.000000000000000000 -0.000000000000000000
connection 8 54 0.856766489736840109 0 0.000000000000000000 -0.000000000000000000
connection 8 55 6.249355586503288151 0 0.000000000000000000 -0.000000000000000000
connection 8 56 7.044457783560514663 0 0.000000000000000000 -0.000000000000000000
connection 8 52 6.898914181106919230 0 0.000000000000000000 -0.000000000000000000
connection 8 53 5.804222674840374019 0 0.000000000000000000 -0.000000000000000000
connection 8 42 4.179876812257488972 0 0.000000000000000000 -0.000000000000000000
connection 8 43 1.915521870915132263 0 0.000000000000000000 -0.000000000000000000
connection 8 44 -0.283458056771009825 0 0.000000000000000000 -0.000000000000000000
connection 8 45 2.228433872388321468 0 0.000000000000000000 -0.000000000000000000
connection 8 46 -2.099657250354629578 0 0.000000000000000000 -0.000000000000000000
connection 8 47 4.644828662292708188 0 0.000000000000000000 -0.000000000000000000
connection 8 48 2.535165017021000722 0 0.000000000000000000 -0.000000000000000000
connection 8 49 0.340132643589586336 0 0.000000000000000000 -0.000000000000000000
connection 8 50 2.834427537823096976 0 0.000000000000000000 -0.000000000000000000
connection 8 51 7.030593922449135391 0 0.000000000000000000 -0.000000000000000000
connection 9 54 0.367835694953401404 0 0.000000000000000000 -0.000000000000000000
connection 9 56 7.006975003623029608 0 0.000000000000000000 -0.000000000000000000
connection 9 52 6.957269768916984454 0 0.000000000000000000 -0.000000000000000000
connection 9 53 6.009149896008674219 0 0.000000000000000000 -0.000000000000000000
connection 9 42 4.540865818901496098 0 0.000000000000000000 -0.000000000000000000
connection 9 43 2.392759848836824688 0 0.000000000000000000 -0.000000000000000000
connection 9 45 2.696618248740517476 0 0.000000000000000000 -0.000000000000000000
connection 9 57 0.510461794278958325 0 0.000000000000000000 -0.000000000000000000
connection 9 58 -1.833791587379614230 0 0.000000000000000000 -0.000000000000000000
connection 9 59 -3.398538761721828561 0 0.000000000000000000 -0.000000000000000000
connection 9 60 -1.567361843203823657 0 0.000000000000000000 -0.000000000000000000
connection 9 47 4.967332465227991989 0 0.000000000000000000 -0.000000000000000000
connection 9 48 2.992293128586825723 0 0.000000000000000000 -0.000000000000000000
connection 9 49 0.828609270710737533 0 0.000000000000000000 -0.000000000000000000
connection 9 50 3.278681543336125159 0 0.000000000000000000 -0.000000000000000000
connection 9 51 7.062838319458618841 0 0.000000000000000000 -0.000000000000000000
connection 10 56 6.959720992146623431 0 0.000000000000000000 -0.000000000000000000
connection 10 52 7.004940429390735801 0 0.000000000000000000 -0.000000000000000000
connection 10 53 6.189982431672538254 0 0.000000000000000000 -0.000000000000000000
connection 10 42 4.872411910850288130 0 0.000000000000000000 -0.000000000000000000
connection 10 43 2.855334351068736787 0 0.000000000000000000 -0.000000000000000000
connection 10 44 0.680882976872588919 0 0.000000000000000000 -0.000000000000000000
connection 10 45 3.147093268448710290 0 0.000000000000000000 -0.000000000000000000
connection 10 57 1.000457589287174986 0 0.000000000000000000 -0.000000000000000000
connection 10 58 -1.419941135138437227 0 0.000000000000000000 -0.000000000000000000
connection 10 59 -3.097356814705372940 0 0.000000000000000000 -0.000000000000000000
connection 10 60 -1.139027577633223931 0 0.000000000000000000 -0.000000000000000000
connection 10 47 5.260246519937083143 0 0.000000000000000000 -0.000000000000000000
connection 10 48 3.428955530206680979 0 0.000000000000000000 -0.000000000000000000
connection 10 49 1.319606340719327031 0 0.000000000000000000 -0.000000000000000000
connection 10 50 3.700044814714323671 0 0.000000000000000000 -0.000000000000000000
connection 10 51 7.086346667238474062 0 0.000000000000000000 -0.000000000000000000
connection 11 54 -0.583148396297533234 0 0.000000000000000000 -0.000000000000000000
connection 11 56 6.901825477545450838 0 0.000000000000000000 -0.000000000000000000
connection 11 52 7.042803946676363225 0 0.000000000000000000 -0.000000000000000000
connection 11 53 6.348638894808085631 0 0.000000000000000000 -0.000000000000000000
connection 11 42 5.174286948652552454 0 0.000000000000000000 -0.000000000000000000
connection 11 43 3.298681437089046042 0 0.000000000000000000 -0.000000000000000000
connection 11 44 1.171754042927264816 0 0.000000000000000000 -0.000000000000000000
connection 11 45 3.575751940187923417 0 0.000000000000000000 -0.000000000000000000
connection 11 57 1.491086868490509865 0 0.000000000000000000 -0.000000000000000000
connection 11 58 -0.984163037635819804 0 0.000000000000000000 -0.000000000000000000
connection 11 59 -2.771084779121422592 0 0.000000000000000000 -0.000000000000000000
connection 11 60 -0.690406564150668145 0 0.000000000000000000 -0.000000000000000000
connection 11 61 3.970044917821527797 0 0.000000000000000000 -0.000000000000000000
connection 11 51 7.101565907375187336 0 0.000000000000000000 -0.000000000000000000
connection 12 54 -1.036346033932707300 0 0.000000000000000000 -0.000000000000000000
connection 12 62 1.435211714111639614 0 0.000000000000000000 -0.000000000000000000
connection 12 63 1.118992324853385512 0 0.000000000000000000 -0.000000000000000000
connection 12 56 6.832244242058798989 0 0.000000000000000000 -0.000000000000000000
connection 12 52 7.071568531117943479 0 0.000000000000000000 -0.000000000000000000
connection 12 53 6.487053129601170198 0 0.000000000000000000 -0.000000000000000000
connection 12 64 3.850633154255439727 0 0.000000000000000000 -0.000000000000000000
connection 12 57 1.976881882985111361 0 0.000000000000000000 -0.000000000000000000
connection 12 58 -0.529120151143430695 0 0.000000000000000000 -0.000000000000000000
connection 12 59 -2.419383641167788923 0 0.000000000000000000 -0.000000000000000000
connection 12 60 -0.224676541243448602 0 0.000000000000000000 -0.000000000000000000
connection 12 61 4.346740611551334510 0 0.000000000000000000 -0.000000000000000000
connection 12 51 7.108787111663194658 0 0.000000000000000000 -0.000000000000000000
connection 13 54 -1.469940461699888123 0 0.000000000000000000 -0.000000000000000000
connection 13 62 0.944299133071984431 0 0.000000000000000000 -0.000000000000000000
connection 13 63 0.628292830993028018 0 0.000000000000000000 -0.000000000000000000
connection 13 56 6.749756528422957480 0 0.000000000000000000 -0.000000000000000000
connection 13 52 7.091778318599502917 0 0.000000000000000000 -0.000000000000000000
connection 13 53 6.607104069891062359 0 0.000000000000000000 -0.000000000000000000
connection 13 64 4.235860546986604191 0 0.000000000000000000 -0.000000000000000000
connection 13 57 2.452458014301738043 0 0.000000000000000000 -0.000000000000000000
connection 13 59 -2.042419320729302434 0 0.000000000000000000 -0.000000000000000000
connection 13 60 0.254225783252068405 0 0.000000000000000000 -0.000000000000000000
connection 13 61 4.694466849166730960 0 0.000000000000000000 -0.000000000000000000
connection 13 51 7.108148861494793636 0 0.000000000000000000 -0.000000000000000000
connection 14 54 -1.881353346020444794 0 0.000000000000000000 -0.000000000000000000
connection 14 62 0.454601327552925316 0 0.000000000000000000 -0.000000000000000000
connection 14 56 6.652966404629889752 0 0.000000000000000000 -0.000000000000000000
connection 14 52 7.103818612036139513 0 0.000000000000000000 -0.000000000000000000
connection 14 53 6.710564710078008588 0 0.000000000000000000 -0.000000000000000000
connection 14 64 4.592474760429516856 0 0.000000000000000000 -0.000000000000000000
connection 14 57 2.912768742613482509 0 0.000000000000000000 -0.000000000000000000
connection 14 58 0.424223027254986951 0 0.000000000000000000 -0.000000000000000000
connection 14 59 -1.640967304034086860 0 0.000000000000000000 -0.000000000000000000
connection 14 60 0.741699922969318637 0 0.000000000000000000 -0.000000000000000000
connection 14 61 5.012563642932048147 0 0.000000000000000000 -0.000000000000000000
connection 14 51 7.099638944729129264 0 0.000000000000000000 -0.000000000000000000
connection 15 54 -2.268791140557053776 0 0.000000000000000000 -0.000000000000000000
connection 15 63 -0.334127827068735395 0 0.000000000000000000 -0.000000000000000000
connection 15 56 6.540310348058848255 0 0.000000000000000000 -0.000000000000000000
connection 15 52 7.107920121831163840 0 0.000000000000000000 -0.000000000000000000
connection 15 53 6.799067517706215646 0 0.000000000000000000 -0.000000000000000000
connection 15 64 4.919566254324212906 0 0.000000000000000000 -0.000000000000000000
connection 15 57 3.353333918361414590 0 0.000000000000000000 -0.000000000000000000
connection 15 58 0.913539766177406842 0 0.000000000000000000 -0.000000000000000000
connection 15 59 -1.216504304776777845 0 0.000000000000000000 -0.000000000000000000
connection 15 60 1.232637724805424551 0 0.000000000000000000 -0.000000000000000000
connection 15 61 5.301130671156586871 0 0.000000000000000000 -0.000000000000000000
connection 15 51 7.083094206750777388 0 0.000000000000000000 -0.000000000000000000
connection 16 54 -2.631193894418373258 0 0.000000000000000000 -0.000000000000000000
connection 16 62 -0.500514436131049623 0 0.000000000000000000 -0.000000000000000000
connection 16 63 -0.796372570307963490 0 0.000000000000000000 -0.000000000000000000
connection 16 56 6.410073742723406909 0 0.000000000000000000 -0.000000000000000000
connection 16 65 1.380522919741440813 0 0.000000000000000000 -0.000000000000000000
connection 16 52 7.104161715508483077 0 0.000000000000000000 -0.000000000000000000
connection 16 53 6.874083169049554520 0 0.000000000000000000 -0.000000000000000000
connection 16 64 5.217018284462180411 0 0.000000000000000000 -0.000000000000000000
connection 16 57 3.770418983739602048 0 0.000000000000000000 -0.000000000000000000
connection 16 58 1.404447163410073252 0 0.000000000000000000 -0.000000000000000000
connection 16 59 -0.771274228454750355 0 0.000000000000000000 -0.000000000000000000
connection 16 60 1.721632374190282810 0 0.000000000000000000 -0.000000000000000000
connection 16 61 5.560901063776469755 0 0.000000000000000000 -0.000000000000000000
connection 16 51 7.058198570120862492 0 0.000000000000000000 -0.000000000000000000
connection 17 54 -2.968152634006858026 0 0.000000000000000000 -0.000000000000000000
connection 17 62 -0.956858854916195489 0 0.000000000000000000 -0.000000000000000000
connection 17 66 1.206464767527128057 0 0.000000000000000000 -0.000000000000000000
connection 17 63 -1.240712583352502563 0 0.000000000000000000 -0.000000000000000000
connection 17 56 6.260419322648246521 0 0.000000000000000000 -0.000000000000000000
connection 17 65 0.889559783119910574 0 0.000000000000000000 -0.000000000000000000
connection 17 52 7.092471398725932019 0 0.000000000000000000 -0.000000000000000000
connection 17 53 6.936909482241664371 0 0.000000000000000000 -0.000000000000000000
connection 17 64 5.485387982752869540 0 0.000000000000000000 -0.000000000000000000
connection 17 57 4.161150245544382287 0 0.000000000000000000 -0.000000000000000000
connection 17 58 1.891489929874575093 0 0.000000000000000000 -0.000000000000000000
connection 17 59 -0.308314947282617102 0 0.000000000000000000 -0.000000000000000000
connection 17 60 2.203223756153749324 0 0.000000000000000000 -0.000000000000000000
connection 17 61 5.793101226929951331 0 0.000000000000000000 -0.000000000000000000
connection 17 51 7.024479416325638326 0 0.000000000000000000 -0.000000000000000000
connection 18 54 -3.279808598962219435 0 0.000000000000000000 -0.000000000000000000
connection 18 62 -1.394142907695761879 0 0.000000000000000000 -0.000000000000000000
connection 18 66 0.715500345757957734 0 0.000000000000000000 -0.000000000000000000
connection 18 63 -1.664147300397712081 0 0.000000000000000000 -0.000000000000000000
connection 18 67 1.031855902409801296 0 0.000000000000000000 -0.000000000000000000
connection 18 65 0.400433948323598132 0 0.000000000000000000 -0.000000000000000000
connection 18 52 7.072625435798303606 0 0.000000000000000000 -0.000000000000000000
connection 18 53 6.988667688253794807 0 0.000000000000000000 -0.000000000000000000
connection 18 64 5.725768695148029330 0 0.000000000000000000 -0.000000000000000000
connection 18 57 4.523560714333949129 0 0.000000000000000000 -0.000000000000000000
connection 18 58 2.369249935220299363 0 0.000000000000000000 -0.000000000000000000
connection 18 60 2.672156985707498045 0 0.000000000000000000 -0.000000000000000000
connection 18 61 5.999310765393222056 0 0.000000000000000000 -0.000000000000000000
connection 18 51 6.981302720879321910 0 0.000000000000000000 -0.000000000000000000
connection 19 68 -1.938287164327472389 0 0.000000000000000000 -0.000000000000000000
connection 19 67 0.541557880909794287 0 0.000000000000000000 -0.000000000000000000
connection 19 52 7.044245694660504320 0 0.000000000000000000 -0.000000000000000000
connection 19 53 7.030303584527933580 0 0.000000000000000000 -0.000000000000000000
connection 19 64 5.939648528298091534 0 0.000000000000000000 -0.000000000000000000
connection 19 57 4.856570315549403993 0 0.000000000000000000 -0.000000000000000000
connection 19 58 2.832603209338782069 0 0.000000000000000000 -0.000000000000000000
connection 19 59 0.654877041187497344 0 0.000000000000000000 -0.000000000000000000
connection 19 60 3.123627836891191389 0 0.000000000000000000 -0.000000000000000000
connection 19 61 6.181332994389428848 0 0.000000000000000000 -0.000000000000000000
connection 30 69 2.658041100363109255 0 0.000000000000000000 -0.000000000000000000
connection 30 70 -2.638255164865901836 0 0.000000000000000000 -0.000000000000000000
connection 30 71 2.310471977009888267 0 0.000000000000000000 -0.000000000000000000
connection 30 72 -0.394692900511672884 0 0.000000000000000000 -0.000000000000000000
connection 30 73 -2.850693516884194256 0 0.000000000000000000 -0.000000000000000000
connection 30 74 -0.304724798554373899 0 0.000000000000000000 -0.000000000000000000
connection 30 32 -4.605958893584411129 0 0.000000000000000000 -0.000000000000000000
connection 30 37 -4.600323319645582387 0 0.000000000000000000 -0.000000000000000000
connection 30 79 -4.400470660391004429 0 0.000000000000000000 -0.000000000000000000
connection 30 80 -6.220769008889384999 0 0.000000000000000000 -0.000000000000000000
connection 30 81 -4.012489729053444698 0 0.000000000000000000 -0.000000000000000000
connection 31 82 3.254100329387310087 0 0.000000000000000000 -0.000000000000000000
connection 31 83 0.777144596060264758 0 0.000000000000000000 -0.000000000000000000
connection 31 84 3.091252727039700776 0 0.000000000000000000 -0.000000000000000000
connection 31 33 0.587260106780066238 0 0.000000000000000000 -0.000000000000000000
connection 31 34 -1.809220486195989741 0 0.000000000000000000 -0.000000000000000000
connection 31 35 -3.846413239538623685 0 0.000000000000000000 -0.000000000000000000
connection 31 36 -1.993562747044061778 0 0.000000000000000000 -0.000000000000000000
connection 31 85 2.968216641583377946 0 0.000000000000000000 -0.000000000000000000
connection 31 86 0.446368812171737517 0 0.000000000000000000 -0.000000000000000000
connection 31 87 2.895627733794778447 0 0.000000000000000000 -0.000000000000000000
connection 31 38 0.365067148372619388 0 0.000000000000000000 -0.000000000000000000
connection 31 39 -2.129408499414362055 0 0.000000000000000000 -0.000000000000000000
connection 31 40 -4.115277842747405934 0 0.000000000000000000 -0.000000000000000000
connection 31 41 -2.208563812209036303 0 0.000000000000000000 -0.000000000000000000
connection 31 61 -5.413499625493198408 0 0.000000000000000000 -0.000000000000000000
connection 31 88 2.880917892230106414 0 0.000000000000000000 -0.000000000000000000
connection 31 89 0.350696411180945911 0 0.000000000000000000 -0.000000000000000000
connection 31 90 2.927575673209151130 0 0.000000000000000000 -0.000000000000000000
connection 31 91 0.406988164528719387 0 0.000000000000000000 -0.000000000000000000
connection 31 92 -2.225365896943557686 0 0.000000000000000000 -0.000000000000000000
connection 31 93 -4.202913991416115991 0 0.000000000000000000 -0.000000000000000000
connection 31 94 -2.176598067164067896 0 0.000000000000000000 -0.000000000000000000
connection 31 95 3.034759861573846251 0 0.000000000000000000 -0.000000000000000000
connection 31 96 0.533843286867065392 0 0.000000000000000000 -0.000000000000000000
connection 31 97 3.197303604717689485 0 0.000000000000000000 -0.000000000000000000
connection 32 62 -0.583959298344655320 0 0.000000000000000000 -0.000000000000000000
connection 32 66 2.053284664383754787 0 0.000000000000000000 -0.000000000000000000
connection 32 63 -0.631144152911557899 0 0.000000000000000000 -0.000000000000000000
connection 32 55 4.314618012738493213 0 0.000000000000000000 -0.000000000000000000
connection 32 42 2.200659408020021246 0 0.000000000000000000 -0.000000000000000000
connection 32 44 -2.574420751805544416 0 0.000000000000000000 -0.000000000000000000
connection 32 45 -0.418880444085491854 0 0.000000000000000000 -0.000000000000000000
connection 32 47 1.834422312599318428 0 0.000000000000000000 -0.000000000000000000
connection 32 48 -0.635610924775749764 0 0.000000000000000000 -0.000000000000000000
connection 32 49 -2.992804112258308447 0 0.000000000000000000 -0.000000000000000000
connection 32 50 -0.810364201196615341 0 0.000000000000000000 -0.000000000000000000
connection 33 62 -0.782554004344631848 0 0.000000000000000000 -0.000000000000000000
connection 33 66 1.865236759616057283 0 0.000000000000000000 -0.000000000000000000
connection 33 63 -0.800931854260708342 0 0.000000000000000000 -0.000000000000000000
connection 33 55 4.156651901188750386 0 0.000000000000000000 -0.000000000000000000
connection 33 42 2.276539601606764052 0 0.000000000000000000 -0.000000000000000000
connection 33 44 -2.530657889098879565 0 0.000000000000000000 -0.000000000000000000
connection 33 45 -0.340609224163263613 0 0.000000000000000000 -0.000000000000000000
connection 33 47 1.944840080666684345 0 0.000000000000000000 -0.000000000000000000
connection 33 48 -0.542465372277818547 0 0.000000000000000000 -0.000000000000000000
connection 33 49 -2.929038815202947177 0 0.000000000000000000 -0.000000000000000000
connection 33 50 -0.697383703708661984 0 0.000000000000000000 -0.000000000000000000
connection 54 67 1.608636840024489922 0 0.000000000000000000 -0.000000000000000000
connection 54 98 -1.321088887846849413 0 0.000000000000000000 -0.000000000000000000
connection 54 99 -3.534485914637063075 0 0.000000000000000000 -0.000000000000000000
connection 54 100 -1.032918695686858790 0 0.000000000000000000 -0.000000000000000000
connection 54 56 -4.936416680076784580 0 0.000000000000000000 -0.000000000000000000
connection 54 65 2.273871778877127436 0 0.000000000000000000 -0.000000000000000000
connection 34 67 -1.210982949029383970 0 0.000000000000000000 -0.000000000000000000
connection 34 98 1.650385269915558561 0 0.000000000000000000 -0.000000000000000000
connection 34 99 3.908091820871019362 0 0.000000000000000000 -0.000000000000000000
connection 34 100 1.441497734650947216 0 0.000000000000000000 -0.000000000000000000
connection 34 65 -1.430174746936308861 0 0.000000000000000000 -0.000000000000000000
connection 34 43 3.247445498604819125 0 0.000000000000000000 -0.000000000000000000
connection 34 44 0.758369273548681000 0 0.000000000000000000 -0.000000000000000000
connection 34 45 3.034829814488037680 0 0.000000000000000000 -0.000000000000000000
connection 34 57 0.508919515227636676 0 0.000000000000000000 -0.000000000000000000
connection 34 58 -1.780940528073941875 0 0.000000000000000000 -0.000000000000000000
connection 34 59 -3.755048089055887051 0 0.000000000000000000 -0.000000000000000000
connection 34 60 -2.022780047902585476 0 0.000000000000000000 -0.000000000000000000
connection 34 48 2.835412860472982466 0 0.000000000000000000 -0.000000000000000000
connection 34 49 0.279551124384052108 0 0.000000000000000000 -0.000000000000000000
connection 34 50 2.663500807625790667 0 0.000000000000000000 -0.000000000000000000
connection 35 67 -2.331308704443286750 0 0.000000000000000000 -0.000000000000000000
connection 35 98 0.439571104046399153 0 0.000000000000000000 -0.000000000000000000
connection 35 99 2.963008000723771573 0 0.000000000000000000 -0.000000000000000000
connection 35 100 0.222339012193195074 0 0.000000000000000000 -0.000000000000000000
connection 35 56 4.726324756944811689 0 0.000000000000000000 -0.000000000000000000
connection 35 65 -2.532176277538085163 0 0.000000000000000000 -0.000000000000000000
connection 35 57 1.718101682366968364 0 0.000000000000000000 -0.000000000000000000
connection 35 58 -0.655992277028905946 0 0.000000000000000000 -0.000000000000000000
connection 35 59 -2.937056426714552693 0 0.000000000000000000 -0.000000000000000000
connection 35 60 -0.907006715862242685 0 0.000000000000000000 -0.000000000000000000
connection 36 62 -1.946424416198203611 0 0.000000000000000000 -0.000000000000000000
connection 36 66 0.665809358942537011 0 0.000000000000000000 -0.000000000000000000
connection 36 63 -1.962461161552467637 0 0.000000000000000000 -0.000000000000000000
connection 36 67 0.757493540319577052 0 0.000000000000000000 -0.000000000000000000
connection 36 98 3.346873678361507398 0 0.000000000000000000 -0.000000000000000000
connection 36 99 5.020805375110274582 0 0.000000000000000000 -0.000000000000000000
connection 36 100 3.214261565565121437 0 0.000000000000000000 -0.000000000000000000
connection 36 65 0.645841049387393507 0 0.000000000000000000 -0.000000000000000000
connection 36 42 3.341455791595348668 0 0.000000000000000000 -0.000000000000000000
connection 36 43 1.113448558820846257 0 0.000000000000000000 -0.000000000000000000
connection 36 44 -1.480611352438124140 0 0.000000000000000000 -0.000000000000000000
connection 36 45 0.882223968517691359 0 0.000000000000000000 -0.000000000000000000
connection 36 46 -3.674808420559852795 0 0.000000000000000000 -0.000000000000000000
connection 36 47 3.037878307396553179 0 0.000000000000000000 -0.000000000000000000
connection 36 48 0.682566132632989597 0 0.000000000000000000 -0.000000000000000000
connection 36 49 -1.905310804357579268 0 0.000000000000000000 -0.000000000000000000
connection 36 50 0.528340748204935262 0 0.000000000000000000 -0.000000000000000000
connection 37 33 2.908988904877602089 0 0.000000000000000000 -0.000000000000000000
connection 37 34 0.561279354907405881 0 0.000000000000000000 -0.000000000000000000
connection 37 35 -1.999964997457304161 0 0.000000000000000000 -0.000000000000000000
connection 37 36 0.369805574093272804 0 0.000000000000000000 -0.000000000000000000
connection 37 38 2.708684916418745203 0 0.000000000000000000 -0.000000000000000000
connection 37 39 0.227512622257474512 0 0.000000000000000000 -0.000000000000000000
connection 37 40 -2.318483442941303707 0 0.000000000000000000 -0.000000000000000000
connection 37 64 -4.058822520159149683 0 0.000000000000000000 -0.000000000000000000
connection 37 61 -4.283327228706480305 0 0.000000000000000000 -0.000000000000000000
connection 37 91 2.740161565344930938 0 0.000000000000000000 -0.000000000000000000
connection 37 93 -2.415955404098883097 0 0.000000000000000000 -0.000000000000000000
connection 38 33 2.999154131181525518 0 0.000000000000000000 -0.000000000000000000
connection 38 34 0.652216405333911120 0 0.000000000000000000 -0.000000000000000000
connection 38 35 -1.926922116458167578 0 0.000000000000000000 -0.000000000000000000
connection 38 36 0.479336530339146971 0 0.000000000000000000 -0.000000000000000000
connection 38 38 2.842858417168984797 0 0.000000000000000000 -0.000000000000000000
connection 38 39 0.360067164816844643 0 0.000000000000000000 -0.000000000000000000
connection 38 40 -2.208302855509440832 0 0.000000000000000000 -0.000000000000000000
connection 38 41 0.303796514106294768 0 0.000000000000000000 -0.000000000000000000
connection 38 64 -4.013909786837674076 0 0.000000000000000000 -0.000000000000000000
connection 38 61 -4.206458880782290244 0 0.000000000000000000 -0.000000000000000000
connection 38 91 2.922785748135788175 0 0.000000000000000000 -0.000000000000000000
connection 38 92 0.316518802722882742 0 0.000000000000000000 -0.000000000000000000
connection 38 93 -2.255737335567330248 0 0.000000000000000000 -0.000000000000000000
connection 38 94 0.400542318998829527 0 0.000000000000000000 -0.000000000000000000
connection 39 54 -2.422850631030375013 0 0.000000000000000000 -0.000000000000000000
connection 39 66 2.647283435855987133 0 0.000000000000000000 -0.000000000000000000
connection 39 39 3.509749417878280653 0 0.000000000000000000 -0.000000000000000000
connection 39 40 1.115175576528127266 0 0.000000000000000000 -0.000000000000000000
connection 39 41 3.418135564741313193 0 0.000000000000000000 -0.000000000000000000
connection 39 42 1.276081445269497738 0 0.000000000000000000 -0.000000000000000000
connection 39 43 -1.149630824219235903 0 0.000000000000000000 -0.000000000000000000
connection 39 44 -3.360471601340788261 0 0.000000000000000000 -0.000000000000000000
connection 39 45 -1.356312198616745679 0 0.000000000000000000 -0.000000000000000000
connection 39 47 1.008233210735560270 0 0.000000000000000000 -0.000000000000000000
connection 39 48 -1.518301920814612904 0 0.000000000000000000 -0.000000000000000000
connection 39 49 -3.678394453745569059 0 0.000000000000000000 -0.000000000000000000
connection 39 50 -1.625546772504543158 0 0.000000000000000000 -0.000000000000000000
connection 40 62 -1.140178333706356240 0 0.000000000000000000 -0.000000000000000000
connection 40 66 1.514374022325416513 0 0.000000000000000000 -0.000000000000000000
connection 40 63 -1.102904897623136371 0 0.000000000000000000 -0.000000000000000000
connection 40 55 3.847286897982383991 0 0.000000000000000000 -0.000000000000000000
connection 40 42 2.440803083310864707 0 0.000000000000000000 -0.000000000000000000
connection 40 44 -2.428625020401664614 0 0.000000000000000000 -0.000000000000000000
connection 40 46 -4.337271770204076837 0 0.000000000000000000 -0.000000000000000000
connection 40 47 2.187897766932809684 0 0.000000000000000000 -0.000000000000000000
connection 40 48 -0.329958114919627898 0 0.000000000000000000 -0.000000000000000000
connection 40 49 -2.774845434201957506 0 0.000000000000000000 -0.000000000000000000
connection 40 50 -0.439780394869408231 0 0.000000000000000000 -0.000000000000000000
connection 58 98 -2.964443928973619524 0 0.000000000000000000 -0.000000000000000000
connection 58 99 -0.561758634803575241 0 0.000000000000000000 -0.000000000000000000
connection 58 100 -3.145740731881513153 0 0.000000000000000000 -0.000000000000000000
connection 58 69 -0.778442683774974054 0 0.000000000000000000 -0.000000000000000000
connection 58 70 4.209802656147129341 0 0.000000000000000000 -0.000000000000000000
connection 58 105 1.868612814240987019 0 0.000000000000000000 -0.000000000000000000
connection 58 71 -0.285513961184329923 0 0.000000000000000000 -0.000000000000000000
connection 58 72 2.623945666681931410 0 0.000000000000000000 -0.000000000000000000
connection 58 73 4.618738197075571428 0 0.000000000000000000 -0.000000000000000000
connection 58 74 2.330223977762350795 0 0.000000000000000000 -0.000000000000000000
connection 58 32 6.042529328641077058 0 0.000000000000000000 -0.000000000000000000
connection 58 58 2.880452822335235474 0 0.000000000000000000 -0.000000000000000000
connection 58 59 0.331980593855180584 0 0.000000000000000000 -0.000000000000000000
connection 58 60 2.659250682994512616 0 0.000000000000000000 -0.000000000000000000
connection 41 54 -0.373764204412610157 0 0.000000000000000000 -0.000000000000000000
connection 41 62 2.164376441038657450 0 0.000000000000000000 -0.000000000000000000
connection 41 66 4.260232279784690768 0 0.000000000000000000 -0.000000000000000000
connection 41 63 2.249112856094058976 0 0.000000000000000000 -0.000000000000000000
connection 41 34 1.857246734852980863 0 0.000000000000000000 -0.000000000000000000
connection 41 35 -0.781990345040415091 0 0.000000000000000000 -0.000000000000000000
connection 41 36 1.691636700197121757 0 0.000000000000000000 -0.000000000000000000
connection 41 38 3.800784857374555514 0 0.000000000000000000 -0.000000000000000000
connection 41 39 1.576470855574107377 0 0.000000000000000000 -0.000000000000000000
connection 41 40 -1.075323703939086606 0 0.000000000000000000 -0.000000000000000000
connection 41 41 1.521533284856505075 0 0.000000000000000000 -0.000000000000000000
connection 41 64 -3.188654499468349890 0 0.000000000000000000 -0.000000000000000000
connection 41 61 -3.399727305608828853 0 0.000000000000000000 -0.000000000000000000
connection 41 91 3.865148074665070155 0 0.000000000000000000 -0.000000000000000000
connection 41 92 1.533029206401264277 0 0.000000000000000000 -0.000000000000000000
connection 41 93 -1.122026671943767706 0 0.000000000000000000 -0.000000000000000000
connection 41 94 1.613119772853290668 0 0.000000000000000000 -0.000000000000000000
connection 66 98 2.874416206893819048 0 0.000000000000000000 -0.000000000000000000
connection 66 99 0.336691192724660471 0 0.000000000000000000 -0.000000000000000000
connection 66 100 3.089112373354978569 0 0.000000000000000000 -0.000000000000000000
connection 66 69 0.587400234118508946 0 0.000000000000000000 -0.000000000000000000
connection 66 70 -4.188556676447494631 0 0.000000000000000000 -0.000000000000000000
connection 66 105 -1.998025091787045238 0 0.000000000000000000 -0.000000000000000000
connection 66 72 -2.502864652462448269 0 0.000000000000000000 -0.000000000000000000
connection 66 73 -4.390893281347395316 0 0.000000000000000000 -0.000000000000000000
connection 66 74 -2.397813982228921059 0 0.000000000000000000 -0.000000000000000000
connection 66 32 -5.574914237386930260 0 0.000000000000000000 -0.000000000000000000
connection 66 37 -5.549076340968185583 0 0.000000000000000000 -0.000000000000000000
connection 66 79 -5.372566537526123120 0 0.000000000000000000 -0.000000000000000000
connection 66 81 -5.050176482505336573 0 0.000000000000000000 -0.000000000000000000
connection 42 62 -2.986345581941891147 0 0.000000000000000000 -0.000000000000000000
connection 42 66 -0.564469511761834353 0 0.000000000000000000 -0.000000000000000000
connection 42 67 -0.472504844299282745 0 0.000000000000000000 -0.000000000000000000
connection 42 98 2.306952721855291877 0 0.000000000000000000 -0.000000000000000000
connection 42 99 4.358512313697484153 0 0.000000000000000000 -0.000000000000000000
connection 42 100 2.157038661599932183 0 0.000000000000000000 -0.000000000000000000
connection 42 65 -0.584351191085916266 0 0.000000000000000000 -0.000000000000000000
connection 42 43 2.293085352126706056 0 0.000000000000000000 -0.000000000000000000
connection 42 44 -0.316650616270236274 0 0.000000000000000000 -0.000000000000000000
connection 42 45 2.075494129371681762 0 0.000000000000000000 -0.000000000000000000
connection 42 46 -2.809789953617933822 0 0.000000000000000000 -0.000000000000000000
connection 42 48 1.885871200495125244 0 0.000000000000000000 -0.000000000000000000
connection 42 49 -0.754771804826249504 0 0.000000000000000000 -0.000000000000000000
connection 42 50 1.738160446526987535 0 0.000000000000000000 -0.000000000000000000
connection 43 67 -3.312462138213316809 0 0.000000000000000000 -0.000000000000000000
connection 43 98 -0.781798662234117092 0 0.000000000000000000 -0.000000000000000000
connection 43 99 1.863871925190244028 0 0.000000000000000000 -0.000000000000000000
connection 43 100 -0.996017931379653221 0 0.000000000000000000 -0.000000000000000000
connection 43 56 3.976819318789666990 0 0.000000000000000000 -0.000000000000000000
connection 43 57 2.849236818906304869 0 0.000000000000000000 -0.000000000000000000
connection 43 58 0.545090835133567264 0 0.000000000000000000 -0.000000000000000000
connection 43 59 -1.965663053882575229 0 0.000000000000000000 -0.000000000000000000
connection 43 60 0.294270269484080693 0 0.000000000000000000 -0.000000000000000000
connection 44 98 -1.935921955082480883 0 0.000000000000000000 -0.000000000000000000
connection 44 99 0.663733796570832979 0 0.000000000000000000 -0.000000000000000000
connection 44 100 -2.137031878342943170 0 0.000000000000000000 -0.000000000000000000
connection 44 69 0.446087120384945135 0 0.000000000000000000 -0.000000000000000000
connection 44 70 4.913767396407305199 0 0.000000000000000000 -0.000000000000000000
connection 44 105 2.963664509223677523 0 0.000000000000000000 -0.000000000000000000
connection 44 58 1.749608782484409986 0 0.000000000000000000 -0.000000000000000000
connection 44 59 -0.860385973743767907 0 0.000000000000000000 -0.000000000000000000
connection 44 60 1.509253916264774453 0 0.000000000000000000 -0.000000000000000000
connection 51 106 1.803109618252501045 0 0.000000000000000000 -0.000000000000000000
connection 51 82 -0.792718877728321947 0 0.000000000000000000 -0.000000000000000000
connection 51 83 -3.151953917433375274 0 0.000000000000000000 -0.000000000000000000
connection 51 84 -0.846782925035881262 0 0.000000000000000000 -0.000000000000000000
connection 51 108 1.900899909560484602 0 0.000000000000000000 -0.000000000000000000
connection 51 85 -0.831714985551183617 0 0.000000000000000000 -0.000000000000000000
connection 51 86 -3.195178538475316188 0 0.000000000000000000 -0.000000000000000000
connection 51 87 -0.745191537474646282 0 0.000000000000000000 -0.000000000000000000
connection 51 109 2.257026693217471180 0 0.000000000000000000 -0.000000000000000000
connection 51 88 -0.588191343592636029 0 0.000000000000000000 -0.000000000000000000
connection 51 89 -2.996375999068414231 0 0.000000000000000000 -0.000000000000000000
connection 51 90 -0.365194046764209856 0 0.000000000000000000 -0.000000000000000000
connection 51 80 -4.638091465451239515 0 0.000000000000000000 -0.000000000000000000
connection 51 110 2.803555632449932222 0 0.000000000000000000 -0.000000000000000000
connection 51 96 -2.562384252978946897 0 0.000000000000000000 -0.000000000000000000
connection 51 97 0.242666319928725061 0 0.000000000000000000 -0.000000000000000000
connection 45 67 -1.657969207600936246 0 0.000000000000000000 -0.000000000000000000
connection 45 98 1.139695782635288479 0 0.000000000000000000 -0.000000000000000000
connection 45 99 3.518684083568524024 0 0.000000000000000000 -0.000000000000000000
connection 45 100 0.978379004549644882 0 0.000000000000000000 -0.000000000000000000
connection 45 65 -1.762697572382924127 0 0.000000000000000000 -0.000000000000000000
connection 45 43 3.362315442949024291 0 0.000000000000000000 -0.000000000000000000
connection 45 44 0.900103767062313986 0 0.000000000000000000 -0.000000000000000000
connection 45 45 3.164943508373102343 0 0.000000000000000000 -0.000000000000000000
connection 45 57 0.666906759852247344 0 0.000000000000000000 -0.000000000000000000
connection 45 58 -1.674174544792231156 0 0.000000000000000000 -0.000000000000000000
connection 45 59 -3.710332487615776387 0 0.000000000000000000 -0.000000000000000000
connection 45 60 -1.902211295692628035 0 0.000000000000000000 -0.000000000000000000
connection 45 48 2.991256424763959920 0 0.000000000000000000 -0.000000000000000000
connection 45 49 0.465556821425619938 0 0.000000000000000000 -0.000000000000000000
connection 45 50 2.854569826945237310 0 0.000000000000000000 -0.000000000000000000
connection 46 98 -2.176578199694022331 0 0.000000000000000000 -0.000000000000000000
connection 46 99 0.395621551949553285 0 0.000000000000000000 -0.000000000000000000
connection 46 100 -2.350132170536224585 0 0.000000000000000000 -0.000000000000000000
connection 46 69 0.203179614355238375 0 0.000000000000000000 -0.000000000000000000
connection 46 70 4.767057388515050675 0 0.000000000000000000 -0.000000000000000000
connection 46 105 2.757738382705529290 0 0.000000000000000000 -0.000000000000000000
connection 46 58 1.818173118756188256 0 0.000000000000000000 -0.000000000000000000
connection 46 59 -0.799062371646029446 0 0.000000000000000000 -0.000000000000000000
connection 46 60 1.584702836089112443 0 0.000000000000000000 -0.000000000000000000
connection 52 54 -1.170081913212120517 0 0.000000000000000000 -0.000000000000000000
connection 52 62 1.473416542722314926 0 0.000000000000000000 -0.000000000000000000
connection 52 66 3.762400707173556569 0 0.000000000000000000 -0.000000000000000000
connection 52 63 1.483268090205025702 0 0.000000000000000000 -0.000000000000000000
connection 52 34 2.750797937376896041 0 0.000000000000000000 -0.000000000000000000
connection 52 36 2.552054193241130253 0 0.000000000000000000 -0.000000000000000000
connection 52 39 2.385420145978011330 0 0.000000000000000000 -0.000000000000000000
connection 52 40 -0.225173003037002356 0 0.000000000000000000 -0.000000000000000000
connection 52 41 2.263833038304942313 0 0.000000000000000000 -0.000000000000000000
connection 52 43 -2.305917465642302489 0 0.000000000000000000 -0.000000000000000000
connection 52 44 -4.158834341981891392 0 0.000000000000000000 -0.000000000000000000
connection 52 45 -2.514141515348564226 0 0.000000000000000000 -0.000000000000000000
connection 52 47 -0.357588298208744715 0 0.000000000000000000 -0.000000000000000000
connection 52 48 -2.683831331198607284 0 0.000000000000000000 -0.000000000000000000
connection 52 49 -4.468652297337531998 0 0.000000000000000000 -0.000000000000000000
connection 52 50 -2.805680480434072699 0 0.000000000000000000 -0.000000000000000000
connection 52 92 2.197668686785923420 0 0.000000000000000000 -0.000000000000000000
connection 52 93 -0.428787918183135663 0 0.000000000000000000 -0.000000000000000000
connection 52 94 2.193854587058569283 0 0.000000000000000000 -0.000000000000000000
connection 63 67 2.740450922852396776 0 0.000000000000000000 -0.000000000000000000
connection 63 99 -2.606870339591614183 0 0.000000000000000000 -0.000000000000000000
connection 63 56 -4.332041408547263828 0 0.000000000000000000 -0.000000000000000000
connection 63 65 3.342595921257214275 0 0.000000000000000000 -0.000000000000000000
connection 47 54 -1.561002910613510597 0 0.000000000000000000 -0.000000000000000000
connection 47 62 0.983604386293089106 0 0.000000000000000000 -0.000000000000000000
connection 47 66 3.396796294621488244 0 0.000000000000000000 -0.000000000000000000
connection 47 63 1.072416407998346699 0 0.000000000000000000 -0.000000000000000000
connection 47 39 2.707018310167772501 0 0.000000000000000000 -0.000000000000000000
connection 47 41 2.654421674090632788 0 0.000000000000000000 -0.000000000000000000
connection 47 42 0.261306776924668471 0 0.000000000000000000 -0.000000000000000000
connection 47 43 -2.116249818647600200 0 0.000000000000000000 -0.000000000000000000
connection 47 44 -4.068869077786023247 0 0.000000000000000000 -0.000000000000000000
connection 47 45 -2.281940922318767218 0 0.000000000000000000 -0.000000000000000000
connection 47 48 -2.396406666314844447 0 0.000000000000000000 -0.000000000000000000
connection 47 49 -4.302286023537562620 0 0.000000000000000000 -0.000000000000000000
connection 47 50 -2.452659893454782747 0 0.000000000000000000 -0.000000000000000000
connection 47 92 2.663003588446070768 0 0.000000000000000000 -0.000000000000000000
connection 47 94 2.734745193302754007 0 0.000000000000000000 -0.000000000000000000
connection 48 62 -2.271502699237714751 0 0.000000000000000000 -0.000000000000000000
connection 48 66 0.296585841734572087 0 0.000000000000000000 -0.000000000000000000
connection 48 63 -2.234777482718768749 0 0.000000000000000000 -0.000000000000000000
connection 48 67 0.331283467323770064 0 0.000000000000000000 -0.000000000000000000
connection 48 98 2.954578217404546958 0 0.000000000000000000 -0.000000000000000000
connection 48 99 4.771148330993543851 0 0.000000000000000000 -0.000000000000000000
connection 48 100 2.864174979274225485 0 0.000000000000000000 -0.000000000000000000
connection 48 65 0.332558440154928914 0 0.000000000000000000 -0.000000000000000000
connection 48 42 3.478273693982417480 0 0.000000000000000000 -0.000000000000000000
connection 48 43 1.267373842709820897 0 0.000000000000000000 -0.000000000000000000
connection 48 44 -1.351342243194231019 0 0.000000000000000000 -0.000000000000000000
connection 48 45 1.062205386313781474 0 0.000000000000000000 -0.000000000000000000
connection 48 46 -3.599709813991598839 0 0.000000000000000000 -0.000000000000000000
connection 48 47 3.246426751144265932 0 0.000000000000000000 -0.000000000000000000
connection 48 48 0.899289656161251116 0 0.000000000000000000 -0.000000000000000000
connection 48 49 -1.718884835679076462 0 0.000000000000000000 -0.000000000000000000
connection 48 50 0.790701822094308504 0 0.000000000000000000 -0.000000000000000000
connection 49 66 -0.926840821653796665 0 0.000000000000000000 -0.000000000000000000
connection 49 67 -0.893012250969238863 0 0.000000000000000000 -0.000000000000000000
connection 49 98 1.860050391238533551 0 0.000000000000000000 -0.000000000000000000
connection 49 99 4.043406430224226078 0 0.000000000000000000 -0.000000000000000000
connection 49 100 1.758665562412833339 0 0.000000000000000000 -0.000000000000000000
connection 49 65 -0.890733833268790409 0 0.000000000000000000 -0.000000000000000000
connection 49 43 2.435413730112707231 0 0.000000000000000000 -0.000000000000000000
connection 49 45 2.243009919931460150 0 0.000000000000000000 -0.000000000000000000
connection 49 57 -0.379214689676854844 0 0.000000000000000000 -0.000000000000000000
connection 49 58 -2.603199840135350662 0 0.000000000000000000 -0.000000000000000000
connection 49 59 -4.368544902285177223 0 0.000000000000000000 -0.000000000000000000
connection 49 60 -2.795573105983583773 0 0.000000000000000000 -0.000000000000000000
connection 49 48 2.088847114219972489 0 0.000000000000000000 -0.000000000000000000
connection 49 49 -0.545547957971305952 0 0.000000000000000000 -0.000000000000000000
connection 49 50 1.985115713973731655 0 0.000000000000000000 -0.000000000000000000
connection 50 62 -0.246825207789473006 0 0.000000000000000000 -0.000000000000000000
connection 50 66 2.363776444539229082 0 0.000000000000000000 -0.000000000000000000
connection 50 42 1.481563741926181343 0 0.000000000000000000 -0.000000000000000000
connection 50 43 -0.990841328747297911 0 0.000000000000000000 -0.000000000000000000
connection 50 44 -3.264320307280603295 0 0.000000000000000000 -0.000000000000000000
connection 50 45 -1.164552076747227050 0 0.000000000000000000 -0.000000000000000000
connection 50 46 -4.884125869825906463 0 0.000000000000000000 -0.000000000000000000
connection 50 47 1.308002203235239413 0 0.000000000000000000 -0.000000000000000000
connection 50 48 -1.284618382018086535 0 0.000000000000000000 -0.000000000000000000
connection 50 49 -3.521621261293741867 0 0.000000000000000000 -0.000000000000000000
connection 50 50 -1.342813079237395346 0 0.000000000000000000 -0.000000000000000000
connection 53 54 -1.442447435928531085 0 0.000000000000000000 -0.000000000000000000
connection 53 62 1.137193505131626203 0 0.000000000000000000 -0.000000000000000000
connection 53 66 3.513255788667656088 0 0.000000000000000000 -0.000000000000000000
connection 53 63 1.200353023314111756 0 0.000000000000000000 -0.000000000000000000
connection 53 34 2.891939009822937834 0 0.000000000000000000 -0.000000000000000000
connection 53 35 0.345147099852091521 0 0.000000000000000000 -0.000000000000000000
connection 53 36 2.721936691077711412 0 0.000000000000000000 -0.000000000000000000
connection 53 39 2.593320082422262640 0 0.000000000000000000 -0.000000000000000000
connection 53 41 2.516987163121099602 0 0.000000000000000000 -0.000000000000000000
connection 53 43 -2.186470227788470666 0 0.000000000000000000 -0.000000000000000000
connection 53 44 -4.104800285159326378 0 0.000000000000000000 -0.000000000000000000
connection 53 45 -2.368365612416434729 0 0.000000000000000000 -0.000000000000000000
connection 53 48 -2.503018708723541597 0 0.000000000000000000 -0.000000000000000000
connection 53 49 -4.366572675455599573 0 0.000000000000000000 -0.000000000000000000
connection 53 50 -2.582655578334084989 0 0.000000000000000000 -0.000000000000000000
connection 53 92 2.500591484088050542 0 0.000000000000000000 -0.000000000000000000
connection 53 94 2.547835812231337815 0 0.000000000000000000 -0.000000000000000000
connection 55 69 4.129837027225023327 0 0.000000000000000000 -0.000000000000000000
connection 55 70 -0.840984501296071496 0 0.000000000000000000 -0.000000000000000000
connection 55 105 1.971732839530538017 0 0.000000000000000000 -0.000000000000000000
connection 55 71 3.933997371645185037 0 0.000000000000000000 -0.000000000000000000
connection 55 72 1.680778884759887903 0 0.000000000000000000 -0.000000000000000000
connection 55 73 -0.972428260711053816 0 0.000000000000000000 -0.000000000000000000
connection 55 74 1.710711155099991609 0 0.000000000000000000 -0.000000000000000000
connection 55 32 -3.221944327182562517 0 0.000000000000000000 -0.000000000000000000
connection 55 108 -0.942234986612945136 0 0.000000000000000000 -0.000000000000000000
connection 55 85 -3.300394876770306407 0 0.000000000000000000 -0.000000000000000000
connection 55 86 -4.903494241578840729 0 0.000000000000000000 -0.000000000000000000
connection 55 87 -3.280070007044125990 0 0.000000000000000000 -0.000000000000000000
connection 55 109 -0.670351493215834870 0 0.000000000000000000 -0.000000000000000000
connection 55 88 -3.199436628272255945 0 0.000000000000000000 -0.000000000000000000
connection 55 89 -4.839355542679959044 0 0.000000000000000000 -0.000000000000000000
connection 55 90 -3.058643655482371049 0 0.000000000000000000 -0.000000000000000000
connection 55 80 -5.797087567478639514 0 0.000000000000000000 -0.000000000000000000
connection 55 95 -2.859948040342221276 0 0.000000000000000000 -0.000000000000000000
connection 55 96 -4.592945873099296250 0 0.000000000000000000 -0.000000000000000000
connection 55 97 -2.608156767531987441 0 0.000000000000000000 -0.000000000000000000
connection 56 106 1.507587539713056923 0 0.000000000000000000 -0.000000000000000000
connection 56 82 -1.040162891505571841 0 0.000000000000000000 -0.000000000000000000
connection 56 83 -3.328421177468383174 0 0.000000000000000000 -0.000000000000000000
connection 56 84 -1.144779355203644711 0 0.000000000000000000 -0.000000000000000000
connection 56 108 1.498426660517253817 0 0.000000000000000000 -0.000000000000000000
connection 56 85 -1.185163697185017462 0 0.000000000000000000 -0.000000000000000000
connection 56 86 -3.460470190304258509 0 0.000000000000000000 -0.000000000000000000
connection 56 87 -1.156623135858135143 0 0.000000000000000000 -0.000000000000000000
connection 56 109 1.760956212053138792 0 0.000000000000000000 -0.000000000000000000
connection 56 88 -1.057470751091315719 0 0.000000000000000000 -0.000000000000000000
connection 56 89 -3.364523654709987266 0 0.000000000000000000 -0.000000000000000000
connection 56 90 -0.889173118315197519 0 0.000000000000000000 -0.000000000000000000
connection 56 80 -4.900468661307204599 0 0.000000000000000000 -0.000000000000000000
connection 56 110 2.253571723985893893 0 0.000000000000000000 -0.000000000000000000
connection 56 95 -0.656566821869392858 0 0.000000000000000000 -0.000000000000000000
connection 56 96 -3.034337573893324702 0 0.000000000000000000 -0.000000000000000000
connection 56 97 -0.368037359347647530 0 0.000000000000000000 -0.000000000000000000
connection 57 67 -2.732235528815585734 0 0.000000000000000000 -0.000000000000000000
connection 57 99 2.507104784780678219 0 0.000000000000000000 -0.000000000000000000
connection 57 100 -0.251116265323779175 0 0.000000000000000000 -0.000000000000000000
connection 57 56 4.432853850291807341 0 0.000000000000000000 -0.000000000000000000
connection 57 65 -2.824677073665915916 0 0.000000000000000000 -0.000000000000000000
connection 57 57 1.871163755836291465 0 0.000000000000000000 -0.000000000000000000
connection 57 58 -0.526690623437972127 0 0.000000000000000000 -0.000000000000000000
connection 57 59 -2.863841892891562768 0 0.000000000000000000 -0.000000000000000000
connection 57 60 -0.762679155996321634 0 0.000000000000000000 -0.000000000000000000
connection 64 67 -2.539259348609860911 0 0.000000000000000000 -0.000000000000000000
connection 64 99 2.733637979299897047 0 0.000000000000000000 -0.000000000000000000
connection 64 56 4.579253035419673878 0 0.000000000000000000 -0.000000000000000000
connection 64 65 -2.685261218424569218 0 0.000000000000000000 -0.000000000000000000
connection 64 57 1.792826722993904998 0 0.000000000000000000 -0.000000000000000000
connection 64 58 -0.592883717662251009 0 0.000000000000000000 -0.000000000000000000
connection 64 59 -2.902203026317238255 0 0.000000000000000000 -0.000000000000000000
connection 64 60 -0.837634589150956899 0 0.000000000000000000 -0.000000000000000000
connection 59 69 -1.938320707606180804 0 0.000000000000000000 -0.000000000000000000
connection 59 70 3.327916058376146236 0 0.000000000000000000 -0.000000000000000000
connection 59 105 0.669384266422937135 0 0.000000000000000000 -0.000000000000000000
connection 59 71 -1.468871884846564946 0 0.000000000000000000 -0.000000000000000000
connection 59 72 1.477970724390434087 0 0.000000000000000000 -0.000000000000000000
connection 59 73 3.806157228229174461 0 0.000000000000000000 -0.000000000000000000
connection 59 74 1.160878844388281372 0 0.000000000000000000 -0.000000000000000000
connection 59 32 5.634438472003034271 0 0.000000000000000000 -0.000000000000000000
connection 59 37 5.267055965700265574 0 0.000000000000000000 -0.000000000000000000
connection 59 79 4.956347357174073487 0 0.000000000000000000 -0.000000000000000000
connection 60 98 -1.291647668848621811 0 0.000000000000000000 -0.000000000000000000
connection 60 99 1.358575308257072400 0 0.000000000000000000 -0.000000000000000000
connection 60 100 -1.450191875243818540 0 0.000000000000000000 -0.000000000000000000
connection 60 69 1.197593080292210788 0 0.000000000000000000 -0.000000000000000000
connection 60 70 5.220667983116456412 0 0.000000000000000000 -0.000000000000000000
connection 60 105 3.557341493902141494 0 0.000000000000000000 -0.000000000000000000
connection 60 57 2.983510076660294885 0 0.000000000000000000 -0.000000000000000000
connection 60 58 0.686023902966014010 0 0.000000000000000000 -0.000000000000000000
connection 60 59 -1.863816354703552225 0 0.000000000000000000 -0.000000000000000000
connection 60 60 0.451146696168233385 0 0.000000000000000000 -0.000000000000000000
connection 61 62 -1.299310641568355518 0 0.000000000000000000 -0.000000000000000000
connection 61 66 1.352480823168255242 0 0.000000000000000000 -0.000000000000000000
connection 61 63 -1.235705431587300396 0 0.000000000000000000 -0.000000000000000000
connection 61 67 1.357818687266948654 0 0.000000000000000000 -0.000000000000000000
connection 61 98 3.732803858044543066 0 0.000000000000000000 -0.000000000000000000
connection 61 99 5.234558632128571531 0 0.000000000000000000 -0.000000000000000000
connection 61 100 3.676325498067216646 0 0.000000000000000000 -0.000000000000000000
connection 61 42 2.530347527126073359 0 0.000000000000000000 -0.000000000000000000
connection 61 44 -2.368540037772257190 0 0.000000000000000000 -0.000000000000000000
connection 61 46 -4.305132090253070309 0 0.000000000000000000 -0.000000000000000000
connection 61 47 2.320808304490478147 0 0.000000000000000000 -0.000000000000000000
connection 61 48 -0.209312883479339157 0 0.000000000000000000 -0.000000000000000000
connection 61 49 -2.682838917802273127 0 0.000000000000000000 -0.000000000000000000
connection 61 50 -0.294237242454689907 0 0.000000000000000000 -0.000000000000000000
connection 62 67 4.168522001043204028 0 0.000000000000000000 -0.000000000000000000
connection 62 98 1.765978737696336953 0 0.000000000000000000 -0.000000000000000000
connection 62 99 -0.883506077414702440 0 0.000000000000000000 -0.000000000000000000
connection 62 100 2.003671876163501508 0 0.000000000000000000 -0.000000000000000000
connection 62 69 -0.634948891974090324 0 0.000000000000000000 -0.000000000000000000
connection 62 70 -4.837594475870215405 0 0.000000000000000000 -0.000000000000000000
connection 62 105 -3.012983561168514957 0 0.000000000000000000 -0.000000000000000000
connection 62 79 -5.761544231342693223 0 0.000000000000000000 -0.000000000000000000
connection 62 81 -5.482706147260417495 0 0.000000000000000000 -0.000000000000000000
connection 65 67 3.731730770854972068 0 0.000000000000000000 -0.000000000000000000
connection 65 98 1.101248179528327542 0 0.000000000000000000 -0.000000000000000000
connection 65 99 -1.531187917326434222 0 0.000000000000000000 -0.000000000000000000
connection 65 100 1.390160966914487206 0 0.000000000000000000 -0.000000000000000000
connection 65 56 -3.578632222399129592 0 0.000000000000000000 -0.000000000000000000
connection 65 65 4.255690954849709939 0 0.000000000000000000 -0.000000000000000000
connection 67 69 2.416766010411258048 0 0.000000000000000000 -0.000000000000000000
connection 67 70 -2.841166147635902473 0 0.000000000000000000 -0.000000000000000000
connection 67 71 2.111517452039112897 0 0.000000000000000000 -0.000000000000000000
connection 67 72 -0.582319540112568479 0 0.000000000000000000 -0.000000000000000000
connection 67 73 -2.999707661516447743 0 0.000000000000000000 -0.000000000000000000
connection 67 74 -0.521507579891907769 0 0.000000000000000000 -0.000000000000000000
connection 67 32 -4.673174882646661032 0 0.000000000000000000 -0.000000000000000000
connection 67 37 -4.705574694740148445 0 0.000000000000000000 -0.000000000000000000
connection 67 79 -4.548915088162722498 0 0.000000000000000000 -0.000000000000000000
connection 67 81 -4.204761767884946266 0 0.000000000000000000 -0.000000000000000000
connection 68 67 3.502801555049214421 0 0.000000000000000000 -0.000000000000000000
connection 68 98 0.827199516724445028 0 0.000000000000000000 -0.000000000000000000
connection 68 99 -1.788454255058140374 0 0.000000000000000000 -0.000000000000000000
connection 68 100 1.098387932743450257 0 0.000000000000000000 -0.000000000000000000
connection 68 56 -3.780931508035378918 0 0.000000000000000000 -0.000000000000000000
connection 68 65 4.026646377161298140 0 0.000000000000000000 -0.000000000000000000
connection 68 20 -6.152010010202721979 0 0.000000000000000000 -0.000000000000000000
connection 67 20 -4.590268150560790517 0 0.000000000000000000 -0.000000000000000000
connection 98 20 -2.185825646050874038 0 0.000000000000000000 -0.000000000000000000
connection 99 20 -1.063806942081138018 0 0.000000000000000000 -0.000000000000000000
connection 100 20 -3.887120179579858448 0 0.000000000000000000 -0.000000000000000000
connection 69 20 -3.025328810800715917 0 0.000000000000000000 -0.000000000000000000
connection 70 20 1.368202935947020915 0 0.000000000000000000 -0.000000000000000000
connection 105 20 -2.006723155341575637 0 0.000000000000000000 -0.000000000000000000
connection 109 20 -0.858770035210311811 0 0.000000000000000000 -0.000000000000000000
connection 88 20 2.524757474530068269 0 0.000000000000000000 -0.000000000000000000
connection 89 20 3.549255340953816340 0 0.000000000000000000 -0.000000000000000000
connection 90 20 0.362189884087133984 0 0.000000000000000000 -0.000000000000000000
connection 80 20 3.624110891776273213 0 0.000000000000000000 -0.000000000000000000
connection 110 20 -4.330937359562074818 0 0.000000000000000000 -0.000000000000000000
connection 95 20 -1.785861845275760862 0 0.000000000000000000 -0.000000000000000000
connection 96 20 -0.613208532799247696 0 0.000000000000000000 -0.000000000000000000
connection 97 20 -3.550174468078708845 0 0.000000000000000000 -0.000000000000000000
connection 30 21 -5.537062728889912577 0 0.000000000000000000 -0.000000000000000000
connection 71 21 -1.157509254402266263 0 0.000000000000000000 -0.000000000000000000
connection 72 21 2.282185379423049110 0 0.000000000000000000 -0.000000000000000000
connection 73 21 3.350629150229338826 0 0.000000000000000000 -0.000000000000000000
connection 108 21 1.263680501634443232 0 0.000000000000000000 -0.000000000000000000
connection 87 21 2.431214829443779646 0 0.000000000000000000 -0.000000000000000000
connection 109 21 -2.963567550014888141 0 0.000000000000000000 -0.000000000000000000
connection 88 21 0.225776512913035132 0 0.000000000000000000 -0.000000000000000000
connection 89 21 1.446695534017622187 0 0.000000000000000000 -0.000000000000000000
connection 90 21 -1.935535249525461854 0 0.000000000000000000 -0.000000000000000000
connection 91 21 -0.780936204721414229 0 0.000000000000000000 -0.000000000000000000
connection 92 21 2.596422263072378112 0 0.000000000000000000 -0.000000000000000000
connection 93 21 3.610752419800399071 0 0.000000000000000000 -0.000000000000000000
connection 94 21 0.442183282737360794 0 0.000000000000000000 -0.000000000000000000
connection 81 21 -4.366087216342251942 0 0.000000000000000000 -0.000000000000000000
connection 71 22 -3.164935087408433212 0 0.000000000000000000 -0.000000000000000000
connection 73 22 1.182022625654289838 0 0.000000000000000000 -0.000000000000000000
connection 74 22 -2.192033837209569125 0 0.000000000000000000 -0.000000000000000000
connection 108 22 -1.080761200290411450 0 0.000000000000000000 -0.000000000000000000
connection 85 22 2.356933702693366328 0 0.000000000000000000 -0.000000000000000000
connection 86 22 3.416090245284857829 0 0.000000000000000000 -0.000000000000000000
connection 109 22 -4.506603060009489070 0 0.000000000000000000 -0.000000000000000000
connection 88 22 -2.045630163424856818 0 0.000000000000000000 -0.000000000000000000
connection 89 22 -0.909026862067648045 0 0.000000000000000000 -0.000000000000000000
connection 90 22 -3.783631814098741497 0 0.000000000000000000 -0.000000000000000000
connection 91 22 -2.901141073843216400 0 0.000000000000000000 -0.000000000000000000
connection 92 22 0.306269246424057895 0 0.000000000000000000 -0.000000000000000000
connection 93 22 1.524894651790717814 0 0.000000000000000000 -0.000000000000000000
connection 94 22 -1.863802016668353101 0 0.000000000000000000 -0.000000000000000000
connection 81 22 -5.440627636409110401 0 0.000000000000000000 -0.000000000000000000
connection 31 23 -3.152776313003257336 0 0.000000000000000000 -0.000000000000000000
connection 106 23 1.115977844141998743 0 0.000000000000000000 -0.000000000000000000
connection 84 23 2.295314502477648677 0 0.000000000000000000 -0.000000000000000000
connection 108 23 -3.105201616792693908 0 0.000000000000000000 -0.000000000000000000
connection 86 23 1.261932970119740594 0 0.000000000000000000 -0.000000000000000000
connection 87 23 -2.122483785246768395 0 0.000000000000000000 -0.000000000000000000
connection 38 23 -1.003617415069893326 0 0.000000000000000000 -0.000000000000000000
connection 39 23 2.431182481574591936 0 0.000000000000000000 -0.000000000000000000
connection 40 23 3.480859825252752948 0 0.000000000000000000 -0.000000000000000000
connection 41 23 0.202140248740772632 0 0.000000000000000000 -0.000000000000000000
connection 47 23 1.422174411100973090 0 0.000000000000000000 -0.000000000000000000
connection 50 23 2.576955011800843298 0 0.000000000000000000 -0.000000000000000000
connection 79 23 -4.509087398557853454 0 0.000000000000000000 -0.000000000000000000
connection 91 23 -4.463843655446742886 0 0.000000000000000000 -0.000000000000000000
connection 92 23 -1.974670463979010027 0 0.000000000000000000 -0.000000000000000000
connection 93 23 -0.831110171583708923 0 0.000000000000000000 -0.000000000000000000
connection 94 23 -3.730872523349677561 0 0.000000000000000000 -0.000000000000000000
connection 81 23 -6.101663840915939829 0 0.000000000000000000 -0.000000000000000000
connection 31 24 -4.581222390864620131 0 0.000000000000000000 -0.000000000000000000
connection 106 24 -1.197109016893777911 0 0.000000000000000000 -0.000000000000000000
connection 82 24 2.239059045247416169 0 0.000000000000000000 -0.000000000000000000
connection 83 24 3.320745410735128189 0 0.000000000000000000 -0.000000000000000000
connection 33 24 1.196101990096545720 0 0.000000000000000000 -0.000000000000000000
connection 36 24 2.370336057122596429 0 0.000000000000000000 -0.000000000000000000
connection 37 24 -3.093190731323488318 0 0.000000000000000000 -0.000000000000000000
connection 38 24 -3.044791510529778478 0 0.000000000000000000 -0.000000000000000000
connection 40 24 1.341625267859229087 0 0.000000000000000000 -0.000000000000000000
connection 41 24 -2.052344809056489083 0 0.000000000000000000 -0.000000000000000000
connection 47 24 -0.926095134273659748 0 0.000000000000000000 -0.000000000000000000
connection 48 24 2.504915259718353937 0 0.000000000000000000 -0.000000000000000000
connection 49 24 3.544929971304421112 0 0.000000000000000000 -0.000000000000000000
connection 50 24 0.282909457099774997 0 0.000000000000000000 -0.000000000000000000
connection 31 25 -5.501467737684637704 0 0.000000000000000000 -0.000000000000000000
connection 106 25 -3.148173193911353973 0 0.000000000000000000 -0.000000000000000000
connection 83 25 1.137673542630226020 0 0.000000000000000000 -0.000000000000000000
connection 84 25 -2.205035144760843835 0 0.000000000000000000 -0.000000000000000000
connection 33 25 -1.121355757313684087 0 0.000000000000000000 -0.000000000000000000
connection 34 25 2.314557098290795700 0 0.000000000000000000 -0.000000000000000000
connection 35 25 3.387565515490685630 0 0.000000000000000000 -0.000000000000000000
connection 37 25 -4.540825975046764107 0 0.000000000000000000 -0.000000000000000000
connection 38 25 -4.520525559236261870 0 0.000000000000000000 -0.000000000000000000
connection 39 25 -2.103868331631268518 0 0.000000000000000000 -0.000000000000000000
connection 40 25 -0.994851230425025213 0 0.000000000000000000 -0.000000000000000000
connection 41 25 -3.830033156217937496 0 0.000000000000000000 -0.000000000000000000
connection 42 25 1.276042591007391813 0 0.000000000000000000 -0.000000000000000000
connection 45 25 2.444868312084416573 0 0.000000000000000000 -0.000000000000000000
connection 47 25 -2.983706994226351217 0 0.000000000000000000 -0.000000000000000000
connection 48 25 0.203750778353406659 0 0.000000000000000000 -0.000000000000000000
connection 49 25 1.421077773284185719 0 0.000000000000000000 -0.000000000000000000
connection 50 25 -1.981626758145415446 0 0.000000000000000000 -0.000000000000000000
connection 32 26 -3.121184265918012457 0 0.000000000000000000 -0.000000000000000000
connection 33 26 -3.089770371644364300 0 0.000000000000000000 -0.000000000000000000
connection 35 26 1.217563732101828444 0 0.000000000000000000 -0.000000000000000000
connection 36 26 -2.136802051704385530 0 0.000000000000000000 -0.000000000000000000
connection 37 26 -5.475759990576282377 0 0.000000000000000000 -0.000000000000000000
connection 53 26 -4.499833820795156036 0 0.000000000000000000 -0.000000000000000000
connection 42 26 -1.045178319381459664 0 0.000000000000000000 -0.000000000000000000
connection 43 26 2.389594819654401014 0 0.000000000000000000 -0.000000000000000000
connection 44 26 3.453714673002379332 0 0.000000000000000000 -0.000000000000000000
connection 57 26 1.355777696224416129 0 0.000000000000000000 -0.000000000000000000
connection 60 26 2.518894512890212933 0 0.000000000000000000 -0.000000000000000000
connection 47 26 -4.478861241144087124 0 0.000000000000000000 -0.000000000000000000
connection 48 26 -2.034035187977952130 0 0.000000000000000000 -0.000000000000000000
connection 49 26 -0.917516377740490663 0 0.000000000000000000 -0.000000000000000000
connection 50 26 -3.778593586683768990 0 0.000000000000000000 -0.000000000000000000
connection 53 27 -5.449639462495567521 0 0.000000000000000000 -0.000000000000000000
connection 42 27 -3.030700711888195453 0 0.000000000000000000 -0.000000000000000000
connection 44 27 1.297282372953536322 0 0.000000000000000000 -0.000000000000000000
connection 45 27 -2.067972278107076622 0 0.000000000000000000 -0.000000000000000000
connection 57 27 -0.968592704975806296 0 0.000000000000000000 -0.000000000000000000
connection 58 27 2.464154836470072496 0 0.000000000000000000 -0.000000000000000000
connection 59 27 3.519183697495068319 0 0.000000000000000000 -0.000000000000000000
connection 60 27 0.222200242680649973 0 0.000000000000000000 -0.000000000000000000
connection 61 27 -4.458240312869393485 0 0.000000000000000000 -0.000000000000000000
connection 64 28 -3.004153089465165127 0 0.000000000000000000 -0.000000000000000000
connection 57 28 -2.970965665906383446 0 0.000000000000000000 -0.000000000000000000
connection 59 28 1.376807664987588664 0 0.000000000000000000 -0.000000000000000000
connection 60 28 -1.998554452091090949 0 0.000000000000000000 -0.000000000000000000
connection 61 28 -5.423100103983943931 0 0.000000000000000000 -0.000000000000000000
NNend

