NNstart
18 8
neuron 1 1.000000000000000000 0.000000000000000000 0.000000000000000000 -0.000000000000000000 11 0.000000000000000000
neuron 1 1.000000000000000000 0.000000000000000000 0.000000000000000000 -0.000000000000000000 11 0.000000000000000000
neuron 1 1.000000000000000000 0.000000000000000000 0.000000000000000000 -0.000000000000000000 11 0.000000000000000000
neuron 1 1.000000000000000000 0.000000000000000000 0.000000000000000000 -0.000000000000000000 11 0.000000000000000000
neuron 1 1.000000000000000000 0.000000000000000000 0.000000000000000000 -0.000000000000000000 11 0.000000000000000000
neuron 1 1.000000000000000000 0.000000000000000000 0.000000000000000000 -0.000000000000000000 11 0.000000000000000000
neuron 1 1.000000000000000000 0.000000000000000000 0.000000000000000000 -0.000000000000000000 11 0.000000000000000000
neuron 1 1.000000000000000000 0.000000000000000000 0.000000000000000000 -0.000000000000000000 11 0.000000000000000000
neuron 1 1.000000000000000000 0.000000000000000000 0.000000000000000000 -0.000000000000000000 11 0.000000000000000000
neuron 1 1.000000000000000000 0.000000000000000000 0.000000000000000000 -0.000000000000000000 11 0.000000000000000000
neuron 1 1.000000000000000000 0.000000000000000000 0.000000000000000000 -0.000000000000000000 11 0.000000000000000000
neuron 1 1.000000000000000000 0.000000000000000000 0.000000000000000000 -0.000000000000000000 11 0.000000000000000000
neuron 1 1.000000000000000000 0.000000000000000000 0.000000000000000000 -0.000000000000000000 11 0.000000000000000000
neuron 1 1.000000000000000000 0.000000000000000000 0.000000000000000000 -0.000000000000000000 11 0.000000000000000000
neuron 1 1.000000000000000000 0.000000000000000000 0.000000000000000000 -0.000000000000000000 11 0.000000000000000000
neuron 1 1.000000000000000000 0.000000000000000000 0.000000000000000000 -0.000000000000000000 11 0.000000000000000000
neuron 1 1.000000000000000000 0.000000000000000000 0.000000000000000000 -0.000000000000000000 11 0.000000000000000000
neuron 2 1.000000000000000000 0.000000000000000000 0.000000000000000000 0.000000000000000000 11 0.000000000000000000
neuron 4 1.000000000000000000 0.000000000000000000 0.000000000000000000 -0.000000000000000000 1 0.000000000000000000
neuron 4 1.000000000000000000 0.000000000000000000 0.000000000000000000 -0.000000000000000000 1 0.000000000000000000
neuron 4 1.000000000000000000 0.000000000000000000 0.000000000000000000 -0.000000000000000000 1 0.000000000000000000
neuron 4 1.000000000000000000 0.000000000000000000 0.000000000000000000 -0.000000000000000000 1 0.000000000000000000
neuron 4 1.000000000000000000 0.000000000000000000 0.000000000000000000 -0.000000000000000000 1 0.000000000000000000
neuron 4 1.000000000000000000 0.000000000000000000 0.000000000000000000 -0.000000000000000000 1 0.000000000000000000
neuron 4 1.000000000000000000 0.000000000000000000 0.000000000000000000 -0.000000000000000000 1 0.000000000000000000
neuron 4 1.000000000000000000 0.000000000000000000 0.000000000000000000 -0.000000000000000000 1 0.000000000000000000
neuron 3 1.000000000000000000 0.000000000000000000 0.000000000000000000 -0.000000000000000000 0 0.000000000000000000
neuron 3 1.000000000000000000 0.000000000000000000 0.000000000000000000 -0.000000000000000000 0 0.000000000000000000
neuron 3 1.000000000000000000 0.000000000000000000 0.000000000000000000 -0.000000000000000000 0 0.000000000000000000
neuron 3 1.000000000000000000 0.000000000000000000 0.000000000000000000 -0.000000000000000000 0 0.000000000000000000
neuron 3 1.000000000000000000 0.000000000000000000 0.000000000000000000 -0.000000000000000000 0 0.000000000000000000
neuron 3 1.000000000000000000 0.000000000000000000 0.000000000000000000 -0.000000000000000000 0 0.000000000000000000
neuron 3 1.000000000000000000 0.000000000000000000 0.000000000000000000 -0.000000000000000000 0 0.000000000000000000
neuron 3 1.000000000000000000 0.000000000000000000 0.000000000000000000 -0.000000000000000000 0 0.000000000000000000
neuron 3 1.000000000000000000 0.000000000000000000 0.000000000000000000 -0.000000000000000000 0 0.000000000000000000
neuron 3 1.000000000000000000 0.000000000000000000 0.000000000000000000 -0.000000000000000000 0 0.000000000000000000
neuron 3 1.000000000000000000 0.000000000000000000 0.000000000000000000 -0.000000000000000000 0 0.000000000000000000
neuron 3 1.000000000000000000 0.000000000000000000 0.000000000000000000 -0.000000000000000000 0 0.000000000000000000
neuron 3 1.000000000000000000 0.000000000000000000 0.000000000000000000 -0.000000000000000000 0 0.000000000000000000
neuron 3 1.000000000000000000 0.000000000000000000 0.000000000000000000 -0.000000000000000000 0 0.000000000000000000
neuron 3 1.000000000000000000 0.000000000000000000 0.000000000000000000 -0.000000000000000000 0 0.000000000000000000
neuron 3 1.000000000000000000 0.000000000000000000 0.000000000000000000 -0.000000000000000000 0 0.000000000000000000
neuron 3 1.000000000000000000 0.000000000000000000 0.000000000000000000 -0.000000000000000000 0 0.000000000000000000
neuron 3 1.000000000000000000 0.000000000000000000 0.000000000000000000 -0.000000000000000000 0 0.000000000000000000
neuron 3 1.000000000000000000 0.000000000000000000 0.000000000000000000 -0.000000000000000000 0 0.000000000000000000
neuron 3 1.000000000000000000 0.000000000000000000 0.000000000000000000 -0.000000000000000000 0 0.000000000000000000
neuron 3 1.000000000000000000 0.000000000000000000 0.000000000000000000 -0.000000000000000000 0 0.000000000000000000
neuron 3 1.000000000000000000 0.000000000000000000 0.000000000000000000 -0.000000000000000000 0 0.000000000000000000
neuron 3 1.000000000000000000 0.000000000000000000 0.000000000000000000 -0.000000000000000000 0 0.000000000000000000
neuron 3 1.000000000000000000 0.000000000000000000 0.000000000000000000 -0.000000000000000000 0 0.000000000000000000
connection 0 26 -4.341748729921040884 0 0.000000000000000000 -0.000000000000000000
connection 0 27 -1.107314741410826642 0 0.000000000000000000 -0.000000000000000000
connection 0 28 -1.134097554535573815 0 0.000000000000000000 -0.000000000000000000
connection 0 29 -4.356118573416909889 0 0.000000000000000000 -0.000000000000000000
connection 0 30 0.266155019577947016 0 0.000000000000000000 -0.000000000000000000
connection 0 31 -4.373389657247171769 0 0.000000000000000000 -0.000000000000000000
connection 0 32 -1.166430645513471864 0 0.000000000000000000 -0.000000000000000000
connection 0 33 -1.210337277714530035 0 0.000000000000000000 -0.000000000000000000
connection 0 34 -4.396709282627356608 0 0.000000000000000000 -0.000000000000000000
connection 0 35 -4.423117508849470525 0 0.000000000000000000 -0.000000000000000000
connection 0 36 -1.260410760481990966 0 0.000000000000000000 -0.000000000000000000
connection 0 37 -1.302675383160659450 0 0.000000000000000000 -0.000000000000000000
connection 0 38 -4.445253479941029262 0 0.000000000000000000 -0.000000000000000000
connection 0 39 -4.460980384262108522 0 0.000000000000000000 -0.000000000000000000
connection 0 40 -1.332866998280838322 0 0.000000000000000000 -0.000000000000000000
connection 0 41 -1.357301085393487483 0 0.000000000000000000 -0.000000000000000000
connection 0 42 -4.473655976979261872 0 0.000000000000000000 -0.000000000000000000
connection 1 26 -4.212486203067238755 0 0.000000000000000000 -0.000000000000000000
connection 1 27 -0.871109207819416587 0 0.000000000000000000 -0.000000000000000000
connection 1 28 -0.900164497681866127 0 0.000000000000000000 -0.000000000000000000
connection 1 29 -4.228635014088178323 0 0.000000000000000000 -0.000000000000000000
connection 1 30 0.587649763759436672 0 0.000000000000000000 -0.000000000000000000
connection 1 43 0.490411000018327103 0 0.000000000000000000 -0.000000000000000000
connection 1 31 -4.248054039308462038 0 0.000000000000000000 -0.000000000000000000
connection 1 32 -0.935272588185477982 0 0.000000000000000000 -0.000000000000000000
connection 1 33 -0.983003005090406279 0 0.000000000000000000 -0.000000000000000000
connection 1 34 -4.274291004476627798 0 0.000000000000000000 -0.000000000000000000
connection 1 35 -4.304027104359398059 0 0.000000000000000000 -0.000000000000000000
connection 1 36 -1.037515630965208269 0 0.000000000000000000 -0.000000000000000000
connection 1 37 -1.083592342904037054 0 0.000000000000000000 -0.000000000000000000
connection 1 38 -4.328972644733589448 0 0.000000000000000000 -0.000000000000000000
connection 1 44 0.346934452226611401 0 0.000000000000000000 -0.000000000000000000
connection 1 45 0.252501786722604538 0 0.000000000000000000 -0.000000000000000000
connection 1 39 -4.346706950215095233 0 0.000000000000000000 -0.000000000000000000
connection 1 40 -1.116543834999414786 0 0.000000000000000000 -0.000000000000000000
connection 1 41 -1.143233982514825664 0 0.000000000000000000 -0.000000000000000000
connection 1 42 -4.361007384413563059 0 0.000000000000000000 -0.000000000000000000
connection 2 26 -4.067545385313530382 0 0.000000000000000000 -0.000000000000000000
connection 2 27 -0.615881937713247951 0 0.000000000000000000 -0.000000000000000000
connection 2 28 -0.647178681342297168 0 0.000000000000000000 -0.000000000000000000
connection 2 29 -4.085621596458659965 0 0.000000000000000000 -0.000000000000000000
connection 2 30 0.920275109771331645 0 0.000000000000000000 -0.000000000000000000
connection 2 43 0.820025856284170906 0 0.000000000000000000 -0.000000000000000000
connection 2 31 -4.107370010121806914 0 0.000000000000000000 -0.000000000000000000
connection 2 32 -0.685031881475180793 0 0.000000000000000000 -0.000000000000000000
connection 2 33 -0.736558905158943733 0 0.000000000000000000 -0.000000000000000000
connection 2 34 -4.136774623593305833 0 0.000000000000000000 -0.000000000000000000
connection 2 35 -4.170129506695658961 0 0.000000000000000000 -0.000000000000000000
connection 2 36 -0.795498823985124948 0 0.000000000000000000 -0.000000000000000000
connection 2 37 -0.845393763873894422 0 0.000000000000000000 -0.000000000000000000
connection 2 38 -4.198134627233121030 0 0.000000000000000000 -0.000000000000000000
connection 2 44 0.671543034346478107 0 0.000000000000000000 -0.000000000000000000
connection 2 45 0.573449258152281094 0 0.000000000000000000 -0.000000000000000000
connection 2 39 -4.218057411384108057 0 0.000000000000000000 -0.000000000000000000
connection 2 40 -0.881118700400543187 0 0.000000000000000000 -0.000000000000000000
connection 2 41 -0.910081556877786468 0 0.000000000000000000 -0.000000000000000000
connection 2 42 -4.234130738616398659 0 0.000000000000000000 -0.000000000000000000
connection 3 35 -4.020174830522478260 0 0.000000000000000000 -0.000000000000000000
connection 3 36 -0.534567381877116055 0 0.000000000000000000 -0.000000000000000000
connection 3 37 -0.588205618505138750 0 0.000000000000000000 -0.000000000000000000
connection 3 38 -4.051488270951531412 0 0.000000000000000000 -0.000000000000000000
connection 3 44 1.006516750074603728 0 0.000000000000000000 -0.000000000000000000
connection 3 45 0.905654261511005143 0 0.000000000000000000 -0.000000000000000000
connection 3 39 -4.073780538141724250 0 0.000000000000000000 -0.000000000000000000
connection 3 40 -0.626660502046094470 0 0.000000000000000000 -0.000000000000000000
connection 3 41 -0.657867083544702691 0 0.000000000000000000 -0.000000000000000000
connection 3 42 -4.091775257218325024 0 0.000000000000000000 -0.000000000000000000
connection 4 46 0.418742075203603625 0 0.000000000000000000 -0.000000000000000000
connection 4 35 -3.852942840271068370 0 0.000000000000000000 -0.000000000000000000
connection 4 36 -0.255374373290833567 0 0.000000000000000000 -0.000000000000000000
connection 4 37 -0.312586670398816213 0 0.000000000000000000 -0.000000000000000000
connection 4 38 -3.887804009516758974 0 0.000000000000000000 -0.000000000000000000
connection 4 44 1.348557537191357181 0 0.000000000000000000 -0.000000000000000000
connection 4 45 1.245957016346385116 0 0.000000000000000000 -0.000000000000000000
connection 4 39 -3.912641122453115017 0 0.000000000000000000 -0.000000000000000000
connection 4 40 -0.353661141641459620 0 0.000000000000000000 -0.000000000000000000
connection 4 41 -0.387028702832222404 0 0.000000000000000000 -0.000000000000000000
connection 4 42 -3.932701789430874229 0 0.000000000000000000 -0.000000000000000000
connection 5 46 0.745940183023970249 0 0.000000000000000000 -0.000000000000000000
connection 5 47 0.487108811962325916 0 0.000000000000000000 -0.000000000000000000
connection 6 48 -4.619363344689953799 0 0.000000000000000000 -0.000000000000000000
connection 6 46 1.082803082692377350 0 0.000000000000000000 -0.000000000000000000
connection 6 47 0.816616002704674937 0 0.000000000000000000 -0.000000000000000000
connection 7 48 -4.525858963088794873 0 0.000000000000000000 -0.000000000000000000
connection 7 46 1.425934308877998324 0 0.000000000000000000 -0.000000000000000000
connection 7 47 1.155104873901209972 0 0.000000000000000000 -0.000000000000000000
connection 7 49 -4.600527021752088608 0 0.000000000000000000 -0.000000000000000000
connection 8 48 -4.419968568766477368 0 0.000000000000000000 -0.000000000000000000
connection 8 46 1.771569396161022825 0 0.000000000000000000 -0.000000000000000000
connection 8 47 1.499090936038717681 0 0.000000000000000000 -0.000000000000000000
connection 8 49 -4.504497206970145662 0 0.000000000000000000 -0.000000000000000000
connection 9 48 -4.300479985599683808 0 0.000000000000000000 -0.000000000000000000
connection 9 46 2.115715610780793288 0 0.000000000000000000 -0.000000000000000000
connection 9 47 1.844748683274839429 0 0.000000000000000000 -0.000000000000000000
connection 9 49 -4.395828229578399693 0 0.000000000000000000 -0.000000000000000000
connection 10 48 -4.166149102543596605 0 0.000000000000000000 -0.000000000000000000
connection 10 46 2.454315750271068630 0 0.000000000000000000 -0.000000000000000000
connection 10 47 2.188057493591496705 0 0.000000000000000000 -0.000000000000000000
connection 10 49 -4.273299368279626087 0 0.000000000000000000 -0.000000000000000000
connection 11 48 -4.015726325280962961 0 0.000000000000000000 -0.000000000000000000
connection 11 47 2.524968698653266230 0 0.000000000000000000 -0.000000000000000000
connection 11 49 -4.135662835517125657 0 0.000000000000000000 -0.000000000000000000
connection 12 48 -3.847992876345330160 0 0.000000000000000000 -0.000000000000000000
connection 12 49 -3.981672171893945844 0 0.000000000000000000 -0.000000000000000000
connection 13 48 -3.661808529044851213 0 0.000000000000000000 -0.000000000000000000
connection 13 49 -3.810120846947445905 0 0.000000000000000000 -0.000000000000000000
connection 14 48 -3.456171885715429770 0 0.000000000000000000 -0.000000000000000000
connection 14 49 -3.619892581637409457 0 0.000000000000000000 -0.000000000000000000
connection 15 48 -3.230293401031924638 0 0.000000000000000000 -0.000000000000000000
connection 15 49 -3.410024350351593903 0 0.000000000000000000 -0.000000000000000000
connection 16 48 -2.983679912779232613 0 0.000000000000000000 -0.000000000000000000
connection 16 46 4.174079956572546379 0 0.000000000000000000 -0.000000000000000000
connection 16 49 -3.179782004810491891 0 0.000000000000000000 -0.000000000000000000
connection 17 48 -2.716227448085391849 0 0.000000000000000000 -0.000000000000000000
connection 17 46 4.386022389752649353 0 0.000000000000000000 -0.000000000000000000
connection 17 47 4.221018989646428743 0 0.000000000000000000 -0.000000000000000000
connection 17 49 -2.928746905162066483 0 0.000000000000000000 -0.000000000000000000
connection 26 47 2.559454755400728754 0 0.000000000000000000 -0.000000000000000000
connection 34 47 0.399741238360553530 0 0.000000000000000000 -0.000000000000000000
connection 34 49 0.899249805505866751 0 0.000000000000000000 -0.000000000000000000
connection 27 47 0.641730994561602874 0 0.000000000000000000 -0.000000000000000000
connection 27 49 -1.870600799866333874 0 0.000000000000000000 -0.000000000000000000
connection 28 49 0.443664928356244104 0 0.000000000000000000 -0.000000000000000000
connection 29 47 1.837472687956495765 0 0.000000000000000000 -0.000000000000000000
connection 29 49 2.356285150088600400 0 0.000000000000000000 -0.000000000000000000
connection 30 48 -0.431403223055875085 0 0.000000000000000000 -0.000000000000000000
connection 30 46 -0.986063526864774609 0 0.000000000000000000 -0.000000000000000000
connection 30 47 -1.755293373995072903 0 0.000000000000000000 -0.000000000000000000
connection 30 49 -1.483607889889207776 0 0.000000000000000000 -0.000000000000000000
connection 31 47 1.105228665518417364 0 0.000000000000000000 -0.000000000000000000
connection 31 49 1.627419900968773536 0 0.000000000000000000 -0.000000000000000000
connection 33 47 -1.147607255359930800 0 0.000000000000000000 -0.000000000000000000
connection 33 49 -0.786916843061238436 0 0.000000000000000000 -0.000000000000000000
connection 35 47 -0.248908946184921737 0 0.000000000000000000 -0.000000000000000000
connection 35 49 0.207369472569216035 0 0.000000000000000000 -0.000000000000000000
connection 37 48 -0.840668656226266631 0 0.000000000000000000 -0.000000000000000000
connection 37 46 -1.383787298510759989 0 0.000000000000000000 -0.000000000000000000
connection 37 47 -1.929720570224026099 0 0.000000000000000000 -0.000000000000000000
connection 37 49 -1.687510940758358169 0 0.000000000000000000 -0.000000000000000000
connection 38 47 -0.821198437068742848 0 0.000000000000000000 -0.000000000000000000
connection 38 49 -0.420940829912000769 0 0.000000000000000000 -0.000000000000000000
connection 43 48 -1.932022594980504326 0 0.000000000000000000 -0.000000000000000000
connection 43 46 -2.407542679271804431 0 0.000000000000000000 -0.000000000000000000
connection 39 48 0.439628934967991047 0 0.000000000000000000 -0.000000000000000000
connection 39 47 -1.308473919051707179 0 0.000000000000000000 -0.000000000000000000
connection 39 49 -0.969363161541211493 0 0.000000000000000000 -0.000000000000000000
connection 40 48 -1.594322417955466253 0 0.000000000000000000 -0.000000000000000000
connection 40 46 -2.096126802397896949 0 0.000000000000000000 -0.000000000000000000
connection 40 49 -2.016110672475779353 0 0.000000000000000000 -0.000000000000000000
connection 41 48 -2.286071411194914749 0 0.000000000000000000 -0.000000000000000000
connection 41 46 -2.729244143784995913 0 0.000000000000000000 -0.000000000000000000
connection 42 48 -0.334171579619072012 0 0.000000000000000000 -0.000000000000000000
connection 42 46 -0.890362062033022594 0 0.000000000000000000 -0.000000000000000000
connection 42 47 -1.710935329892911083 0 0.000000000000000000 -0.000000000000000000
connection 42 49 -1.432046650730650406 0 0.000000000000000000 -0.000000000000000000
connection 44 48 -3.149546324658986762 0 0.000000000000000000 -0.000000000000000000
connection 44 46 -3.494749413477608702 0 0.000000000000000000 -0.000000000000000000
connection 32 47 -0.630180731469853761 0 0.000000000000000000 -0.000000000000000000
connection 32 49 -0.209348022690159868 0 0.000000000000000000 -0.000000000000000000
connection 36 46 -0.618445124208670149 0 0.000000000000000000 -0.000000000000000000
connection 36 47 -1.579319719300986025 0 0.000000000000000000 -0.000000000000000000
connection 36 49 -1.279732714810328797 0 0.000000000000000000 -0.000000000000000000
connection 45 48 -4.001858623697877704 0 0.000000000000000000 -0.000000000000000000
connection 45 46 -4.225867270060534864 0 0.000000000000000000 -0.000000000000000000
connection 46 46 0.295960673858244983 0 0.000000000000000000 -0.000000000000000000
connection 46 47 -1.063210172225184325 0 0.000000000000000000 -0.000000000000000000
connection 46 49 -0.691751149621925965 0 0.000000000000000000 -0.000000000000000000
connection 47 48 -2.170549066100782021 0 0.000000000000000000 -0.000000000000000000
connection 47 46 -2.624799951707476708 0 0.000000000000000000 -0.000000000000000000
connection 48 48 1.050276626897238330 0 0.000000000000000000 -0.000000000000000000
connection 48 46 1.527924068974553240 0 0.000000000000000000 -0.000000000000000000
connection 49 48 2.893795053110553184 0 0.000000000000000000 -0.000000000000000000
connection 46 18 2.151832159924640386 0 0.000000000000000000 -0.000000000000000000
connection 44 18 -1.846547588662140749 0 0.000000000000000000 -0.000000000000000000
connection 45 18 -3.085659358817013587 0 0.000000000000000000 -0.000000000000000000
connection 43 19 -1.722130561163222717 0 0.000000000000000000 -0.000000000000000000
connection 44 19 -2.991611331659095097 0 0.000000000000000000 -0.000000000000000000
connection 30 20 -1.595624554890196389 0 0.000000000000000000 -0.000000000000000000
connection 43 20 -2.894667381868333500 0 0.000000000000000000 -0.000000000000000000
connection 30 21 -2.794837471300312348 0 0.000000000000000000 -0.000000000000000000
connection 43 21 -3.763964625255863616 0 0.000000000000000000 -0.000000000000000000
connection 47 21 -3.896832677303224468 0 0.000000000000000000 -0.000000000000000000
connection 49 21 2.621696784951360382 0 0.000000000000000000 -0.000000000000000000
connection 49 22 4.344205754936882435 0 0.000000000000000000 -0.000000000000000000
connection 48 24 4.489908656158165812 0 0.000000000000000000 -0.000000000000000000
NNend

