NNstart
19 8
neuron 1 1.000000000000000000 0.000000000000000000 0.000000000000000000 917061341239448468350272987358192595587215425421385510156349360505964434364886218687506316126498790939087169845513109400992957981119383752253893259377360118766803651395584.000000000000000000 11 0.000000000000000000
neuron 1 1.000000000000000000 0.000000000000000000 0.000000000000000000 917061341239448468350272987358192595587215425421385510156349360505964434364886218687506316126498790939087169845513109400992957981119383752253893259377360118766803651395584.000000000000000000 11 0.000000000000000000
neuron 1 1.000000000000000000 0.000000000000000000 0.000000000000000000 917061341239448468350272987358192595587215425421385510156349360505964434364886218687506316126498790939087169845513109400992957981119383752253893259377360118766803651395584.000000000000000000 11 0.000000000000000000
neuron 1 1.000000000000000000 0.000000000000000000 0.000000000000000000 917061341239448468350272987358192595587215425421385510156349360505964434364886218687506316126498790939087169845513109400992957981119383752253893259377360118766803651395584.000000000000000000 11 0.000000000000000000
neuron 1 1.000000000000000000 0.000000000000000000 0.000000000000000000 917061341239448468350272987358192595587215425421385510156349360505964434364886218687506316126498790939087169845513109400992957981119383752253893259377360118766803651395584.000000000000000000 11 0.000000000000000000
neuron 1 1.000000000000000000 0.000000000000000000 0.000000000000000000 917061341239448468350272987358192595587215425421385510156349360505964434364886218687506316126498790939087169845513109400992957981119383752253893259377360118766803651395584.000000000000000000 11 0.000000000000000000
neuron 1 1.000000000000000000 0.000000000000000000 0.000000000000000000 917061341239448468350272987358192595587215425421385510156349360505964434364886218687506316126498790939087169845513109400992957981119383752253893259377360118766803651395584.000000000000000000 11 0.000000000000000000
neuron 1 1.000000000000000000 0.000000000000000000 0.000000000000000000 917061341239448468350272987358192595587215425421385510156349360505964434364886218687506316126498790939087169845513109400992957981119383752253893259377360118766803651395584.000000000000000000 11 0.000000000000000000
neuron 1 1.000000000000000000 0.000000000000000000 0.000000000000000000 917061341239448468350272987358192595587215425421385510156349360505964434364886218687506316126498790939087169845513109400992957981119383752253893259377360118766803651395584.000000000000000000 11 0.000000000000000000
neuron 1 1.000000000000000000 0.000000000000000000 0.000000000000000000 917061341239448468350272987358192595587215425421385510156349360505964434364886218687506316126498790939087169845513109400992957981119383752253893259377360118766803651395584.000000000000000000 11 0.000000000000000000
neuron 1 1.000000000000000000 0.000000000000000000 0.000000000000000000 917061341239448468350272987358192595587215425421385510156349360505964434364886218687506316126498790939087169845513109400992957981119383752253893259377360118766803651395584.000000000000000000 11 0.000000000000000000
neuron 1 1.000000000000000000 0.000000000000000000 0.000000000000000000 917061341239448468350272987358192595587215425421385510156349360505964434364886218687506316126498790939087169845513109400992957981119383752253893259377360118766803651395584.000000000000000000 11 0.000000000000000000
neuron 1 1.000000000000000000 0.000000000000000000 0.000000000000000000 917061341239448468350272987358192595587215425421385510156349360505964434364886218687506316126498790939087169845513109400992957981119383752253893259377360118766803651395584.000000000000000000 11 0.000000000000000000
neuron 1 1.000000000000000000 0.000000000000000000 0.000000000000000000 917061341239448468350272987358192595587215425421385510156349360505964434364886218687506316126498790939087169845513109400992957981119383752253893259377360118766803651395584.000000000000000000 11 0.000000000000000000
neuron 1 1.000000000000000000 0.000000000000000000 0.000000000000000000 917061341239448468350272987358192595587215425421385510156349360505964434364886218687506316126498790939087169845513109400992957981119383752253893259377360118766803651395584.000000000000000000 11 0.000000000000000000
neuron 1 1.000000000000000000 0.000000000000000000 0.000000000000000000 917061341239448468350272987358192595587215425421385510156349360505964434364886218687506316126498790939087169845513109400992957981119383752253893259377360118766803651395584.000000000000000000 11 0.000000000000000000
neuron 1 1.000000000000000000 0.000000000000000000 0.000000000000000000 917061341239448468350272987358192595587215425421385510156349360505964434364886218687506316126498790939087169845513109400992957981119383752253893259377360118766803651395584.000000000000000000 11 0.000000000000000000
neuron 1 1.000000000000000000 0.000000000000000000 0.000000000000000000 917061341239448468350272987358192595587215425421385510156349360505964434364886218687506316126498790939087169845513109400992957981119383752253893259377360118766803651395584.000000000000000000 11 0.000000000000000000
neuron 2 1.000000000000000000 0.000000000000000000 0.000000000000000000 0.000000000000000000 11 0.000000000000000000
neuron 4 1.000000000000000000 0.000000000000000000 0.000000000000000000 917061341239448468350272987358192595587215425421385510156349360505964434364886218687506316126498790939087169845513109400992957981119383752253893259377360118766803651395584.000000000000000000 1 0.000000000000000000
neuron 4 1.000000000000000000 0.000000000000000000 0.000000000000000000 917061341239448468350272987358192595587215425421385510156349360505964434364886218687506316126498790939087169845513109400992957981119383752253893259377360118766803651395584.000000000000000000 1 0.000000000000000000
neuron 4 1.000000000000000000 0.000000000000000000 0.000000000000000000 917061341239448468350272987358192595587215425421385510156349360505964434364886218687506316126498790939087169845513109400992957981119383752253893259377360118766803651395584.000000000000000000 1 0.000000000000000000
neuron 4 1.000000000000000000 0.000000000000000000 0.000000000000000000 917061341239448468350272987358192595587215425421385510156349360505964434364886218687506316126498790939087169845513109400992957981119383752253893259377360118766803651395584.000000000000000000 1 0.000000000000000000
neuron 4 1.000000000000000000 0.000000000000000000 0.000000000000000000 917061341239448468350272987358192595587215425421385510156349360505964434364886218687506316126498790939087169845513109400992957981119383752253893259377360118766803651395584.000000000000000000 1 0.000000000000000000
neuron 4 1.000000000000000000 0.000000000000000000 0.000000000000000000 917061341239448468350272987358192595587215425421385510156349360505964434364886218687506316126498790939087169845513109400992957981119383752253893259377360118766803651395584.000000000000000000 1 0.000000000000000000
neuron 4 1.000000000000000000 0.000000000000000000 0.000000000000000000 917061341239448468350272987358192595587215425421385510156349360505964434364886218687506316126498790939087169845513109400992957981119383752253893259377360118766803651395584.000000000000000000 1 0.000000000000000000
neuron 4 1.000000000000000000 0.000000000000000000 0.000000000000000000 917061341239448468350272987358192595587215425421385510156349360505964434364886218687506316126498790939087169845513109400992957981119383752253893259377360118766803651395584.000000000000000000 1 0.000000000000000000
neuron 3 1.000000000000000000 0.000000000000000000 0.000000000000000000 917061341239448468350272987358192595587215425421385510156349360505964434364886218687506316126498790939087169845513109400992957981119383752253893259377360118766803651395584.000000000000000000 0 0.000000000000000000
neuron 3 1.000000000000000000 0.000000000000000000 0.000000000000000000 917061341239448468350272987358192595587215425421385510156349360505964434364886218687506316126498790939087169845513109400992957981119383752253893259377360118766803651395584.000000000000000000 0 0.000000000000000000
neuron 3 1.000000000000000000 0.000000000000000000 0.000000000000000000 917061341239448468350272987358192595587215425421385510156349360505964434364886218687506316126498790939087169845513109400992957981119383752253893259377360118766803651395584.000000000000000000 0 0.000000000000000000
neuron 3 1.000000000000000000 0.000000000000000000 0.000000000000000000 917061341239448468350272987358192595587215425421385510156349360505964434364886218687506316126498790939087169845513109400992957981119383752253893259377360118766803651395584.000000000000000000 0 0.000000000000000000
neuron 3 1.000000000000000000 0.000000000000000000 0.000000000000000000 917061341239448468350272987358192595587215425421385510156349360505964434364886218687506316126498790939087169845513109400992957981119383752253893259377360118766803651395584.000000000000000000 0 0.000000000000000000
neuron 3 1.000000000000000000 0.000000000000000000 0.000000000000000000 917061341239448468350272987358192595587215425421385510156349360505964434364886218687506316126498790939087169845513109400992957981119383752253893259377360118766803651395584.000000000000000000 0 0.000000000000000000
neuron 3 1.000000000000000000 0.000000000000000000 0.000000000000000000 917061341239448468350272987358192595587215425421385510156349360505964434364886218687506316126498790939087169845513109400992957981119383752253893259377360118766803651395584.000000000000000000 0 0.000000000000000000
neuron 3 1.000000000000000000 0.000000000000000000 0.000000000000000000 917061341239448468350272987358192595587215425421385510156349360505964434364886218687506316126498790939087169845513109400992957981119383752253893259377360118766803651395584.000000000000000000 0 0.000000000000000000
neuron 3 1.000000000000000000 0.000000000000000000 0.000000000000000000 917061341239448468350272987358192595587215425421385510156349360505964434364886218687506316126498790939087169845513109400992957981119383752253893259377360118766803651395584.000000000000000000 0 0.000000000000000000
neuron 3 1.000000000000000000 0.000000000000000000 0.000000000000000000 917061341239448468350272987358192595587215425421385510156349360505964434364886218687506316126498790939087169845513109400992957981119383752253893259377360118766803651395584.000000000000000000 0 0.000000000000000000
neuron 3 1.000000000000000000 0.000000000000000000 0.000000000000000000 917061341239448468350272987358192595587215425421385510156349360505964434364886218687506316126498790939087169845513109400992957981119383752253893259377360118766803651395584.000000000000000000 0 0.000000000000000000
neuron 3 1.000000000000000000 0.000000000000000000 0.000000000000000000 917061341239448468350272987358192595587215425421385510156349360505964434364886218687506316126498790939087169845513109400992957981119383752253893259377360118766803651395584.000000000000000000 0 0.000000000000000000
neuron 3 1.000000000000000000 0.000000000000000000 0.000000000000000000 917061341239448468350272987358192595587215425421385510156349360505964434364886218687506316126498790939087169845513109400992957981119383752253893259377360118766803651395584.000000000000000000 0 0.000000000000000000
neuron 3 1.000000000000000000 0.000000000000000000 0.000000000000000000 917061341239448468350272987358192595587215425421385510156349360505964434364886218687506316126498790939087169845513109400992957981119383752253893259377360118766803651395584.000000000000000000 0 0.000000000000000000
neuron 3 1.000000000000000000 0.000000000000000000 0.000000000000000000 917061341239448468350272987358192595587215425421385510156349360505964434364886218687506316126498790939087169845513109400992957981119383752253893259377360118766803651395584.000000000000000000 0 0.000000000000000000
neuron 3 1.000000000000000000 0.000000000000000000 0.000000000000000000 917061341239448468350272987358192595587215425421385510156349360505964434364886218687506316126498790939087169845513109400992957981119383752253893259377360118766803651395584.000000000000000000 0 0.000000000000000000
neuron 3 1.000000000000000000 0.000000000000000000 0.000000000000000000 917061341239448468350272987358192595587215425421385510156349360505964434364886218687506316126498790939087169845513109400992957981119383752253893259377360118766803651395584.000000000000000000 0 0.000000000000000000
neuron 3 1.000000000000000000 0.000000000000000000 0.000000000000000000 917061341239448468350272987358192595587215425421385510156349360505964434364886218687506316126498790939087169845513109400992957981119383752253893259377360118766803651395584.000000000000000000 0 0.000000000000000000
neuron 3 1.000000000000000000 0.000000000000000000 0.000000000000000000 917061341239448468350272987358192595587215425421385510156349360505964434364886218687506316126498790939087169845513109400992957981119383752253893259377360118766803651395584.000000000000000000 0 0.000000000000000000
neuron 3 1.000000000000000000 0.000000000000000000 0.000000000000000000 917061341239448468350272987358192595587215425421385510156349360505964434364886218687506316126498790939087169845513109400992957981119383752253893259377360118766803651395584.000000000000000000 0 0.000000000000000000
neuron 3 1.000000000000000000 0.000000000000000000 0.000000000000000000 917061341239448468350272987358192595587215425421385510156349360505964434364886218687506316126498790939087169845513109400992957981119383752253893259377360118766803651395584.000000000000000000 0 0.000000000000000000
neuron 3 1.000000000000000000 0.000000000000000000 0.000000000000000000 917061341239448468350272987358192595587215425421385510156349360505964434364886218687506316126498790939087169845513109400992957981119383752253893259377360118766803651395584.000000000000000000 0 0.000000000000000000
neuron 3 1.000000000000000000 0.000000000000000000 0.000000000000000000 917061341239448468350272987358192595587215425421385510156349360505964434364886218687506316126498790939087169845513109400992957981119383752253893259377360118766803651395584.000000000000000000 0 0.000000000000000000
neuron 3 1.000000000000000000 0.000000000000000000 0.000000000000000000 917061341239448468350272987358192595587215425421385510156349360505964434364886218687506316126498790939087169845513109400992957981119383752253893259377360118766803651395584.000000000000000000 0 0.000000000000000000
neuron 3 1.000000000000000000 0.000000000000000000 0.000000000000000000 917061341239448468350272987358192595587215425421385510156349360505964434364886218687506316126498790939087169845513109400992957981119383752253893259377360118766803651395584.000000000000000000 0 0.000000000000000000
neuron 3 1.000000000000000000 0.000000000000000000 0.000000000000000000 917061341239448468350272987358192595587215425421385510156349360505964434364886218687506316126498790939087169845513109400992957981119383752253893259377360118766803651395584.000000000000000000 0 0.000000000000000000
neuron 3 1.000000000000000000 0.000000000000000000 0.000000000000000000 917061341239448468350272987358192595587215425421385510156349360505964434364886218687506316126498790939087169845513109400992957981119383752253893259377360118766803651395584.000000000000000000 0 0.000000000000000000
neuron 3 1.000000000000000000 0.000000000000000000 0.000000000000000000 917061341239448468350272987358192595587215425421385510156349360505964434364886218687506316126498790939087169845513109400992957981119383752253893259377360118766803651395584.000000000000000000 0 0.000000000000000000
neuron 3 1.000000000000000000 0.000000000000000000 0.000000000000000000 917061341239448468350272987358192595587215425421385510156349360505964434364886218687506316126498790939087169845513109400992957981119383752253893259377360118766803651395584.000000000000000000 0 0.000000000000000000
neuron 3 1.000000000000000000 0.000000000000000000 0.000000000000000000 917061341239448468350272987358192595587215425421385510156349360505964434364886218687506316126498790939087169845513109400992957981119383752253893259377360118766803651395584.000000000000000000 0 0.000000000000000000
neuron 3 1.000000000000000000 0.000000000000000000 0.000000000000000000 917061341239448468350272987358192595587215425421385510156349360505964434364886218687506316126498790939087169845513109400992957981119383752253893259377360118766803651395584.000000000000000000 0 0.000000000000000000
neuron 3 1.000000000000000000 0.000000000000000000 0.000000000000000000 917061341239448468350272987358192595587215425421385510156349360505964434364886218687506316126498790939087169845513109400992957981119383752253893259377360118766803651395584.000000000000000000 0 0.000000000000000000
neuron 3 1.000000000000000000 0.000000000000000000 0.000000000000000000 917061341239448468350272987358192595587215425421385510156349360505964434364886218687506316126498790939087169845513109400992957981119383752253893259377360118766803651395584.000000000000000000 0 0.000000000000000000
neuron 3 1.000000000000000000 0.000000000000000000 0.000000000000000000 917061341239448468350272987358192595587215425421385510156349360505964434364886218687506316126498790939087169845513109400992957981119383752253893259377360118766803651395584.000000000000000000 0 0.000000000000000000
neuron 3 1.000000000000000000 0.000000000000000000 0.000000000000000000 917061341239448468350272987358192595587215425421385510156349360505964434364886218687506316126498790939087169845513109400992957981119383752253893259377360118766803651395584.000000000000000000 0 0.000000000000000000
neuron 3 1.000000000000000000 0.000000000000000000 0.000000000000000000 917061341239448468350272987358192595587215425421385510156349360505964434364886218687506316126498790939087169845513109400992957981119383752253893259377360118766803651395584.000000000000000000 0 0.000000000000000000
neuron 3 1.000000000000000000 0.000000000000000000 0.000000000000000000 917061341239448468350272987358192595587215425421385510156349360505964434364886218687506316126498790939087169845513109400992957981119383752253893259377360118766803651395584.000000000000000000 0 0.000000000000000000
neuron 3 1.000000000000000000 0.000000000000000000 0.000000000000000000 917061341239448468350272987358192595587215425421385510156349360505964434364886218687506316126498790939087169845513109400992957981119383752253893259377360118766803651395584.000000000000000000 0 0.000000000000000000
neuron 3 1.000000000000000000 0.000000000000000000 0.000000000000000000 917061341239448468350272987358192595587215425421385510156349360505964434364886218687506316126498790939087169845513109400992957981119383752253893259377360118766803651395584.000000000000000000 0 0.000000000000000000
neuron 3 1.000000000000000000 0.000000000000000000 0.000000000000000000 917061341239448468350272987358192595587215425421385510156349360505964434364886218687506316126498790939087169845513109400992957981119383752253893259377360118766803651395584.000000000000000000 0 0.000000000000000000
neuron 3 1.000000000000000000 0.000000000000000000 0.000000000000000000 917061341239448468350272987358192595587215425421385510156349360505964434364886218687506316126498790939087169845513109400992957981119383752253893259377360118766803651395584.000000000000000000 0 0.000000000000000000
neuron 3 1.000000000000000000 0.000000000000000000 0.000000000000000000 917061341239448468350272987358192595587215425421385510156349360505964434364886218687506316126498790939087169845513109400992957981119383752253893259377360118766803651395584.000000000000000000 0 0.000000000000000000
neuron 3 1.000000000000000000 0.000000000000000000 0.000000000000000000 917061341239448468350272987358192595587215425421385510156349360505964434364886218687506316126498790939087169845513109400992957981119383752253893259377360118766803651395584.000000000000000000 0 0.000000000000000000
neuron 3 1.000000000000000000 0.000000000000000000 0.000000000000000000 917061341239448468350272987358192595587215425421385510156349360505964434364886218687506316126498790939087169845513109400992957981119383752253893259377360118766803651395584.000000000000000000 0 0.000000000000000000
neuron 3 1.000000000000000000 0.000000000000000000 0.000000000000000000 917061341239448468350272987358192595587215425421385510156349360505964434364886218687506316126498790939087169845513109400992957981119383752253893259377360118766803651395584.000000000000000000 0 0.000000000000000000
neuron 3 1.000000000000000000 0.000000000000000000 0.000000000000000000 917061341239448468350272987358192595587215425421385510156349360505964434364886218687506316126498790939087169845513109400992957981119383752253893259377360118766803651395584.000000000000000000 0 0.000000000000000000
neuron 3 1.000000000000000000 0.000000000000000000 0.000000000000000000 917061341239448468350272987358192595587215425421385510156349360505964434364886218687506316126498790939087169845513109400992957981119383752253893259377360118766803651395584.000000000000000000 0 0.000000000000000000
neuron 3 1.000000000000000000 0.000000000000000000 0.000000000000000000 917061341239448468350272987358192595587215425421385510156349360505964434364886218687506316126498790939087169845513109400992957981119383752253893259377360118766803651395584.000000000000000000 0 0.000000000000000000
neuron 3 1.000000000000000000 0.000000000000000000 0.000000000000000000 917061341239448468350272987358192595587215425421385510156349360505964434364886218687506316126498790939087169845513109400992957981119383752253893259377360118766803651395584.000000000000000000 0 0.000000000000000000
neuron 3 1.000000000000000000 0.000000000000000000 0.000000000000000000 917061341239448468350272987358192595587215425421385510156349360505964434364886218687506316126498790939087169845513109400992957981119383752253893259377360118766803651395584.000000000000000000 0 0.000000000000000000
neuron 3 1.000000000000000000 0.000000000000000000 0.000000000000000000 917061341239448468350272987358192595587215425421385510156349360505964434364886218687506316126498790939087169845513109400992957981119383752253893259377360118766803651395584.000000000000000000 0 0.000000000000000000
neuron 3 1.000000000000000000 0.000000000000000000 0.000000000000000000 917061341239448468350272987358192595587215425421385510156349360505964434364886218687506316126498790939087169845513109400992957981119383752253893259377360118766803651395584.000000000000000000 0 0.000000000000000000
neuron 3 1.000000000000000000 0.000000000000000000 0.000000000000000000 917061341239448468350272987358192595587215425421385510156349360505964434364886218687506316126498790939087169845513109400992957981119383752253893259377360118766803651395584.000000000000000000 0 0.000000000000000000
neuron 3 1.000000000000000000 0.000000000000000000 0.000000000000000000 917061341239448468350272987358192595587215425421385510156349360505964434364886218687506316126498790939087169845513109400992957981119383752253893259377360118766803651395584.000000000000000000 0 0.000000000000000000
neuron 3 1.000000000000000000 0.000000000000000000 0.000000000000000000 917061341239448468350272987358192595587215425421385510156349360505964434364886218687506316126498790939087169845513109400992957981119383752253893259377360118766803651395584.000000000000000000 0 0.000000000000000000
neuron 3 1.000000000000000000 0.000000000000000000 0.000000000000000000 917061341239448468350272987358192595587215425421385510156349360505964434364886218687506316126498790939087169845513109400992957981119383752253893259377360118766803651395584.000000000000000000 0 0.000000000000000000
neuron 3 1.000000000000000000 0.000000000000000000 0.000000000000000000 917061341239448468350272987358192595587215425421385510156349360505964434364886218687506316126498790939087169845513109400992957981119383752253893259377360118766803651395584.000000000000000000 0 0.000000000000000000
neuron 3 1.000000000000000000 0.000000000000000000 0.000000000000000000 917061341239448468350272987358192595587215425421385510156349360505964434364886218687506316126498790939087169845513109400992957981119383752253893259377360118766803651395584.000000000000000000 0 0.000000000000000000
neuron 3 1.000000000000000000 0.000000000000000000 0.000000000000000000 917061341239448468350272987358192595587215425421385510156349360505964434364886218687506316126498790939087169845513109400992957981119383752253893259377360118766803651395584.000000000000000000 0 0.000000000000000000
neuron 3 1.000000000000000000 0.000000000000000000 0.000000000000000000 917061341239448468350272987358192595587215425421385510156349360505964434364886218687506316126498790939087169845513109400992957981119383752253893259377360118766803651395584.000000000000000000 0 0.000000000000000000
neuron 3 1.000000000000000000 0.000000000000000000 0.000000000000000000 917061341239448468350272987358192595587215425421385510156349360505964434364886218687506316126498790939087169845513109400992957981119383752253893259377360118766803651395584.000000000000000000 0 0.000000000000000000
neuron 3 1.000000000000000000 0.000000000000000000 0.000000000000000000 917061341239448468350272987358192595587215425421385510156349360505964434364886218687506316126498790939087169845513109400992957981119383752253893259377360118766803651395584.000000000000000000 0 0.000000000000000000
connection 0 27 -1.342754351127414703 0 0.000000000000000000 917061341239448468350272987358192595587215425421385510156349360505964434364886218687506316126498790939087169845513109400992957981119383752253893259377360118766803651395584.000000000000000000
connection 0 28 -2.604620145012221055 0 0.000000000000000000 917061341239448468350272987358192595587215425421385510156349360505964434364886218687506316126498790939087169845513109400992957981119383752253893259377360118766803651395584.000000000000000000
connection 0 29 -4.692395769713158415 0 0.000000000000000000 917061341239448468350272987358192595587215425421385510156349360505964434364886218687506316126498790939087169845513109400992957981119383752253893259377360118766803651395584.000000000000000000
connection 0 30 -7.117327697989043855 0 0.000000000000000000 917061341239448468350272987358192595587215425421385510156349360505964434364886218687506316126498790939087169845513109400992957981119383752253893259377360118766803651395584.000000000000000000
connection 0 31 -5.420912137241388429 0 0.000000000000000000 917061341239448468350272987358192595587215425421385510156349360505964434364886218687506316126498790939087169845513109400992957981119383752253893259377360118766803651395584.000000000000000000
connection 0 32 -7.928803381017951679 0 0.000000000000000000 917061341239448468350272987358192595587215425421385510156349360505964434364886218687506316126498790939087169845513109400992957981119383752253893259377360118766803651395584.000000000000000000
connection 0 33 -6.393735001109158489 0 0.000000000000000000 917061341239448468350272987358192595587215425421385510156349360505964434364886218687506316126498790939087169845513109400992957981119383752253893259377360118766803651395584.000000000000000000
connection 0 34 -7.997590644820201433 0 0.000000000000000000 917061341239448468350272987358192595587215425421385510156349360505964434364886218687506316126498790939087169845513109400992957981119383752253893259377360118766803651395584.000000000000000000
connection 0 35 -7.997292931338950694 0 0.000000000000000000 917061341239448468350272987358192595587215425421385510156349360505964434364886218687506316126498790939087169845513109400992957981119383752253893259377360118766803651395584.000000000000000000
connection 0 36 -7.999726817997497186 0 0.000000000000000000 917061341239448468350272987358192595587215425421385510156349360505964434364886218687506316126498790939087169845513109400992957981119383752253893259377360118766803651395584.000000000000000000
connection 1 27 -1.704868600224456632 0 0.000000000000000000 917061341239448468350272987358192595587215425421385510156349360505964434364886218687506316126498790939087169845513109400992957981119383752253893259377360118766803651395584.000000000000000000
connection 1 28 -3.135541084352737595 0 0.000000000000000000 917061341239448468350272987358192595587215425421385510156349360505964434364886218687506316126498790939087169845513109400992957981119383752253893259377360118766803651395584.000000000000000000
connection 1 29 -5.298159237118871268 0 0.000000000000000000 917061341239448468350272987358192595587215425421385510156349360505964434364886218687506316126498790939087169845513109400992957981119383752253893259377360118766803651395584.000000000000000000
connection 1 30 -7.401374467476023788 0 0.000000000000000000 917061341239448468350272987358192595587215425421385510156349360505964434364886218687506316126498790939087169845513109400992957981119383752253893259377360118766803651395584.000000000000000000
connection 1 31 -5.982646150498812432 0 0.000000000000000000 917061341239448468350272987358192595587215425421385510156349360505964434364886218687506316126498790939087169845513109400992957981119383752253893259377360118766803651395584.000000000000000000
connection 1 32 -7.958956647236154147 0 0.000000000000000000 917061341239448468350272987358192595587215425421385510156349360505964434364886218687506316126498790939087169845513109400992957981119383752253893259377360118766803651395584.000000000000000000
connection 1 33 -6.829665356019958722 0 0.000000000000000000 917061341239448468350272987358192595587215425421385510156349360505964434364886218687506316126498790939087169845513109400992957981119383752253893259377360118766803651395584.000000000000000000
connection 1 34 -7.998576635620083586 0 0.000000000000000000 917061341239448468350272987358192595587215425421385510156349360505964434364886218687506316126498790939087169845513109400992957981119383752253893259377360118766803651395584.000000000000000000
connection 1 35 -7.995288606557920730 0 0.000000000000000000 917061341239448468350272987358192595587215425421385510156349360505964434364886218687506316126498790939087169845513109400992957981119383752253893259377360118766803651395584.000000000000000000
connection 1 36 -7.999797638773468833 0 0.000000000000000000 917061341239448468350272987358192595587215425421385510156349360505964434364886218687506316126498790939087169845513109400992957981119383752253893259377360118766803651395584.000000000000000000
connection 2 27 -2.124011242666014265 0 0.000000000000000000 917061341239448468350272987358192595587215425421385510156349360505964434364886218687506316126498790939087169845513109400992957981119383752253893259377360118766803651395584.000000000000000000
connection 2 28 -3.711260351196981055 0 0.000000000000000000 917061341239448468350272987358192595587215425421385510156349360505964434364886218687506316126498790939087169845513109400992957981119383752253893259377360118766803651395584.000000000000000000
connection 2 29 -5.870153034602100028 0 0.000000000000000000 917061341239448468350272987358192595587215425421385510156349360505964434364886218687506316126498790939087169845513109400992957981119383752253893259377360118766803651395584.000000000000000000
connection 2 30 -7.609106473731292120 0 0.000000000000000000 917061341239448468350272987358192595587215425421385510156349360505964434364886218687506316126498790939087169845513109400992957981119383752253893259377360118766803651395584.000000000000000000
connection 2 31 -6.481768466698470732 0 0.000000000000000000 917061341239448468350272987358192595587215425421385510156349360505964434364886218687506316126498790939087169845513109400992957981119383752253893259377360118766803651395584.000000000000000000
connection 2 32 -7.976672618034641893 0 0.000000000000000000 917061341239448468350272987358192595587215425421385510156349360505964434364886218687506316126498790939087169845513109400992957981119383752253893259377360118766803651395584.000000000000000000
connection 2 33 -7.180830735488317629 0 0.000000000000000000 917061341239448468350272987358192595587215425421385510156349360505964434364886218687506316126498790939087169845513109400992957981119383752253893259377360118766803651395584.000000000000000000
connection 2 34 -7.999131707346537112 0 0.000000000000000000 917061341239448468350272987358192595587215425421385510156349360505964434364886218687506316126498790939087169845513109400992957981119383752253893259377360118766803651395584.000000000000000000
connection 2 35 -7.991687082051525337 0 0.000000000000000000 917061341239448468350272987358192595587215425421385510156349360505964434364886218687506316126498790939087169845513109400992957981119383752253893259377360118766803651395584.000000000000000000
connection 2 36 -7.999839873970063131 0 0.000000000000000000 917061341239448468350272987358192595587215425421385510156349360505964434364886218687506316126498790939087169845513109400992957981119383752253893259377360118766803651395584.000000000000000000
connection 3 37 -0.974519188480205911 0 0.000000000000000000 917061341239448468350272987358192595587215425421385510156349360505964434364886218687506316126498790939087169845513109400992957981119383752253893259377360118766803651395584.000000000000000000
connection 3 38 -2.305927075289545769 0 0.000000000000000000 917061341239448468350272987358192595587215425421385510156349360505964434364886218687506316126498790939087169845513109400992957981119383752253893259377360118766803651395584.000000000000000000
connection 3 39 -5.056138270941529456 0 0.000000000000000000 917061341239448468350272987358192595587215425421385510156349360505964434364886218687506316126498790939087169845513109400992957981119383752253893259377360118766803651395584.000000000000000000
connection 3 40 -2.915134437460853878 0 0.000000000000000000 917061341239448468350272987358192595587215425421385510156349360505964434364886218687506316126498790939087169845513109400992957981119383752253893259377360118766803651395584.000000000000000000
connection 3 41 -6.658187348182975640 0 0.000000000000000000 917061341239448468350272987358192595587215425421385510156349360505964434364886218687506316126498790939087169845513109400992957981119383752253893259377360118766803651395584.000000000000000000
connection 3 32 -7.986842016180310644 0 0.000000000000000000 917061341239448468350272987358192595587215425421385510156349360505964434364886218687506316126498790939087169845513109400992957981119383752253893259377360118766803651395584.000000000000000000
connection 3 33 -7.448735622407185453 0 0.000000000000000000 917061341239448468350272987358192595587215425421385510156349360505964434364886218687506316126498790939087169845513109400992957981119383752253893259377360118766803651395584.000000000000000000
connection 3 34 -7.999448570720615770 0 0.000000000000000000 917061341239448468350272987358192595587215425421385510156349360505964434364886218687506316126498790939087169845513109400992957981119383752253893259377360118766803651395584.000000000000000000
connection 3 35 -7.985248535730884001 0 0.000000000000000000 917061341239448468350272987358192595587215425421385510156349360505964434364886218687506316126498790939087169845513109400992957981119383752253893259377360118766803651395584.000000000000000000
connection 3 36 -7.999864058242936338 0 0.000000000000000000 917061341239448468350272987358192595587215425421385510156349360505964434364886218687506316126498790939087169845513109400992957981119383752253893259377360118766803651395584.000000000000000000
connection 4 37 -1.271727488680856721 0 0.000000000000000000 917061341239448468350272987358192595587215425421385510156349360505964434364886218687506316126498790939087169845513109400992957981119383752253893259377360118766803651395584.000000000000000000
connection 4 38 -2.804598815942482393 0 0.000000000000000000 917061341239448468350272987358192595587215425421385510156349360505964434364886218687506316126498790939087169845513109400992957981119383752253893259377360118766803651395584.000000000000000000
connection 4 39 -5.644930879512743083 0 0.000000000000000000 917061341239448468350272987358192595587215425421385510156349360505964434364886218687506316126498790939087169845513109400992957981119383752253893259377360118766803651395584.000000000000000000
connection 4 40 -3.474246183244350306 0 0.000000000000000000 917061341239448468350272987358192595587215425421385510156349360505964434364886218687506316126498790939087169845513109400992957981119383752253893259377360118766803651395584.000000000000000000
connection 4 41 -7.045008214649096878 0 0.000000000000000000 917061341239448468350272987358192595587215425421385510156349360505964434364886218687506316126498790939087169845513109400992957981119383752253893259377360118766803651395584.000000000000000000
connection 4 32 -7.992581235764848024 0 0.000000000000000000 917061341239448468350272987358192595587215425421385510156349360505964434364886218687506316126498790939087169845513109400992957981119383752253893259377360118766803651395584.000000000000000000
connection 4 33 -7.642649728022768763 0 0.000000000000000000 917061341239448468350272987358192595587215425421385510156349360505964434364886218687506316126498790939087169845513109400992957981119383752253893259377360118766803651395584.000000000000000000
connection 4 34 -7.999632585720179989 0 0.000000000000000000 917061341239448468350272987358192595587215425421385510156349360505964434364886218687506316126498790939087169845513109400992957981119383752253893259377360118766803651395584.000000000000000000
connection 4 35 -7.973872642245493303 0 0.000000000000000000 917061341239448468350272987358192595587215425421385510156349360505964434364886218687506316126498790939087169845513109400992957981119383752253893259377360118766803651395584.000000000000000000
connection 4 36 -7.999875794060234746 0 0.000000000000000000 917061341239448468350272987358192595587215425421385510156349360505964434364886218687506316126498790939087169845513109400992957981119383752253893259377360118766803651395584.000000000000000000
connection 5 37 -1.621865814504779957 0 0.000000000000000000 917061341239448468350272987358192595587215425421385510156349360505964434364886218687506316126498790939087169845513109400992957981119383752253893259377360118766803651395584.000000000000000000
connection 5 38 -3.354310116994142277 0 0.000000000000000000 917061341239448468350272987358192595587215425421385510156349360505964434364886218687506316126498790939087169845513109400992957981119383752253893259377360118766803651395584.000000000000000000
connection 5 39 -6.184834463903035484 0 0.000000000000000000 917061341239448468350272987358192595587215425421385510156349360505964434364886218687506316126498790939087169845513109400992957981119383752253893259377360118766803651395584.000000000000000000
connection 5 40 -4.069795514075146947 0 0.000000000000000000 917061341239448468350272987358192595587215425421385510156349360505964434364886218687506316126498790939087169845513109400992957981119383752253893259377360118766803651395584.000000000000000000
connection 5 41 -7.346834954994811540 0 0.000000000000000000 917061341239448468350272987358192595587215425421385510156349360505964434364886218687506316126498790939087169845513109400992957981119383752253893259377360118766803651395584.000000000000000000
connection 5 32 -7.995786611922822473 0 0.000000000000000000 917061341239448468350272987358192595587215425421385510156349360505964434364886218687506316126498790939087169845513109400992957981119383752253893259377360118766803651395584.000000000000000000
connection 5 33 -7.776223403718518057 0 0.000000000000000000 917061341239448468350272987358192595587215425421385510156349360505964434364886218687506316126498790939087169845513109400992957981119383752253893259377360118766803651395584.000000000000000000
connection 5 34 -7.999741315995581026 0 0.000000000000000000 917061341239448468350272987358192595587215425421385510156349360505964434364886218687506316126498790939087169845513109400992957981119383752253893259377360118766803651395584.000000000000000000
connection 5 35 -7.954136753510713476 0 0.000000000000000000 917061341239448468350272987358192595587215425421385510156349360505964434364886218687506316126498790939087169845513109400992957981119383752253893259377360118766803651395584.000000000000000000
connection 5 36 -7.999877657910691831 0 0.000000000000000000 917061341239448468350272987358192595587215425421385510156349360505964434364886218687506316126498790939087169845513109400992957981119383752253893259377360118766803651395584.000000000000000000
connection 6 37 -2.028533432774356715 0 0.000000000000000000 917061341239448468350272987358192595587215425421385510156349360505964434364886218687506316126498790939087169845513109400992957981119383752253893259377360118766803651395584.000000000000000000
connection 6 38 -3.943639444010634598 0 0.000000000000000000 917061341239448468350272987358192595587215425421385510156349360505964434364886218687506316126498790939087169845513109400992957981119383752253893259377360118766803651395584.000000000000000000
connection 6 39 -6.654803455340960738 0 0.000000000000000000 917061341239448468350272987358192595587215425421385510156349360505964434364886218687506316126498790939087169845513109400992957981119383752253893259377360118766803651395584.000000000000000000
connection 6 40 -4.682727476159108448 0 0.000000000000000000 917061341239448468350272987358192595587215425421385510156349360505964434364886218687506316126498790939087169845513109400992957981119383752253893259377360118766803651395584.000000000000000000
connection 6 41 -7.570071010580201154 0 0.000000000000000000 917061341239448468350272987358192595587215425421385510156349360505964434364886218687506316126498790939087169845513109400992957981119383752253893259377360118766803651395584.000000000000000000
connection 6 32 -7.997570071955363069 0 0.000000000000000000 917061341239448468350272987358192595587215425421385510156349360505964434364886218687506316126498790939087169845513109400992957981119383752253893259377360118766803651395584.000000000000000000
connection 6 33 -7.864131657638488093 0 0.000000000000000000 917061341239448468350272987358192595587215425421385510156349360505964434364886218687506316126498790939087169845513109400992957981119383752253893259377360118766803651395584.000000000000000000
connection 6 34 -7.999806321574091328 0 0.000000000000000000 917061341239448468350272987358192595587215425421385510156349360505964434364886218687506316126498790939087169845513109400992957981119383752253893259377360118766803651395584.000000000000000000
connection 6 35 -7.920724836592711426 0 0.000000000000000000 917061341239448468350272987358192595587215425421385510156349360505964434364886218687506316126498790939087169845513109400992957981119383752253893259377360118766803651395584.000000000000000000
connection 6 36 -7.999870049283218876 0 0.000000000000000000 917061341239448468350272987358192595587215425421385510156349360505964434364886218687506316126498790939087169845513109400992957981119383752253893259377360118766803651395584.000000000000000000
connection 7 42 -7.848903885646105749 0 0.000000000000000000 917061341239448468350272987358192595587215425421385510156349360505964434364886218687506316126498790939087169845513109400992957981119383752253893259377360118766803651395584.000000000000000000
connection 7 34 -7.999844973587168617 0 0.000000000000000000 917061341239448468350272987358192595587215425421385510156349360505964434364886218687506316126498790939087169845513109400992957981119383752253893259377360118766803651395584.000000000000000000
connection 7 35 -7.865850065340725727 0 0.000000000000000000 917061341239448468350272987358192595587215425421385510156349360505964434364886218687506316126498790939087169845513109400992957981119383752253893259377360118766803651395584.000000000000000000
connection 7 36 -7.999851320294173007 0 0.000000000000000000 917061341239448468350272987358192595587215425421385510156349360505964434364886218687506316126498790939087169845513109400992957981119383752253893259377360118766803651395584.000000000000000000
connection 8 42 -7.910199424074196628 0 0.000000000000000000 917061341239448468350272987358192595587215425421385510156349360505964434364886218687506316126498790939087169845513109400992957981119383752253893259377360118766803651395584.000000000000000000
connection 8 34 -7.999866785721101436 0 0.000000000000000000 917061341239448468350272987358192595587215425421385510156349360505964434364886218687506316126498790939087169845513109400992957981119383752253893259377360118766803651395584.000000000000000000
connection 8 43 -7.997855941542626468 0 0.000000000000000000 917061341239448468350272987358192595587215425421385510156349360505964434364886218687506316126498790939087169845513109400992957981119383752253893259377360118766803651395584.000000000000000000
connection 8 44 -7.879524796863436542 0 0.000000000000000000 917061341239448468350272987358192595587215425421385510156349360505964434364886218687506316126498790939087169845513109400992957981119383752253893259377360118766803651395584.000000000000000000
connection 8 45 -7.612036167378496643 0 0.000000000000000000 917061341239448468350272987358192595587215425421385510156349360505964434364886218687506316126498790939087169845513109400992957981119383752253893259377360118766803651395584.000000000000000000
connection 8 36 -7.999817237351060761 0 0.000000000000000000 917061341239448468350272987358192595587215425421385510156349360505964434364886218687506316126498790939087169845513109400992957981119383752253893259377360118766803651395584.000000000000000000
connection 9 42 -7.947815661301338430 0 0.000000000000000000 917061341239448468350272987358192595587215425421385510156349360505964434364886218687506316126498790939087169845513109400992957981119383752253893259377360118766803651395584.000000000000000000
connection 9 34 -7.999876757237922575 0 0.000000000000000000 917061341239448468350272987358192595587215425421385510156349360505964434364886218687506316126498790939087169845513109400992957981119383752253893259377360118766803651395584.000000000000000000
connection 9 43 -7.996299954492007700 0 0.000000000000000000 917061341239448468350272987358192595587215425421385510156349360505964434364886218687506316126498790939087169845513109400992957981119383752253893259377360118766803651395584.000000000000000000
connection 9 44 -7.800264120311206639 0 0.000000000000000000 917061341239448468350272987358192595587215425421385510156349360505964434364886218687506316126498790939087169845513109400992957981119383752253893259377360118766803651395584.000000000000000000
connection 9 45 -7.405492272100248741 0 0.000000000000000000 917061341239448468350272987358192595587215425421385510156349360505964434364886218687506316126498790939087169845513109400992957981119383752253893259377360118766803651395584.000000000000000000
connection 9 36 -7.999759561050254320 0 0.000000000000000000 917061341239448468350272987358192595587215425421385510156349360505964434364886218687506316126498790939087169845513109400992957981119383752253893259377360118766803651395584.000000000000000000
connection 10 42 -7.970181156568404646 0 0.000000000000000000 917061341239448468350272987358192595587215425421385510156349360505964434364886218687506316126498790939087169845513109400992957981119383752253893259377360118766803651395584.000000000000000000
connection 10 34 -7.999877063578347602 0 0.000000000000000000 917061341239448468350272987358192595587215425421385510156349360505964434364886218687506316126498790939087169845513109400992957981119383752253893259377360118766803651395584.000000000000000000
connection 10 43 -7.993503599978084573 0 0.000000000000000000 917061341239448468350272987358192595587215425421385510156349360505964434364886218687506316126498790939087169845513109400992957981119383752253893259377360118766803651395584.000000000000000000
connection 10 44 -7.678621567396159087 0 0.000000000000000000 917061341239448468350272987358192595587215425421385510156349360505964434364886218687506316126498790939087169845513109400992957981119383752253893259377360118766803651395584.000000000000000000
connection 10 45 -7.122822376561030566 0 0.000000000000000000 917061341239448468350272987358192595587215425421385510156349360505964434364886218687506316126498790939087169845513109400992957981119383752253893259377360118766803651395584.000000000000000000
connection 10 36 -7.999663177232953615 0 0.000000000000000000 917061341239448468350272987358192595587215425421385510156349360505964434364886218687506316126498790939087169845513109400992957981119383752253893259377360118766803651395584.000000000000000000
connection 11 42 -7.983139439072610699 0 0.000000000000000000 917061341239448468350272987358192595587215425421385510156349360505964434364886218687506316126498790939087169845513109400992957981119383752253893259377360118766803651395584.000000000000000000
connection 11 34 -7.999867770357022678 0 0.000000000000000000 917061341239448468350272987358192595587215425421385510156349360505964434364886218687506316126498790939087169845513109400992957981119383752253893259377360118766803651395584.000000000000000000
connection 11 43 -7.988489340619168821 0 0.000000000000000000 917061341239448468350272987358192595587215425421385510156349360505964434364886218687506316126498790939087169845513109400992957981119383752253893259377360118766803651395584.000000000000000000
connection 11 44 -7.500074316020785226 0 0.000000000000000000 917061341239448468350272987358192595587215425421385510156349360505964434364886218687506316126498790939087169845513109400992957981119383752253893259377360118766803651395584.000000000000000000
connection 11 45 -6.755947647437063885 0 0.000000000000000000 917061341239448468350272987358192595587215425421385510156349360505964434364886218687506316126498790939087169845513109400992957981119383752253893259377360118766803651395584.000000000000000000
connection 11 36 -7.999500631487492797 0 0.000000000000000000 917061341239448468350272987358192595587215425421385510156349360505964434364886218687506316126498790939087169845513109400992957981119383752253893259377360118766803651395584.000000000000000000
connection 12 42 -7.990500632930896074 0 0.000000000000000000 917061341239448468350272987358192595587215425421385510156349360505964434364886218687506316126498790939087169845513109400992957981119383752253893259377360118766803651395584.000000000000000000
connection 12 34 -7.999846854643801741 0 0.000000000000000000 917061341239448468350272987358192595587215425421385510156349360505964434364886218687506316126498790939087169845513109400992957981119383752253893259377360118766803651395584.000000000000000000
connection 12 43 -7.979577610212460925 0 0.000000000000000000 917061341239448468350272987358192595587215425421385510156349360505964434364886218687506316126498790939087169845513109400992957981119383752253893259377360118766803651395584.000000000000000000
connection 12 44 -7.250458015108655729 0 0.000000000000000000 917061341239448468350272987358192595587215425421385510156349360505964434364886218687506316126498790939087169845513109400992957981119383752253893259377360118766803651395584.000000000000000000
connection 12 46 -2.229989575120332468 0 0.000000000000000000 917061341239448468350272987358192595587215425421385510156349360505964434364886218687506316126498790939087169845513109400992957981119383752253893259377360118766803651395584.000000000000000000
connection 12 45 -6.305072629132169482 0 0.000000000000000000 917061341239448468350272987358192595587215425421385510156349360505964434364886218687506316126498790939087169845513109400992957981119383752253893259377360118766803651395584.000000000000000000
connection 12 36 -7.999221902849737553 0 0.000000000000000000 917061341239448468350272987358192595587215425421385510156349360505964434364886218687506316126498790939087169845513109400992957981119383752253893259377360118766803651395584.000000000000000000
connection 13 42 -7.994627107343379890 0 0.000000000000000000 917061341239448468350272987358192595587215425421385510156349360505964434364886218687506316126498790939087169845513109400992957981119383752253893259377360118766803651395584.000000000000000000
connection 13 34 -7.999809541966653725 0 0.000000000000000000 917061341239448468350272987358192595587215425421385510156349360505964434364886218687506316126498790939087169845513109400992957981119383752253893259377360118766803651395584.000000000000000000
connection 13 43 -7.963982145719803007 0 0.000000000000000000 917061341239448468350272987358192595587215425421385510156349360505964434364886218687506316126498790939087169845513109400992957981119383752253893259377360118766803651395584.000000000000000000
connection 13 44 -6.919160380259143039 0 0.000000000000000000 917061341239448468350272987358192595587215425421385510156349360505964434364886218687506316126498790939087169845513109400992957981119383752253893259377360118766803651395584.000000000000000000
connection 13 49 -3.266143160641191034 0 0.000000000000000000 917061341239448468350272987358192595587215425421385510156349360505964434364886218687506316126498790939087169845513109400992957981119383752253893259377360118766803651395584.000000000000000000
connection 13 50 -5.435421326619239046 0 0.000000000000000000 917061341239448468350272987358192595587215425421385510156349360505964434364886218687506316126498790939087169845513109400992957981119383752253893259377360118766803651395584.000000000000000000
connection 13 36 -7.998735485531902611 0 0.000000000000000000 917061341239448468350272987358192595587215425421385510156349360505964434364886218687506316126498790939087169845513109400992957981119383752253893259377360118766803651395584.000000000000000000
connection 14 42 -7.996924944051579054 0 0.000000000000000000 917061341239448468350272987358192595587215425421385510156349360505964434364886218687506316126498790939087169845513109400992957981119383752253893259377360118766803651395584.000000000000000000
connection 14 34 -7.999746695510750349 0 0.000000000000000000 917061341239448468350272987358192595587215425421385510156349360505964434364886218687506316126498790939087169845513109400992957981119383752253893259377360118766803651395584.000000000000000000
connection 14 43 -7.937279307685928487 0 0.000000000000000000 917061341239448468350272987358192595587215425421385510156349360505964434364886218687506316126498790939087169845513109400992957981119383752253893259377360118766803651395584.000000000000000000
connection 14 44 -6.502612184836470632 0 0.000000000000000000 917061341239448468350272987358192595587215425421385510156349360505964434364886218687506316126498790939087169845513109400992957981119383752253893259377360118766803651395584.000000000000000000
connection 14 49 -2.723753592727547357 0 0.000000000000000000 917061341239448468350272987358192595587215425421385510156349360505964434364886218687506316126498790939087169845513109400992957981119383752253893259377360118766803651395584.000000000000000000
connection 14 50 -4.835157938861264881 0 0.000000000000000000 917061341239448468350272987358192595587215425421385510156349360505964434364886218687506316126498790939087169845513109400992957981119383752253893259377360118766803651395584.000000000000000000
connection 14 36 -7.997873901631417759 0 0.000000000000000000 917061341239448468350272987358192595587215425421385510156349360505964434364886218687506316126498790939087169845513109400992957981119383752253893259377360118766803651395584.000000000000000000
connection 15 42 -7.998204449507139380 0 0.000000000000000000 917061341239448468350272987358192595587215425421385510156349360505964434364886218687506316126498790939087169845513109400992957981119383752253893259377360118766803651395584.000000000000000000
connection 15 34 -7.999641613780648974 0 0.000000000000000000 917061341239448468350272987358192595587215425421385510156349360505964434364886218687506316126498790939087169845513109400992957981119383752253893259377360118766803651395584.000000000000000000
connection 15 43 -7.892813719953515772 0 0.000000000000000000 917061341239448468350272987358192595587215425421385510156349360505964434364886218687506316126498790939087169845513109400992957981119383752253893259377360118766803651395584.000000000000000000
connection 15 51 -7.544219513634858210 0 0.000000000000000000 917061341239448468350272987358192595587215425421385510156349360505964434364886218687506316126498790939087169845513109400992957981119383752253893259377360118766803651395584.000000000000000000
connection 15 52 -6.315123853049191105 0 0.000000000000000000 917061341239448468350272987358192595587215425421385510156349360505964434364886218687506316126498790939087169845513109400992957981119383752253893259377360118766803651395584.000000000000000000
connection 15 50 -4.221514397083439007 0 0.000000000000000000 917061341239448468350272987358192595587215425421385510156349360505964434364886218687506316126498790939087169845513109400992957981119383752253893259377360118766803651395584.000000000000000000
connection 15 36 -7.996332189035949334 0 0.000000000000000000 917061341239448468350272987358192595587215425421385510156349360505964434364886218687506316126498790939087169845513109400992957981119383752253893259377360118766803651395584.000000000000000000
connection 16 42 -7.998921396982424881 0 0.000000000000000000 917061341239448468350272987358192595587215425421385510156349360505964434364886218687506316126498790939087169845513109400992957981119383752253893259377360118766803651395584.000000000000000000
connection 16 34 -7.999463956477448789 0 0.000000000000000000 917061341239448468350272987358192595587215425421385510156349360505964434364886218687506316126498790939087169845513109400992957981119383752253893259377360118766803651395584.000000000000000000
connection 16 43 -7.821208559121425985 0 0.000000000000000000 917061341239448468350272987358192595587215425421385510156349360505964434364886218687506316126498790939087169845513109400992957981119383752253893259377360118766803651395584.000000000000000000
connection 16 51 -7.311036185403959387 0 0.000000000000000000 917061341239448468350272987358192595587215425421385510156349360505964434364886218687506316126498790939087169845513109400992957981119383752253893259377360118766803651395584.000000000000000000
connection 16 52 -5.791764015343428440 0 0.000000000000000000 917061341239448468350272987358192595587215425421385510156349360505964434364886218687506316126498790939087169845513109400992957981119383752253893259377360118766803651395584.000000000000000000
connection 16 50 -3.619626456531470637 0 0.000000000000000000 917061341239448468350272987358192595587215425421385510156349360505964434364886218687506316126498790939087169845513109400992957981119383752253893259377360118766803651395584.000000000000000000
connection 16 36 -7.993561535960462372 0 0.000000000000000000 917061341239448468350272987358192595587215425421385510156349360505964434364886218687506316126498790939087169845513109400992957981119383752253893259377360118766803651395584.000000000000000000
connection 17 42 -7.999327906794658105 0 0.000000000000000000 917061341239448468350272987358192595587215425421385510156349360505964434364886218687506316126498790939087169845513109400992957981119383752253893259377360118766803651395584.000000000000000000
connection 17 34 -7.999158401541920149 0 0.000000000000000000 917061341239448468350272987358192595587215425421385510156349360505964434364886218687506316126498790939087169845513109400992957981119383752253893259377360118766803651395584.000000000000000000
connection 17 43 -7.710282022830843296 0 0.000000000000000000 917061341239448468350272987358192595587215425421385510156349360505964434364886218687506316126498790939087169845513109400992957981119383752253893259377360118766803651395584.000000000000000000
connection 17 51 -6.997982516817545573 0 0.000000000000000000 917061341239448468350272987358192595587215425421385510156349360505964434364886218687506316126498790939087169845513109400992957981119383752253893259377360118766803651395584.000000000000000000
connection 17 52 -5.213372360770161862 0 0.000000000000000000 917061341239448468350272987358192595587215425421385510156349360505964434364886218687506316126498790939087169845513109400992957981119383752253893259377360118766803651395584.000000000000000000
connection 17 50 -3.050010758391706656 0 0.000000000000000000 917061341239448468350272987358192595587215425421385510156349360505964434364886218687506316126498790939087169845513109400992957981119383752253893259377360118766803651395584.000000000000000000
connection 17 36 -7.988592932359487975 0 0.000000000000000000 917061341239448468350272987358192595587215425421385510156349360505964434364886218687506316126498790939087169845513109400992957981119383752253893259377360118766803651395584.000000000000000000
connection 18 42 -7.999562117111929105 0 0.000000000000000000 917061341239448468350272987358192595587215425421385510156349360505964434364886218687506316126498790939087169845513109400992957981119383752253893259377360118766803651395584.000000000000000000
connection 18 34 -7.998623704763494935 0 0.000000000000000000 917061341239448468350272987358192595587215425421385510156349360505964434364886218687506316126498790939087169845513109400992957981119383752253893259377360118766803651395584.000000000000000000
connection 18 43 -7.545767272282232874 0 0.000000000000000000 917061341239448468350272987358192595587215425421385510156349360505964434364886218687506316126498790939087169845513109400992957981119383752253893259377360118766803651395584.000000000000000000
connection 18 51 -6.599700091531025770 0 0.000000000000000000 917061341239448468350272987358192595587215425421385510156349360505964434364886218687506316126498790939087169845513109400992957981119383752253893259377360118766803651395584.000000000000000000
connection 18 52 -4.604966725475499345 0 0.000000000000000000 917061341239448468350272987358192595587215425421385510156349360505964434364886218687506316126498790939087169845513109400992957981119383752253893259377360118766803651395584.000000000000000000
connection 18 50 -2.526993791497869957 0 0.000000000000000000 917061341239448468350272987358192595587215425421385510156349360505964434364886218687506316126498790939087169845513109400992957981119383752253893259377360118766803651395584.000000000000000000
connection 18 36 -7.979760654154107513 0 0.000000000000000000 917061341239448468350272987358192595587215425421385510156349360505964434364886218687506316126498790939087169845513109400992957981119383752253893259377360118766803651395584.000000000000000000
connection 27 32 0.387457679993020498 0 0.000000000000000000 917061341239448468350272987358192595587215425421385510156349360505964434364886218687506316126498790939087169845513109400992957981119383752253893259377360118766803651395584.000000000000000000
connection 27 46 6.640113635553393401 0 0.000000000000000000 917061341239448468350272987358192595587215425421385510156349360505964434364886218687506316126498790939087169845513109400992957981119383752253893259377360118766803651395584.000000000000000000
connection 27 60 7.816709610688570287 0 0.000000000000000000 917061341239448468350272987358192595587215425421385510156349360505964434364886218687506316126498790939087169845513109400992957981119383752253893259377360118766803651395584.000000000000000000
connection 28 44 -0.304824698088503931 0 0.000000000000000000 917061341239448468350272987358192595587215425421385510156349360505964434364886218687506316126498790939087169845513109400992957981119383752253893259377360118766803651395584.000000000000000000
connection 28 49 7.021952518660976139 0 0.000000000000000000 917061341239448468350272987358192595587215425421385510156349360505964434364886218687506316126498790939087169845513109400992957981119383752253893259377360118766803651395584.000000000000000000
connection 28 60 7.654834202506545004 0 0.000000000000000000 917061341239448468350272987358192595587215425421385510156349360505964434364886218687506316126498790939087169845513109400992957981119383752253893259377360118766803651395584.000000000000000000
connection 29 44 -0.304824698088503931 0 0.000000000000000000 917061341239448468350272987358192595587215425421385510156349360505964434364886218687506316126498790939087169845513109400992957981119383752253893259377360118766803651395584.000000000000000000
connection 29 49 7.021952518660976139 0 0.000000000000000000 917061341239448468350272987358192595587215425421385510156349360505964434364886218687506316126498790939087169845513109400992957981119383752253893259377360118766803651395584.000000000000000000
connection 29 60 7.654834202506545004 0 0.000000000000000000 917061341239448468350272987358192595587215425421385510156349360505964434364886218687506316126498790939087169845513109400992957981119383752253893259377360118766803651395584.000000000000000000
connection 30 46 7.219342132073556684 0 0.000000000000000000 917061341239448468350272987358192595587215425421385510156349360505964434364886218687506316126498790939087169845513109400992957981119383752253893259377360118766803651395584.000000000000000000
connection 30 60 7.903352761586298847 0 0.000000000000000000 917061341239448468350272987358192595587215425421385510156349360505964434364886218687506316126498790939087169845513109400992957981119383752253893259377360118766803651395584.000000000000000000
connection 31 46 7.219342132073556684 0 0.000000000000000000 917061341239448468350272987358192595587215425421385510156349360505964434364886218687506316126498790939087169845513109400992957981119383752253893259377360118766803651395584.000000000000000000
connection 31 60 7.903352761586298847 0 0.000000000000000000 917061341239448468350272987358192595587215425421385510156349360505964434364886218687506316126498790939087169845513109400992957981119383752253893259377360118766803651395584.000000000000000000
connection 32 28 5.076116349744524747 0 0.000000000000000000 917061341239448468350272987358192595587215425421385510156349360505964434364886218687506316126498790939087169845513109400992957981119383752253893259377360118766803651395584.000000000000000000
connection 32 29 5.076116349744524747 0 0.000000000000000000 917061341239448468350272987358192595587215425421385510156349360505964434364886218687506316126498790939087169845513109400992957981119383752253893259377360118766803651395584.000000000000000000
connection 32 30 1.090858213741085603 0 0.000000000000000000 917061341239448468350272987358192595587215425421385510156349360505964434364886218687506316126498790939087169845513109400992957981119383752253893259377360118766803651395584.000000000000000000
connection 32 31 1.090858213741085603 0 0.000000000000000000 917061341239448468350272987358192595587215425421385510156349360505964434364886218687506316126498790939087169845513109400992957981119383752253893259377360118766803651395584.000000000000000000
connection 32 32 0.514130391853480084 0 0.000000000000000000 917061341239448468350272987358192595587215425421385510156349360505964434364886218687506316126498790939087169845513109400992957981119383752253893259377360118766803651395584.000000000000000000
connection 32 46 7.879210137832557415 0 0.000000000000000000 917061341239448468350272987358192595587215425421385510156349360505964434364886218687506316126498790939087169845513109400992957981119383752253893259377360118766803651395584.000000000000000000
connection 32 74 7.185713455163226904 0 0.000000000000000000 917061341239448468350272987358192595587215425421385510156349360505964434364886218687506316126498790939087169845513109400992957981119383752253893259377360118766803651395584.000000000000000000
connection 32 60 7.984791407410479103 0 0.000000000000000000 917061341239448468350272987358192595587215425421385510156349360505964434364886218687506316126498790939087169845513109400992957981119383752253893259377360118766803651395584.000000000000000000
connection 33 28 5.076116349744524747 0 0.000000000000000000 917061341239448468350272987358192595587215425421385510156349360505964434364886218687506316126498790939087169845513109400992957981119383752253893259377360118766803651395584.000000000000000000
connection 33 29 5.076116349744524747 0 0.000000000000000000 917061341239448468350272987358192595587215425421385510156349360505964434364886218687506316126498790939087169845513109400992957981119383752253893259377360118766803651395584.000000000000000000
connection 33 30 1.090858213741085603 0 0.000000000000000000 917061341239448468350272987358192595587215425421385510156349360505964434364886218687506316126498790939087169845513109400992957981119383752253893259377360118766803651395584.000000000000000000
connection 33 31 1.090858213741085603 0 0.000000000000000000 917061341239448468350272987358192595587215425421385510156349360505964434364886218687506316126498790939087169845513109400992957981119383752253893259377360118766803651395584.000000000000000000
connection 33 32 0.514130391853480084 0 0.000000000000000000 917061341239448468350272987358192595587215425421385510156349360505964434364886218687506316126498790939087169845513109400992957981119383752253893259377360118766803651395584.000000000000000000
connection 33 46 7.879210137832557415 0 0.000000000000000000 917061341239448468350272987358192595587215425421385510156349360505964434364886218687506316126498790939087169845513109400992957981119383752253893259377360118766803651395584.000000000000000000
connection 33 74 7.185713455163226904 0 0.000000000000000000 917061341239448468350272987358192595587215425421385510156349360505964434364886218687506316126498790939087169845513109400992957981119383752253893259377360118766803651395584.000000000000000000
connection 33 60 7.984791407410479103 0 0.000000000000000000 917061341239448468350272987358192595587215425421385510156349360505964434364886218687506316126498790939087169845513109400992957981119383752253893259377360118766803651395584.000000000000000000
connection 34 46 7.571499205226817075 0 0.000000000000000000 917061341239448468350272987358192595587215425421385510156349360505964434364886218687506316126498790939087169845513109400992957981119383752253893259377360118766803651395584.000000000000000000
connection 34 45 7.571499205226817075 0 0.000000000000000000 917061341239448468350272987358192595587215425421385510156349360505964434364886218687506316126498790939087169845513109400992957981119383752253893259377360118766803651395584.000000000000000000
connection 40 46 7.219342132073556684 0 0.000000000000000000 917061341239448468350272987358192595587215425421385510156349360505964434364886218687506316126498790939087169845513109400992957981119383752253893259377360118766803651395584.000000000000000000
connection 40 60 7.903352761586298847 0 0.000000000000000000 917061341239448468350272987358192595587215425421385510156349360505964434364886218687506316126498790939087169845513109400992957981119383752253893259377360118766803651395584.000000000000000000
connection 46 60 -4.692635534973262246 0 0.000000000000000000 917061341239448468350272987358192595587215425421385510156349360505964434364886218687506316126498790939087169845513109400992957981119383752253893259377360118766803651395584.000000000000000000
connection 46 78 -4.692635534973262246 0 0.000000000000000000 917061341239448468350272987358192595587215425421385510156349360505964434364886218687506316126498790939087169845513109400992957981119383752253893259377360118766803651395584.000000000000000000
connection 37 44 -0.304824698088503931 0 0.000000000000000000 917061341239448468350272987358192595587215425421385510156349360505964434364886218687506316126498790939087169845513109400992957981119383752253893259377360118766803651395584.000000000000000000
connection 37 49 7.021952518660976139 0 0.000000000000000000 917061341239448468350272987358192595587215425421385510156349360505964434364886218687506316126498790939087169845513109400992957981119383752253893259377360118766803651395584.000000000000000000
connection 37 60 7.654834202506545004 0 0.000000000000000000 917061341239448468350272987358192595587215425421385510156349360505964434364886218687506316126498790939087169845513109400992957981119383752253893259377360118766803651395584.000000000000000000
connection 38 44 -0.304824698088503931 0 0.000000000000000000 917061341239448468350272987358192595587215425421385510156349360505964434364886218687506316126498790939087169845513109400992957981119383752253893259377360118766803651395584.000000000000000000
connection 38 49 7.021952518660976139 0 0.000000000000000000 917061341239448468350272987358192595587215425421385510156349360505964434364886218687506316126498790939087169845513109400992957981119383752253893259377360118766803651395584.000000000000000000
connection 38 60 7.654834202506545004 0 0.000000000000000000 917061341239448468350272987358192595587215425421385510156349360505964434364886218687506316126498790939087169845513109400992957981119383752253893259377360118766803651395584.000000000000000000
connection 39 46 7.219342132073556684 0 0.000000000000000000 917061341239448468350272987358192595587215425421385510156349360505964434364886218687506316126498790939087169845513109400992957981119383752253893259377360118766803651395584.000000000000000000
connection 39 60 7.903352761586298847 0 0.000000000000000000 917061341239448468350272987358192595587215425421385510156349360505964434364886218687506316126498790939087169845513109400992957981119383752253893259377360118766803651395584.000000000000000000
connection 41 32 0.387457679993020498 0 0.000000000000000000 917061341239448468350272987358192595587215425421385510156349360505964434364886218687506316126498790939087169845513109400992957981119383752253893259377360118766803651395584.000000000000000000
connection 41 46 6.640113635553393401 0 0.000000000000000000 917061341239448468350272987358192595587215425421385510156349360505964434364886218687506316126498790939087169845513109400992957981119383752253893259377360118766803651395584.000000000000000000
connection 41 60 7.816709610688570287 0 0.000000000000000000 917061341239448468350272987358192595587215425421385510156349360505964434364886218687506316126498790939087169845513109400992957981119383752253893259377360118766803651395584.000000000000000000
connection 42 30 3.528963220631331499 0 0.000000000000000000 917061341239448468350272987358192595587215425421385510156349360505964434364886218687506316126498790939087169845513109400992957981119383752253893259377360118766803651395584.000000000000000000
connection 42 31 3.528963220631331499 0 0.000000000000000000 917061341239448468350272987358192595587215425421385510156349360505964434364886218687506316126498790939087169845513109400992957981119383752253893259377360118766803651395584.000000000000000000
connection 42 32 -0.308188665317874755 0 0.000000000000000000 917061341239448468350272987358192595587215425421385510156349360505964434364886218687506316126498790939087169845513109400992957981119383752253893259377360118766803651395584.000000000000000000
connection 42 46 7.571499205226817075 0 0.000000000000000000 917061341239448468350272987358192595587215425421385510156349360505964434364886218687506316126498790939087169845513109400992957981119383752253893259377360118766803651395584.000000000000000000
connection 42 60 7.948769194181780406 0 0.000000000000000000 917061341239448468350272987358192595587215425421385510156349360505964434364886218687506316126498790939087169845513109400992957981119383752253893259377360118766803651395584.000000000000000000
connection 43 34 -0.266466340504086685 0 0.000000000000000000 917061341239448468350272987358192595587215425421385510156349360505964434364886218687506316126498790939087169845513109400992957981119383752253893259377360118766803651395584.000000000000000000
connection 36 41 0.216817108429777777 0 0.000000000000000000 917061341239448468350272987358192595587215425421385510156349360505964434364886218687506316126498790939087169845513109400992957981119383752253893259377360118766803651395584.000000000000000000
connection 36 32 6.966042890908465068 0 0.000000000000000000 917061341239448468350272987358192595587215425421385510156349360505964434364886218687506316126498790939087169845513109400992957981119383752253893259377360118766803651395584.000000000000000000
connection 36 74 7.980522295575866565 0 0.000000000000000000 917061341239448468350272987358192595587215425421385510156349360505964434364886218687506316126498790939087169845513109400992957981119383752253893259377360118766803651395584.000000000000000000
connection 45 60 -4.692635534973262246 0 0.000000000000000000 917061341239448468350272987358192595587215425421385510156349360505964434364886218687506316126498790939087169845513109400992957981119383752253893259377360118766803651395584.000000000000000000
connection 45 78 -4.692635534973262246 0 0.000000000000000000 917061341239448468350272987358192595587215425421385510156349360505964434364886218687506316126498790939087169845513109400992957981119383752253893259377360118766803651395584.000000000000000000
connection 49 79 6.749229930796206034 0 0.000000000000000000 917061341239448468350272987358192595587215425421385510156349360505964434364886218687506316126498790939087169845513109400992957981119383752253893259377360118766803651395584.000000000000000000
connection 49 80 6.749229930796206034 0 0.000000000000000000 917061341239448468350272987358192595587215425421385510156349360505964434364886218687506316126498790939087169845513109400992957981119383752253893259377360118766803651395584.000000000000000000
connection 49 60 -4.003729505851878478 0 0.000000000000000000 917061341239448468350272987358192595587215425421385510156349360505964434364886218687506316126498790939087169845513109400992957981119383752253893259377360118766803651395584.000000000000000000
connection 49 78 -4.003729505851878478 0 0.000000000000000000 917061341239448468350272987358192595587215425421385510156349360505964434364886218687506316126498790939087169845513109400992957981119383752253893259377360118766803651395584.000000000000000000
connection 44 34 -0.266466340504086685 0 0.000000000000000000 917061341239448468350272987358192595587215425421385510156349360505964434364886218687506316126498790939087169845513109400992957981119383752253893259377360118766803651395584.000000000000000000
connection 50 79 6.749229930796206034 0 0.000000000000000000 917061341239448468350272987358192595587215425421385510156349360505964434364886218687506316126498790939087169845513109400992957981119383752253893259377360118766803651395584.000000000000000000
connection 50 80 6.749229930796206034 0 0.000000000000000000 917061341239448468350272987358192595587215425421385510156349360505964434364886218687506316126498790939087169845513109400992957981119383752253893259377360118766803651395584.000000000000000000
connection 50 60 -4.003729505851878478 0 0.000000000000000000 917061341239448468350272987358192595587215425421385510156349360505964434364886218687506316126498790939087169845513109400992957981119383752253893259377360118766803651395584.000000000000000000
connection 50 78 -4.003729505851878478 0 0.000000000000000000 917061341239448468350272987358192595587215425421385510156349360505964434364886218687506316126498790939087169845513109400992957981119383752253893259377360118766803651395584.000000000000000000
connection 51 35 7.861762362360184220 0 0.000000000000000000 917061341239448468350272987358192595587215425421385510156349360505964434364886218687506316126498790939087169845513109400992957981119383752253893259377360118766803651395584.000000000000000000
connection 52 35 7.861762362360184220 0 0.000000000000000000 917061341239448468350272987358192595587215425421385510156349360505964434364886218687506316126498790939087169845513109400992957981119383752253893259377360118766803651395584.000000000000000000
connection 46 19 1.258731884940727852 0 0.000000000000000000 917061341239448468350272987358192595587215425421385510156349360505964434364886218687506316126498790939087169845513109400992957981119383752253893259377360118766803651395584.000000000000000000
connection 45 19 1.258731884940727852 0 0.000000000000000000 917061341239448468350272987358192595587215425421385510156349360505964434364886218687506316126498790939087169845513109400992957981119383752253893259377360118766803651395584.000000000000000000
connection 60 19 1.258731884940727852 0 0.000000000000000000 917061341239448468350272987358192595587215425421385510156349360505964434364886218687506316126498790939087169845513109400992957981119383752253893259377360118766803651395584.000000000000000000
connection 78 19 1.258731884940727852 0 0.000000000000000000 917061341239448468350272987358192595587215425421385510156349360505964434364886218687506316126498790939087169845513109400992957981119383752253893259377360118766803651395584.000000000000000000
connection 32 21 2.008633875997950735 0 0.000000000000000000 917061341239448468350272987358192595587215425421385510156349360505964434364886218687506316126498790939087169845513109400992957981119383752253893259377360118766803651395584.000000000000000000
connection 33 21 2.008633875997950735 0 0.000000000000000000 917061341239448468350272987358192595587215425421385510156349360505964434364886218687506316126498790939087169845513109400992957981119383752253893259377360118766803651395584.000000000000000000
connection 79 21 2.008633875997950735 0 0.000000000000000000 917061341239448468350272987358192595587215425421385510156349360505964434364886218687506316126498790939087169845513109400992957981119383752253893259377360118766803651395584.000000000000000000
connection 80 21 2.008633875997950735 0 0.000000000000000000 917061341239448468350272987358192595587215425421385510156349360505964434364886218687506316126498790939087169845513109400992957981119383752253893259377360118766803651395584.000000000000000000
connection 43 21 -0.272112494497166346 0 0.000000000000000000 917061341239448468350272987358192595587215425421385510156349360505964434364886218687506316126498790939087169845513109400992957981119383752253893259377360118766803651395584.000000000000000000
connection 44 21 -0.272112494497166346 0 0.000000000000000000 917061341239448468350272987358192595587215425421385510156349360505964434364886218687506316126498790939087169845513109400992957981119383752253893259377360118766803651395584.000000000000000000
connection 46 21 3.143819558362635824 0 0.000000000000000000 917061341239448468350272987358192595587215425421385510156349360505964434364886218687506316126498790939087169845513109400992957981119383752253893259377360118766803651395584.000000000000000000
connection 45 21 3.143819558362635824 0 0.000000000000000000 917061341239448468350272987358192595587215425421385510156349360505964434364886218687506316126498790939087169845513109400992957981119383752253893259377360118766803651395584.000000000000000000
connection 74 21 -0.272112494497166346 0 0.000000000000000000 917061341239448468350272987358192595587215425421385510156349360505964434364886218687506316126498790939087169845513109400992957981119383752253893259377360118766803651395584.000000000000000000
connection 60 21 3.143819558362635824 0 0.000000000000000000 917061341239448468350272987358192595587215425421385510156349360505964434364886218687506316126498790939087169845513109400992957981119383752253893259377360118766803651395584.000000000000000000
connection 78 21 3.143819558362635824 0 0.000000000000000000 917061341239448468350272987358192595587215425421385510156349360505964434364886218687506316126498790939087169845513109400992957981119383752253893259377360118766803651395584.000000000000000000
connection 42 22 0.367723713159568921 0 0.000000000000000000 917061341239448468350272987358192595587215425421385510156349360505964434364886218687506316126498790939087169845513109400992957981119383752253893259377360118766803651395584.000000000000000000
connection 34 22 0.367723713159568921 0 0.000000000000000000 917061341239448468350272987358192595587215425421385510156349360505964434364886218687506316126498790939087169845513109400992957981119383752253893259377360118766803651395584.000000000000000000
connection 43 22 2.708293229235526400 0 0.000000000000000000 917061341239448468350272987358192595587215425421385510156349360505964434364886218687506316126498790939087169845513109400992957981119383752253893259377360118766803651395584.000000000000000000
connection 44 22 2.708293229235526400 0 0.000000000000000000 917061341239448468350272987358192595587215425421385510156349360505964434364886218687506316126498790939087169845513109400992957981119383752253893259377360118766803651395584.000000000000000000
connection 46 22 6.981787151213289633 0 0.000000000000000000 917061341239448468350272987358192595587215425421385510156349360505964434364886218687506316126498790939087169845513109400992957981119383752253893259377360118766803651395584.000000000000000000
connection 45 22 6.981787151213289633 0 0.000000000000000000 917061341239448468350272987358192595587215425421385510156349360505964434364886218687506316126498790939087169845513109400992957981119383752253893259377360118766803651395584.000000000000000000
connection 74 22 2.708293229235526400 0 0.000000000000000000 917061341239448468350272987358192595587215425421385510156349360505964434364886218687506316126498790939087169845513109400992957981119383752253893259377360118766803651395584.000000000000000000
connection 60 22 6.981787151213289633 0 0.000000000000000000 917061341239448468350272987358192595587215425421385510156349360505964434364886218687506316126498790939087169845513109400992957981119383752253893259377360118766803651395584.000000000000000000
connection 78 22 6.981787151213289633 0 0.000000000000000000 917061341239448468350272987358192595587215425421385510156349360505964434364886218687506316126498790939087169845513109400992957981119383752253893259377360118766803651395584.000000000000000000
connection 42 23 0.293737629311080994 0 0.000000000000000000 917061341239448468350272987358192595587215425421385510156349360505964434364886218687506316126498790939087169845513109400992957981119383752253893259377360118766803651395584.000000000000000000
connection 34 23 0.293737629311080994 0 0.000000000000000000 917061341239448468350272987358192595587215425421385510156349360505964434364886218687506316126498790939087169845513109400992957981119383752253893259377360118766803651395584.000000000000000000
connection 35 23 7.622022794742714602 0 0.000000000000000000 917061341239448468350272987358192595587215425421385510156349360505964434364886218687506316126498790939087169845513109400992957981119383752253893259377360118766803651395584.000000000000000000
connection 36 23 7.622022794742714602 0 0.000000000000000000 917061341239448468350272987358192595587215425421385510156349360505964434364886218687506316126498790939087169845513109400992957981119383752253893259377360118766803651395584.000000000000000000
connection 32 24 6.546081506779470871 0 0.000000000000000000 917061341239448468350272987358192595587215425421385510156349360505964434364886218687506316126498790939087169845513109400992957981119383752253893259377360118766803651395584.000000000000000000
connection 33 24 6.546081506779470871 0 0.000000000000000000 917061341239448468350272987358192595587215425421385510156349360505964434364886218687506316126498790939087169845513109400992957981119383752253893259377360118766803651395584.000000000000000000
connection 79 24 6.546081506779470871 0 0.000000000000000000 917061341239448468350272987358192595587215425421385510156349360505964434364886218687506316126498790939087169845513109400992957981119383752253893259377360118766803651395584.000000000000000000
connection 80 24 6.546081506779470871 0 0.000000000000000000 917061341239448468350272987358192595587215425421385510156349360505964434364886218687506316126498790939087169845513109400992957981119383752253893259377360118766803651395584.000000000000000000
connection 42 25 7.433299242152560105 0 0.000000000000000000 917061341239448468350272987358192595587215425421385510156349360505964434364886218687506316126498790939087169845513109400992957981119383752253893259377360118766803651395584.000000000000000000
connection 34 25 7.433299242152560105 0 0.000000000000000000 917061341239448468350272987358192595587215425421385510156349360505964434364886218687506316126498790939087169845513109400992957981119383752253893259377360118766803651395584.000000000000000000
NNend

