NNstart
20 10
neuron 1 1.000000000000000000 0.000000000000000000 0.000000000000000000 68640036783284855767040.000000000000000000 11 0.000000000000000000
neuron 1 1.000000000000000000 0.000000000000000000 0.000000000000000000 68640036783284855767040.000000000000000000 11 0.000000000000000000
neuron 1 1.000000000000000000 0.000000000000000000 0.000000000000000000 68640036783284855767040.000000000000000000 11 0.000000000000000000
neuron 1 1.000000000000000000 0.000000000000000000 0.000000000000000000 68640036783284855767040.000000000000000000 11 0.000000000000000000
neuron 1 1.000000000000000000 0.000000000000000000 0.000000000000000000 68640036783284855767040.000000000000000000 11 0.000000000000000000
neuron 1 1.000000000000000000 0.000000000000000000 0.000000000000000000 68640036783284855767040.000000000000000000 11 0.000000000000000000
neuron 1 1.000000000000000000 0.000000000000000000 0.000000000000000000 68640036783284855767040.000000000000000000 11 0.000000000000000000
neuron 1 1.000000000000000000 0.000000000000000000 0.000000000000000000 68640036783284855767040.000000000000000000 11 0.000000000000000000
neuron 1 1.000000000000000000 0.000000000000000000 0.000000000000000000 68640036783284855767040.000000000000000000 11 0.000000000000000000
neuron 1 1.000000000000000000 0.000000000000000000 0.000000000000000000 68640036783284855767040.000000000000000000 11 0.000000000000000000
neuron 1 1.000000000000000000 0.000000000000000000 0.000000000000000000 68640036783284855767040.000000000000000000 11 0.000000000000000000
neuron 1 1.000000000000000000 0.000000000000000000 0.000000000000000000 68640036783284855767040.000000000000000000 11 0.000000000000000000
neuron 1 1.000000000000000000 0.000000000000000000 0.000000000000000000 68640036783284855767040.000000000000000000 11 0.000000000000000000
neuron 1 1.000000000000000000 0.000000000000000000 0.000000000000000000 68640036783284855767040.000000000000000000 11 0.000000000000000000
neuron 1 1.000000000000000000 0.000000000000000000 0.000000000000000000 68640036783284855767040.000000000000000000 11 0.000000000000000000
neuron 1 1.000000000000000000 0.000000000000000000 0.000000000000000000 68640036783284855767040.000000000000000000 11 0.000000000000000000
neuron 1 1.000000000000000000 0.000000000000000000 0.000000000000000000 68640036783284855767040.000000000000000000 11 0.000000000000000000
neuron 1 1.000000000000000000 0.000000000000000000 0.000000000000000000 68640036783284855767040.000000000000000000 11 0.000000000000000000
neuron 1 1.000000000000000000 0.000000000000000000 0.000000000000000000 68640036783284855767040.000000000000000000 11 0.000000000000000000
neuron 2 1.000000000000000000 0.000000000000000000 0.000000000000000000 0.000000000000000000 11 0.000000000000000000
neuron 4 1.000000000000000000 0.000000000000000000 0.000000000000000000 68640036783284855767040.000000000000000000 1 0.000000000000000000
neuron 4 1.000000000000000000 0.000000000000000000 0.000000000000000000 68640036783284855767040.000000000000000000 1 0.000000000000000000
neuron 4 1.000000000000000000 0.000000000000000000 0.000000000000000000 68640036783284855767040.000000000000000000 1 0.000000000000000000
neuron 4 1.000000000000000000 0.000000000000000000 0.000000000000000000 68640036783284855767040.000000000000000000 1 0.000000000000000000
neuron 4 1.000000000000000000 0.000000000000000000 0.000000000000000000 68640036783284855767040.000000000000000000 1 0.000000000000000000
neuron 4 1.000000000000000000 0.000000000000000000 0.000000000000000000 68640036783284855767040.000000000000000000 1 0.000000000000000000
neuron 4 1.000000000000000000 0.000000000000000000 0.000000000000000000 68640036783284855767040.000000000000000000 1 0.000000000000000000
neuron 4 1.000000000000000000 0.000000000000000000 0.000000000000000000 68640036783284855767040.000000000000000000 1 0.000000000000000000
neuron 4 1.000000000000000000 0.000000000000000000 0.000000000000000000 68640036783284855767040.000000000000000000 1 0.000000000000000000
neuron 4 1.000000000000000000 0.000000000000000000 0.000000000000000000 68640036783284855767040.000000000000000000 1 0.000000000000000000
neuron 3 1.000000000000000000 0.000000000000000000 0.000000000000000000 68640036783284855767040.000000000000000000 0 0.000000000000000000
neuron 3 1.000000000000000000 0.000000000000000000 0.000000000000000000 68640036783284855767040.000000000000000000 0 0.000000000000000000
neuron 3 1.000000000000000000 0.000000000000000000 0.000000000000000000 68640036783284855767040.000000000000000000 0 0.000000000000000000
neuron 3 1.000000000000000000 0.000000000000000000 0.000000000000000000 68640036783284855767040.000000000000000000 0 0.000000000000000000
neuron 3 1.000000000000000000 0.000000000000000000 0.000000000000000000 68640036783284855767040.000000000000000000 0 0.000000000000000000
neuron 3 1.000000000000000000 0.000000000000000000 0.000000000000000000 68640036783284855767040.000000000000000000 0 0.000000000000000000
neuron 3 1.000000000000000000 0.000000000000000000 0.000000000000000000 68640036783284855767040.000000000000000000 0 0.000000000000000000
neuron 3 1.000000000000000000 0.000000000000000000 0.000000000000000000 68640036783284855767040.000000000000000000 0 0.000000000000000000
neuron 3 1.000000000000000000 0.000000000000000000 0.000000000000000000 68640036783284855767040.000000000000000000 0 0.000000000000000000
neuron 3 1.000000000000000000 0.000000000000000000 0.000000000000000000 68640036783284855767040.000000000000000000 0 0.000000000000000000
neuron 3 1.000000000000000000 0.000000000000000000 0.000000000000000000 68640036783284855767040.000000000000000000 0 0.000000000000000000
neuron 3 1.000000000000000000 0.000000000000000000 0.000000000000000000 68640036783284855767040.000000000000000000 0 0.000000000000000000
neuron 3 1.000000000000000000 0.000000000000000000 0.000000000000000000 68640036783284855767040.000000000000000000 0 0.000000000000000000
neuron 3 1.000000000000000000 0.000000000000000000 0.000000000000000000 68640036783284855767040.000000000000000000 0 0.000000000000000000
neuron 3 1.000000000000000000 0.000000000000000000 0.000000000000000000 68640036783284855767040.000000000000000000 0 0.000000000000000000
neuron 3 1.000000000000000000 0.000000000000000000 0.000000000000000000 68640036783284855767040.000000000000000000 0 0.000000000000000000
neuron 3 1.000000000000000000 0.000000000000000000 0.000000000000000000 68640036783284855767040.000000000000000000 0 0.000000000000000000
neuron 3 1.000000000000000000 0.000000000000000000 0.000000000000000000 68640036783284855767040.000000000000000000 0 0.000000000000000000
neuron 3 1.000000000000000000 0.000000000000000000 0.000000000000000000 68640036783284855767040.000000000000000000 0 0.000000000000000000
neuron 3 1.000000000000000000 0.000000000000000000 0.000000000000000000 68640036783284855767040.000000000000000000 0 0.000000000000000000
connection 0 30 3.343156187526038270 0 0.000000000000000000 68640036783284855767040.000000000000000000
connection 0 31 4.931746113558124200 0 0.000000000000000000 68640036783284855767040.000000000000000000
connection 0 32 6.997535038169828248 0 0.000000000000000000 68640036783284855767040.000000000000000000
connection 0 33 6.846217578703283735 0 0.000000000000000000 68640036783284855767040.000000000000000000
connection 0 34 6.561856245829503997 0 0.000000000000000000 68640036783284855767040.000000000000000000
connection 0 35 -3.284676101008819682 0 0.000000000000000000 68640036783284855767040.000000000000000000
connection 0 36 -1.354801629869967217 0 0.000000000000000000 68640036783284855767040.000000000000000000
connection 0 37 6.440160539440563880 0 0.000000000000000000 68640036783284855767040.000000000000000000
connection 1 30 3.437485436552074614 0 0.000000000000000000 68640036783284855767040.000000000000000000
connection 1 31 5.009094122720610720 0 0.000000000000000000 68640036783284855767040.000000000000000000
connection 1 32 6.996190787113217624 0 0.000000000000000000 68640036783284855767040.000000000000000000
connection 1 33 6.867285839369642986 0 0.000000000000000000 68640036783284855767040.000000000000000000
connection 1 34 6.544608765553523888 0 0.000000000000000000 68640036783284855767040.000000000000000000
connection 1 35 -3.326155070491267018 0 0.000000000000000000 68640036783284855767040.000000000000000000
connection 1 36 -1.495579915893286538 0 0.000000000000000000 68640036783284855767040.000000000000000000
connection 1 37 6.371530122974601973 0 0.000000000000000000 68640036783284855767040.000000000000000000
connection 2 30 3.532207717614467501 0 0.000000000000000000 68640036783284855767040.000000000000000000
connection 2 31 5.084365676471271023 0 0.000000000000000000 68640036783284855767040.000000000000000000
connection 2 32 6.993642834633631900 0 0.000000000000000000 68640036783284855767040.000000000000000000
connection 2 33 6.887050375590041185 0 0.000000000000000000 68640036783284855767040.000000000000000000
connection 2 34 6.525417918321894106 0 0.000000000000000000 68640036783284855767040.000000000000000000
connection 2 36 -1.631070475407983666 0 0.000000000000000000 68640036783284855767040.000000000000000000
connection 2 37 6.299000555347199715 0 0.000000000000000000 68640036783284855767040.000000000000000000
connection 3 30 3.627131966827180864 0 0.000000000000000000 68640036783284855767040.000000000000000000
connection 3 31 5.157513781890334492 0 0.000000000000000000 68640036783284855767040.000000000000000000
connection 3 32 6.989874436835259885 0 0.000000000000000000 68640036783284855767040.000000000000000000
connection 3 33 6.905534543196968578 0 0.000000000000000000 68640036783284855767040.000000000000000000
connection 3 34 6.504221691486328005 0 0.000000000000000000 68640036783284855767040.000000000000000000
connection 3 36 -1.761216066544517567 0 0.000000000000000000 68640036783284855767040.000000000000000000
connection 3 37 6.222404377232784611 0 0.000000000000000000 68640036783284855767040.000000000000000000
connection 4 38 6.302473945254065235 0 0.000000000000000000 68640036783284855767040.000000000000000000
connection 4 34 6.480952860167504603 0 0.000000000000000000 68640036783284855767040.000000000000000000
connection 4 36 -1.885978113465578643 0 0.000000000000000000 68640036783284855767040.000000000000000000
connection 4 37 6.141573800700211194 0 0.000000000000000000 68640036783284855767040.000000000000000000
connection 5 38 6.339736190473225008 0 0.000000000000000000 68640036783284855767040.000000000000000000
connection 5 34 6.455538851458552330 0 0.000000000000000000 68640036783284855767040.000000000000000000
connection 5 36 -2.005335103825260923 0 0.000000000000000000 68640036783284855767040.000000000000000000
connection 5 37 6.056341904234797902 0 0.000000000000000000 68640036783284855767040.000000000000000000
connection 6 38 6.375201490468951349 0 0.000000000000000000 68640036783284855767040.000000000000000000
connection 6 34 6.427901616077964064 0 0.000000000000000000 68640036783284855767040.000000000000000000
connection 6 36 -2.119280959454843849 0 0.000000000000000000 68640036783284855767040.000000000000000000
connection 7 38 6.408896025301922705 0 0.000000000000000000 68640036783284855767040.000000000000000000
connection 7 34 6.397957510240215306 0 0.000000000000000000 68640036783284855767040.000000000000000000
connection 7 36 -2.227823406599115597 0 0.000000000000000000 68640036783284855767040.000000000000000000
connection 8 38 6.440846649907463473 0 0.000000000000000000 68640036783284855767040.000000000000000000
connection 8 34 6.365617190974849571 0 0.000000000000000000 68640036783284855767040.000000000000000000
connection 8 36 -2.330982368578980335 0 0.000000000000000000 68640036783284855767040.000000000000000000
connection 9 38 6.471080577501195030 0 0.000000000000000000 68640036783284855767040.000000000000000000
connection 9 34 6.330785528625295200 0 0.000000000000000000 68640036783284855767040.000000000000000000
connection 9 36 -2.428788400300547323 0 0.000000000000000000 68640036783284855767040.000000000000000000
connection 9 39 -1.312767055297026308 0 0.000000000000000000 68640036783284855767040.000000000000000000
connection 10 38 6.499625081602837362 0 0.000000000000000000 68640036783284855767040.000000000000000000
connection 10 34 6.293361540796181153 0 0.000000000000000000 68640036783284855767040.000000000000000000
connection 10 36 -2.521281180671508526 0 0.000000000000000000 68640036783284855767040.000000000000000000
connection 10 39 -1.433531138528849391 0 0.000000000000000000 68640036783284855767040.000000000000000000
connection 11 38 6.526507216383437893 0 0.000000000000000000 68640036783284855767040.000000000000000000
connection 11 34 6.253238352590241078 0 0.000000000000000000 68640036783284855767040.000000000000000000
connection 11 36 -2.608508075803624315 0 0.000000000000000000 68640036783284855767040.000000000000000000
connection 11 39 -1.548970820849989272 0 0.000000000000000000 68640036783284855767040.000000000000000000
connection 12 38 6.551753554825845427 0 0.000000000000000000 68640036783284855767040.000000000000000000
connection 12 34 6.210303188579195499 0 0.000000000000000000 68640036783284855767040.000000000000000000
connection 12 36 -2.690522782935488522 0 0.000000000000000000 68640036783284855767040.000000000000000000
connection 12 39 -1.659062213983572676 0 0.000000000000000000 68640036783284855767040.000000000000000000
connection 13 38 6.575389944004859544 0 0.000000000000000000 68640036783284855767040.000000000000000000
connection 13 34 6.164437402580983161 0 0.000000000000000000 68640036783284855767040.000000000000000000
connection 13 40 -2.396716653747700487 0 0.000000000000000000 68640036783284855767040.000000000000000000
connection 13 36 -2.767384062343074547 0 0.000000000000000000 68640036783284855767040.000000000000000000
connection 13 39 -1.763795116039124755 0 0.000000000000000000 68640036783284855767040.000000000000000000
connection 14 38 6.597441276640420682 0 0.000000000000000000 68640036783284855767040.000000000000000000
connection 14 34 6.115516551959936820 0 0.000000000000000000 68640036783284855767040.000000000000000000
connection 14 40 -2.555242370770992810 0 0.000000000000000000 68640036783284855767040.000000000000000000
connection 14 36 -2.839154562140317584 0 0.000000000000000000 68640036783284855767040.000000000000000000
connection 14 41 -0.375275464434397910 0 0.000000000000000000 68640036783284855767040.000000000000000000
connection 15 38 6.617931277952870950 0 0.000000000000000000 68640036783284855767040.000000000000000000
connection 15 34 6.063410523815057296 0 0.000000000000000000 68640036783284855767040.000000000000000000
connection 15 40 -2.708141807641326171 0 0.000000000000000000 68640036783284855767040.000000000000000000
connection 15 36 -2.905899738817869782 0 0.000000000000000000 68640036783284855767040.000000000000000000
connection 15 41 -0.541773947849944926 0 0.000000000000000000 68640036783284855767040.000000000000000000
connection 16 38 6.636882306751321181 0 0.000000000000000000 68640036783284855767040.000000000000000000
connection 16 34 6.007983721059302340 0 0.000000000000000000 68640036783284855767040.000000000000000000
connection 16 40 -2.855376519526671597 0 0.000000000000000000 68640036783284855767040.000000000000000000
connection 16 36 -2.967686874622375903 0 0.000000000000000000 68640036783284855767040.000000000000000000
connection 16 42 6.686284769792502303 0 0.000000000000000000 68640036783284855767040.000000000000000000
connection 16 41 -0.703755983788960759 0 0.000000000000000000 68640036783284855767040.000000000000000000
connection 17 38 6.654315169612573300 0 0.000000000000000000 68640036783284855767040.000000000000000000
connection 17 34 5.949095317000454131 0 0.000000000000000000 68640036783284855767040.000000000000000000
connection 17 40 -2.996931435562186330 0 0.000000000000000000 68640036783284855767040.000000000000000000
connection 17 36 -3.024584191430025548 0 0.000000000000000000 68640036783284855767040.000000000000000000
connection 17 42 6.630820357239400664 0 0.000000000000000000 68640036783284855767040.000000000000000000
connection 17 41 -0.861034095559486956 0 0.000000000000000000 68640036783284855767040.000000000000000000
connection 18 38 6.670248946956323977 0 0.000000000000000000 68640036783284855767040.000000000000000000
connection 18 44 5.902525001744986177 0 0.000000000000000000 68640036783284855767040.000000000000000000
connection 18 45 5.647993986130209976 0 0.000000000000000000 68640036783284855767040.000000000000000000
connection 18 40 -3.132812808719366071 0 0.000000000000000000 68640036783284855767040.000000000000000000
connection 18 36 -3.076660059598379959 0 0.000000000000000000 68640036783284855767040.000000000000000000
connection 18 42 6.572069102375470706 0 0.000000000000000000 68640036783284855767040.000000000000000000
connection 18 41 -1.013445906446519773 0 0.000000000000000000 68640036783284855767040.000000000000000000
connection 19 38 6.684700829790457099 0 0.000000000000000000 68640036783284855767040.000000000000000000
connection 19 44 5.859517218934480631 0 0.000000000000000000 68640036783284855767040.000000000000000000
connection 19 45 5.554321613095815735 0 0.000000000000000000 68640036783284855767040.000000000000000000
connection 19 40 -3.263046125329451375 0 0.000000000000000000 68640036783284855767040.000000000000000000
connection 19 36 -3.123982299366554471 0 0.000000000000000000 68640036783284855767040.000000000000000000
connection 19 42 6.509873059708885634 0 0.000000000000000000 68640036783284855767040.000000000000000000
connection 19 41 -1.160853338878717889 0 0.000000000000000000 68640036783284855767040.000000000000000000
connection 30 38 2.492435777918835083 0 0.000000000000000000 68640036783284855767040.000000000000000000
connection 30 44 -2.571558689510254680 0 0.000000000000000000 68640036783284855767040.000000000000000000
connection 30 46 -0.492964573435032472 0 0.000000000000000000 68640036783284855767040.000000000000000000
connection 30 45 2.226210435256235964 0 0.000000000000000000 68640036783284855767040.000000000000000000
connection 30 47 3.022502066808652188 0 0.000000000000000000 68640036783284855767040.000000000000000000
connection 31 38 -2.996591369495806845 0 0.000000000000000000 68640036783284855767040.000000000000000000
connection 31 34 -4.997687626296493768 0 0.000000000000000000 68640036783284855767040.000000000000000000
connection 31 40 -4.981636530195910240 0 0.000000000000000000 68640036783284855767040.000000000000000000
connection 31 35 -3.530506901699208999 0 0.000000000000000000 68640036783284855767040.000000000000000000
connection 31 36 -0.971582551465875577 0 0.000000000000000000 68640036783284855767040.000000000000000000
connection 31 49 -0.711613977379099150 0 0.000000000000000000 68640036783284855767040.000000000000000000
connection 32 38 -2.965687747166022348 0 0.000000000000000000 68640036783284855767040.000000000000000000
connection 32 34 -4.975744641324338247 0 0.000000000000000000 68640036783284855767040.000000000000000000
connection 32 40 -4.669235460693730744 0 0.000000000000000000 68640036783284855767040.000000000000000000
connection 32 35 -3.023716794943788866 0 0.000000000000000000 68640036783284855767040.000000000000000000
connection 32 36 -0.395628875909940669 0 0.000000000000000000 68640036783284855767040.000000000000000000
connection 33 38 3.028744688318961042 0 0.000000000000000000 68640036783284855767040.000000000000000000
connection 33 44 -2.068332686988613389 0 0.000000000000000000 68640036783284855767040.000000000000000000
connection 33 47 3.113160182071089910 0 0.000000000000000000 68640036783284855767040.000000000000000000
connection 34 30 3.802090634359180932 0 0.000000000000000000 68640036783284855767040.000000000000000000
connection 34 31 1.364124004505855137 0 0.000000000000000000 68640036783284855767040.000000000000000000
connection 35 30 4.456775944456846439 0 0.000000000000000000 68640036783284855767040.000000000000000000
connection 35 31 2.374861949735884714 0 0.000000000000000000 68640036783284855767040.000000000000000000
connection 35 33 0.760206189988762659 0 0.000000000000000000 68640036783284855767040.000000000000000000
connection 35 44 0.956772974259333719 0 0.000000000000000000 68640036783284855767040.000000000000000000
connection 35 46 -3.129007915588398081 0 0.000000000000000000 68640036783284855767040.000000000000000000
connection 36 49 -6.035897357488762438 0 0.000000000000000000 68640036783284855767040.000000000000000000
connection 37 38 -2.840003280803661490 0 0.000000000000000000 68640036783284855767040.000000000000000000
connection 37 34 -4.885991769988408784 0 0.000000000000000000 68640036783284855767040.000000000000000000
connection 37 40 -4.296126522942836701 0 0.000000000000000000 68640036783284855767040.000000000000000000
connection 37 35 -2.496957411225509738 0 0.000000000000000000 68640036783284855767040.000000000000000000
connection 37 49 0.498728197342218904 0 0.000000000000000000 68640036783284855767040.000000000000000000
connection 38 38 -0.808159064922538417 0 0.000000000000000000 68640036783284855767040.000000000000000000
connection 38 34 -3.311323705463274703 0 0.000000000000000000 68640036783284855767040.000000000000000000
connection 38 40 -1.805858206617413364 0 0.000000000000000000 68640036783284855767040.000000000000000000
connection 38 36 2.455374469823479178 0 0.000000000000000000 68640036783284855767040.000000000000000000
connection 38 49 3.176722036810754712 0 0.000000000000000000 68640036783284855767040.000000000000000000
connection 39 38 -3.438494741084416439 0 0.000000000000000000 68640036783284855767040.000000000000000000
connection 39 34 -5.306148952751758685 0 0.000000000000000000 68640036783284855767040.000000000000000000
connection 39 40 -5.035513382058113940 0 0.000000000000000000 68640036783284855767040.000000000000000000
connection 39 35 -3.509510329604276002 0 0.000000000000000000 68640036783284855767040.000000000000000000
connection 39 36 -0.972860215357425506 0 0.000000000000000000 68640036783284855767040.000000000000000000
connection 39 49 -0.691924592829939011 0 0.000000000000000000 68640036783284855767040.000000000000000000
connection 40 30 5.014193530272614829 0 0.000000000000000000 68640036783284855767040.000000000000000000
connection 40 31 3.234776666967273950 0 0.000000000000000000 68640036783284855767040.000000000000000000
connection 40 32 -0.952494689060271793 0 0.000000000000000000 68640036783284855767040.000000000000000000
connection 40 33 1.810790275376373160 0 0.000000000000000000 68640036783284855767040.000000000000000000
connection 40 44 1.790326834580614701 0 0.000000000000000000 68640036783284855767040.000000000000000000
connection 40 46 -2.169197626236662124 0 0.000000000000000000 68640036783284855767040.000000000000000000
connection 40 45 -2.250523250110149753 0 0.000000000000000000 68640036783284855767040.000000000000000000
connection 42 44 -1.512399233345697480 0 0.000000000000000000 68640036783284855767040.000000000000000000
connection 42 46 0.667353541194739663 0 0.000000000000000000 68640036783284855767040.000000000000000000
connection 42 47 3.109122600448388951 0 0.000000000000000000 68640036783284855767040.000000000000000000
connection 41 38 -2.622585646585068986 0 0.000000000000000000 68640036783284855767040.000000000000000000
connection 41 34 -4.728766920009794816 0 0.000000000000000000 68640036783284855767040.000000000000000000
connection 41 40 -3.865901128182559710 0 0.000000000000000000 68640036783284855767040.000000000000000000
connection 41 35 -1.970714779366045777 0 0.000000000000000000 68640036783284855767040.000000000000000000
connection 41 49 1.091926274662742280 0 0.000000000000000000 68640036783284855767040.000000000000000000
connection 44 31 4.561188584431447701 0 0.000000000000000000 68640036783284855767040.000000000000000000
connection 44 32 1.200050982233519470 0 0.000000000000000000 68640036783284855767040.000000000000000000
connection 44 33 3.609706722617587182 0 0.000000000000000000 68640036783284855767040.000000000000000000
connection 44 44 3.096720993783163234 0 0.000000000000000000 68640036783284855767040.000000000000000000
connection 44 42 -0.538906954674343575 0 0.000000000000000000 68640036783284855767040.000000000000000000
connection 45 49 -6.101305362575025093 0 0.000000000000000000 68640036783284855767040.000000000000000000
connection 38 20 -5.258909235146427719 0 0.000000000000000000 68640036783284855767040.000000000000000000
connection 44 20 3.534690837613280845 0 0.000000000000000000 68640036783284855767040.000000000000000000
connection 46 20 3.243922130521773362 0 0.000000000000000000 68640036783284855767040.000000000000000000
connection 40 20 2.841624955941242980 0 0.000000000000000000 68640036783284855767040.000000000000000000
connection 35 20 2.320268510186203059 0 0.000000000000000000 68640036783284855767040.000000000000000000
connection 49 20 -5.250557001471284124 0 0.000000000000000000 68640036783284855767040.000000000000000000
connection 38 21 -5.310502056868662279 0 0.000000000000000000 68640036783284855767040.000000000000000000
connection 44 21 2.865610263467278873 0 0.000000000000000000 68640036783284855767040.000000000000000000
connection 46 21 2.366904497182260148 0 0.000000000000000000 68640036783284855767040.000000000000000000
connection 40 21 1.745762523022452717 0 0.000000000000000000 68640036783284855767040.000000000000000000
connection 35 21 1.004685386336547026 0 0.000000000000000000 68640036783284855767040.000000000000000000
connection 37 21 -5.764899656883693879 0 0.000000000000000000 68640036783284855767040.000000000000000000
connection 41 21 -5.859595164952644097 0 0.000000000000000000 68640036783284855767040.000000000000000000
connection 31 22 -5.776729479705193349 0 0.000000000000000000 68640036783284855767040.000000000000000000
connection 32 22 -5.882712680528375593 0 0.000000000000000000 68640036783284855767040.000000000000000000
connection 44 22 1.810794232580781316 0 0.000000000000000000 68640036783284855767040.000000000000000000
connection 46 22 1.092006016225857579 0 0.000000000000000000 68640036783284855767040.000000000000000000
connection 37 22 -5.931883893102030569 0 0.000000000000000000 68640036783284855767040.000000000000000000
connection 41 22 -5.928666820588614605 0 0.000000000000000000 68640036783284855767040.000000000000000000
connection 31 23 -5.963122796288148564 0 0.000000000000000000 68640036783284855767040.000000000000000000
connection 32 23 -5.970795971586595918 0 0.000000000000000000 68640036783284855767040.000000000000000000
connection 44 23 0.367020053133445101 0 0.000000000000000000 68640036783284855767040.000000000000000000
connection 37 23 -5.928625909926593884 0 0.000000000000000000 68640036783284855767040.000000000000000000
connection 41 23 -5.837008555379888719 0 0.000000000000000000 68640036783284855767040.000000000000000000
connection 31 24 -5.978871208823551164 0 0.000000000000000000 68640036783284855767040.000000000000000000
connection 32 24 -5.899170247151424462 0 0.000000000000000000 68640036783284855767040.000000000000000000
connection 37 24 -5.769918705095577138 0 0.000000000000000000 68640036783284855767040.000000000000000000
connection 41 24 -5.589055273708518179 0 0.000000000000000000 68640036783284855767040.000000000000000000
connection 31 25 -5.841116806263848993 0 0.000000000000000000 68640036783284855767040.000000000000000000
connection 32 25 -5.674062125449063743 0 0.000000000000000000 68640036783284855767040.000000000000000000
connection 47 25 -6.662886591636043576 0 0.000000000000000000 68640036783284855767040.000000000000000000
connection 37 25 -5.454126926211039006 0 0.000000000000000000 68640036783284855767040.000000000000000000
connection 41 25 -5.179103798723126317 0 0.000000000000000000 68640036783284855767040.000000000000000000
connection 31 26 -5.549459739114897872 0 0.000000000000000000 68640036783284855767040.000000000000000000
connection 32 26 -5.290075489482077842 0 0.000000000000000000 68640036783284855767040.000000000000000000
connection 34 26 -6.628601768507873970 0 0.000000000000000000 68640036783284855767040.000000000000000000
connection 47 26 -7.066324763983770296 0 0.000000000000000000 68640036783284855767040.000000000000000000
connection 37 26 -4.975317100144637905 0 0.000000000000000000 68640036783284855767040.000000000000000000
connection 41 26 -4.606151839326498632 0 0.000000000000000000 68640036783284855767040.000000000000000000
connection 31 27 -5.097383218287646400 0 0.000000000000000000 68640036783284855767040.000000000000000000
connection 32 27 -4.744193297930646480 0 0.000000000000000000 68640036783284855767040.000000000000000000
connection 34 27 -7.049131219670125681 0 0.000000000000000000 68640036783284855767040.000000000000000000
connection 47 27 -7.304058933764263628 0 0.000000000000000000 68640036783284855767040.000000000000000000
connection 37 27 -4.340004236798004733 0 0.000000000000000000 68640036783284855767040.000000000000000000
connection 39 27 -5.105619765511357322 0 0.000000000000000000 68640036783284855767040.000000000000000000
connection 31 28 -4.488204996405881886 0 0.000000000000000000 68640036783284855767040.000000000000000000
connection 34 28 -7.297727693036581975 0 0.000000000000000000 68640036783284855767040.000000000000000000
connection 39 28 -4.471434973178046945 0 0.000000000000000000 68640036783284855767040.000000000000000000
connection 42 29 0.869296562682139506 0 0.000000000000000000 68640036783284855767040.000000000000000000
connection 39 29 -3.743542386022258750 0 0.000000000000000000 68640036783284855767040.000000000000000000
NNend

