NNstart
20 10
neuron 1 1.000000000000000000 0.000000000000000000 0.000000000000000000 68640036783284855767040.000000000000000000 11 0.000000000000000000
neuron 1 1.000000000000000000 0.000000000000000000 0.000000000000000000 68640036783284855767040.000000000000000000 11 0.000000000000000000
neuron 1 1.000000000000000000 0.000000000000000000 0.000000000000000000 68640036783284855767040.000000000000000000 11 0.000000000000000000
neuron 1 1.000000000000000000 0.000000000000000000 0.000000000000000000 68640036783284855767040.000000000000000000 11 0.000000000000000000
neuron 1 1.000000000000000000 0.000000000000000000 0.000000000000000000 68640036783284855767040.000000000000000000 11 0.000000000000000000
neuron 1 1.000000000000000000 0.000000000000000000 0.000000000000000000 68640036783284855767040.000000000000000000 11 0.000000000000000000
neuron 1 1.000000000000000000 0.000000000000000000 0.000000000000000000 68640036783284855767040.000000000000000000 11 0.000000000000000000
neuron 1 1.000000000000000000 0.000000000000000000 0.000000000000000000 68640036783284855767040.000000000000000000 11 0.000000000000000000
neuron 1 1.000000000000000000 0.000000000000000000 0.000000000000000000 68640036783284855767040.000000000000000000 11 0.000000000000000000
neuron 1 1.000000000000000000 0.000000000000000000 0.000000000000000000 68640036783284855767040.000000000000000000 11 0.000000000000000000
neuron 1 1.000000000000000000 0.000000000000000000 0.000000000000000000 68640036783284855767040.000000000000000000 11 0.000000000000000000
neuron 1 1.000000000000000000 0.000000000000000000 0.000000000000000000 68640036783284855767040.000000000000000000 11 0.000000000000000000
neuron 1 1.000000000000000000 0.000000000000000000 0.000000000000000000 68640036783284855767040.000000000000000000 11 0.000000000000000000
neuron 1 1.000000000000000000 0.000000000000000000 0.000000000000000000 68640036783284855767040.000000000000000000 11 0.000000000000000000
neuron 1 1.000000000000000000 0.000000000000000000 0.000000000000000000 68640036783284855767040.000000000000000000 11 0.000000000000000000
neuron 1 1.000000000000000000 0.000000000000000000 0.000000000000000000 68640036783284855767040.000000000000000000 11 0.000000000000000000
neuron 1 1.000000000000000000 0.000000000000000000 0.000000000000000000 68640036783284855767040.000000000000000000 11 0.000000000000000000
neuron 1 1.000000000000000000 0.000000000000000000 0.000000000000000000 68640036783284855767040.000000000000000000 11 0.000000000000000000
neuron 1 1.000000000000000000 0.000000000000000000 0.000000000000000000 68640036783284855767040.000000000000000000 11 0.000000000000000000
neuron 2 1.000000000000000000 0.000000000000000000 0.000000000000000000 0.000000000000000000 11 0.000000000000000000
neuron 4 1.000000000000000000 0.000000000000000000 0.000000000000000000 68640036783284855767040.000000000000000000 1 0.000000000000000000
neuron 4 1.000000000000000000 0.000000000000000000 0.000000000000000000 68640036783284855767040.000000000000000000 1 0.000000000000000000
neuron 4 1.000000000000000000 0.000000000000000000 0.000000000000000000 68640036783284855767040.000000000000000000 1 0.000000000000000000
neuron 4 1.000000000000000000 0.000000000000000000 0.000000000000000000 68640036783284855767040.000000000000000000 1 0.000000000000000000
neuron 4 1.000000000000000000 0.000000000000000000 0.000000000000000000 68640036783284855767040.000000000000000000 1 0.000000000000000000
neuron 4 1.000000000000000000 0.000000000000000000 0.000000000000000000 68640036783284855767040.000000000000000000 1 0.000000000000000000
neuron 4 1.000000000000000000 0.000000000000000000 0.000000000000000000 68640036783284855767040.000000000000000000 1 0.000000000000000000
neuron 4 1.000000000000000000 0.000000000000000000 0.000000000000000000 68640036783284855767040.000000000000000000 1 0.000000000000000000
neuron 4 1.000000000000000000 0.000000000000000000 0.000000000000000000 68640036783284855767040.000000000000000000 1 0.000000000000000000
neuron 4 1.000000000000000000 0.000000000000000000 0.000000000000000000 68640036783284855767040.000000000000000000 1 0.000000000000000000
neuron 3 1.000000000000000000 0.000000000000000000 0.000000000000000000 68640036783284855767040.000000000000000000 0 0.000000000000000000
neuron 3 1.000000000000000000 0.000000000000000000 0.000000000000000000 68640036783284855767040.000000000000000000 0 0.000000000000000000
neuron 3 1.000000000000000000 0.000000000000000000 0.000000000000000000 68640036783284855767040.000000000000000000 0 0.000000000000000000
neuron 3 1.000000000000000000 0.000000000000000000 0.000000000000000000 68640036783284855767040.000000000000000000 0 0.000000000000000000
neuron 3 1.000000000000000000 0.000000000000000000 0.000000000000000000 68640036783284855767040.000000000000000000 0 0.000000000000000000
neuron 3 1.000000000000000000 0.000000000000000000 0.000000000000000000 68640036783284855767040.000000000000000000 0 0.000000000000000000
neuron 3 1.000000000000000000 0.000000000000000000 0.000000000000000000 68640036783284855767040.000000000000000000 0 0.000000000000000000
neuron 3 1.000000000000000000 0.000000000000000000 0.000000000000000000 68640036783284855767040.000000000000000000 0 0.000000000000000000
neuron 3 1.000000000000000000 0.000000000000000000 0.000000000000000000 68640036783284855767040.000000000000000000 0 0.000000000000000000
neuron 3 1.000000000000000000 0.000000000000000000 0.000000000000000000 68640036783284855767040.000000000000000000 0 0.000000000000000000
neuron 3 1.000000000000000000 0.000000000000000000 0.000000000000000000 68640036783284855767040.000000000000000000 0 0.000000000000000000
neuron 3 1.000000000000000000 0.000000000000000000 0.000000000000000000 68640036783284855767040.000000000000000000 0 0.000000000000000000
neuron 3 1.000000000000000000 0.000000000000000000 0.000000000000000000 68640036783284855767040.000000000000000000 0 0.000000000000000000
neuron 3 1.000000000000000000 0.000000000000000000 0.000000000000000000 68640036783284855767040.000000000000000000 0 0.000000000000000000
neuron 3 1.000000000000000000 0.000000000000000000 0.000000000000000000 68640036783284855767040.000000000000000000 0 0.000000000000000000
neuron 3 1.000000000000000000 0.000000000000000000 0.000000000000000000 68640036783284855767040.000000000000000000 0 0.000000000000000000
neuron 3 1.000000000000000000 0.000000000000000000 0.000000000000000000 68640036783284855767040.000000000000000000 0 0.000000000000000000
neuron 3 1.000000000000000000 0.000000000000000000 0.000000000000000000 68640036783284855767040.000000000000000000 0 0.000000000000000000
neuron 3 1.000000000000000000 0.000000000000000000 0.000000000000000000 68640036783284855767040.000000000000000000 0 0.000000000000000000
neuron 3 1.000000000000000000 0.000000000000000000 0.000000000000000000 68640036783284855767040.000000000000000000 0 0.000000000000000000
connection 0 30 3.423866388219042989 0 0.000000000000000000 68640036783284855767040.000000000000000000
connection 0 31 4.992224255672121913 0 0.000000000000000000 68640036783284855767040.000000000000000000
connection 0 32 7.005213453271902146 0 0.000000000000000000 68640036783284855767040.000000000000000000
connection 0 33 6.854966526039100394 0 0.000000000000000000 68640036783284855767040.000000000000000000
connection 0 34 6.583161467643325437 0 0.000000000000000000 68640036783284855767040.000000000000000000
connection 0 35 -3.365890317640473306 0 0.000000000000000000 68640036783284855767040.000000000000000000
connection 0 36 -1.449961769404896739 0 0.000000000000000000 68640036783284855767040.000000000000000000
connection 0 37 6.428618524925560074 0 0.000000000000000000 68640036783284855767040.000000000000000000
connection 1 30 3.517201939556959367 0 0.000000000000000000 68640036783284855767040.000000000000000000
connection 1 31 5.068389633440922637 0 0.000000000000000000 68640036783284855767040.000000000000000000
connection 1 32 7.003877388892717271 0 0.000000000000000000 68640036783284855767040.000000000000000000
connection 1 33 6.875885530555974512 0 0.000000000000000000 68640036783284855767040.000000000000000000
connection 1 34 6.566142346526537388 0 0.000000000000000000 68640036783284855767040.000000000000000000
connection 1 35 -3.406950651311255740 0 0.000000000000000000 68640036783284855767040.000000000000000000
connection 1 36 -1.590111290846927705 0 0.000000000000000000 68640036783284855767040.000000000000000000
connection 1 37 6.359535722835262916 0 0.000000000000000000 68640036783284855767040.000000000000000000
connection 2 30 3.610899463967043310 0 0.000000000000000000 68640036783284855767040.000000000000000000
connection 2 31 5.142493111239577530 0 0.000000000000000000 68640036783284855767040.000000000000000000
connection 2 32 7.001346218723547565 0 0.000000000000000000 68640036783284855767040.000000000000000000
connection 2 33 6.895509590284776280 0 0.000000000000000000 68640036783284855767040.000000000000000000
connection 2 34 6.547205064105511063 0 0.000000000000000000 68640036783284855767040.000000000000000000
connection 2 36 -1.724939820157648240 0 0.000000000000000000 68640036783284855767040.000000000000000000
connection 2 37 6.286533299762769644 0 0.000000000000000000 68640036783284855767040.000000000000000000
connection 3 38 6.288589754510644170 0 0.000000000000000000 68640036783284855767040.000000000000000000
connection 3 34 6.526288197995802065 0 0.000000000000000000 68640036783284855767040.000000000000000000
connection 3 36 -1.854397007971120503 0 0.000000000000000000 68640036783284855767040.000000000000000000
connection 3 37 6.209443592703665971 0 0.000000000000000000 68640036783284855767040.000000000000000000
connection 4 38 6.327171187412566233 0 0.000000000000000000 68640036783284855767040.000000000000000000
connection 4 34 6.503325147885861135 0 0.000000000000000000 68640036783284855767040.000000000000000000
connection 4 36 -1.978450885971610340 0 0.000000000000000000 68640036783284855767040.000000000000000000
connection 4 37 6.128098710412819727 0 0.000000000000000000 68640036783284855767040.000000000000000000
connection 5 38 6.363951077180274751 0 0.000000000000000000 68640036783284855767040.000000000000000000
connection 5 34 6.478243997637568086 0 0.000000000000000000 68640036783284855767040.000000000000000000
connection 5 36 -2.097086231748652718 0 0.000000000000000000 68640036783284855767040.000000000000000000
connection 5 37 6.042331743207133954 0 0.000000000000000000 68640036783284855767040.000000000000000000
connection 6 38 6.398954670342660300 0 0.000000000000000000 68640036783284855767040.000000000000000000
connection 6 34 6.450967384268867733 0 0.000000000000000000 68640036783284855767040.000000000000000000
connection 6 36 -2.210302914975182720 0 0.000000000000000000 68640036783284855767040.000000000000000000
connection 7 38 6.432208183458207884 0 0.000000000000000000 68640036783284855767040.000000000000000000
connection 7 34 6.421412376514052056 0 0.000000000000000000 68640036783284855767040.000000000000000000
connection 7 36 -2.318114250577838931 0 0.000000000000000000 68640036783284855767040.000000000000000000
connection 8 38 6.463738472863235884 0 0.000000000000000000 68640036783284855767040.000000000000000000
connection 8 34 6.389490366112865694 0 0.000000000000000000 68640036783284855767040.000000000000000000
connection 8 36 -2.420545381040964728 0 0.000000000000000000 68640036783284855767040.000000000000000000
connection 9 38 6.493572722996489688 0 0.000000000000000000 68640036783284855767040.000000000000000000
connection 9 34 6.355106975473487019 0 0.000000000000000000 68640036783284855767040.000000000000000000
connection 9 36 -2.517631706484861009 0 0.000000000000000000 68640036783284855767040.000000000000000000
connection 9 39 -1.424017944417429682 0 0.000000000000000000 68640036783284855767040.000000000000000000
connection 10 38 6.521738153221099843 0 0.000000000000000000 68640036783284855767040.000000000000000000
connection 10 34 6.318161985885772935 0 0.000000000000000000 68640036783284855767040.000000000000000000
connection 10 36 -2.609417377783277647 0 0.000000000000000000 68640036783284855767040.000000000000000000
connection 10 39 -1.544171571673233156 0 0.000000000000000000 68640036783284855767040.000000000000000000
connection 11 38 6.548261742822685250 0 0.000000000000000000 68640036783284855767040.000000000000000000
connection 11 34 6.278549291028091339 0 0.000000000000000000 68640036783284855767040.000000000000000000
connection 11 36 -2.695953864811286405 0 0.000000000000000000 68640036783284855767040.000000000000000000
connection 11 39 -1.658979460375734627 0 0.000000000000000000 68640036783284855767040.000000000000000000
connection 12 38 6.573169973652676745 0 0.000000000000000000 68640036783284855767040.000000000000000000
connection 12 34 6.236156881109939931 0 0.000000000000000000 68640036783284855767040.000000000000000000
connection 12 36 -2.777298608997676777 0 0.000000000000000000 68640036783284855767040.000000000000000000
connection 12 39 -1.768424445236256082 0 0.000000000000000000 68640036783284855767040.000000000000000000
connection 13 38 6.596488589707707462 0 0.000000000000000000 68640036783284855767040.000000000000000000
connection 13 34 6.190866863617783267 0 0.000000000000000000 68640036783284855767040.000000000000000000
connection 13 40 -2.426505816969400264 0 0.000000000000000000 68640036783284855767040.000000000000000000
connection 13 36 -2.853513766731762935 0 0.000000000000000000 68640036783284855767040.000000000000000000
connection 13 39 -1.872502685632335018 0 0.000000000000000000 68640036783284855767040.000000000000000000
connection 14 38 6.618242372787682015 0 0.000000000000000000 68640036783284855767040.000000000000000000
connection 14 34 6.142555527274865312 0 0.000000000000000000 68640036783284855767040.000000000000000000
connection 14 40 -2.584633202644007088 0 0.000000000000000000 68640036783284855767040.000000000000000000
connection 14 36 -2.924665047862351930 0 0.000000000000000000 68640036783284855767040.000000000000000000
connection 14 41 -0.473261721769422050 0 0.000000000000000000 68640036783284855767040.000000000000000000
connection 15 38 6.638454933254861245 0 0.000000000000000000 68640036783284855767040.000000000000000000
connection 15 34 6.091093456476052381 0 0.000000000000000000 68640036783284855767040.000000000000000000
connection 15 40 -2.737124201698404313 0 0.000000000000000000 68640036783284855767040.000000000000000000
connection 15 36 -2.990820651532314578 0 0.000000000000000000 68640036783284855767040.000000000000000000
connection 15 42 6.729061514853924564 0 0.000000000000000000 68640036783284855767040.000000000000000000
connection 15 41 -0.639507019371633567 0 0.000000000000000000 68640036783284855767040.000000000000000000
connection 16 38 6.657148514822114116 0 0.000000000000000000 68640036783284855767040.000000000000000000
connection 16 34 6.036345704101587550 0 0.000000000000000000 68640036783284855767040.000000000000000000
connection 16 40 -2.883943115666059320 0 0.000000000000000000 68640036783284855767040.000000000000000000
connection 16 36 -3.052050299910185505 0 0.000000000000000000 68640036783284855767040.000000000000000000
connection 16 42 6.676367364824123740 0 0.000000000000000000 68640036783284855767040.000000000000000000
connection 16 41 -0.801161382853344706 0 0.000000000000000000 68640036783284855767040.000000000000000000
connection 17 38 6.674343812227898631 0 0.000000000000000000 68640036783284855767040.000000000000000000
connection 17 34 5.978172031230111649 0 0.000000000000000000 68640036783284855767040.000000000000000000
connection 17 40 -3.025077474196650407 0 0.000000000000000000 68640036783284855767040.000000000000000000
connection 17 36 -3.108424368996194342 0 0.000000000000000000 68640036783284855767040.000000000000000000
connection 17 42 6.620521649308668266 0 0.000000000000000000 68640036783284855767040.000000000000000000
connection 17 41 -0.958044624950540546 0 0.000000000000000000 68640036783284855767040.000000000000000000
connection 18 38 6.690059800606507956 0 0.000000000000000000 68640036783284855767040.000000000000000000
connection 18 44 5.946856956870393951 0 0.000000000000000000 68640036783284855767040.000000000000000000
connection 18 45 5.664344672265722913 0 0.000000000000000000 68640036783284855767040.000000000000000000
connection 18 40 -3.160535973062950088 0 0.000000000000000000 68640036783284855767040.000000000000000000
connection 18 36 -3.160013114574204529 0 0.000000000000000000 68640036783284855767040.000000000000000000
connection 18 42 6.561369933239247665 0 0.000000000000000000 68640036783284855767040.000000000000000000
connection 18 41 -1.110001731434769212 0 0.000000000000000000 68640036783284855767040.000000000000000000
connection 19 38 6.704313575332244923 0 0.000000000000000000 68640036783284855767040.000000000000000000
connection 19 44 5.904618396554478288 0 0.000000000000000000 68640036783284855767040.000000000000000000
connection 19 45 5.571204460874196407 0 0.000000000000000000 68640036783284855767040.000000000000000000
connection 19 40 -3.290346375614052299 0 0.000000000000000000 68640036783284855767040.000000000000000000
connection 19 36 -3.206885990528303587 0 0.000000000000000000 68640036783284855767040.000000000000000000
connection 19 42 6.498753803430210141 0 0.000000000000000000 68640036783284855767040.000000000000000000
connection 19 41 -1.256901979358647337 0 0.000000000000000000 68640036783284855767040.000000000000000000
connection 30 38 2.492475056779488440 0 0.000000000000000000 68640036783284855767040.000000000000000000
connection 30 44 -2.571519682859754408 0 0.000000000000000000 68640036783284855767040.000000000000000000
connection 30 46 -0.492921237152763314 0 0.000000000000000000 68640036783284855767040.000000000000000000
connection 30 45 2.226250567990314622 0 0.000000000000000000 68640036783284855767040.000000000000000000
connection 30 47 3.022539358674481758 0 0.000000000000000000 68640036783284855767040.000000000000000000
connection 31 38 -2.996553971470346411 0 0.000000000000000000 68640036783284855767040.000000000000000000
connection 31 34 -4.997661101798401617 0 0.000000000000000000 68640036783284855767040.000000000000000000
connection 31 40 -4.981609896822391192 0 0.000000000000000000 68640036783284855767040.000000000000000000
connection 31 35 -3.530471872400627653 0 0.000000000000000000 68640036783284855767040.000000000000000000
connection 31 36 -0.971539691618457435 0 0.000000000000000000 68640036783284855767040.000000000000000000
connection 31 49 -0.711570820112784053 0 0.000000000000000000 68640036783284855767040.000000000000000000
connection 32 38 -2.965675239427629339 0 0.000000000000000000 68640036783284855767040.000000000000000000
connection 32 34 -4.975735750260841250 0 0.000000000000000000 68640036783284855767040.000000000000000000
connection 32 40 -4.669225899826821014 0 0.000000000000000000 68640036783284855767040.000000000000000000
connection 32 35 -3.023704365951839446 0 0.000000000000000000 68640036783284855767040.000000000000000000
connection 32 36 -0.395614410889596868 0 0.000000000000000000 68640036783284855767040.000000000000000000
connection 33 38 3.028757110399088237 0 0.000000000000000000 68640036783284855767040.000000000000000000
connection 33 44 -2.068319155766619843 0 0.000000000000000000 68640036783284855767040.000000000000000000
connection 33 47 3.113172486680859219 0 0.000000000000000000 68640036783284855767040.000000000000000000
connection 34 30 3.802113084740605498 0 0.000000000000000000 68640036783284855767040.000000000000000000
connection 34 31 1.364152162234440802 0 0.000000000000000000 68640036783284855767040.000000000000000000
connection 35 30 4.456745943900237705 0 0.000000000000000000 68640036783284855767040.000000000000000000
connection 35 31 2.374822281769108923 0 0.000000000000000000 68640036783284855767040.000000000000000000
connection 35 33 0.760163081333233293 0 0.000000000000000000 68640036783284855767040.000000000000000000
connection 35 44 0.956730095001084968 0 0.000000000000000000 68640036783284855767040.000000000000000000
connection 35 46 -3.129044762125585244 0 0.000000000000000000 68640036783284855767040.000000000000000000
connection 36 49 -6.035916095621444377 0 0.000000000000000000 68640036783284855767040.000000000000000000
connection 37 38 -2.840015953850293595 0 0.000000000000000000 68640036783284855767040.000000000000000000
connection 37 34 -4.886000861573296383 0 0.000000000000000000 68640036783284855767040.000000000000000000
connection 37 40 -4.296136841679199847 0 0.000000000000000000 68640036783284855767040.000000000000000000
connection 37 35 -2.496970499082370232 0 0.000000000000000000 68640036783284855767040.000000000000000000
connection 37 49 0.498713753213020305 0 0.000000000000000000 68640036783284855767040.000000000000000000
connection 38 38 -0.808130359902778261 0 0.000000000000000000 68640036783284855767040.000000000000000000
connection 38 34 -3.311299673082201966 0 0.000000000000000000 68640036783284855767040.000000000000000000
connection 38 40 -1.805830683376212331 0 0.000000000000000000 68640036783284855767040.000000000000000000
connection 38 36 2.455400738839061958 0 0.000000000000000000 68640036783284855767040.000000000000000000
connection 38 49 3.176746464848635210 0 0.000000000000000000 68640036783284855767040.000000000000000000
connection 39 38 -3.438536116883100124 0 0.000000000000000000 68640036783284855767040.000000000000000000
connection 39 34 -5.306177377370568493 0 0.000000000000000000 68640036783284855767040.000000000000000000
connection 39 40 -5.035544026126116179 0 0.000000000000000000 68640036783284855767040.000000000000000000
connection 39 35 -3.509551314124705890 0 0.000000000000000000 68640036783284855767040.000000000000000000
connection 39 36 -0.972910216471077782 0 0.000000000000000000 68640036783284855767040.000000000000000000
connection 39 49 -0.691974964836250428 0 0.000000000000000000 68640036783284855767040.000000000000000000
connection 40 30 5.014184726235149547 0 0.000000000000000000 68640036783284855767040.000000000000000000
connection 40 31 3.234764537255122807 0 0.000000000000000000 68640036783284855767040.000000000000000000
connection 40 32 -0.952508983984687863 0 0.000000000000000000 68640036783284855767040.000000000000000000
connection 40 33 1.810776517802845875 0 0.000000000000000000 68640036783284855767040.000000000000000000
connection 40 44 1.790313060310916526 0 0.000000000000000000 68640036783284855767040.000000000000000000
connection 40 46 -2.169211060605547026 0 0.000000000000000000 68640036783284855767040.000000000000000000
connection 40 45 -2.250536603041274564 0 0.000000000000000000 68640036783284855767040.000000000000000000
connection 42 44 -1.512413215577897541 0 0.000000000000000000 68640036783284855767040.000000000000000000
connection 42 46 0.667339141615673648 0 0.000000000000000000 68640036783284855767040.000000000000000000
connection 42 47 3.109110290129156517 0 0.000000000000000000 68640036783284855767040.000000000000000000
connection 41 38 -2.622624472946871954 0 0.000000000000000000 68640036783284855767040.000000000000000000
connection 41 34 -4.728795222207176074 0 0.000000000000000000 68640036783284855767040.000000000000000000
connection 41 40 -3.865934471144072404 0 0.000000000000000000 68640036783284855767040.000000000000000000
connection 41 35 -1.970755640956655119 0 0.000000000000000000 68640036783284855767040.000000000000000000
connection 41 49 1.091883583604581931 0 0.000000000000000000 68640036783284855767040.000000000000000000
connection 44 31 4.561217944798260149 0 0.000000000000000000 68640036783284855767040.000000000000000000
connection 44 32 1.200093504779979003 0 0.000000000000000000 68640036783284855767040.000000000000000000
connection 44 33 3.609741367368565879 0 0.000000000000000000 68640036783284855767040.000000000000000000
connection 44 44 3.096757976949144009 0 0.000000000000000000 68640036783284855767040.000000000000000000
connection 44 42 -0.538863650613502054 0 0.000000000000000000 68640036783284855767040.000000000000000000
connection 45 49 -6.101299296363990265 0 0.000000000000000000 68640036783284855767040.000000000000000000
connection 38 20 -5.258892766241673122 0 0.000000000000000000 68640036783284855767040.000000000000000000
connection 44 20 3.534725846651232573 0 0.000000000000000000 68640036783284855767040.000000000000000000
connection 46 20 3.243934246791695397 0 0.000000000000000000 68640036783284855767040.000000000000000000
connection 40 20 2.841612284965859825 0 0.000000000000000000 68640036783284855767040.000000000000000000
connection 35 20 2.320228667995071881 0 0.000000000000000000 68640036783284855767040.000000000000000000
connection 49 20 -5.250573510073025751 0 0.000000000000000000 68640036783284855767040.000000000000000000
connection 38 21 -5.310485835064004512 0 0.000000000000000000 68640036783284855767040.000000000000000000
connection 44 21 2.865648183249721370 0 0.000000000000000000 68640036783284855767040.000000000000000000
connection 46 21 2.366917728358439721 0 0.000000000000000000 68640036783284855767040.000000000000000000
connection 40 21 1.745748713049204870 0 0.000000000000000000 68640036783284855767040.000000000000000000
connection 35 21 1.004642570954878300 0 0.000000000000000000 68640036783284855767040.000000000000000000
connection 37 21 -5.764906627512890402 0 0.000000000000000000 68640036783284855767040.000000000000000000
connection 41 21 -5.859615328570890291 0 0.000000000000000000 68640036783284855767040.000000000000000000
connection 31 22 -5.776708660513052429 0 0.000000000000000000 68640036783284855767040.000000000000000000
connection 32 22 -5.882706020789760792 0 0.000000000000000000 68640036783284855767040.000000000000000000
connection 44 22 1.810835505223889808 0 0.000000000000000000 68640036783284855767040.000000000000000000
connection 46 22 1.092020246525038596 0 0.000000000000000000 68640036783284855767040.000000000000000000
connection 37 22 -5.931890421199841334 0 0.000000000000000000 68640036783284855767040.000000000000000000
connection 41 22 -5.928686430764539494 0 0.000000000000000000 68640036783284855767040.000000000000000000
connection 31 23 -5.963103464461447345 0 0.000000000000000000 68640036783284855767040.000000000000000000
connection 32 23 -5.970789548409046965 0 0.000000000000000000 68640036783284855767040.000000000000000000
connection 44 23 0.367063463010004587 0 0.000000000000000000 68640036783284855767040.000000000000000000
connection 37 23 -5.928632446779367626 0 0.000000000000000000 68640036783284855767040.000000000000000000
connection 41 23 -5.837028898568048518 0 0.000000000000000000 68640036783284855767040.000000000000000000
connection 31 24 -5.978852004828508093 0 0.000000000000000000 68640036783284855767040.000000000000000000
connection 32 24 -5.899163631345028413 0 0.000000000000000000 68640036783284855767040.000000000000000000
connection 37 24 -5.769925662607779948 0 0.000000000000000000 68640036783284855767040.000000000000000000
connection 41 24 -5.589077542599900639 0 0.000000000000000000 68640036783284855767040.000000000000000000
connection 31 25 -5.841096495524565668 0 0.000000000000000000 68640036783284855767040.000000000000000000
connection 32 25 -5.674054919375507211 0 0.000000000000000000 68640036783284855767040.000000000000000000
connection 47 25 -6.662895475847301796 0 0.000000000000000000 68640036783284855767040.000000000000000000
connection 37 25 -5.454134686791479503 0 0.000000000000000000 68640036783284855767040.000000000000000000
connection 41 25 -5.179129068137877212 0 0.000000000000000000 68640036783284855767040.000000000000000000
connection 31 26 -5.549437170277528253 0 0.000000000000000000 68640036783284855767040.000000000000000000
connection 32 26 -5.290067329529503759 0 0.000000000000000000 68640036783284855767040.000000000000000000
connection 34 26 -6.628592677748220474 0 0.000000000000000000 68640036783284855767040.000000000000000000
connection 47 26 -7.066331138309365656 0 0.000000000000000000 68640036783284855767040.000000000000000000
connection 37 26 -4.975325992152028753 0 0.000000000000000000 68640036783284855767040.000000000000000000
connection 41 26 -4.606180919521227324 0 0.000000000000000000 68640036783284855767040.000000000000000000
connection 31 27 -5.097357377873533935 0 0.000000000000000000 68640036783284855767040.000000000000000000
connection 32 27 -4.744183896933887645 0 0.000000000000000000 68640036783284855767040.000000000000000000
connection 34 27 -7.049124735328706315 0 0.000000000000000000 68640036783284855767040.000000000000000000
connection 47 27 -7.304063760017714735 0 0.000000000000000000 68640036783284855767040.000000000000000000
connection 37 27 -4.340014469679333686 0 0.000000000000000000 68640036783284855767040.000000000000000000
connection 39 27 -5.105649845793577057 0 0.000000000000000000 68640036783284855767040.000000000000000000
connection 31 28 -4.488175186937660932 0 0.000000000000000000 68640036783284855767040.000000000000000000
connection 34 28 -7.297722824859426360 0 0.000000000000000000 68640036783284855767040.000000000000000000
connection 39 28 -4.471469869811326880 0 0.000000000000000000 68640036783284855767040.000000000000000000
connection 42 29 0.869282233410682670 0 0.000000000000000000 68640036783284855767040.000000000000000000
connection 39 29 -3.743582024472008385 0 0.000000000000000000 68640036783284855767040.000000000000000000
NNend

