NNstart
14 8
neuron 1 1.000000000000000000 0.000000000000000000 0.000000000000000000 126659196801024481165313847234252648337542921929625047405364063513163993395480370067076214668338719525086834350109089421208306727183514507899989094541781970190129193874232385386393373232598213170471293369891361844990465268644935439878052693147648.000000000000000000 11 0.000000000000000000
neuron 1 1.000000000000000000 0.000000000000000000 0.000000000000000000 126659196801024481165313847234252648337542921929625047405364063513163993395480370067076214668338719525086834350109089421208306727183514507899989094541781970190129193874232385386393373232598213170471293369891361844990465268644935439878052693147648.000000000000000000 11 0.000000000000000000
neuron 1 1.000000000000000000 0.000000000000000000 0.000000000000000000 126659196801024481165313847234252648337542921929625047405364063513163993395480370067076214668338719525086834350109089421208306727183514507899989094541781970190129193874232385386393373232598213170471293369891361844990465268644935439878052693147648.000000000000000000 11 0.000000000000000000
neuron 1 1.000000000000000000 0.000000000000000000 0.000000000000000000 126659196801024481165313847234252648337542921929625047405364063513163993395480370067076214668338719525086834350109089421208306727183514507899989094541781970190129193874232385386393373232598213170471293369891361844990465268644935439878052693147648.000000000000000000 11 0.000000000000000000
neuron 1 1.000000000000000000 0.000000000000000000 0.000000000000000000 126659196801024481165313847234252648337542921929625047405364063513163993395480370067076214668338719525086834350109089421208306727183514507899989094541781970190129193874232385386393373232598213170471293369891361844990465268644935439878052693147648.000000000000000000 11 0.000000000000000000
neuron 1 1.000000000000000000 0.000000000000000000 0.000000000000000000 126659196801024481165313847234252648337542921929625047405364063513163993395480370067076214668338719525086834350109089421208306727183514507899989094541781970190129193874232385386393373232598213170471293369891361844990465268644935439878052693147648.000000000000000000 11 0.000000000000000000
neuron 1 1.000000000000000000 0.000000000000000000 0.000000000000000000 126659196801024481165313847234252648337542921929625047405364063513163993395480370067076214668338719525086834350109089421208306727183514507899989094541781970190129193874232385386393373232598213170471293369891361844990465268644935439878052693147648.000000000000000000 11 0.000000000000000000
neuron 1 1.000000000000000000 0.000000000000000000 0.000000000000000000 126659196801024481165313847234252648337542921929625047405364063513163993395480370067076214668338719525086834350109089421208306727183514507899989094541781970190129193874232385386393373232598213170471293369891361844990465268644935439878052693147648.000000000000000000 11 0.000000000000000000
neuron 1 1.000000000000000000 0.000000000000000000 0.000000000000000000 126659196801024481165313847234252648337542921929625047405364063513163993395480370067076214668338719525086834350109089421208306727183514507899989094541781970190129193874232385386393373232598213170471293369891361844990465268644935439878052693147648.000000000000000000 11 0.000000000000000000
neuron 1 1.000000000000000000 0.000000000000000000 0.000000000000000000 126659196801024481165313847234252648337542921929625047405364063513163993395480370067076214668338719525086834350109089421208306727183514507899989094541781970190129193874232385386393373232598213170471293369891361844990465268644935439878052693147648.000000000000000000 11 0.000000000000000000
neuron 1 1.000000000000000000 0.000000000000000000 0.000000000000000000 126659196801024481165313847234252648337542921929625047405364063513163993395480370067076214668338719525086834350109089421208306727183514507899989094541781970190129193874232385386393373232598213170471293369891361844990465268644935439878052693147648.000000000000000000 11 0.000000000000000000
neuron 1 1.000000000000000000 0.000000000000000000 0.000000000000000000 126659196801024481165313847234252648337542921929625047405364063513163993395480370067076214668338719525086834350109089421208306727183514507899989094541781970190129193874232385386393373232598213170471293369891361844990465268644935439878052693147648.000000000000000000 11 0.000000000000000000
neuron 1 1.000000000000000000 0.000000000000000000 0.000000000000000000 126659196801024481165313847234252648337542921929625047405364063513163993395480370067076214668338719525086834350109089421208306727183514507899989094541781970190129193874232385386393373232598213170471293369891361844990465268644935439878052693147648.000000000000000000 11 0.000000000000000000
neuron 2 1.000000000000000000 0.000000000000000000 0.000000000000000000 0.000000000000000000 11 0.000000000000000000
neuron 4 1.000000000000000000 0.000000000000000000 0.000000000000000000 126659196801024481165313847234252648337542921929625047405364063513163993395480370067076214668338719525086834350109089421208306727183514507899989094541781970190129193874232385386393373232598213170471293369891361844990465268644935439878052693147648.000000000000000000 1 0.000000000000000000
neuron 4 1.000000000000000000 0.000000000000000000 0.000000000000000000 126659196801024481165313847234252648337542921929625047405364063513163993395480370067076214668338719525086834350109089421208306727183514507899989094541781970190129193874232385386393373232598213170471293369891361844990465268644935439878052693147648.000000000000000000 1 0.000000000000000000
neuron 4 1.000000000000000000 0.000000000000000000 0.000000000000000000 126659196801024481165313847234252648337542921929625047405364063513163993395480370067076214668338719525086834350109089421208306727183514507899989094541781970190129193874232385386393373232598213170471293369891361844990465268644935439878052693147648.000000000000000000 1 0.000000000000000000
neuron 4 1.000000000000000000 0.000000000000000000 0.000000000000000000 126659196801024481165313847234252648337542921929625047405364063513163993395480370067076214668338719525086834350109089421208306727183514507899989094541781970190129193874232385386393373232598213170471293369891361844990465268644935439878052693147648.000000000000000000 1 0.000000000000000000
neuron 4 1.000000000000000000 0.000000000000000000 0.000000000000000000 126659196801024481165313847234252648337542921929625047405364063513163993395480370067076214668338719525086834350109089421208306727183514507899989094541781970190129193874232385386393373232598213170471293369891361844990465268644935439878052693147648.000000000000000000 1 0.000000000000000000
neuron 4 1.000000000000000000 0.000000000000000000 0.000000000000000000 126659196801024481165313847234252648337542921929625047405364063513163993395480370067076214668338719525086834350109089421208306727183514507899989094541781970190129193874232385386393373232598213170471293369891361844990465268644935439878052693147648.000000000000000000 1 0.000000000000000000
neuron 4 1.000000000000000000 0.000000000000000000 0.000000000000000000 126659196801024481165313847234252648337542921929625047405364063513163993395480370067076214668338719525086834350109089421208306727183514507899989094541781970190129193874232385386393373232598213170471293369891361844990465268644935439878052693147648.000000000000000000 1 0.000000000000000000
neuron 4 1.000000000000000000 0.000000000000000000 0.000000000000000000 126659196801024481165313847234252648337542921929625047405364063513163993395480370067076214668338719525086834350109089421208306727183514507899989094541781970190129193874232385386393373232598213170471293369891361844990465268644935439878052693147648.000000000000000000 1 0.000000000000000000
neuron 3 1.000000000000000000 0.000000000000000000 0.000000000000000000 126659196801024481165313847234252648337542921929625047405364063513163993395480370067076214668338719525086834350109089421208306727183514507899989094541781970190129193874232385386393373232598213170471293369891361844990465268644935439878052693147648.000000000000000000 0 0.000000000000000000
neuron 3 1.000000000000000000 0.000000000000000000 0.000000000000000000 126659196801024481165313847234252648337542921929625047405364063513163993395480370067076214668338719525086834350109089421208306727183514507899989094541781970190129193874232385386393373232598213170471293369891361844990465268644935439878052693147648.000000000000000000 0 0.000000000000000000
neuron 3 1.000000000000000000 0.000000000000000000 0.000000000000000000 126659196801024481165313847234252648337542921929625047405364063513163993395480370067076214668338719525086834350109089421208306727183514507899989094541781970190129193874232385386393373232598213170471293369891361844990465268644935439878052693147648.000000000000000000 0 0.000000000000000000
neuron 3 1.000000000000000000 0.000000000000000000 0.000000000000000000 126659196801024481165313847234252648337542921929625047405364063513163993395480370067076214668338719525086834350109089421208306727183514507899989094541781970190129193874232385386393373232598213170471293369891361844990465268644935439878052693147648.000000000000000000 0 0.000000000000000000
neuron 3 1.000000000000000000 0.000000000000000000 0.000000000000000000 126659196801024481165313847234252648337542921929625047405364063513163993395480370067076214668338719525086834350109089421208306727183514507899989094541781970190129193874232385386393373232598213170471293369891361844990465268644935439878052693147648.000000000000000000 0 0.000000000000000000
neuron 3 1.000000000000000000 0.000000000000000000 0.000000000000000000 126659196801024481165313847234252648337542921929625047405364063513163993395480370067076214668338719525086834350109089421208306727183514507899989094541781970190129193874232385386393373232598213170471293369891361844990465268644935439878052693147648.000000000000000000 0 0.000000000000000000
connection 3 22 -4.267798382838778437 0 0.000000000000000000 126659196801024481165313847234252648337542921929625047405364063513163993395480370067076214668338719525086834350109089421208306727183514507899989094541781970190129193874232385386393373232598213170471293369891361844990465268644935439878052693147648.000000000000000000
connection 3 23 -4.878376866256147970 0 0.000000000000000000 126659196801024481165313847234252648337542921929625047405364063513163993395480370067076214668338719525086834350109089421208306727183514507899989094541781970190129193874232385386393373232598213170471293369891361844990465268644935439878052693147648.000000000000000000
connection 4 22 -3.807580327828550715 0 0.000000000000000000 126659196801024481165313847234252648337542921929625047405364063513163993395480370067076214668338719525086834350109089421208306727183514507899989094541781970190129193874232385386393373232598213170471293369891361844990465268644935439878052693147648.000000000000000000
connection 4 23 -4.534877110016505952 0 0.000000000000000000 126659196801024481165313847234252648337542921929625047405364063513163993395480370067076214668338719525086834350109089421208306727183514507899989094541781970190129193874232385386393373232598213170471293369891361844990465268644935439878052693147648.000000000000000000
connection 5 24 -4.549435440657550345 0 0.000000000000000000 126659196801024481165313847234252648337542921929625047405364063513163993395480370067076214668338719525086834350109089421208306727183514507899989094541781970190129193874232385386393373232598213170471293369891361844990465268644935439878052693147648.000000000000000000
connection 5 22 -3.372074528718199460 0 0.000000000000000000 126659196801024481165313847234252648337542921929625047405364063513163993395480370067076214668338719525086834350109089421208306727183514507899989094541781970190129193874232385386393373232598213170471293369891361844990465268644935439878052693147648.000000000000000000
connection 5 23 -4.216719359125598920 0 0.000000000000000000 126659196801024481165313847234252648337542921929625047405364063513163993395480370067076214668338719525086834350109089421208306727183514507899989094541781970190129193874232385386393373232598213170471293369891361844990465268644935439878052693147648.000000000000000000
connection 6 24 -3.971666923936503668 0 0.000000000000000000 126659196801024481165313847234252648337542921929625047405364063513163993395480370067076214668338719525086834350109089421208306727183514507899989094541781970190129193874232385386393373232598213170471293369891361844990465268644935439878052693147648.000000000000000000
connection 6 22 -2.972970087755261837 0 0.000000000000000000 126659196801024481165313847234252648337542921929625047405364063513163993395480370067076214668338719525086834350109089421208306727183514507899989094541781970190129193874232385386393373232598213170471293369891361844990465268644935439878052693147648.000000000000000000
connection 6 23 -3.931902245665946705 0 0.000000000000000000 126659196801024481165313847234252648337542921929625047405364063513163993395480370067076214668338719525086834350109089421208306727183514507899989094541781970190129193874232385386393373232598213170471293369891361844990465268644935439878052693147648.000000000000000000
connection 7 24 -3.389329832950964239 0 0.000000000000000000 126659196801024481165313847234252648337542921929625047405364063513163993395480370067076214668338719525086834350109089421208306727183514507899989094541781970190129193874232385386393373232598213170471293369891361844990465268644935439878052693147648.000000000000000000
connection 7 22 -2.618758731345684154 0 0.000000000000000000 126659196801024481165313847234252648337542921929625047405364063513163993395480370067076214668338719525086834350109089421208306727183514507899989094541781970190129193874232385386393373232598213170471293369891361844990465268644935439878052693147648.000000000000000000
connection 7 23 -3.685857347676509299 0 0.000000000000000000 126659196801024481165313847234252648337542921929625047405364063513163993395480370067076214668338719525086834350109089421208306727183514507899989094541781970190129193874232385386393373232598213170471293369891361844990465268644935439878052693147648.000000000000000000
connection 8 24 -2.821784270702378805 0 0.000000000000000000 126659196801024481165313847234252648337542921929625047405364063513163993395480370067076214668338719525086834350109089421208306727183514507899989094541781970190129193874232385386393373232598213170471293369891361844990465268644935439878052693147648.000000000000000000
connection 8 22 -2.314572703249089702 0 0.000000000000000000 126659196801024481165313847234252648337542921929625047405364063513163993395480370067076214668338719525086834350109089421208306727183514507899989094541781970190129193874232385386393373232598213170471293369891361844990465268644935439878052693147648.000000000000000000
connection 8 23 -3.481391472968900835 0 0.000000000000000000 126659196801024481165313847234252648337542921929625047405364063513163993395480370067076214668338719525086834350109089421208306727183514507899989094541781970190129193874232385386393373232598213170471293369891361844990465268644935439878052693147648.000000000000000000
connection 9 24 -2.286232415129357154 0 0.000000000000000000 126659196801024481165313847234252648337542921929625047405364063513163993395480370067076214668338719525086834350109089421208306727183514507899989094541781970190129193874232385386393373232598213170471293369891361844990465268644935439878052693147648.000000000000000000
connection 9 22 -2.062414321553240448 0 0.000000000000000000 126659196801024481165313847234252648337542921929625047405364063513163993395480370067076214668338719525086834350109089421208306727183514507899989094541781970190129193874232385386393373232598213170471293369891361844990465268644935439878052693147648.000000000000000000
connection 9 23 -3.318881109227910908 0 0.000000000000000000 126659196801024481165313847234252648337542921929625047405364063513163993395480370067076214668338719525086834350109089421208306727183514507899989094541781970190129193874232385386393373232598213170471293369891361844990465268644935439878052693147648.000000000000000000
connection 10 24 -1.796257658866913243 0 0.000000000000000000 126659196801024481165313847234252648337542921929625047405364063513163993395480370067076214668338719525086834350109089421208306727183514507899989094541781970190129193874232385386393373232598213170471293369891361844990465268644935439878052693147648.000000000000000000
connection 10 22 -1.861610473080929973 0 0.000000000000000000 126659196801024481165313847234252648337542921929625047405364063513163993395480370067076214668338719525086834350109089421208306727183514507899989094541781970190129193874232385386393373232598213170471293369891361844990465268644935439878052693147648.000000000000000000
connection 10 23 -3.196619098108584911 0 0.000000000000000000 126659196801024481165313847234252648337542921929625047405364063513163993395480370067076214668338719525086834350109089421208306727183514507899989094541781970190129193874232385386393373232598213170471293369891361844990465268644935439878052693147648.000000000000000000
connection 11 24 -1.361181800260456765 0 0.000000000000000000 126659196801024481165313847234252648337542921929625047405364063513163993395480370067076214668338719525086834350109089421208306727183514507899989094541781970190129193874232385386393373232598213170471293369891361844990465268644935439878052693147648.000000000000000000
connection 11 22 -1.709348610236023802 0 0.000000000000000000 126659196801024481165313847234252648337542921929625047405364063513163993395480370067076214668338719525086834350109089421208306727183514507899989094541781970190129193874232385386393373232598213170471293369891361844990465268644935439878052693147648.000000000000000000
connection 11 23 -3.111228944756359915 0 0.000000000000000000 126659196801024481165313847234252648337542921929625047405364063513163993395480370067076214668338719525086834350109089421208306727183514507899989094541781970190129193874232385386393373232598213170471293369891361844990465268644935439878052693147648.000000000000000000
connection 12 24 -0.986136155765647393 0 0.000000000000000000 126659196801024481165313847234252648337542921929625047405364063513163993395480370067076214668338719525086834350109089421208306727183514507899989094541781970190129193874232385386393373232598213170471293369891361844990465268644935439878052693147648.000000000000000000
connection 12 25 -4.554453058221694661 0 0.000000000000000000 126659196801024481165313847234252648337542921929625047405364063513163993395480370067076214668338719525086834350109089421208306727183514507899989094541781970190129193874232385386393373232598213170471293369891361844990465268644935439878052693147648.000000000000000000
connection 12 22 -1.601199551782664932 0 0.000000000000000000 126659196801024481165313847234252648337542921929625047405364063513163993395480370067076214668338719525086834350109089421208306727183514507899989094541781970190129193874232385386393373232598213170471293369891361844990465268644935439878052693147648.000000000000000000
connection 12 23 -3.058088203757637125 0 0.000000000000000000 126659196801024481165313847234252648337542921929625047405364063513163993395480370067076214668338719525086834350109089421208306727183514507899989094541781970190129193874232385386393373232598213170471293369891361844990465268644935439878052693147648.000000000000000000
connection 13 24 -0.672599775136923039 0 0.000000000000000000 126659196801024481165313847234252648337542921929625047405364063513163993395480370067076214668338719525086834350109089421208306727183514507899989094541781970190129193874232385386393373232598213170471293369891361844990465268644935439878052693147648.000000000000000000
connection 13 25 -3.984414240726733780 0 0.000000000000000000 126659196801024481165313847234252648337542921929625047405364063513163993395480370067076214668338719525086834350109089421208306727183514507899989094541781970190129193874232385386393373232598213170471293369891361844990465268644935439878052693147648.000000000000000000
connection 13 22 -1.531580450118735337 0 0.000000000000000000 126659196801024481165313847234252648337542921929625047405364063513163993395480370067076214668338719525086834350109089421208306727183514507899989094541781970190129193874232385386393373232598213170471293369891361844990465268644935439878052693147648.000000000000000000
connection 13 23 -3.031726578040294218 0 0.000000000000000000 126659196801024481165313847234252648337542921929625047405364063513163993395480370067076214668338719525086834350109089421208306727183514507899989094541781970190129193874232385386393373232598213170471293369891361844990465268644935439878052693147648.000000000000000000
connection 23 26 -6.151604073928963246 0 0.000000000000000000 126659196801024481165313847234252648337542921929625047405364063513163993395480370067076214668338719525086834350109089421208306727183514507899989094541781970190129193874232385386393373232598213170471293369891361844990465268644935439878052693147648.000000000000000000
connection 23 27 -3.513997118367189643 0 0.000000000000000000 126659196801024481165313847234252648337542921929625047405364063513163993395480370067076214668338719525086834350109089421208306727183514507899989094541781970190129193874232385386393373232598213170471293369891361844990465268644935439878052693147648.000000000000000000
connection 24 27 -6.905285556231356203 0 0.000000000000000000 126659196801024481165313847234252648337542921929625047405364063513163993395480370067076214668338719525086834350109089421208306727183514507899989094541781970190129193874232385386393373232598213170471293369891361844990465268644935439878052693147648.000000000000000000
connection 22 26 -7.576601663947940324 0 0.000000000000000000 126659196801024481165313847234252648337542921929625047405364063513163993395480370067076214668338719525086834350109089421208306727183514507899989094541781970190129193874232385386393373232598213170471293369891361844990465268644935439878052693147648.000000000000000000
connection 22 27 -6.109719244602823451 0 0.000000000000000000 126659196801024481165313847234252648337542921929625047405364063513163993395480370067076214668338719525086834350109089421208306727183514507899989094541781970190129193874232385386393373232598213170471293369891361844990465268644935439878052693147648.000000000000000000
connection 25 26 -6.096296704281797041 0 0.000000000000000000 126659196801024481165313847234252648337542921929625047405364063513163993395480370067076214668338719525086834350109089421208306727183514507899989094541781970190129193874232385386393373232598213170471293369891361844990465268644935439878052693147648.000000000000000000
connection 25 27 -2.741662214784808871 0 0.000000000000000000 126659196801024481165313847234252648337542921929625047405364063513163993395480370067076214668338719525086834350109089421208306727183514507899989094541781970190129193874232385386393373232598213170471293369891361844990465268644935439878052693147648.000000000000000000
connection 26 14 -3.199646790556636144 0 0.000000000000000000 126659196801024481165313847234252648337542921929625047405364063513163993395480370067076214668338719525086834350109089421208306727183514507899989094541781970190129193874232385386393373232598213170471293369891361844990465268644935439878052693147648.000000000000000000
connection 24 15 -4.604193458327876520 0 0.000000000000000000 126659196801024481165313847234252648337542921929625047405364063513163993395480370067076214668338719525086834350109089421208306727183514507899989094541781970190129193874232385386393373232598213170471293369891361844990465268644935439878052693147648.000000000000000000
connection 25 15 -0.895188477464236132 0 0.000000000000000000 126659196801024481165313847234252648337542921929625047405364063513163993395480370067076214668338719525086834350109089421208306727183514507899989094541781970190129193874232385386393373232598213170471293369891361844990465268644935439878052693147648.000000000000000000
connection 22 15 -4.016826388549938009 0 0.000000000000000000 126659196801024481165313847234252648337542921929625047405364063513163993395480370067076214668338719525086834350109089421208306727183514507899989094541781970190129193874232385386393373232598213170471293369891361844990465268644935439878052693147648.000000000000000000
connection 27 15 3.561236362901851304 0 0.000000000000000000 126659196801024481165313847234252648337542921929625047405364063513163993395480370067076214668338719525086834350109089421208306727183514507899989094541781970190129193874232385386393373232598213170471293369891361844990465268644935439878052693147648.000000000000000000
connection 24 16 -6.209544570418433551 0 0.000000000000000000 126659196801024481165313847234252648337542921929625047405364063513163993395480370067076214668338719525086834350109089421208306727183514507899989094541781970190129193874232385386393373232598213170471293369891361844990465268644935439878052693147648.000000000000000000
connection 25 16 -0.920447770075860650 0 0.000000000000000000 126659196801024481165313847234252648337542921929625047405364063513163993395480370067076214668338719525086834350109089421208306727183514507899989094541781970190129193874232385386393373232598213170471293369891361844990465268644935439878052693147648.000000000000000000
connection 22 16 -5.069468326404594549 0 0.000000000000000000 126659196801024481165313847234252648337542921929625047405364063513163993395480370067076214668338719525086834350109089421208306727183514507899989094541781970190129193874232385386393373232598213170471293369891361844990465268644935439878052693147648.000000000000000000
connection 27 16 4.213895600122161689 0 0.000000000000000000 126659196801024481165313847234252648337542921929625047405364063513163993395480370067076214668338719525086834350109089421208306727183514507899989094541781970190129193874232385386393373232598213170471293369891361844990465268644935439878052693147648.000000000000000000
connection 24 17 -7.537153686460874802 0 0.000000000000000000 126659196801024481165313847234252648337542921929625047405364063513163993395480370067076214668338719525086834350109089421208306727183514507899989094541781970190129193874232385386393373232598213170471293369891361844990465268644935439878052693147648.000000000000000000
connection 25 17 -3.366164580110032389 0 0.000000000000000000 126659196801024481165313847234252648337542921929625047405364063513163993395480370067076214668338719525086834350109089421208306727183514507899989094541781970190129193874232385386393373232598213170471293369891361844990465268644935439878052693147648.000000000000000000
connection 22 17 -6.927514912308524231 0 0.000000000000000000 126659196801024481165313847234252648337542921929625047405364063513163993395480370067076214668338719525086834350109089421208306727183514507899989094541781970190129193874232385386393373232598213170471293369891361844990465268644935439878052693147648.000000000000000000
connection 26 18 -7.630649390506355267 0 0.000000000000000000 126659196801024481165313847234252648337542921929625047405364063513163993395480370067076214668338719525086834350109089421208306727183514507899989094541781970190129193874232385386393373232598213170471293369891361844990465268644935439878052693147648.000000000000000000
connection 23 19 -7.559005878597039541 0 0.000000000000000000 126659196801024481165313847234252648337542921929625047405364063513163993395480370067076214668338719525086834350109089421208306727183514507899989094541781970190129193874232385386393373232598213170471293369891361844990465268644935439878052693147648.000000000000000000
connection 27 20 -7.342221265665282104 0 0.000000000000000000 126659196801024481165313847234252648337542921929625047405364063513163993395480370067076214668338719525086834350109089421208306727183514507899989094541781970190129193874232385386393373232598213170471293369891361844990465268644935439878052693147648.000000000000000000
NNend

