NNstart
16 10
neuron 1 1.000000000000000000 0.000000000000000000 0.000000000000000000 1267684498685180948593189167861457193946099683321645889947232577986425394136819454356054071370563376452923791952015357621150265640567141264920416643365071035395219652608.000000000000000000 11 0.000000000000000000
neuron 1 1.000000000000000000 0.000000000000000000 0.000000000000000000 1267684498685180948593189167861457193946099683321645889947232577986425394136819454356054071370563376452923791952015357621150265640567141264920416643365071035395219652608.000000000000000000 11 0.000000000000000000
neuron 1 1.000000000000000000 0.000000000000000000 0.000000000000000000 1267684498685180948593189167861457193946099683321645889947232577986425394136819454356054071370563376452923791952015357621150265640567141264920416643365071035395219652608.000000000000000000 11 0.000000000000000000
neuron 1 1.000000000000000000 0.000000000000000000 0.000000000000000000 1267684498685180948593189167861457193946099683321645889947232577986425394136819454356054071370563376452923791952015357621150265640567141264920416643365071035395219652608.000000000000000000 11 0.000000000000000000
neuron 1 1.000000000000000000 0.000000000000000000 0.000000000000000000 1267684498685180948593189167861457193946099683321645889947232577986425394136819454356054071370563376452923791952015357621150265640567141264920416643365071035395219652608.000000000000000000 11 0.000000000000000000
neuron 1 1.000000000000000000 0.000000000000000000 0.000000000000000000 1267684498685180948593189167861457193946099683321645889947232577986425394136819454356054071370563376452923791952015357621150265640567141264920416643365071035395219652608.000000000000000000 11 0.000000000000000000
neuron 1 1.000000000000000000 0.000000000000000000 0.000000000000000000 1267684498685180948593189167861457193946099683321645889947232577986425394136819454356054071370563376452923791952015357621150265640567141264920416643365071035395219652608.000000000000000000 11 0.000000000000000000
neuron 1 1.000000000000000000 0.000000000000000000 0.000000000000000000 1267684498685180948593189167861457193946099683321645889947232577986425394136819454356054071370563376452923791952015357621150265640567141264920416643365071035395219652608.000000000000000000 11 0.000000000000000000
neuron 1 1.000000000000000000 0.000000000000000000 0.000000000000000000 1267684498685180948593189167861457193946099683321645889947232577986425394136819454356054071370563376452923791952015357621150265640567141264920416643365071035395219652608.000000000000000000 11 0.000000000000000000
neuron 1 1.000000000000000000 0.000000000000000000 0.000000000000000000 1267684498685180948593189167861457193946099683321645889947232577986425394136819454356054071370563376452923791952015357621150265640567141264920416643365071035395219652608.000000000000000000 11 0.000000000000000000
neuron 1 1.000000000000000000 0.000000000000000000 0.000000000000000000 1267684498685180948593189167861457193946099683321645889947232577986425394136819454356054071370563376452923791952015357621150265640567141264920416643365071035395219652608.000000000000000000 11 0.000000000000000000
neuron 1 1.000000000000000000 0.000000000000000000 0.000000000000000000 1267684498685180948593189167861457193946099683321645889947232577986425394136819454356054071370563376452923791952015357621150265640567141264920416643365071035395219652608.000000000000000000 11 0.000000000000000000
neuron 1 1.000000000000000000 0.000000000000000000 0.000000000000000000 1267684498685180948593189167861457193946099683321645889947232577986425394136819454356054071370563376452923791952015357621150265640567141264920416643365071035395219652608.000000000000000000 11 0.000000000000000000
neuron 1 1.000000000000000000 0.000000000000000000 0.000000000000000000 1267684498685180948593189167861457193946099683321645889947232577986425394136819454356054071370563376452923791952015357621150265640567141264920416643365071035395219652608.000000000000000000 11 0.000000000000000000
neuron 1 1.000000000000000000 0.000000000000000000 0.000000000000000000 1267684498685180948593189167861457193946099683321645889947232577986425394136819454356054071370563376452923791952015357621150265640567141264920416643365071035395219652608.000000000000000000 11 0.000000000000000000
neuron 2 1.000000000000000000 0.000000000000000000 0.000000000000000000 0.000000000000000000 11 0.000000000000000000
neuron 4 1.000000000000000000 0.000000000000000000 0.000000000000000000 1267684498685180948593189167861457193946099683321645889947232577986425394136819454356054071370563376452923791952015357621150265640567141264920416643365071035395219652608.000000000000000000 1 0.000000000000000000
neuron 4 1.000000000000000000 0.000000000000000000 0.000000000000000000 1267684498685180948593189167861457193946099683321645889947232577986425394136819454356054071370563376452923791952015357621150265640567141264920416643365071035395219652608.000000000000000000 1 0.000000000000000000
neuron 4 1.000000000000000000 0.000000000000000000 0.000000000000000000 1267684498685180948593189167861457193946099683321645889947232577986425394136819454356054071370563376452923791952015357621150265640567141264920416643365071035395219652608.000000000000000000 1 0.000000000000000000
neuron 4 1.000000000000000000 0.000000000000000000 0.000000000000000000 1267684498685180948593189167861457193946099683321645889947232577986425394136819454356054071370563376452923791952015357621150265640567141264920416643365071035395219652608.000000000000000000 1 0.000000000000000000
neuron 4 1.000000000000000000 0.000000000000000000 0.000000000000000000 1267684498685180948593189167861457193946099683321645889947232577986425394136819454356054071370563376452923791952015357621150265640567141264920416643365071035395219652608.000000000000000000 1 0.000000000000000000
neuron 4 1.000000000000000000 0.000000000000000000 0.000000000000000000 1267684498685180948593189167861457193946099683321645889947232577986425394136819454356054071370563376452923791952015357621150265640567141264920416643365071035395219652608.000000000000000000 1 0.000000000000000000
neuron 4 1.000000000000000000 0.000000000000000000 0.000000000000000000 1267684498685180948593189167861457193946099683321645889947232577986425394136819454356054071370563376452923791952015357621150265640567141264920416643365071035395219652608.000000000000000000 1 0.000000000000000000
neuron 4 1.000000000000000000 0.000000000000000000 0.000000000000000000 1267684498685180948593189167861457193946099683321645889947232577986425394136819454356054071370563376452923791952015357621150265640567141264920416643365071035395219652608.000000000000000000 1 0.000000000000000000
neuron 4 1.000000000000000000 0.000000000000000000 0.000000000000000000 1267684498685180948593189167861457193946099683321645889947232577986425394136819454356054071370563376452923791952015357621150265640567141264920416643365071035395219652608.000000000000000000 1 0.000000000000000000
neuron 4 1.000000000000000000 0.000000000000000000 0.000000000000000000 1267684498685180948593189167861457193946099683321645889947232577986425394136819454356054071370563376452923791952015357621150265640567141264920416643365071035395219652608.000000000000000000 1 0.000000000000000000
neuron 3 1.000000000000000000 0.000000000000000000 0.000000000000000000 1267684498685180948593189167861457193946099683321645889947232577986425394136819454356054071370563376452923791952015357621150265640567141264920416643365071035395219652608.000000000000000000 0 0.000000000000000000
neuron 3 1.000000000000000000 0.000000000000000000 0.000000000000000000 1267684498685180948593189167861457193946099683321645889947232577986425394136819454356054071370563376452923791952015357621150265640567141264920416643365071035395219652608.000000000000000000 0 0.000000000000000000
neuron 3 1.000000000000000000 0.000000000000000000 0.000000000000000000 1267684498685180948593189167861457193946099683321645889947232577986425394136819454356054071370563376452923791952015357621150265640567141264920416643365071035395219652608.000000000000000000 0 0.000000000000000000
neuron 3 1.000000000000000000 0.000000000000000000 0.000000000000000000 1267684498685180948593189167861457193946099683321645889947232577986425394136819454356054071370563376452923791952015357621150265640567141264920416643365071035395219652608.000000000000000000 0 0.000000000000000000
neuron 3 1.000000000000000000 0.000000000000000000 0.000000000000000000 1267684498685180948593189167861457193946099683321645889947232577986425394136819454356054071370563376452923791952015357621150265640567141264920416643365071035395219652608.000000000000000000 0 0.000000000000000000
neuron 3 1.000000000000000000 0.000000000000000000 0.000000000000000000 1267684498685180948593189167861457193946099683321645889947232577986425394136819454356054071370563376452923791952015357621150265640567141264920416643365071035395219652608.000000000000000000 0 0.000000000000000000
neuron 3 1.000000000000000000 0.000000000000000000 0.000000000000000000 1267684498685180948593189167861457193946099683321645889947232577986425394136819454356054071370563376452923791952015357621150265640567141264920416643365071035395219652608.000000000000000000 0 0.000000000000000000
neuron 3 1.000000000000000000 0.000000000000000000 0.000000000000000000 1267684498685180948593189167861457193946099683321645889947232577986425394136819454356054071370563376452923791952015357621150265640567141264920416643365071035395219652608.000000000000000000 0 0.000000000000000000
neuron 3 1.000000000000000000 0.000000000000000000 0.000000000000000000 1267684498685180948593189167861457193946099683321645889947232577986425394136819454356054071370563376452923791952015357621150265640567141264920416643365071035395219652608.000000000000000000 0 0.000000000000000000
neuron 3 1.000000000000000000 0.000000000000000000 0.000000000000000000 1267684498685180948593189167861457193946099683321645889947232577986425394136819454356054071370563376452923791952015357621150265640567141264920416643365071035395219652608.000000000000000000 0 0.000000000000000000
neuron 3 1.000000000000000000 0.000000000000000000 0.000000000000000000 1267684498685180948593189167861457193946099683321645889947232577986425394136819454356054071370563376452923791952015357621150265640567141264920416643365071035395219652608.000000000000000000 0 0.000000000000000000
neuron 3 1.000000000000000000 0.000000000000000000 0.000000000000000000 1267684498685180948593189167861457193946099683321645889947232577986425394136819454356054071370563376452923791952015357621150265640567141264920416643365071035395219652608.000000000000000000 0 0.000000000000000000
neuron 3 1.000000000000000000 0.000000000000000000 0.000000000000000000 1267684498685180948593189167861457193946099683321645889947232577986425394136819454356054071370563376452923791952015357621150265640567141264920416643365071035395219652608.000000000000000000 0 0.000000000000000000
neuron 3 1.000000000000000000 0.000000000000000000 0.000000000000000000 1267684498685180948593189167861457193946099683321645889947232577986425394136819454356054071370563376452923791952015357621150265640567141264920416643365071035395219652608.000000000000000000 0 0.000000000000000000
neuron 3 1.000000000000000000 0.000000000000000000 0.000000000000000000 1267684498685180948593189167861457193946099683321645889947232577986425394136819454356054071370563376452923791952015357621150265640567141264920416643365071035395219652608.000000000000000000 0 0.000000000000000000
neuron 3 1.000000000000000000 0.000000000000000000 0.000000000000000000 1267684498685180948593189167861457193946099683321645889947232577986425394136819454356054071370563376452923791952015357621150265640567141264920416643365071035395219652608.000000000000000000 0 0.000000000000000000
neuron 3 1.000000000000000000 0.000000000000000000 0.000000000000000000 1267684498685180948593189167861457193946099683321645889947232577986425394136819454356054071370563376452923791952015357621150265640567141264920416643365071035395219652608.000000000000000000 0 0.000000000000000000
neuron 3 1.000000000000000000 0.000000000000000000 0.000000000000000000 1267684498685180948593189167861457193946099683321645889947232577986425394136819454356054071370563376452923791952015357621150265640567141264920416643365071035395219652608.000000000000000000 0 0.000000000000000000
neuron 3 1.000000000000000000 0.000000000000000000 0.000000000000000000 1267684498685180948593189167861457193946099683321645889947232577986425394136819454356054071370563376452923791952015357621150265640567141264920416643365071035395219652608.000000000000000000 0 0.000000000000000000
neuron 3 1.000000000000000000 0.000000000000000000 0.000000000000000000 1267684498685180948593189167861457193946099683321645889947232577986425394136819454356054071370563376452923791952015357621150265640567141264920416643365071035395219652608.000000000000000000 0 0.000000000000000000
neuron 3 1.000000000000000000 0.000000000000000000 0.000000000000000000 1267684498685180948593189167861457193946099683321645889947232577986425394136819454356054071370563376452923791952015357621150265640567141264920416643365071035395219652608.000000000000000000 0 0.000000000000000000
neuron 3 1.000000000000000000 0.000000000000000000 0.000000000000000000 1267684498685180948593189167861457193946099683321645889947232577986425394136819454356054071370563376452923791952015357621150265640567141264920416643365071035395219652608.000000000000000000 0 0.000000000000000000
neuron 3 1.000000000000000000 0.000000000000000000 0.000000000000000000 1267684498685180948593189167861457193946099683321645889947232577986425394136819454356054071370563376452923791952015357621150265640567141264920416643365071035395219652608.000000000000000000 0 0.000000000000000000
neuron 3 1.000000000000000000 0.000000000000000000 0.000000000000000000 1267684498685180948593189167861457193946099683321645889947232577986425394136819454356054071370563376452923791952015357621150265640567141264920416643365071035395219652608.000000000000000000 0 0.000000000000000000
neuron 3 1.000000000000000000 0.000000000000000000 0.000000000000000000 1267684498685180948593189167861457193946099683321645889947232577986425394136819454356054071370563376452923791952015357621150265640567141264920416643365071035395219652608.000000000000000000 0 0.000000000000000000
neuron 3 1.000000000000000000 0.000000000000000000 0.000000000000000000 1267684498685180948593189167861457193946099683321645889947232577986425394136819454356054071370563376452923791952015357621150265640567141264920416643365071035395219652608.000000000000000000 0 0.000000000000000000
neuron 3 1.000000000000000000 0.000000000000000000 0.000000000000000000 1267684498685180948593189167861457193946099683321645889947232577986425394136819454356054071370563376452923791952015357621150265640567141264920416643365071035395219652608.000000000000000000 0 0.000000000000000000
neuron 3 1.000000000000000000 0.000000000000000000 0.000000000000000000 1267684498685180948593189167861457193946099683321645889947232577986425394136819454356054071370563376452923791952015357621150265640567141264920416643365071035395219652608.000000000000000000 0 0.000000000000000000
neuron 3 1.000000000000000000 0.000000000000000000 0.000000000000000000 1267684498685180948593189167861457193946099683321645889947232577986425394136819454356054071370563376452923791952015357621150265640567141264920416643365071035395219652608.000000000000000000 0 0.000000000000000000
neuron 3 1.000000000000000000 0.000000000000000000 0.000000000000000000 1267684498685180948593189167861457193946099683321645889947232577986425394136819454356054071370563376452923791952015357621150265640567141264920416643365071035395219652608.000000000000000000 0 0.000000000000000000
neuron 3 1.000000000000000000 0.000000000000000000 0.000000000000000000 1267684498685180948593189167861457193946099683321645889947232577986425394136819454356054071370563376452923791952015357621150265640567141264920416643365071035395219652608.000000000000000000 0 0.000000000000000000
neuron 3 1.000000000000000000 0.000000000000000000 0.000000000000000000 1267684498685180948593189167861457193946099683321645889947232577986425394136819454356054071370563376452923791952015357621150265640567141264920416643365071035395219652608.000000000000000000 0 0.000000000000000000
neuron 3 1.000000000000000000 0.000000000000000000 0.000000000000000000 1267684498685180948593189167861457193946099683321645889947232577986425394136819454356054071370563376452923791952015357621150265640567141264920416643365071035395219652608.000000000000000000 0 0.000000000000000000
neuron 3 1.000000000000000000 0.000000000000000000 0.000000000000000000 1267684498685180948593189167861457193946099683321645889947232577986425394136819454356054071370563376452923791952015357621150265640567141264920416643365071035395219652608.000000000000000000 0 0.000000000000000000
neuron 3 1.000000000000000000 0.000000000000000000 0.000000000000000000 1267684498685180948593189167861457193946099683321645889947232577986425394136819454356054071370563376452923791952015357621150265640567141264920416643365071035395219652608.000000000000000000 0 0.000000000000000000
neuron 3 1.000000000000000000 0.000000000000000000 0.000000000000000000 1267684498685180948593189167861457193946099683321645889947232577986425394136819454356054071370563376452923791952015357621150265640567141264920416643365071035395219652608.000000000000000000 0 0.000000000000000000
neuron 3 1.000000000000000000 0.000000000000000000 0.000000000000000000 1267684498685180948593189167861457193946099683321645889947232577986425394136819454356054071370563376452923791952015357621150265640567141264920416643365071035395219652608.000000000000000000 0 0.000000000000000000
neuron 3 1.000000000000000000 0.000000000000000000 0.000000000000000000 1267684498685180948593189167861457193946099683321645889947232577986425394136819454356054071370563376452923791952015357621150265640567141264920416643365071035395219652608.000000000000000000 0 0.000000000000000000
neuron 3 1.000000000000000000 0.000000000000000000 0.000000000000000000 1267684498685180948593189167861457193946099683321645889947232577986425394136819454356054071370563376452923791952015357621150265640567141264920416643365071035395219652608.000000000000000000 0 0.000000000000000000
neuron 3 1.000000000000000000 0.000000000000000000 0.000000000000000000 1267684498685180948593189167861457193946099683321645889947232577986425394136819454356054071370563376452923791952015357621150265640567141264920416643365071035395219652608.000000000000000000 0 0.000000000000000000
neuron 3 1.000000000000000000 0.000000000000000000 0.000000000000000000 1267684498685180948593189167861457193946099683321645889947232577986425394136819454356054071370563376452923791952015357621150265640567141264920416643365071035395219652608.000000000000000000 0 0.000000000000000000
neuron 3 1.000000000000000000 0.000000000000000000 0.000000000000000000 1267684498685180948593189167861457193946099683321645889947232577986425394136819454356054071370563376452923791952015357621150265640567141264920416643365071035395219652608.000000000000000000 0 0.000000000000000000
neuron 3 1.000000000000000000 0.000000000000000000 0.000000000000000000 1267684498685180948593189167861457193946099683321645889947232577986425394136819454356054071370563376452923791952015357621150265640567141264920416643365071035395219652608.000000000000000000 0 0.000000000000000000
neuron 3 1.000000000000000000 0.000000000000000000 0.000000000000000000 1267684498685180948593189167861457193946099683321645889947232577986425394136819454356054071370563376452923791952015357621150265640567141264920416643365071035395219652608.000000000000000000 0 0.000000000000000000
neuron 3 1.000000000000000000 0.000000000000000000 0.000000000000000000 1267684498685180948593189167861457193946099683321645889947232577986425394136819454356054071370563376452923791952015357621150265640567141264920416643365071035395219652608.000000000000000000 0 0.000000000000000000
neuron 3 1.000000000000000000 0.000000000000000000 0.000000000000000000 1267684498685180948593189167861457193946099683321645889947232577986425394136819454356054071370563376452923791952015357621150265640567141264920416643365071035395219652608.000000000000000000 0 0.000000000000000000
neuron 3 1.000000000000000000 0.000000000000000000 0.000000000000000000 1267684498685180948593189167861457193946099683321645889947232577986425394136819454356054071370563376452923791952015357621150265640567141264920416643365071035395219652608.000000000000000000 0 0.000000000000000000
neuron 3 1.000000000000000000 0.000000000000000000 0.000000000000000000 1267684498685180948593189167861457193946099683321645889947232577986425394136819454356054071370563376452923791952015357621150265640567141264920416643365071035395219652608.000000000000000000 0 0.000000000000000000
neuron 3 1.000000000000000000 0.000000000000000000 0.000000000000000000 1267684498685180948593189167861457193946099683321645889947232577986425394136819454356054071370563376452923791952015357621150265640567141264920416643365071035395219652608.000000000000000000 0 0.000000000000000000
neuron 3 1.000000000000000000 0.000000000000000000 0.000000000000000000 1267684498685180948593189167861457193946099683321645889947232577986425394136819454356054071370563376452923791952015357621150265640567141264920416643365071035395219652608.000000000000000000 0 0.000000000000000000
neuron 3 1.000000000000000000 0.000000000000000000 0.000000000000000000 1267684498685180948593189167861457193946099683321645889947232577986425394136819454356054071370563376452923791952015357621150265640567141264920416643365071035395219652608.000000000000000000 0 0.000000000000000000
neuron 3 1.000000000000000000 0.000000000000000000 0.000000000000000000 1267684498685180948593189167861457193946099683321645889947232577986425394136819454356054071370563376452923791952015357621150265640567141264920416643365071035395219652608.000000000000000000 0 0.000000000000000000
neuron 3 1.000000000000000000 0.000000000000000000 0.000000000000000000 1267684498685180948593189167861457193946099683321645889947232577986425394136819454356054071370563376452923791952015357621150265640567141264920416643365071035395219652608.000000000000000000 0 0.000000000000000000
neuron 3 1.000000000000000000 0.000000000000000000 0.000000000000000000 1267684498685180948593189167861457193946099683321645889947232577986425394136819454356054071370563376452923791952015357621150265640567141264920416643365071035395219652608.000000000000000000 0 0.000000000000000000
connection 0 26 3.904182532782084714 0 0.000000000000000000 1267684498685180948593189167861457193946099683321645889947232577986425394136819454356054071370563376452923791952015357621150265640567141264920416643365071035395219652608.000000000000000000
connection 0 27 3.882455332654618729 0 0.000000000000000000 1267684498685180948593189167861457193946099683321645889947232577986425394136819454356054071370563376452923791952015357621150265640567141264920416643365071035395219652608.000000000000000000
connection 0 28 -0.675858267278782510 0 0.000000000000000000 1267684498685180948593189167861457193946099683321645889947232577986425394136819454356054071370563376452923791952015357621150265640567141264920416643365071035395219652608.000000000000000000
connection 0 29 3.641075035829412165 0 0.000000000000000000 1267684498685180948593189167861457193946099683321645889947232577986425394136819454356054071370563376452923791952015357621150265640567141264920416643365071035395219652608.000000000000000000
connection 0 30 4.939763187195460148 0 0.000000000000000000 1267684498685180948593189167861457193946099683321645889947232577986425394136819454356054071370563376452923791952015357621150265640567141264920416643365071035395219652608.000000000000000000
connection 0 31 1.340338920489461572 0 0.000000000000000000 1267684498685180948593189167861457193946099683321645889947232577986425394136819454356054071370563376452923791952015357621150265640567141264920416643365071035395219652608.000000000000000000
connection 0 32 6.263635417990489174 0 0.000000000000000000 1267684498685180948593189167861457193946099683321645889947232577986425394136819454356054071370563376452923791952015357621150265640567141264920416643365071035395219652608.000000000000000000
connection 0 33 6.153266973153391106 0 0.000000000000000000 1267684498685180948593189167861457193946099683321645889947232577986425394136819454356054071370563376452923791952015357621150265640567141264920416643365071035395219652608.000000000000000000
connection 0 34 1.433159490263882674 0 0.000000000000000000 1267684498685180948593189167861457193946099683321645889947232577986425394136819454356054071370563376452923791952015357621150265640567141264920416643365071035395219652608.000000000000000000
connection 0 35 5.037524069898921653 0 0.000000000000000000 1267684498685180948593189167861457193946099683321645889947232577986425394136819454356054071370563376452923791952015357621150265640567141264920416643365071035395219652608.000000000000000000
connection 0 36 3.951094864071047041 0 0.000000000000000000 1267684498685180948593189167861457193946099683321645889947232577986425394136819454356054071370563376452923791952015357621150265640567141264920416643365071035395219652608.000000000000000000
connection 0 37 0.200022793313699765 0 0.000000000000000000 1267684498685180948593189167861457193946099683321645889947232577986425394136819454356054071370563376452923791952015357621150265640567141264920416643365071035395219652608.000000000000000000
connection 1 26 3.747980816398473358 0 0.000000000000000000 1267684498685180948593189167861457193946099683321645889947232577986425394136819454356054071370563376452923791952015357621150265640567141264920416643365071035395219652608.000000000000000000
connection 1 27 3.713930470570759201 0 0.000000000000000000 1267684498685180948593189167861457193946099683321645889947232577986425394136819454356054071370563376452923791952015357621150265640567141264920416643365071035395219652608.000000000000000000
connection 1 28 -0.638842293861018096 0 0.000000000000000000 1267684498685180948593189167861457193946099683321645889947232577986425394136819454356054071370563376452923791952015357621150265640567141264920416643365071035395219652608.000000000000000000
connection 1 29 3.701633069284226529 0 0.000000000000000000 1267684498685180948593189167861457193946099683321645889947232577986425394136819454356054071370563376452923791952015357621150265640567141264920416643365071035395219652608.000000000000000000
connection 1 30 5.032526024154803324 0 0.000000000000000000 1267684498685180948593189167861457193946099683321645889947232577986425394136819454356054071370563376452923791952015357621150265640567141264920416643365071035395219652608.000000000000000000
connection 1 31 1.402238913718726110 0 0.000000000000000000 1267684498685180948593189167861457193946099683321645889947232577986425394136819454356054071370563376452923791952015357621150265640567141264920416643365071035395219652608.000000000000000000
connection 1 32 6.105143724620885948 0 0.000000000000000000 1267684498685180948593189167861457193946099683321645889947232577986425394136819454356054071370563376452923791952015357621150265640567141264920416643365071035395219652608.000000000000000000
connection 1 33 5.986311845384648223 0 0.000000000000000000 1267684498685180948593189167861457193946099683321645889947232577986425394136819454356054071370563376452923791952015357621150265640567141264920416643365071035395219652608.000000000000000000
connection 1 34 1.497903550156752139 0 0.000000000000000000 1267684498685180948593189167861457193946099683321645889947232577986425394136819454356054071370563376452923791952015357621150265640567141264920416643365071035395219652608.000000000000000000
connection 1 35 5.128180627797663149 0 0.000000000000000000 1267684498685180948593189167861457193946099683321645889947232577986425394136819454356054071370563376452923791952015357621150265640567141264920416643365071035395219652608.000000000000000000
connection 1 36 4.006089328038370034 0 0.000000000000000000 1267684498685180948593189167861457193946099683321645889947232577986425394136819454356054071370563376452923791952015357621150265640567141264920416643365071035395219652608.000000000000000000
connection 1 37 0.230394746180837551 0 0.000000000000000000 1267684498685180948593189167861457193946099683321645889947232577986425394136819454356054071370563376452923791952015357621150265640567141264920416643365071035395219652608.000000000000000000
connection 2 26 3.582177039521472928 0 0.000000000000000000 1267684498685180948593189167861457193946099683321645889947232577986425394136819454356054071370563376452923791952015357621150265640567141264920416643365071035395219652608.000000000000000000
connection 2 27 3.536019552392130727 0 0.000000000000000000 1267684498685180948593189167861457193946099683321645889947232577986425394136819454356054071370563376452923791952015357621150265640567141264920416643365071035395219652608.000000000000000000
connection 2 38 -2.530986956126616949 0 0.000000000000000000 1267684498685180948593189167861457193946099683321645889947232577986425394136819454356054071370563376452923791952015357621150265640567141264920416643365071035395219652608.000000000000000000
connection 2 28 -0.605298800292818129 0 0.000000000000000000 1267684498685180948593189167861457193946099683321645889947232577986425394136819454356054071370563376452923791952015357621150265640567141264920416643365071035395219652608.000000000000000000
connection 2 29 3.756329140075963302 0 0.000000000000000000 1267684498685180948593189167861457193946099683321645889947232577986425394136819454356054071370563376452923791952015357621150265640567141264920416643365071035395219652608.000000000000000000
connection 2 30 5.115701908806813414 0 0.000000000000000000 1267684498685180948593189167861457193946099683321645889947232577986425394136819454356054071370563376452923791952015357621150265640567141264920416643365071035395219652608.000000000000000000
connection 2 31 1.464377252005520269 0 0.000000000000000000 1267684498685180948593189167861457193946099683321645889947232577986425394136819454356054071370563376452923791952015357621150265640567141264920416643365071035395219652608.000000000000000000
connection 2 32 5.933027616288875095 0 0.000000000000000000 1267684498685180948593189167861457193946099683321645889947232577986425394136819454356054071370563376452923791952015357621150265640567141264920416643365071035395219652608.000000000000000000
connection 2 33 5.806237606101561255 0 0.000000000000000000 1267684498685180948593189167861457193946099683321645889947232577986425394136819454356054071370563376452923791952015357621150265640567141264920416643365071035395219652608.000000000000000000
connection 2 34 1.562735769387913365 0 0.000000000000000000 1267684498685180948593189167861457193946099683321645889947232577986425394136819454356054071370563376452923791952015357621150265640567141264920416643365071035395219652608.000000000000000000
connection 2 35 5.208900417498442792 0 0.000000000000000000 1267684498685180948593189167861457193946099683321645889947232577986425394136819454356054071370563376452923791952015357621150265640567141264920416643365071035395219652608.000000000000000000
connection 2 36 4.054159692371356982 0 0.000000000000000000 1267684498685180948593189167861457193946099683321645889947232577986425394136819454356054071370563376452923791952015357621150265640567141264920416643365071035395219652608.000000000000000000
connection 3 26 3.407162686513702354 0 0.000000000000000000 1267684498685180948593189167861457193946099683321645889947232577986425394136819454356054071370563376452923791952015357621150265640567141264920416643365071035395219652608.000000000000000000
connection 3 27 3.349166010433637375 0 0.000000000000000000 1267684498685180948593189167861457193946099683321645889947232577986425394136819454356054071370563376452923791952015357621150265640567141264920416643365071035395219652608.000000000000000000
connection 3 38 -2.684682982792793382 0 0.000000000000000000 1267684498685180948593189167861457193946099683321645889947232577986425394136819454356054071370563376452923791952015357621150265640567141264920416643365071035395219652608.000000000000000000
connection 3 28 -0.575491085757917187 0 0.000000000000000000 1267684498685180948593189167861457193946099683321645889947232577986425394136819454356054071370563376452923791952015357621150265640567141264920416643365071035395219652608.000000000000000000
connection 3 39 6.534658893553716652 0 0.000000000000000000 1267684498685180948593189167861457193946099683321645889947232577986425394136819454356054071370563376452923791952015357621150265640567141264920416643365071035395219652608.000000000000000000
connection 4 40 -3.498263206778188916 0 0.000000000000000000 1267684498685180948593189167861457193946099683321645889947232577986425394136819454356054071370563376452923791952015357621150265640567141264920416643365071035395219652608.000000000000000000
connection 4 26 3.223363789388991041 0 0.000000000000000000 1267684498685180948593189167861457193946099683321645889947232577986425394136819454356054071370563376452923791952015357621150265640567141264920416643365071035395219652608.000000000000000000
connection 4 27 3.153845701320423967 0 0.000000000000000000 1267684498685180948593189167861457193946099683321645889947232577986425394136819454356054071370563376452923791952015357621150265640567141264920416643365071035395219652608.000000000000000000
connection 4 41 -3.416651977805591045 0 0.000000000000000000 1267684498685180948593189167861457193946099683321645889947232577986425394136819454356054071370563376452923791952015357621150265640567141264920416643365071035395219652608.000000000000000000
connection 4 38 -2.835816086492172428 0 0.000000000000000000 1267684498685180948593189167861457193946099683321645889947232577986425394136819454356054071370563376452923791952015357621150265640567141264920416643365071035395219652608.000000000000000000
connection 4 28 -0.549663150525204980 0 0.000000000000000000 1267684498685180948593189167861457193946099683321645889947232577986425394136819454356054071370563376452923791952015357621150265640567141264920416643365071035395219652608.000000000000000000
connection 4 39 6.526155670345847426 0 0.000000000000000000 1267684498685180948593189167861457193946099683321645889947232577986425394136819454356054071370563376452923791952015357621150265640567141264920416643365071035395219652608.000000000000000000
connection 5 40 -3.444727449406989273 0 0.000000000000000000 1267684498685180948593189167861457193946099683321645889947232577986425394136819454356054071370563376452923791952015357621150265640567141264920416643365071035395219652608.000000000000000000
connection 5 26 3.031238783019772676 0 0.000000000000000000 1267684498685180948593189167861457193946099683321645889947232577986425394136819454356054071370563376452923791952015357621150265640567141264920416643365071035395219652608.000000000000000000
connection 5 27 2.950564421523257153 0 0.000000000000000000 1267684498685180948593189167861457193946099683321645889947232577986425394136819454356054071370563376452923791952015357621150265640567141264920416643365071035395219652608.000000000000000000
connection 5 41 -3.360690580509258396 0 0.000000000000000000 1267684498685180948593189167861457193946099683321645889947232577986425394136819454356054071370563376452923791952015357621150265640567141264920416643365071035395219652608.000000000000000000
connection 5 38 -2.984318903271296453 0 0.000000000000000000 1267684498685180948593189167861457193946099683321645889947232577986425394136819454356054071370563376452923791952015357621150265640567141264920416643365071035395219652608.000000000000000000
connection 5 28 -0.528039026233414699 0 0.000000000000000000 1267684498685180948593189167861457193946099683321645889947232577986425394136819454356054071370563376452923791952015357621150265640567141264920416643365071035395219652608.000000000000000000
connection 5 39 6.502092598938802759 0 0.000000000000000000 1267684498685180948593189167861457193946099683321645889947232577986425394136819454356054071370563376452923791952015357621150265640567141264920416643365071035395219652608.000000000000000000
connection 6 40 -3.383782843749099989 0 0.000000000000000000 1267684498685180948593189167861457193946099683321645889947232577986425394136819454356054071370563376452923791952015357621150265640567141264920416643365071035395219652608.000000000000000000
connection 6 26 2.831276123719333349 0 0.000000000000000000 1267684498685180948593189167861457193946099683321645889947232577986425394136819454356054071370563376452923791952015357621150265640567141264920416643365071035395219652608.000000000000000000
connection 6 27 2.739855211542737035 0 0.000000000000000000 1267684498685180948593189167861457193946099683321645889947232577986425394136819454356054071370563376452923791952015357621150265640567141264920416643365071035395219652608.000000000000000000
connection 6 41 -3.297379500456324664 0 0.000000000000000000 1267684498685180948593189167861457193946099683321645889947232577986425394136819454356054071370563376452923791952015357621150265640567141264920416643365071035395219652608.000000000000000000
connection 6 38 -3.130127666467057423 0 0.000000000000000000 1267684498685180948593189167861457193946099683321645889947232577986425394136819454356054071370563376452923791952015357621150265640567141264920416643365071035395219652608.000000000000000000
connection 6 28 -0.510822217228369624 0 0.000000000000000000 1267684498685180948593189167861457193946099683321645889947232577986425394136819454356054071370563376452923791952015357621150265640567141264920416643365071035395219652608.000000000000000000
connection 6 39 6.462461735081637570 0 0.000000000000000000 1267684498685180948593189167861457193946099683321645889947232577986425394136819454356054071370563376452923791952015357621150265640567141264920416643365071035395219652608.000000000000000000
connection 7 40 -3.315548081376669121 0 0.000000000000000000 1267684498685180948593189167861457193946099683321645889947232577986425394136819454356054071370563376452923791952015357621150265640567141264920416643365071035395219652608.000000000000000000
connection 7 26 2.623991692181937285 0 0.000000000000000000 1267684498685180948593189167861457193946099683321645889947232577986425394136819454356054071370563376452923791952015357621150265640567141264920416643365071035395219652608.000000000000000000
connection 7 27 2.522275472615084890 0 0.000000000000000000 1267684498685180948593189167861457193946099683321645889947232577986425394136819454356054071370563376452923791952015357621150265640567141264920416643365071035395219652608.000000000000000000
connection 7 41 -3.226852353384173089 0 0.000000000000000000 1267684498685180948593189167861457193946099683321645889947232577986425394136819454356054071370563376452923791952015357621150265640567141264920416643365071035395219652608.000000000000000000
connection 7 38 -3.273182248265261496 0 0.000000000000000000 1267684498685180948593189167861457193946099683321645889947232577986425394136819454356054071370563376452923791952015357621150265640567141264920416643365071035395219652608.000000000000000000
connection 7 28 -0.498195251646596837 0 0.000000000000000000 1267684498685180948593189167861457193946099683321645889947232577986425394136819454356054071370563376452923791952015357621150265640567141264920416643365071035395219652608.000000000000000000
connection 7 39 6.407312919629477577 0 0.000000000000000000 1267684498685180948593189167861457193946099683321645889947232577986425394136819454356054071370563376452923791952015357621150265640567141264920416643365071035395219652608.000000000000000000
connection 8 40 -3.240176257901514312 0 0.000000000000000000 1267684498685180948593189167861457193946099683321645889947232577986425394136819454356054071370563376452923791952015357621150265640567141264920416643365071035395219652608.000000000000000000
connection 8 26 2.409926003966538666 0 0.000000000000000000 1267684498685180948593189167861457193946099683321645889947232577986425394136819454356054071370563376452923791952015357621150265640567141264920416643365071035395219652608.000000000000000000
connection 8 27 2.298403921654274651 0 0.000000000000000000 1267684498685180948593189167861457193946099683321645889947232577986425394136819454356054071370563376452923791952015357621150265640567141264920416643365071035395219652608.000000000000000000
connection 8 41 -3.149277697902149953 0 0.000000000000000000 1267684498685180948593189167861457193946099683321645889947232577986425394136819454356054071370563376452923791952015357621150265640567141264920416643365071035395219652608.000000000000000000
connection 8 38 -3.413426224577934320 0 0.000000000000000000 1267684498685180948593189167861457193946099683321645889947232577986425394136819454356054071370563376452923791952015357621150265640567141264920416643365071035395219652608.000000000000000000
connection 8 28 -0.490319340575132934 0 0.000000000000000000 1267684498685180948593189167861457193946099683321645889947232577986425394136819454356054071370563376452923791952015357621150265640567141264920416643365071035395219652608.000000000000000000
connection 8 39 6.336753957410468985 0 0.000000000000000000 1267684498685180948593189167861457193946099683321645889947232577986425394136819454356054071370563376452923791952015357621150265640567141264920416643365071035395219652608.000000000000000000
connection 9 40 -3.157855291981867651 0 0.000000000000000000 1267684498685180948593189167861457193946099683321645889947232577986425394136819454356054071370563376452923791952015357621150265640567141264920416643365071035395219652608.000000000000000000
connection 9 26 2.189641252621040479 0 0.000000000000000000 1267684498685180948593189167861457193946099683321645889947232577986425394136819454356054071370563376452923791952015357621150265640567141264920416643365071035395219652608.000000000000000000
connection 9 27 2.068837411667598047 0 0.000000000000000000 1267684498685180948593189167861457193946099683321645889947232577986425394136819454356054071370563376452923791952015357621150265640567141264920416643365071035395219652608.000000000000000000
connection 9 41 -3.064859362733677539 0 0.000000000000000000 1267684498685180948593189167861457193946099683321645889947232577986425394136819454356054071370563376452923791952015357621150265640567141264920416643365071035395219652608.000000000000000000
connection 9 28 -0.487334143275555132 0 0.000000000000000000 1267684498685180948593189167861457193946099683321645889947232577986425394136819454356054071370563376452923791952015357621150265640567141264920416643365071035395219652608.000000000000000000
connection 9 39 6.250950413128668615 0 0.000000000000000000 1267684498685180948593189167861457193946099683321645889947232577986425394136819454356054071370563376452923791952015357621150265640567141264920416643365071035395219652608.000000000000000000
connection 10 42 1.711289912642881994 0 0.000000000000000000 1267684498685180948593189167861457193946099683321645889947232577986425394136819454356054071370563376452923791952015357621150265640567141264920416643365071035395219652608.000000000000000000
connection 10 28 -0.489357636138355812 0 0.000000000000000000 1267684498685180948593189167861457193946099683321645889947232577986425394136819454356054071370563376452923791952015357621150265640567141264920416643365071035395219652608.000000000000000000
connection 10 39 6.150125022840111200 0 0.000000000000000000 1267684498685180948593189167861457193946099683321645889947232577986425394136819454356054071370563376452923791952015357621150265640567141264920416643365071035395219652608.000000000000000000
connection 11 42 1.705941277701274572 0 0.000000000000000000 1267684498685180948593189167861457193946099683321645889947232577986425394136819454356054071370563376452923791952015357621150265640567141264920416643365071035395219652608.000000000000000000
connection 11 28 -0.496486082729617806 0 0.000000000000000000 1267684498685180948593189167861457193946099683321645889947232577986425394136819454356054071370563376452923791952015357621150265640567141264920416643365071035395219652608.000000000000000000
connection 11 39 6.034556723273121648 0 0.000000000000000000 1267684498685180948593189167861457193946099683321645889947232577986425394136819454356054071370563376452923791952015357621150265640567141264920416643365071035395219652608.000000000000000000
connection 12 42 1.692982858710881722 0 0.000000000000000000 1267684498685180948593189167861457193946099683321645889947232577986425394136819454356054071370563376452923791952015357621150265640567141264920416643365071035395219652608.000000000000000000
connection 12 28 -0.508794102003690796 0 0.000000000000000000 1267684498685180948593189167861457193946099683321645889947232577986425394136819454356054071370563376452923791952015357621150265640567141264920416643365071035395219652608.000000000000000000
connection 12 39 5.904579304996765643 0 0.000000000000000000 1267684498685180948593189167861457193946099683321645889947232577986425394136819454356054071370563376452923791952015357621150265640567141264920416643365071035395219652608.000000000000000000
connection 13 42 1.672151508191985769 0 0.000000000000000000 1267684498685180948593189167861457193946099683321645889947232577986425394136819454356054071370563376452923791952015357621150265640567141264920416643365071035395219652608.000000000000000000
connection 13 28 -0.526334831481720666 0 0.000000000000000000 1267684498685180948593189167861457193946099683321645889947232577986425394136819454356054071370563376452923791952015357621150265640567141264920416643365071035395219652608.000000000000000000
connection 13 39 5.760579699125424114 0 0.000000000000000000 1267684498685180948593189167861457193946099683321645889947232577986425394136819454356054071370563376452923791952015357621150265640567141264920416643365071035395219652608.000000000000000000
connection 14 42 1.643222213327853343 0 0.000000000000000000 1267684498685180948593189167861457193946099683321645889947232577986425394136819454356054071370563376452923791952015357621150265640567141264920416643365071035395219652608.000000000000000000
connection 14 28 -0.549140181935419136 0 0.000000000000000000 1267684498685180948593189167861457193946099683321645889947232577986425394136819454356054071370563376452923791952015357621150265640567141264920416643365071035395219652608.000000000000000000
connection 14 39 5.602995910835049109 0 0.000000000000000000 1267684498685180948593189167861457193946099683321645889947232577986425394136819454356054071370563376452923791952015357621150265640567141264920416643365071035395219652608.000000000000000000
connection 15 42 1.606009999595420457 0 0.000000000000000000 1267684498685180948593189167861457193946099683321645889947232577986425394136819454356054071370563376452923791952015357621150265640567141264920416643365071035395219652608.000000000000000000
connection 15 28 -0.577221179867497991 0 0.000000000000000000 1267684498685180948593189167861457193946099683321645889947232577986425394136819454356054071370563376452923791952015357621150265640567141264920416643365071035395219652608.000000000000000000
connection 15 39 5.432314616411578534 0 0.000000000000000000 1267684498685180948593189167861457193946099683321645889947232577986425394136819454356054071370563376452923791952015357621150265640567141264920416643365071035395219652608.000000000000000000
connection 26 43 -5.134942189725791195 0 0.000000000000000000 1267684498685180948593189167861457193946099683321645889947232577986425394136819454356054071370563376452923791952015357621150265640567141264920416643365071035395219652608.000000000000000000
connection 26 27 1.236570026643742271 0 0.000000000000000000 1267684498685180948593189167861457193946099683321645889947232577986425394136819454356054071370563376452923791952015357621150265640567141264920416643365071035395219652608.000000000000000000
connection 26 46 0.631413493452571917 0 0.000000000000000000 1267684498685180948593189167861457193946099683321645889947232577986425394136819454356054071370563376452923791952015357621150265640567141264920416643365071035395219652608.000000000000000000
connection 26 28 -3.309087420020387249 0 0.000000000000000000 1267684498685180948593189167861457193946099683321645889947232577986425394136819454356054071370563376452923791952015357621150265640567141264920416643365071035395219652608.000000000000000000
connection 26 39 -5.355065176923925030 0 0.000000000000000000 1267684498685180948593189167861457193946099683321645889947232577986425394136819454356054071370563376452923791952015357621150265640567141264920416643365071035395219652608.000000000000000000
connection 27 27 0.962732003338188314 0 0.000000000000000000 1267684498685180948593189167861457193946099683321645889947232577986425394136819454356054071370563376452923791952015357621150265640567141264920416643365071035395219652608.000000000000000000
connection 27 28 -3.990680487835142731 0 0.000000000000000000 1267684498685180948593189167861457193946099683321645889947232577986425394136819454356054071370563376452923791952015357621150265640567141264920416643365071035395219652608.000000000000000000
connection 27 39 -5.714234388773883566 0 0.000000000000000000 1267684498685180948593189167861457193946099683321645889947232577986425394136819454356054071370563376452923791952015357621150265640567141264920416643365071035395219652608.000000000000000000
connection 28 26 -4.132613436830272491 0 0.000000000000000000 1267684498685180948593189167861457193946099683321645889947232577986425394136819454356054071370563376452923791952015357621150265640567141264920416643365071035395219652608.000000000000000000
connection 28 46 1.667529719440594249 0 0.000000000000000000 1267684498685180948593189167861457193946099683321645889947232577986425394136819454356054071370563376452923791952015357621150265640567141264920416643365071035395219652608.000000000000000000
connection 28 39 -3.745894117365962561 0 0.000000000000000000 1267684498685180948593189167861457193946099683321645889947232577986425394136819454356054071370563376452923791952015357621150265640567141264920416643365071035395219652608.000000000000000000
connection 29 28 -4.806839202516298037 0 0.000000000000000000 1267684498685180948593189167861457193946099683321645889947232577986425394136819454356054071370563376452923791952015357621150265640567141264920416643365071035395219652608.000000000000000000
connection 29 39 -6.054660452654875513 0 0.000000000000000000 1267684498685180948593189167861457193946099683321645889947232577986425394136819454356054071370563376452923791952015357621150265640567141264920416643365071035395219652608.000000000000000000
connection 33 28 -5.071406676130102653 0 0.000000000000000000 1267684498685180948593189167861457193946099683321645889947232577986425394136819454356054071370563376452923791952015357621150265640567141264920416643365071035395219652608.000000000000000000
connection 33 39 -6.239626453963912134 0 0.000000000000000000 1267684498685180948593189167861457193946099683321645889947232577986425394136819454356054071370563376452923791952015357621150265640567141264920416643365071035395219652608.000000000000000000
connection 30 28 -5.030208489200697741 0 0.000000000000000000 1267684498685180948593189167861457193946099683321645889947232577986425394136819454356054071370563376452923791952015357621150265640567141264920416643365071035395219652608.000000000000000000
connection 30 39 -6.166305615089806125 0 0.000000000000000000 1267684498685180948593189167861457193946099683321645889947232577986425394136819454356054071370563376452923791952015357621150265640567141264920416643365071035395219652608.000000000000000000
connection 31 42 0.572666589345886212 0 0.000000000000000000 1267684498685180948593189167861457193946099683321645889947232577986425394136819454356054071370563376452923791952015357621150265640567141264920416643365071035395219652608.000000000000000000
connection 31 28 -5.160260329646880528 0 0.000000000000000000 1267684498685180948593189167861457193946099683321645889947232577986425394136819454356054071370563376452923791952015357621150265640567141264920416643365071035395219652608.000000000000000000
connection 31 39 -6.199969656199590951 0 0.000000000000000000 1267684498685180948593189167861457193946099683321645889947232577986425394136819454356054071370563376452923791952015357621150265640567141264920416643365071035395219652608.000000000000000000
connection 32 28 -4.576507241058672903 0 0.000000000000000000 1267684498685180948593189167861457193946099683321645889947232577986425394136819454356054071370563376452923791952015357621150265640567141264920416643365071035395219652608.000000000000000000
connection 32 39 -6.005905618086924136 0 0.000000000000000000 1267684498685180948593189167861457193946099683321645889947232577986425394136819454356054071370563376452923791952015357621150265640567141264920416643365071035395219652608.000000000000000000
connection 34 42 0.403965586610902427 0 0.000000000000000000 1267684498685180948593189167861457193946099683321645889947232577986425394136819454356054071370563376452923791952015357621150265640567141264920416643365071035395219652608.000000000000000000
connection 34 28 -5.346062566756543788 0 0.000000000000000000 1267684498685180948593189167861457193946099683321645889947232577986425394136819454356054071370563376452923791952015357621150265640567141264920416643365071035395219652608.000000000000000000
connection 34 39 -6.294142227683169111 0 0.000000000000000000 1267684498685180948593189167861457193946099683321645889947232577986425394136819454356054071370563376452923791952015357621150265640567141264920416643365071035395219652608.000000000000000000
connection 35 28 -5.235360082661458136 0 0.000000000000000000 1267684498685180948593189167861457193946099683321645889947232577986425394136819454356054071370563376452923791952015357621150265640567141264920416643365071035395219652608.000000000000000000
connection 35 39 -6.266698111390888393 0 0.000000000000000000 1267684498685180948593189167861457193946099683321645889947232577986425394136819454356054071370563376452923791952015357621150265640567141264920416643365071035395219652608.000000000000000000
connection 36 28 -5.423184657210152082 0 0.000000000000000000 1267684498685180948593189167861457193946099683321645889947232577986425394136819454356054071370563376452923791952015357621150265640567141264920416643365071035395219652608.000000000000000000
connection 36 39 -6.356714612445484747 0 0.000000000000000000 1267684498685180948593189167861457193946099683321645889947232577986425394136819454356054071370563376452923791952015357621150265640567141264920416643365071035395219652608.000000000000000000
connection 37 65 0.417499334043207604 0 0.000000000000000000 1267684498685180948593189167861457193946099683321645889947232577986425394136819454356054071370563376452923791952015357621150265640567141264920416643365071035395219652608.000000000000000000
connection 37 26 -0.228003887102907754 0 0.000000000000000000 1267684498685180948593189167861457193946099683321645889947232577986425394136819454356054071370563376452923791952015357621150265640567141264920416643365071035395219652608.000000000000000000
connection 37 66 -0.792208028158253974 0 0.000000000000000000 1267684498685180948593189167861457193946099683321645889947232577986425394136819454356054071370563376452923791952015357621150265640567141264920416643365071035395219652608.000000000000000000
connection 37 69 -3.984124742321592194 0 0.000000000000000000 1267684498685180948593189167861457193946099683321645889947232577986425394136819454356054071370563376452923791952015357621150265640567141264920416643365071035395219652608.000000000000000000
connection 37 41 -2.067574738252808686 0 0.000000000000000000 1267684498685180948593189167861457193946099683321645889947232577986425394136819454356054071370563376452923791952015357621150265640567141264920416643365071035395219652608.000000000000000000
connection 37 28 -5.516866281749790879 0 0.000000000000000000 1267684498685180948593189167861457193946099683321645889947232577986425394136819454356054071370563376452923791952015357621150265640567141264920416643365071035395219652608.000000000000000000
connection 37 39 -6.378962312899557396 0 0.000000000000000000 1267684498685180948593189167861457193946099683321645889947232577986425394136819454356054071370563376452923791952015357621150265640567141264920416643365071035395219652608.000000000000000000
connection 38 65 -4.144125696015005467 0 0.000000000000000000 1267684498685180948593189167861457193946099683321645889947232577986425394136819454356054071370563376452923791952015357621150265640567141264920416643365071035395219652608.000000000000000000
connection 38 26 -4.371983093006154064 0 0.000000000000000000 1267684498685180948593189167861457193946099683321645889947232577986425394136819454356054071370563376452923791952015357621150265640567141264920416643365071035395219652608.000000000000000000
connection 38 27 2.130861036110684559 0 0.000000000000000000 1267684498685180948593189167861457193946099683321645889947232577986425394136819454356054071370563376452923791952015357621150265640567141264920416643365071035395219652608.000000000000000000
connection 38 75 -1.232864336221577872 0 0.000000000000000000 1267684498685180948593189167861457193946099683321645889947232577986425394136819454356054071370563376452923791952015357621150265640567141264920416643365071035395219652608.000000000000000000
connection 38 76 1.650989429009420251 0 0.000000000000000000 1267684498685180948593189167861457193946099683321645889947232577986425394136819454356054071370563376452923791952015357621150265640567141264920416643365071035395219652608.000000000000000000
connection 38 78 -1.100626785435192545 0 0.000000000000000000 1267684498685180948593189167861457193946099683321645889947232577986425394136819454356054071370563376452923791952015357621150265640567141264920416643365071035395219652608.000000000000000000
connection 40 28 -4.253017603614323683 0 0.000000000000000000 1267684498685180948593189167861457193946099683321645889947232577986425394136819454356054071370563376452923791952015357621150265640567141264920416643365071035395219652608.000000000000000000
connection 40 39 -5.715039852328096082 0 0.000000000000000000 1267684498685180948593189167861457193946099683321645889947232577986425394136819454356054071370563376452923791952015357621150265640567141264920416643365071035395219652608.000000000000000000
connection 39 28 -5.053350241482178262 0 0.000000000000000000 1267684498685180948593189167861457193946099683321645889947232577986425394136819454356054071370563376452923791952015357621150265640567141264920416643365071035395219652608.000000000000000000
connection 39 39 -6.195362011897878496 0 0.000000000000000000 1267684498685180948593189167861457193946099683321645889947232577986425394136819454356054071370563376452923791952015357621150265640567141264920416643365071035395219652608.000000000000000000
connection 41 28 -4.505713070924975305 0 0.000000000000000000 1267684498685180948593189167861457193946099683321645889947232577986425394136819454356054071370563376452923791952015357621150265640567141264920416643365071035395219652608.000000000000000000
connection 41 39 -5.854015859137405187 0 0.000000000000000000 1267684498685180948593189167861457193946099683321645889947232577986425394136819454356054071370563376452923791952015357621150265640567141264920416643365071035395219652608.000000000000000000
connection 42 27 0.817664807887194645 0 0.000000000000000000 1267684498685180948593189167861457193946099683321645889947232577986425394136819454356054071370563376452923791952015357621150265640567141264920416643365071035395219652608.000000000000000000
connection 42 46 -0.218567406131075170 0 0.000000000000000000 1267684498685180948593189167861457193946099683321645889947232577986425394136819454356054071370563376452923791952015357621150265640567141264920416643365071035395219652608.000000000000000000
connection 42 28 -4.021947091425047915 0 0.000000000000000000 1267684498685180948593189167861457193946099683321645889947232577986425394136819454356054071370563376452923791952015357621150265640567141264920416643365071035395219652608.000000000000000000
connection 42 39 -5.673753009310082973 0 0.000000000000000000 1267684498685180948593189167861457193946099683321645889947232577986425394136819454356054071370563376452923791952015357621150265640567141264920416643365071035395219652608.000000000000000000
connection 42 16 -5.993833457012233801 0 0.000000000000000000 1267684498685180948593189167861457193946099683321645889947232577986425394136819454356054071370563376452923791952015357621150265640567141264920416643365071035395219652608.000000000000000000
connection 38 16 -4.270993245391435877 0 0.000000000000000000 1267684498685180948593189167861457193946099683321645889947232577986425394136819454356054071370563376452923791952015357621150265640567141264920416643365071035395219652608.000000000000000000
connection 28 16 -4.986907250725559848 0 0.000000000000000000 1267684498685180948593189167861457193946099683321645889947232577986425394136819454356054071370563376452923791952015357621150265640567141264920416643365071035395219652608.000000000000000000
connection 39 16 -6.038771377304322563 0 0.000000000000000000 1267684498685180948593189167861457193946099683321645889947232577986425394136819454356054071370563376452923791952015357621150265640567141264920416643365071035395219652608.000000000000000000
connection 42 17 -4.903616028370819890 0 0.000000000000000000 1267684498685180948593189167861457193946099683321645889947232577986425394136819454356054071370563376452923791952015357621150265640567141264920416643365071035395219652608.000000000000000000
connection 38 17 -3.663055946919636874 0 0.000000000000000000 1267684498685180948593189167861457193946099683321645889947232577986425394136819454356054071370563376452923791952015357621150265640567141264920416643365071035395219652608.000000000000000000
connection 28 17 -4.271620880158494948 0 0.000000000000000000 1267684498685180948593189167861457193946099683321645889947232577986425394136819454356054071370563376452923791952015357621150265640567141264920416643365071035395219652608.000000000000000000
connection 39 17 -4.501977815163659358 0 0.000000000000000000 1267684498685180948593189167861457193946099683321645889947232577986425394136819454356054071370563376452923791952015357621150265640567141264920416643365071035395219652608.000000000000000000
connection 42 18 -2.467359455281964209 0 0.000000000000000000 1267684498685180948593189167861457193946099683321645889947232577986425394136819454356054071370563376452923791952015357621150265640567141264920416643365071035395219652608.000000000000000000
connection 28 20 3.558199719691030882 0 0.000000000000000000 1267684498685180948593189167861457193946099683321645889947232577986425394136819454356054071370563376452923791952015357621150265640567141264920416643365071035395219652608.000000000000000000
connection 39 20 1.393647356867165010 0 0.000000000000000000 1267684498685180948593189167861457193946099683321645889947232577986425394136819454356054071370563376452923791952015357621150265640567141264920416643365071035395219652608.000000000000000000
connection 42 21 1.062553451901894652 0 0.000000000000000000 1267684498685180948593189167861457193946099683321645889947232577986425394136819454356054071370563376452923791952015357621150265640567141264920416643365071035395219652608.000000000000000000
connection 39 21 -0.885735043475483930 0 0.000000000000000000 1267684498685180948593189167861457193946099683321645889947232577986425394136819454356054071370563376452923791952015357621150265640567141264920416643365071035395219652608.000000000000000000
connection 42 22 -1.472533891256848637 0 0.000000000000000000 1267684498685180948593189167861457193946099683321645889947232577986425394136819454356054071370563376452923791952015357621150265640567141264920416643365071035395219652608.000000000000000000
connection 39 22 -3.243521238488050518 0 0.000000000000000000 1267684498685180948593189167861457193946099683321645889947232577986425394136819454356054071370563376452923791952015357621150265640567141264920416643365071035395219652608.000000000000000000
connection 65 23 -3.002014971340488891 0 0.000000000000000000 1267684498685180948593189167861457193946099683321645889947232577986425394136819454356054071370563376452923791952015357621150265640567141264920416643365071035395219652608.000000000000000000
connection 43 23 -2.236897669014604073 0 0.000000000000000000 1267684498685180948593189167861457193946099683321645889947232577986425394136819454356054071370563376452923791952015357621150265640567141264920416643365071035395219652608.000000000000000000
connection 66 23 -2.997520270806229625 0 0.000000000000000000 1267684498685180948593189167861457193946099683321645889947232577986425394136819454356054071370563376452923791952015357621150265640567141264920416643365071035395219652608.000000000000000000
connection 69 23 -3.346208418813430008 0 0.000000000000000000 1267684498685180948593189167861457193946099683321645889947232577986425394136819454356054071370563376452923791952015357621150265640567141264920416643365071035395219652608.000000000000000000
connection 46 23 -3.624826586376640236 0 0.000000000000000000 1267684498685180948593189167861457193946099683321645889947232577986425394136819454356054071370563376452923791952015357621150265640567141264920416643365071035395219652608.000000000000000000
connection 75 23 -4.177980025244521833 0 0.000000000000000000 1267684498685180948593189167861457193946099683321645889947232577986425394136819454356054071370563376452923791952015357621150265640567141264920416643365071035395219652608.000000000000000000
connection 76 23 -3.673557896692351665 0 0.000000000000000000 1267684498685180948593189167861457193946099683321645889947232577986425394136819454356054071370563376452923791952015357621150265640567141264920416643365071035395219652608.000000000000000000
connection 78 23 -3.979672854613414579 0 0.000000000000000000 1267684498685180948593189167861457193946099683321645889947232577986425394136819454356054071370563376452923791952015357621150265640567141264920416643365071035395219652608.000000000000000000
connection 42 24 -3.283273540328656370 0 0.000000000000000000 1267684498685180948593189167861457193946099683321645889947232577986425394136819454356054071370563376452923791952015357621150265640567141264920416643365071035395219652608.000000000000000000
connection 75 24 -4.060416741486500669 0 0.000000000000000000 1267684498685180948593189167861457193946099683321645889947232577986425394136819454356054071370563376452923791952015357621150265640567141264920416643365071035395219652608.000000000000000000
connection 38 25 -0.475626485408786603 0 0.000000000000000000 1267684498685180948593189167861457193946099683321645889947232577986425394136819454356054071370563376452923791952015357621150265640567141264920416643365071035395219652608.000000000000000000
NNend

