NNstart
14 8
neuron 1 1.000000000000000000 0.000000000000000000 0.000000000000000000 -0.000004402290392553 11 0.000000000000000000
neuron 1 1.000000000000000000 0.000000000000000000 0.000000000000000000 -0.000004402290392553 11 0.000000000000000000
neuron 1 1.000000000000000000 0.000000000000000000 0.000000000000000000 -0.000004402290392553 11 0.000000000000000000
neuron 1 1.000000000000000000 0.000000000000000000 0.000000000000000000 -0.000004402290392553 11 0.000000000000000000
neuron 1 1.000000000000000000 0.000000000000000000 0.000000000000000000 -0.000004402290392553 11 0.000000000000000000
neuron 1 1.000000000000000000 0.000000000000000000 0.000000000000000000 -0.000004402290392553 11 0.000000000000000000
neuron 1 1.000000000000000000 0.000000000000000000 0.000000000000000000 -0.000004402290392553 11 0.000000000000000000
neuron 1 1.000000000000000000 0.000000000000000000 0.000000000000000000 -0.000004402290392553 11 0.000000000000000000
neuron 1 1.000000000000000000 0.000000000000000000 0.000000000000000000 -0.000004402290392553 11 0.000000000000000000
neuron 1 1.000000000000000000 0.000000000000000000 0.000000000000000000 -0.000004402290392553 11 0.000000000000000000
neuron 1 1.000000000000000000 0.000000000000000000 0.000000000000000000 -0.000004402290392553 11 0.000000000000000000
neuron 1 1.000000000000000000 0.000000000000000000 0.000000000000000000 -0.000004402290392553 11 0.000000000000000000
neuron 1 1.000000000000000000 0.000000000000000000 0.000000000000000000 -0.000004402290392553 11 0.000000000000000000
neuron 2 1.000000000000000000 0.000000000000000000 0.000000000000000000 0.000000000000000000 11 0.000000000000000000
neuron 4 1.000000000000000000 0.000000000000000000 0.000000000000000000 -0.000004402290392553 1 0.000000000000000000
neuron 4 1.000000000000000000 0.000000000000000000 0.000000000000000000 -0.000004402290392553 1 0.000000000000000000
neuron 4 1.000000000000000000 0.000000000000000000 0.000000000000000000 -0.000004402290392553 1 0.000000000000000000
neuron 4 1.000000000000000000 0.000000000000000000 0.000000000000000000 -0.000004402290392553 1 0.000000000000000000
neuron 4 1.000000000000000000 0.000000000000000000 0.000000000000000000 -0.000004402290392553 1 0.000000000000000000
neuron 4 1.000000000000000000 0.000000000000000000 0.000000000000000000 -0.000004402290392553 1 0.000000000000000000
neuron 4 1.000000000000000000 0.000000000000000000 0.000000000000000000 -0.000004402290392553 1 0.000000000000000000
neuron 4 1.000000000000000000 0.000000000000000000 0.000000000000000000 -0.000004402290392553 1 0.000000000000000000
neuron 3 1.000000000000000000 0.000000000000000000 0.000000000000000000 -0.000004402290392553 0 0.000000000000000000
neuron 3 1.000000000000000000 0.000000000000000000 0.000000000000000000 -0.000004402290392553 0 0.000000000000000000
neuron 3 1.000000000000000000 0.000000000000000000 0.000000000000000000 -0.000004402290392553 0 0.000000000000000000
neuron 3 1.000000000000000000 0.000000000000000000 0.000000000000000000 -0.000004402290392553 0 0.000000000000000000
neuron 3 1.000000000000000000 0.000000000000000000 0.000000000000000000 -0.000004402290392553 0 0.000000000000000000
neuron 3 1.000000000000000000 0.000000000000000000 0.000000000000000000 -0.000004402290392553 0 0.000000000000000000
neuron 3 1.000000000000000000 0.000000000000000000 0.000000000000000000 -0.000004402290392553 0 0.000000000000000000
neuron 3 1.000000000000000000 0.000000000000000000 0.000000000000000000 -0.000004402290392553 0 0.000000000000000000
neuron 3 1.000000000000000000 0.000000000000000000 0.000000000000000000 -0.000004402290392553 0 0.000000000000000000
neuron 3 1.000000000000000000 0.000000000000000000 0.000000000000000000 -0.000004402290392553 0 0.000000000000000000
neuron 3 1.000000000000000000 0.000000000000000000 0.000000000000000000 -0.000004402290392553 0 0.000000000000000000
connection 0 22 -1.919857301915969039 0 0.000000000000000000 -0.000004402290392553
connection 0 23 1.620117496091532994 0 0.000000000000000000 -0.000004402290392553
connection 0 24 3.332580105149256511 0 0.000000000000000000 -0.000004402290392553
connection 0 25 -0.350216171180636637 0 0.000000000000000000 -0.000004402290392553
connection 1 22 -1.934283467627596842 0 0.000000000000000000 -0.000004402290392553
connection 1 23 1.365917064337716313 0 0.000000000000000000 -0.000004402290392553
connection 1 24 2.948845323601959834 0 0.000000000000000000 -0.000004402290392553
connection 1 25 -0.571045831162360296 0 0.000000000000000000 -0.000004402290392553
connection 2 22 -1.922299685490795662 0 0.000000000000000000 -0.000004402290392553
connection 2 23 1.162983732122011338 0 0.000000000000000000 -0.000004402290392553
connection 2 24 2.582096663342217102 0 0.000000000000000000 -0.000004402290392553
connection 2 25 -0.737118251557974835 0 0.000000000000000000 -0.000004402290392553
connection 3 22 -1.717471238782398935 0 0.000000000000000000 -0.000004402290392553
connection 3 23 1.215440108746383308 0 0.000000000000000000 -0.000004402290392553
connection 3 24 2.452890326185802383 0 0.000000000000000000 -0.000004402290392553
connection 3 25 -0.649858671950404476 0 0.000000000000000000 -0.000004402290392553
connection 4 22 -1.244148697542028614 0 0.000000000000000000 -0.000004402290392553
connection 4 23 1.611945124307735844 0 0.000000000000000000 -0.000004402290392553
connection 4 24 2.678656439874499640 0 0.000000000000000000 -0.000004402290392553
connection 4 25 -0.219099721788574842 0 0.000000000000000000 -0.000004402290392553
connection 5 22 -0.670673991521003154 0 0.000000000000000000 -0.000004402290392553
connection 5 23 2.172514423307122300 0 0.000000000000000000 -0.000004402290392553
connection 5 24 3.111318697453394400 0 0.000000000000000000 -0.000004402290392553
connection 5 25 0.382671699495422846 0 0.000000000000000000 -0.000004402290392553
connection 6 22 -0.224916957094306202 0 0.000000000000000000 -0.000004402290392553
connection 6 23 2.672322721324686068 0 0.000000000000000000 -0.000004402290392553
connection 6 24 3.549058831699387184 0 0.000000000000000000 -0.000004402290392553
connection 6 25 0.921524531420874093 0 0.000000000000000000 -0.000004402290392553
connection 7 23 3.006609301764962883 0 0.000000000000000000 -0.000004402290392553
connection 7 24 3.893729227408443183 0 0.000000000000000000 -0.000004402290392553
connection 7 25 1.274615571242215362 0 0.000000000000000000 -0.000004402290392553
connection 8 23 3.143334355681577819 0 0.000000000000000000 -0.000004402290392553
connection 8 24 4.109607779549528495 0 0.000000000000000000 -0.000004402290392553
connection 8 25 1.397331665820475077 0 0.000000000000000000 -0.000004402290392553
connection 9 22 -0.379985338928019334 0 0.000000000000000000 -0.000004402290392553
connection 9 23 3.111170570330445528 0 0.000000000000000000 -0.000004402290392553
connection 9 24 4.212885640172260970 0 0.000000000000000000 -0.000004402290392553
connection 9 25 1.320729244310470785 0 0.000000000000000000 -0.000004402290392553
connection 10 22 -0.697869075877720513 0 0.000000000000000000 -0.000004402290392553
connection 10 23 3.037178264790354909 0 0.000000000000000000 -0.000004402290392553
connection 10 24 4.298453043528122741 0 0.000000000000000000 -0.000004402290392553
connection 10 25 1.195260447553122773 0 0.000000000000000000 -0.000004402290392553
connection 11 22 -0.889025885634700863 0 0.000000000000000000 -0.000004402290392553
connection 11 23 3.028346311259196177 0 0.000000000000000000 -0.000004402290392553
connection 11 24 4.434123409970777807 0 0.000000000000000000 -0.000004402290392553
connection 11 25 1.149116077843271189 0 0.000000000000000000 -0.000004402290392553
connection 12 22 -1.027967395501105941 0 0.000000000000000000 -0.000004402290392553
connection 12 23 2.999253493752923383 0 0.000000000000000000 -0.000004402290392553
connection 12 24 4.528979647987402046 0 0.000000000000000000 -0.000004402290392553
connection 12 25 1.089768432790885200 0 0.000000000000000000 -0.000004402290392553
connection 13 22 -1.268853988255833620 0 0.000000000000000000 -0.000004402290392553
connection 13 23 2.799695968668315604 0 0.000000000000000000 -0.000004402290392553
connection 13 24 4.451308736438774893 0 0.000000000000000000 -0.000004402290392553
connection 13 25 0.850952442775897100 0 0.000000000000000000 -0.000004402290392553
connection 22 24 -4.241504776009437094 0 0.000000000000000000 -0.000004402290392553
connection 23 23 -3.865432828188565484 0 0.000000000000000000 -0.000004402290392553
connection 23 25 4.197786881326353914 0 0.000000000000000000 -0.000004402290392553
connection 24 22 3.246959527262200496 0 0.000000000000000000 -0.000004402290392553
connection 22 14 -7.275276809298861558 0 0.000000000000000000 -0.000004402290392553
connection 23 14 -6.321483345607880722 0 0.000000000000000000 -0.000004402290392553
connection 24 14 -5.346058335514741522 0 0.000000000000000000 -0.000004402290392553
connection 25 14 -6.930040875050847760 0 0.000000000000000000 -0.000004402290392553
connection 22 16 -6.910963047847642038 0 0.000000000000000000 -0.000004402290392553
connection 23 16 -5.487183513461233453 0 0.000000000000000000 -0.000004402290392553
connection 24 16 -4.091027658458847860 0 0.000000000000000000 -0.000004402290392553
connection 25 16 -6.267360946562295254 0 0.000000000000000000 -0.000004402290392553
connection 24 18 -2.591968202728721415 0 0.000000000000000000 -0.000004402290392553
connection 24 19 -1.781854902976875987 0 0.000000000000000000 -0.000004402290392553
connection 23 20 -2.556937536281809198 0 0.000000000000000000 -0.000004402290392553
connection 24 20 -0.951323262950230730 0 0.000000000000000000 -0.000004402290392553
connection 23 21 -1.536413152945462102 0 0.000000000000000000 -0.000004402290392553
NNend

