NNstart
14 8
neuron 1 1.000000000000000000 0.000000000000000000 0.000000000000000000 -1042414518212113123536896798636944639700104794146628703115084893004181041344092034032313489111673470976.000000000000000000 11 0.000000000000000000
neuron 1 1.000000000000000000 0.000000000000000000 0.000000000000000000 -1042414518212113123536896798636944639700104794146628703115084893004181041344092034032313489111673470976.000000000000000000 11 0.000000000000000000
neuron 1 1.000000000000000000 0.000000000000000000 0.000000000000000000 -1042414518212113123536896798636944639700104794146628703115084893004181041344092034032313489111673470976.000000000000000000 11 0.000000000000000000
neuron 1 1.000000000000000000 0.000000000000000000 0.000000000000000000 -1042414518212113123536896798636944639700104794146628703115084893004181041344092034032313489111673470976.000000000000000000 11 0.000000000000000000
neuron 1 1.000000000000000000 0.000000000000000000 0.000000000000000000 -1042414518212113123536896798636944639700104794146628703115084893004181041344092034032313489111673470976.000000000000000000 11 0.000000000000000000
neuron 1 1.000000000000000000 0.000000000000000000 0.000000000000000000 -1042414518212113123536896798636944639700104794146628703115084893004181041344092034032313489111673470976.000000000000000000 11 0.000000000000000000
neuron 1 1.000000000000000000 0.000000000000000000 0.000000000000000000 -1042414518212113123536896798636944639700104794146628703115084893004181041344092034032313489111673470976.000000000000000000 11 0.000000000000000000
neuron 1 1.000000000000000000 0.000000000000000000 0.000000000000000000 -1042414518212113123536896798636944639700104794146628703115084893004181041344092034032313489111673470976.000000000000000000 11 0.000000000000000000
neuron 1 1.000000000000000000 0.000000000000000000 0.000000000000000000 -1042414518212113123536896798636944639700104794146628703115084893004181041344092034032313489111673470976.000000000000000000 11 0.000000000000000000
neuron 1 1.000000000000000000 0.000000000000000000 0.000000000000000000 -1042414518212113123536896798636944639700104794146628703115084893004181041344092034032313489111673470976.000000000000000000 11 0.000000000000000000
neuron 1 1.000000000000000000 0.000000000000000000 0.000000000000000000 -1042414518212113123536896798636944639700104794146628703115084893004181041344092034032313489111673470976.000000000000000000 11 0.000000000000000000
neuron 1 1.000000000000000000 0.000000000000000000 0.000000000000000000 -1042414518212113123536896798636944639700104794146628703115084893004181041344092034032313489111673470976.000000000000000000 11 0.000000000000000000
neuron 1 1.000000000000000000 0.000000000000000000 0.000000000000000000 -1042414518212113123536896798636944639700104794146628703115084893004181041344092034032313489111673470976.000000000000000000 11 0.000000000000000000
neuron 2 1.000000000000000000 0.000000000000000000 0.000000000000000000 0.000000000000000000 11 0.000000000000000000
neuron 4 1.000000000000000000 0.000000000000000000 0.000000000000000000 -1042414518212113123536896798636944639700104794146628703115084893004181041344092034032313489111673470976.000000000000000000 1 0.000000000000000000
neuron 4 1.000000000000000000 0.000000000000000000 0.000000000000000000 -1042414518212113123536896798636944639700104794146628703115084893004181041344092034032313489111673470976.000000000000000000 1 0.000000000000000000
neuron 4 1.000000000000000000 0.000000000000000000 0.000000000000000000 -1042414518212113123536896798636944639700104794146628703115084893004181041344092034032313489111673470976.000000000000000000 1 0.000000000000000000
neuron 4 1.000000000000000000 0.000000000000000000 0.000000000000000000 -1042414518212113123536896798636944639700104794146628703115084893004181041344092034032313489111673470976.000000000000000000 1 0.000000000000000000
neuron 4 1.000000000000000000 0.000000000000000000 0.000000000000000000 -1042414518212113123536896798636944639700104794146628703115084893004181041344092034032313489111673470976.000000000000000000 1 0.000000000000000000
neuron 4 1.000000000000000000 0.000000000000000000 0.000000000000000000 -1042414518212113123536896798636944639700104794146628703115084893004181041344092034032313489111673470976.000000000000000000 1 0.000000000000000000
neuron 4 1.000000000000000000 0.000000000000000000 0.000000000000000000 -1042414518212113123536896798636944639700104794146628703115084893004181041344092034032313489111673470976.000000000000000000 1 0.000000000000000000
neuron 4 1.000000000000000000 0.000000000000000000 0.000000000000000000 -1042414518212113123536896798636944639700104794146628703115084893004181041344092034032313489111673470976.000000000000000000 1 0.000000000000000000
neuron 3 1.000000000000000000 0.000000000000000000 0.000000000000000000 -1042414518212113123536896798636944639700104794146628703115084893004181041344092034032313489111673470976.000000000000000000 0 0.000000000000000000
neuron 3 1.000000000000000000 0.000000000000000000 0.000000000000000000 -1042414518212113123536896798636944639700104794146628703115084893004181041344092034032313489111673470976.000000000000000000 0 0.000000000000000000
neuron 3 1.000000000000000000 0.000000000000000000 0.000000000000000000 -1042414518212113123536896798636944639700104794146628703115084893004181041344092034032313489111673470976.000000000000000000 0 0.000000000000000000
neuron 3 1.000000000000000000 0.000000000000000000 0.000000000000000000 -1042414518212113123536896798636944639700104794146628703115084893004181041344092034032313489111673470976.000000000000000000 0 0.000000000000000000
neuron 3 1.000000000000000000 0.000000000000000000 0.000000000000000000 -1042414518212113123536896798636944639700104794146628703115084893004181041344092034032313489111673470976.000000000000000000 0 0.000000000000000000
neuron 3 1.000000000000000000 0.000000000000000000 0.000000000000000000 -1042414518212113123536896798636944639700104794146628703115084893004181041344092034032313489111673470976.000000000000000000 0 0.000000000000000000
neuron 3 1.000000000000000000 0.000000000000000000 0.000000000000000000 -1042414518212113123536896798636944639700104794146628703115084893004181041344092034032313489111673470976.000000000000000000 0 0.000000000000000000
neuron 3 1.000000000000000000 0.000000000000000000 0.000000000000000000 -1042414518212113123536896798636944639700104794146628703115084893004181041344092034032313489111673470976.000000000000000000 0 0.000000000000000000
neuron 3 1.000000000000000000 0.000000000000000000 0.000000000000000000 -1042414518212113123536896798636944639700104794146628703115084893004181041344092034032313489111673470976.000000000000000000 0 0.000000000000000000
neuron 3 1.000000000000000000 0.000000000000000000 0.000000000000000000 -1042414518212113123536896798636944639700104794146628703115084893004181041344092034032313489111673470976.000000000000000000 0 0.000000000000000000
neuron 3 1.000000000000000000 0.000000000000000000 0.000000000000000000 -1042414518212113123536896798636944639700104794146628703115084893004181041344092034032313489111673470976.000000000000000000 0 0.000000000000000000
neuron 3 1.000000000000000000 0.000000000000000000 0.000000000000000000 -1042414518212113123536896798636944639700104794146628703115084893004181041344092034032313489111673470976.000000000000000000 0 0.000000000000000000
neuron 3 1.000000000000000000 0.000000000000000000 0.000000000000000000 -1042414518212113123536896798636944639700104794146628703115084893004181041344092034032313489111673470976.000000000000000000 0 0.000000000000000000
neuron 3 1.000000000000000000 0.000000000000000000 0.000000000000000000 -1042414518212113123536896798636944639700104794146628703115084893004181041344092034032313489111673470976.000000000000000000 0 0.000000000000000000
neuron 3 1.000000000000000000 0.000000000000000000 0.000000000000000000 -1042414518212113123536896798636944639700104794146628703115084893004181041344092034032313489111673470976.000000000000000000 0 0.000000000000000000
neuron 3 1.000000000000000000 0.000000000000000000 0.000000000000000000 -1042414518212113123536896798636944639700104794146628703115084893004181041344092034032313489111673470976.000000000000000000 0 0.000000000000000000
neuron 3 1.000000000000000000 0.000000000000000000 0.000000000000000000 -1042414518212113123536896798636944639700104794146628703115084893004181041344092034032313489111673470976.000000000000000000 0 0.000000000000000000
neuron 3 1.000000000000000000 0.000000000000000000 0.000000000000000000 -1042414518212113123536896798636944639700104794146628703115084893004181041344092034032313489111673470976.000000000000000000 0 0.000000000000000000
connection 0 22 -2.582376294607182210 0 0.000000000000000000 -1042414518212113123536896798636944639700104794146628703115084893004181041344092034032313489111673470976.000000000000000000
connection 0 23 -3.932413230665006587 0 0.000000000000000000 -1042414518212113123536896798636944639700104794146628703115084893004181041344092034032313489111673470976.000000000000000000
connection 0 24 -6.451304274381448600 0 0.000000000000000000 -1042414518212113123536896798636944639700104794146628703115084893004181041344092034032313489111673470976.000000000000000000
connection 0 25 -5.101267338323624223 0 0.000000000000000000 -1042414518212113123536896798636944639700104794146628703115084893004181041344092034032313489111673470976.000000000000000000
connection 1 22 -3.041626737483157150 0 0.000000000000000000 -1042414518212113123536896798636944639700104794146628703115084893004181041344092034032313489111673470976.000000000000000000
connection 1 23 -4.391663673540981527 0 0.000000000000000000 -1042414518212113123536896798636944639700104794146628703115084893004181041344092034032313489111673470976.000000000000000000
connection 1 24 -6.910554717257423540 0 0.000000000000000000 -1042414518212113123536896798636944639700104794146628703115084893004181041344092034032313489111673470976.000000000000000000
connection 1 25 -5.560517781199599163 0 0.000000000000000000 -1042414518212113123536896798636944639700104794146628703115084893004181041344092034032313489111673470976.000000000000000000
connection 2 22 -3.500877180359132534 0 0.000000000000000000 -1042414518212113123536896798636944639700104794146628703115084893004181041344092034032313489111673470976.000000000000000000
connection 2 23 -4.850914116416957356 0 0.000000000000000000 -1042414518212113123536896798636944639700104794146628703115084893004181041344092034032313489111673470976.000000000000000000
connection 2 24 -7.369805160133399369 0 0.000000000000000000 -1042414518212113123536896798636944639700104794146628703115084893004181041344092034032313489111673470976.000000000000000000
connection 2 25 -6.019768224075574992 0 0.000000000000000000 -1042414518212113123536896798636944639700104794146628703115084893004181041344092034032313489111673470976.000000000000000000
connection 3 22 -3.960127623235107475 0 0.000000000000000000 -1042414518212113123536896798636944639700104794146628703115084893004181041344092034032313489111673470976.000000000000000000
connection 3 23 -5.310164559292931408 0 0.000000000000000000 -1042414518212113123536896798636944639700104794146628703115084893004181041344092034032313489111673470976.000000000000000000
connection 3 24 -7.829055603009374309 0 0.000000000000000000 -1042414518212113123536896798636944639700104794146628703115084893004181041344092034032313489111673470976.000000000000000000
connection 3 25 -6.479018666951549932 0 0.000000000000000000 -1042414518212113123536896798636944639700104794146628703115084893004181041344092034032313489111673470976.000000000000000000
connection 4 22 -4.419378066111082859 0 0.000000000000000000 -1042414518212113123536896798636944639700104794146628703115084893004181041344092034032313489111673470976.000000000000000000
connection 4 23 -5.769415002168907236 0 0.000000000000000000 -1042414518212113123536896798636944639700104794146628703115084893004181041344092034032313489111673470976.000000000000000000
connection 4 24 -8.288306045885349249 0 0.000000000000000000 -1042414518212113123536896798636944639700104794146628703115084893004181041344092034032313489111673470976.000000000000000000
connection 4 25 -6.938269109827524872 0 0.000000000000000000 -1042414518212113123536896798636944639700104794146628703115084893004181041344092034032313489111673470976.000000000000000000
connection 5 22 -4.878628508987057799 0 0.000000000000000000 -1042414518212113123536896798636944639700104794146628703115084893004181041344092034032313489111673470976.000000000000000000
connection 5 23 -6.228665445044882176 0 0.000000000000000000 -1042414518212113123536896798636944639700104794146628703115084893004181041344092034032313489111673470976.000000000000000000
connection 5 24 -8.747556488761324189 0 0.000000000000000000 -1042414518212113123536896798636944639700104794146628703115084893004181041344092034032313489111673470976.000000000000000000
connection 5 25 -7.397519552703499812 0 0.000000000000000000 -1042414518212113123536896798636944639700104794146628703115084893004181041344092034032313489111673470976.000000000000000000
connection 6 22 -5.337878951863032739 0 0.000000000000000000 -1042414518212113123536896798636944639700104794146628703115084893004181041344092034032313489111673470976.000000000000000000
connection 6 23 -6.687915887920857116 0 0.000000000000000000 -1042414518212113123536896798636944639700104794146628703115084893004181041344092034032313489111673470976.000000000000000000
connection 6 24 -9.206806931637299130 0 0.000000000000000000 -1042414518212113123536896798636944639700104794146628703115084893004181041344092034032313489111673470976.000000000000000000
connection 6 25 -7.856769995579474752 0 0.000000000000000000 -1042414518212113123536896798636944639700104794146628703115084893004181041344092034032313489111673470976.000000000000000000
connection 7 22 -5.797129394739007680 0 0.000000000000000000 -1042414518212113123536896798636944639700104794146628703115084893004181041344092034032313489111673470976.000000000000000000
connection 7 23 -7.147166330796832057 0 0.000000000000000000 -1042414518212113123536896798636944639700104794146628703115084893004181041344092034032313489111673470976.000000000000000000
connection 7 24 -9.666057374513274070 0 0.000000000000000000 -1042414518212113123536896798636944639700104794146628703115084893004181041344092034032313489111673470976.000000000000000000
connection 7 25 -8.316020438455449693 0 0.000000000000000000 -1042414518212113123536896798636944639700104794146628703115084893004181041344092034032313489111673470976.000000000000000000
connection 8 22 -6.256379837614982620 0 0.000000000000000000 -1042414518212113123536896798636944639700104794146628703115084893004181041344092034032313489111673470976.000000000000000000
connection 8 23 -7.606416773672806997 0 0.000000000000000000 -1042414518212113123536896798636944639700104794146628703115084893004181041344092034032313489111673470976.000000000000000000
connection 8 24 -10.125307817389249010 0 0.000000000000000000 -1042414518212113123536896798636944639700104794146628703115084893004181041344092034032313489111673470976.000000000000000000
connection 8 25 -8.775270881331426409 0 0.000000000000000000 -1042414518212113123536896798636944639700104794146628703115084893004181041344092034032313489111673470976.000000000000000000
connection 9 22 -6.715630280490957560 0 0.000000000000000000 -1042414518212113123536896798636944639700104794146628703115084893004181041344092034032313489111673470976.000000000000000000
connection 9 23 -8.065667216548781937 0 0.000000000000000000 -1042414518212113123536896798636944639700104794146628703115084893004181041344092034032313489111673470976.000000000000000000
connection 9 24 -10.584558260265223950 0 0.000000000000000000 -1042414518212113123536896798636944639700104794146628703115084893004181041344092034032313489111673470976.000000000000000000
connection 9 25 -9.234521324207399573 0 0.000000000000000000 -1042414518212113123536896798636944639700104794146628703115084893004181041344092034032313489111673470976.000000000000000000
connection 10 22 -7.174880723366932500 0 0.000000000000000000 -1042414518212113123536896798636944639700104794146628703115084893004181041344092034032313489111673470976.000000000000000000
connection 10 23 -8.524917659424756877 0 0.000000000000000000 -1042414518212113123536896798636944639700104794146628703115084893004181041344092034032313489111673470976.000000000000000000
connection 10 24 -11.043808703141198890 0 0.000000000000000000 -1042414518212113123536896798636944639700104794146628703115084893004181041344092034032313489111673470976.000000000000000000
connection 10 25 -9.693771767083374513 0 0.000000000000000000 -1042414518212113123536896798636944639700104794146628703115084893004181041344092034032313489111673470976.000000000000000000
connection 11 22 -7.634131166242907440 0 0.000000000000000000 -1042414518212113123536896798636944639700104794146628703115084893004181041344092034032313489111673470976.000000000000000000
connection 11 23 -8.984168102300733594 0 0.000000000000000000 -1042414518212113123536896798636944639700104794146628703115084893004181041344092034032313489111673470976.000000000000000000
connection 11 24 -11.503059146017175607 0 0.000000000000000000 -1042414518212113123536896798636944639700104794146628703115084893004181041344092034032313489111673470976.000000000000000000
connection 11 25 -10.153022209959349453 0 0.000000000000000000 -1042414518212113123536896798636944639700104794146628703115084893004181041344092034032313489111673470976.000000000000000000
connection 12 22 -8.093381609118882380 0 0.000000000000000000 -1042414518212113123536896798636944639700104794146628703115084893004181041344092034032313489111673470976.000000000000000000
connection 12 23 -9.443418545176708534 0 0.000000000000000000 -1042414518212113123536896798636944639700104794146628703115084893004181041344092034032313489111673470976.000000000000000000
connection 12 24 -11.962309588893148771 0 0.000000000000000000 -1042414518212113123536896798636944639700104794146628703115084893004181041344092034032313489111673470976.000000000000000000
connection 12 25 -10.612272652835326170 0 0.000000000000000000 -1042414518212113123536896798636944639700104794146628703115084893004181041344092034032313489111673470976.000000000000000000
connection 13 22 -8.552632051994857321 0 0.000000000000000000 -1042414518212113123536896798636944639700104794146628703115084893004181041344092034032313489111673470976.000000000000000000
connection 13 23 -9.902668988052681698 0 0.000000000000000000 -1042414518212113123536896798636944639700104794146628703115084893004181041344092034032313489111673470976.000000000000000000
connection 13 24 -12.421560031769125487 0 0.000000000000000000 -1042414518212113123536896798636944639700104794146628703115084893004181041344092034032313489111673470976.000000000000000000
connection 13 25 -11.071523095711299334 0 0.000000000000000000 -1042414518212113123536896798636944639700104794146628703115084893004181041344092034032313489111673470976.000000000000000000
connection 22 22 -3.801704618542214753 0 0.000000000000000000 -1042414518212113123536896798636944639700104794146628703115084893004181041344092034032313489111673470976.000000000000000000
connection 22 23 0.735352876632839214 0 0.000000000000000000 -1042414518212113123536896798636944639700104794146628703115084893004181041344092034032313489111673470976.000000000000000000
connection 22 24 0.514611515408645359 0 0.000000000000000000 -1042414518212113123536896798636944639700104794146628703115084893004181041344092034032313489111673470976.000000000000000000
connection 23 23 2.920298248670231356 0 0.000000000000000000 -1042414518212113123536896798636944639700104794146628703115084893004181041344092034032313489111673470976.000000000000000000
connection 23 24 2.749755889886509319 0 0.000000000000000000 -1042414518212113123536896798636944639700104794146628703115084893004181041344092034032313489111673470976.000000000000000000
connection 23 25 -2.334102147196984500 0 0.000000000000000000 -1042414518212113123536896798636944639700104794146628703115084893004181041344092034032313489111673470976.000000000000000000
connection 24 24 -0.235371988807328014 0 0.000000000000000000 -1042414518212113123536896798636944639700104794146628703115084893004181041344092034032313489111673470976.000000000000000000
connection 24 25 -5.319230025890822056 0 0.000000000000000000 -1042414518212113123536896798636944639700104794146628703115084893004181041344092034032313489111673470976.000000000000000000
connection 25 22 -6.786832497236051864 0 0.000000000000000000 -1042414518212113123536896798636944639700104794146628703115084893004181041344092034032313489111673470976.000000000000000000
connection 25 23 -2.249775002060998563 0 0.000000000000000000 -1042414518212113123536896798636944639700104794146628703115084893004181041344092034032313489111673470976.000000000000000000
connection 25 24 -2.470516363285192529 0 0.000000000000000000 -1042414518212113123536896798636944639700104794146628703115084893004181041344092034032313489111673470976.000000000000000000
connection 22 14 0.875319401550809340 0 0.000000000000000000 -1042414518212113123536896798636944639700104794146628703115084893004181041344092034032313489111673470976.000000000000000000
connection 23 14 3.021633330825131303 0 0.000000000000000000 -1042414518212113123536896798636944639700104794146628703115084893004181041344092034032313489111673470976.000000000000000000
connection 25 14 -2.109808477143028327 0 0.000000000000000000 -1042414518212113123536896798636944639700104794146628703115084893004181041344092034032313489111673470976.000000000000000000
connection 22 15 0.860580609449307699 0 0.000000000000000000 -1042414518212113123536896798636944639700104794146628703115084893004181041344092034032313489111673470976.000000000000000000
connection 23 15 3.007545131889300283 0 0.000000000000000000 -1042414518212113123536896798636944639700104794146628703115084893004181041344092034032313489111673470976.000000000000000000
connection 25 15 -2.124547269244529968 0 0.000000000000000000 -1042414518212113123536896798636944639700104794146628703115084893004181041344092034032313489111673470976.000000000000000000
connection 22 16 0.844235648218965906 0 0.000000000000000000 -1042414518212113123536896798636944639700104794146628703115084893004181041344092034032313489111673470976.000000000000000000
connection 23 16 2.992067451462140593 0 0.000000000000000000 -1042414518212113123536896798636944639700104794146628703115084893004181041344092034032313489111673470976.000000000000000000
connection 25 16 -2.140892230474872093 0 0.000000000000000000 -1042414518212113123536896798636944639700104794146628703115084893004181041344092034032313489111673470976.000000000000000000
connection 22 17 0.826476640950717378 0 0.000000000000000000 -1042414518212113123536896798636944639700104794146628703115084893004181041344092034032313489111673470976.000000000000000000
connection 23 17 2.975456739570620623 0 0.000000000000000000 -1042414518212113123536896798636944639700104794146628703115084893004181041344092034032313489111673470976.000000000000000000
connection 25 17 -2.158651237743120177 0 0.000000000000000000 -1042414518212113123536896798636944639700104794146628703115084893004181041344092034032313489111673470976.000000000000000000
connection 22 18 0.807456835449357313 0 0.000000000000000000 -1042414518212113123536896798636944639700104794146628703115084893004181041344092034032313489111673470976.000000000000000000
connection 23 18 2.957946916990602304 0 0.000000000000000000 -1042414518212113123536896798636944639700104794146628703115084893004181041344092034032313489111673470976.000000000000000000
connection 25 18 -2.177671043244480575 0 0.000000000000000000 -1042414518212113123536896798636944639700104794146628703115084893004181041344092034032313489111673470976.000000000000000000
connection 23 19 2.939728035655337468 0 0.000000000000000000 -1042414518212113123536896798636944639700104794146628703115084893004181041344092034032313489111673470976.000000000000000000
connection 23 20 2.920922724336462828 0 0.000000000000000000 -1042414518212113123536896798636944639700104794146628703115084893004181041344092034032313489111673470976.000000000000000000
NNend

