NNstart
14 6
neuron 1 1.000000000000000000 0.000000000000000000 0.000000000000000000 120011542079547883745078668472887402522034086383089047403211100882950097596157802133233046765886111232364888122044248364337679871238586368328162949690402555455105730526782607554965105397981165955237147410795198207501471086661228913863519895541274917413085181538622290408156359250935808.000000000000000000 11 0.000000000000000000
neuron 1 1.000000000000000000 0.000000000000000000 0.000000000000000000 120011542079547883745078668472887402522034086383089047403211100882950097596157802133233046765886111232364888122044248364337679871238586368328162949690402555455105730526782607554965105397981165955237147410795198207501471086661228913863519895541274917413085181538622290408156359250935808.000000000000000000 11 0.000000000000000000
neuron 1 1.000000000000000000 0.000000000000000000 0.000000000000000000 120011542079547883745078668472887402522034086383089047403211100882950097596157802133233046765886111232364888122044248364337679871238586368328162949690402555455105730526782607554965105397981165955237147410795198207501471086661228913863519895541274917413085181538622290408156359250935808.000000000000000000 11 0.000000000000000000
neuron 1 1.000000000000000000 0.000000000000000000 0.000000000000000000 120011542079547883745078668472887402522034086383089047403211100882950097596157802133233046765886111232364888122044248364337679871238586368328162949690402555455105730526782607554965105397981165955237147410795198207501471086661228913863519895541274917413085181538622290408156359250935808.000000000000000000 11 0.000000000000000000
neuron 1 1.000000000000000000 0.000000000000000000 0.000000000000000000 120011542079547883745078668472887402522034086383089047403211100882950097596157802133233046765886111232364888122044248364337679871238586368328162949690402555455105730526782607554965105397981165955237147410795198207501471086661228913863519895541274917413085181538622290408156359250935808.000000000000000000 11 0.000000000000000000
neuron 1 1.000000000000000000 0.000000000000000000 0.000000000000000000 120011542079547883745078668472887402522034086383089047403211100882950097596157802133233046765886111232364888122044248364337679871238586368328162949690402555455105730526782607554965105397981165955237147410795198207501471086661228913863519895541274917413085181538622290408156359250935808.000000000000000000 11 0.000000000000000000
neuron 1 1.000000000000000000 0.000000000000000000 0.000000000000000000 120011542079547883745078668472887402522034086383089047403211100882950097596157802133233046765886111232364888122044248364337679871238586368328162949690402555455105730526782607554965105397981165955237147410795198207501471086661228913863519895541274917413085181538622290408156359250935808.000000000000000000 11 0.000000000000000000
neuron 1 1.000000000000000000 0.000000000000000000 0.000000000000000000 120011542079547883745078668472887402522034086383089047403211100882950097596157802133233046765886111232364888122044248364337679871238586368328162949690402555455105730526782607554965105397981165955237147410795198207501471086661228913863519895541274917413085181538622290408156359250935808.000000000000000000 11 0.000000000000000000
neuron 1 1.000000000000000000 0.000000000000000000 0.000000000000000000 120011542079547883745078668472887402522034086383089047403211100882950097596157802133233046765886111232364888122044248364337679871238586368328162949690402555455105730526782607554965105397981165955237147410795198207501471086661228913863519895541274917413085181538622290408156359250935808.000000000000000000 11 0.000000000000000000
neuron 1 1.000000000000000000 0.000000000000000000 0.000000000000000000 120011542079547883745078668472887402522034086383089047403211100882950097596157802133233046765886111232364888122044248364337679871238586368328162949690402555455105730526782607554965105397981165955237147410795198207501471086661228913863519895541274917413085181538622290408156359250935808.000000000000000000 11 0.000000000000000000
neuron 1 1.000000000000000000 0.000000000000000000 0.000000000000000000 120011542079547883745078668472887402522034086383089047403211100882950097596157802133233046765886111232364888122044248364337679871238586368328162949690402555455105730526782607554965105397981165955237147410795198207501471086661228913863519895541274917413085181538622290408156359250935808.000000000000000000 11 0.000000000000000000
neuron 1 1.000000000000000000 0.000000000000000000 0.000000000000000000 120011542079547883745078668472887402522034086383089047403211100882950097596157802133233046765886111232364888122044248364337679871238586368328162949690402555455105730526782607554965105397981165955237147410795198207501471086661228913863519895541274917413085181538622290408156359250935808.000000000000000000 11 0.000000000000000000
neuron 1 1.000000000000000000 0.000000000000000000 0.000000000000000000 120011542079547883745078668472887402522034086383089047403211100882950097596157802133233046765886111232364888122044248364337679871238586368328162949690402555455105730526782607554965105397981165955237147410795198207501471086661228913863519895541274917413085181538622290408156359250935808.000000000000000000 11 0.000000000000000000
neuron 2 1.000000000000000000 0.000000000000000000 0.000000000000000000 0.000000000000000000 11 0.000000000000000000
neuron 4 1.000000000000000000 0.000000000000000000 0.000000000000000000 120011542079547883745078668472887402522034086383089047403211100882950097596157802133233046765886111232364888122044248364337679871238586368328162949690402555455105730526782607554965105397981165955237147410795198207501471086661228913863519895541274917413085181538622290408156359250935808.000000000000000000 1 0.000000000000000000
neuron 4 1.000000000000000000 0.000000000000000000 0.000000000000000000 120011542079547883745078668472887402522034086383089047403211100882950097596157802133233046765886111232364888122044248364337679871238586368328162949690402555455105730526782607554965105397981165955237147410795198207501471086661228913863519895541274917413085181538622290408156359250935808.000000000000000000 1 0.000000000000000000
neuron 4 1.000000000000000000 0.000000000000000000 0.000000000000000000 120011542079547883745078668472887402522034086383089047403211100882950097596157802133233046765886111232364888122044248364337679871238586368328162949690402555455105730526782607554965105397981165955237147410795198207501471086661228913863519895541274917413085181538622290408156359250935808.000000000000000000 1 0.000000000000000000
neuron 4 1.000000000000000000 0.000000000000000000 0.000000000000000000 120011542079547883745078668472887402522034086383089047403211100882950097596157802133233046765886111232364888122044248364337679871238586368328162949690402555455105730526782607554965105397981165955237147410795198207501471086661228913863519895541274917413085181538622290408156359250935808.000000000000000000 1 0.000000000000000000
neuron 4 1.000000000000000000 0.000000000000000000 0.000000000000000000 120011542079547883745078668472887402522034086383089047403211100882950097596157802133233046765886111232364888122044248364337679871238586368328162949690402555455105730526782607554965105397981165955237147410795198207501471086661228913863519895541274917413085181538622290408156359250935808.000000000000000000 1 0.000000000000000000
neuron 4 1.000000000000000000 0.000000000000000000 0.000000000000000000 120011542079547883745078668472887402522034086383089047403211100882950097596157802133233046765886111232364888122044248364337679871238586368328162949690402555455105730526782607554965105397981165955237147410795198207501471086661228913863519895541274917413085181538622290408156359250935808.000000000000000000 1 0.000000000000000000
neuron 3 1.000000000000000000 0.000000000000000000 0.000000000000000000 120011542079547883745078668472887402522034086383089047403211100882950097596157802133233046765886111232364888122044248364337679871238586368328162949690402555455105730526782607554965105397981165955237147410795198207501471086661228913863519895541274917413085181538622290408156359250935808.000000000000000000 0 0.000000000000000000
neuron 3 1.000000000000000000 0.000000000000000000 0.000000000000000000 120011542079547883745078668472887402522034086383089047403211100882950097596157802133233046765886111232364888122044248364337679871238586368328162949690402555455105730526782607554965105397981165955237147410795198207501471086661228913863519895541274917413085181538622290408156359250935808.000000000000000000 0 0.000000000000000000
neuron 3 1.000000000000000000 0.000000000000000000 0.000000000000000000 120011542079547883745078668472887402522034086383089047403211100882950097596157802133233046765886111232364888122044248364337679871238586368328162949690402555455105730526782607554965105397981165955237147410795198207501471086661228913863519895541274917413085181538622290408156359250935808.000000000000000000 0 0.000000000000000000
neuron 3 1.000000000000000000 0.000000000000000000 0.000000000000000000 120011542079547883745078668472887402522034086383089047403211100882950097596157802133233046765886111232364888122044248364337679871238586368328162949690402555455105730526782607554965105397981165955237147410795198207501471086661228913863519895541274917413085181538622290408156359250935808.000000000000000000 0 0.000000000000000000
connection 0 20 5.745893243305075337 0 0.000000000000000000 120011542079547883745078668472887402522034086383089047403211100882950097596157802133233046765886111232364888122044248364337679871238586368328162949690402555455105730526782607554965105397981165955237147410795198207501471086661228913863519895541274917413085181538622290408156359250935808.000000000000000000
connection 0 21 5.813895254630152110 0 0.000000000000000000 120011542079547883745078668472887402522034086383089047403211100882950097596157802133233046765886111232364888122044248364337679871238586368328162949690402555455105730526782607554965105397981165955237147410795198207501471086661228913863519895541274917413085181538622290408156359250935808.000000000000000000
connection 0 22 6.201545886994225043 0 0.000000000000000000 120011542079547883745078668472887402522034086383089047403211100882950097596157802133233046765886111232364888122044248364337679871238586368328162949690402555455105730526782607554965105397981165955237147410795198207501471086661228913863519895541274917413085181538622290408156359250935808.000000000000000000
connection 0 23 6.642200364099090315 0 0.000000000000000000 120011542079547883745078668472887402522034086383089047403211100882950097596157802133233046765886111232364888122044248364337679871238586368328162949690402555455105730526782607554965105397981165955237147410795198207501471086661228913863519895541274917413085181538622290408156359250935808.000000000000000000
connection 1 20 4.983026620573627774 0 0.000000000000000000 120011542079547883745078668472887402522034086383089047403211100882950097596157802133233046765886111232364888122044248364337679871238586368328162949690402555455105730526782607554965105397981165955237147410795198207501471086661228913863519895541274917413085181538622290408156359250935808.000000000000000000
connection 1 21 5.272410304766952827 0 0.000000000000000000 120011542079547883745078668472887402522034086383089047403211100882950097596157802133233046765886111232364888122044248364337679871238586368328162949690402555455105730526782607554965105397981165955237147410795198207501471086661228913863519895541274917413085181538622290408156359250935808.000000000000000000
connection 1 22 5.904372858760149612 0 0.000000000000000000 120011542079547883745078668472887402522034086383089047403211100882950097596157802133233046765886111232364888122044248364337679871238586368328162949690402555455105730526782607554965105397981165955237147410795198207501471086661228913863519895541274917413085181538622290408156359250935808.000000000000000000
connection 1 23 6.251584637716517179 0 0.000000000000000000 120011542079547883745078668472887402522034086383089047403211100882950097596157802133233046765886111232364888122044248364337679871238586368328162949690402555455105730526782607554965105397981165955237147410795198207501471086661228913863519895541274917413085181538622290408156359250935808.000000000000000000
connection 2 20 3.318422400854229348 0 0.000000000000000000 120011542079547883745078668472887402522034086383089047403211100882950097596157802133233046765886111232364888122044248364337679871238586368328162949690402555455105730526782607554965105397981165955237147410795198207501471086661228913863519895541274917413085181538622290408156359250935808.000000000000000000
connection 2 21 4.065418323744587781 0 0.000000000000000000 120011542079547883745078668472887402522034086383089047403211100882950097596157802133233046765886111232364888122044248364337679871238586368328162949690402555455105730526782607554965105397981165955237147410795198207501471086661228913863519895541274917413085181538622290408156359250935808.000000000000000000
connection 2 22 5.170234600697714455 0 0.000000000000000000 120011542079547883745078668472887402522034086383089047403211100882950097596157802133233046765886111232364888122044248364337679871238586368328162949690402555455105730526782607554965105397981165955237147410795198207501471086661228913863519895541274917413085181538622290408156359250935808.000000000000000000
connection 2 23 5.260379150436381934 0 0.000000000000000000 120011542079547883745078668472887402522034086383089047403211100882950097596157802133233046765886111232364888122044248364337679871238586368328162949690402555455105730526782607554965105397981165955237147410795198207501471086661228913863519895541274917413085181538622290408156359250935808.000000000000000000
connection 3 20 0.313259521270956298 0 0.000000000000000000 120011542079547883745078668472887402522034086383089047403211100882950097596157802133233046765886111232364888122044248364337679871238586368328162949690402555455105730526782607554965105397981165955237147410795198207501471086661228913863519895541274917413085181538622290408156359250935808.000000000000000000
connection 3 21 1.643025916970981548 0 0.000000000000000000 120011542079547883745078668472887402522034086383089047403211100882950097596157802133233046765886111232364888122044248364337679871238586368328162949690402555455105730526782607554965105397981165955237147410795198207501471086661228913863519895541274917413085181538622290408156359250935808.000000000000000000
connection 3 22 3.533616483613920334 0 0.000000000000000000 120011542079547883745078668472887402522034086383089047403211100882950097596157802133233046765886111232364888122044248364337679871238586368328162949690402555455105730526782607554965105397981165955237147410795198207501471086661228913863519895541274917413085181538622290408156359250935808.000000000000000000
connection 3 23 3.018869316604679387 0 0.000000000000000000 120011542079547883745078668472887402522034086383089047403211100882950097596157802133233046765886111232364888122044248364337679871238586368328162949690402555455105730526782607554965105397981165955237147410795198207501471086661228913863519895541274917413085181538622290408156359250935808.000000000000000000
connection 4 21 -1.944885281382499720 0 0.000000000000000000 120011542079547883745078668472887402522034086383089047403211100882950097596157802133233046765886111232364888122044248364337679871238586368328162949690402555455105730526782607554965105397981165955237147410795198207501471086661228913863519895541274917413085181538622290408156359250935808.000000000000000000
connection 4 22 0.534987481826821210 0 0.000000000000000000 120011542079547883745078668472887402522034086383089047403211100882950097596157802133233046765886111232364888122044248364337679871238586368328162949690402555455105730526782607554965105397981165955237147410795198207501471086661228913863519895541274917413085181538622290408156359250935808.000000000000000000
connection 4 23 -0.703468743202631419 0 0.000000000000000000 120011542079547883745078668472887402522034086383089047403211100882950097596157802133233046765886111232364888122044248364337679871238586368328162949690402555455105730526782607554965105397981165955237147410795198207501471086661228913863519895541274917413085181538622290408156359250935808.000000000000000000
connection 5 20 -5.539930485837444074 0 0.000000000000000000 120011542079547883745078668472887402522034086383089047403211100882950097596157802133233046765886111232364888122044248364337679871238586368328162949690402555455105730526782607554965105397981165955237147410795198207501471086661228913863519895541274917413085181538622290408156359250935808.000000000000000000
connection 6 20 -6.444950697860957867 0 0.000000000000000000 120011542079547883745078668472887402522034086383089047403211100882950097596157802133233046765886111232364888122044248364337679871238586368328162949690402555455105730526782607554965105397981165955237147410795198207501471086661228913863519895541274917413085181538622290408156359250935808.000000000000000000
connection 6 21 -6.521614488158547829 0 0.000000000000000000 120011542079547883745078668472887402522034086383089047403211100882950097596157802133233046765886111232364888122044248364337679871238586368328162949690402555455105730526782607554965105397981165955237147410795198207501471086661228913863519895541274917413085181538622290408156359250935808.000000000000000000
connection 6 22 -5.353565568325499235 0 0.000000000000000000 120011542079547883745078668472887402522034086383089047403211100882950097596157802133233046765886111232364888122044248364337679871238586368328162949690402555455105730526782607554965105397981165955237147410795198207501471086661228913863519895541274917413085181538622290408156359250935808.000000000000000000
connection 6 23 -5.858128276953808111 0 0.000000000000000000 120011542079547883745078668472887402522034086383089047403211100882950097596157802133233046765886111232364888122044248364337679871238586368328162949690402555455105730526782607554965105397981165955237147410795198207501471086661228913863519895541274917413085181538622290408156359250935808.000000000000000000
connection 7 20 -6.458974272479473200 0 0.000000000000000000 120011542079547883745078668472887402522034086383089047403211100882950097596157802133233046765886111232364888122044248364337679871238586368328162949690402555455105730526782607554965105397981165955237147410795198207501471086661228913863519895541274917413085181538622290408156359250935808.000000000000000000
connection 7 21 -6.973369649688780036 0 0.000000000000000000 120011542079547883745078668472887402522034086383089047403211100882950097596157802133233046765886111232364888122044248364337679871238586368328162949690402555455105730526782607554965105397981165955237147410795198207501471086661228913863519895541274917413085181538622290408156359250935808.000000000000000000
connection 7 22 -6.246792066853651626 0 0.000000000000000000 120011542079547883745078668472887402522034086383089047403211100882950097596157802133233046765886111232364888122044248364337679871238586368328162949690402555455105730526782607554965105397981165955237147410795198207501471086661228913863519895541274917413085181538622290408156359250935808.000000000000000000
connection 7 23 -6.287641508316214711 0 0.000000000000000000 120011542079547883745078668472887402522034086383089047403211100882950097596157802133233046765886111232364888122044248364337679871238586368328162949690402555455105730526782607554965105397981165955237147410795198207501471086661228913863519895541274917413085181538622290408156359250935808.000000000000000000
connection 8 20 -5.551188968287607217 0 0.000000000000000000 120011542079547883745078668472887402522034086383089047403211100882950097596157802133233046765886111232364888122044248364337679871238586368328162949690402555455105730526782607554965105397981165955237147410795198207501471086661228913863519895541274917413085181538622290408156359250935808.000000000000000000
connection 8 21 -6.808066016528714570 0 0.000000000000000000 120011542079547883745078668472887402522034086383089047403211100882950097596157802133233046765886111232364888122044248364337679871238586368328162949690402555455105730526782607554965105397981165955237147410795198207501471086661228913863519895541274917413085181538622290408156359250935808.000000000000000000
connection 8 22 -6.183840686732068548 0 0.000000000000000000 120011542079547883745078668472887402522034086383089047403211100882950097596157802133233046765886111232364888122044248364337679871238586368328162949690402555455105730526782607554965105397981165955237147410795198207501471086661228913863519895541274917413085181538622290408156359250935808.000000000000000000
connection 8 23 -5.803898172455948412 0 0.000000000000000000 120011542079547883745078668472887402522034086383089047403211100882950097596157802133233046765886111232364888122044248364337679871238586368328162949690402555455105730526782607554965105397981165955237147410795198207501471086661228913863519895541274917413085181538622290408156359250935808.000000000000000000
connection 9 20 -3.022073006994946631 0 0.000000000000000000 120011542079547883745078668472887402522034086383089047403211100882950097596157802133233046765886111232364888122044248364337679871238586368328162949690402555455105730526782607554965105397981165955237147410795198207501471086661228913863519895541274917413085181538622290408156359250935808.000000000000000000
connection 9 21 -5.804003846377605136 0 0.000000000000000000 120011542079547883745078668472887402522034086383089047403211100882950097596157802133233046765886111232364888122044248364337679871238586368328162949690402555455105730526782607554965105397981165955237147410795198207501471086661228913863519895541274917413085181538622290408156359250935808.000000000000000000
connection 9 22 -5.076058470676538370 0 0.000000000000000000 120011542079547883745078668472887402522034086383089047403211100882950097596157802133233046765886111232364888122044248364337679871238586368328162949690402555455105730526782607554965105397981165955237147410795198207501471086661228913863519895541274917413085181538622290408156359250935808.000000000000000000
connection 9 23 -4.075544903948171260 0 0.000000000000000000 120011542079547883745078668472887402522034086383089047403211100882950097596157802133233046765886111232364888122044248364337679871238586368328162949690402555455105730526782607554965105397981165955237147410795198207501471086661228913863519895541274917413085181538622290408156359250935808.000000000000000000
connection 10 20 1.031909355817501650 0 0.000000000000000000 120011542079547883745078668472887402522034086383089047403211100882950097596157802133233046765886111232364888122044248364337679871238586368328162949690402555455105730526782607554965105397981165955237147410795198207501471086661228913863519895541274917413085181538622290408156359250935808.000000000000000000
connection 10 21 -3.139169564691149716 0 0.000000000000000000 120011542079547883745078668472887402522034086383089047403211100882950097596157802133233046765886111232364888122044248364337679871238586368328162949690402555455105730526782607554965105397981165955237147410795198207501471086661228913863519895541274917413085181538622290408156359250935808.000000000000000000
connection 10 22 -2.291302272509345705 0 0.000000000000000000 120011542079547883745078668472887402522034086383089047403211100882950097596157802133233046765886111232364888122044248364337679871238586368328162949690402555455105730526782607554965105397981165955237147410795198207501471086661228913863519895541274917413085181538622290408156359250935808.000000000000000000
connection 10 23 -0.823949824278880305 0 0.000000000000000000 120011542079547883745078668472887402522034086383089047403211100882950097596157802133233046765886111232364888122044248364337679871238586368328162949690402555455105730526782607554965105397981165955237147410795198207501471086661228913863519895541274917413085181538622290408156359250935808.000000000000000000
connection 11 21 1.002985299432563648 0 0.000000000000000000 120011542079547883745078668472887402522034086383089047403211100882950097596157802133233046765886111232364888122044248364337679871238586368328162949690402555455105730526782607554965105397981165955237147410795198207501471086661228913863519895541274917413085181538622290408156359250935808.000000000000000000
connection 11 22 1.650955864642382087 0 0.000000000000000000 120011542079547883745078668472887402522034086383089047403211100882950097596157802133233046765886111232364888122044248364337679871238586368328162949690402555455105730526782607554965105397981165955237147410795198207501471086661228913863519895541274917413085181538622290408156359250935808.000000000000000000
connection 11 23 2.598240889620876182 0 0.000000000000000000 120011542079547883745078668472887402522034086383089047403211100882950097596157802133233046765886111232364888122044248364337679871238586368328162949690402555455105730526782607554965105397981165955237147410795198207501471086661228913863519895541274917413085181538622290408156359250935808.000000000000000000
connection 20 20 -6.525484167992527063 0 0.000000000000000000 120011542079547883745078668472887402522034086383089047403211100882950097596157802133233046765886111232364888122044248364337679871238586368328162949690402555455105730526782607554965105397981165955237147410795198207501471086661228913863519895541274917413085181538622290408156359250935808.000000000000000000
connection 20 22 -5.963305216179500157 0 0.000000000000000000 120011542079547883745078668472887402522034086383089047403211100882950097596157802133233046765886111232364888122044248364337679871238586368328162949690402555455105730526782607554965105397981165955237147410795198207501471086661228913863519895541274917413085181538622290408156359250935808.000000000000000000
connection 20 23 -6.176837995296283523 0 0.000000000000000000 120011542079547883745078668472887402522034086383089047403211100882950097596157802133233046765886111232364888122044248364337679871238586368328162949690402555455105730526782607554965105397981165955237147410795198207501471086661228913863519895541274917413085181538622290408156359250935808.000000000000000000
connection 21 20 -6.772256694060597937 0 0.000000000000000000 120011542079547883745078668472887402522034086383089047403211100882950097596157802133233046765886111232364888122044248364337679871238586368328162949690402555455105730526782607554965105397981165955237147410795198207501471086661228913863519895541274917413085181538622290408156359250935808.000000000000000000
connection 21 22 -6.390202942536760133 0 0.000000000000000000 120011542079547883745078668472887402522034086383089047403211100882950097596157802133233046765886111232364888122044248364337679871238586368328162949690402555455105730526782607554965105397981165955237147410795198207501471086661228913863519895541274917413085181538622290408156359250935808.000000000000000000
connection 21 23 -6.087059146686985223 0 0.000000000000000000 120011542079547883745078668472887402522034086383089047403211100882950097596157802133233046765886111232364888122044248364337679871238586368328162949690402555455105730526782607554965105397981165955237147410795198207501471086661228913863519895541274917413085181538622290408156359250935808.000000000000000000
connection 22 20 5.578964762233861840 0 0.000000000000000000 120011542079547883745078668472887402522034086383089047403211100882950097596157802133233046765886111232364888122044248364337679871238586368328162949690402555455105730526782607554965105397981165955237147410795198207501471086661228913863519895541274917413085181538622290408156359250935808.000000000000000000
connection 22 21 5.922707354855599959 0 0.000000000000000000 120011542079547883745078668472887402522034086383089047403211100882950097596157802133233046765886111232364888122044248364337679871238586368328162949690402555455105730526782607554965105397981165955237147410795198207501471086661228913863519895541274917413085181538622290408156359250935808.000000000000000000
connection 22 22 5.961937668572630855 0 0.000000000000000000 120011542079547883745078668472887402522034086383089047403211100882950097596157802133233046765886111232364888122044248364337679871238586368328162949690402555455105730526782607554965105397981165955237147410795198207501471086661228913863519895541274917413085181538622290408156359250935808.000000000000000000
connection 22 23 5.694842947958755452 0 0.000000000000000000 120011542079547883745078668472887402522034086383089047403211100882950097596157802133233046765886111232364888122044248364337679871238586368328162949690402555455105730526782607554965105397981165955237147410795198207501471086661228913863519895541274917413085181538622290408156359250935808.000000000000000000
connection 23 20 5.879775020238060534 0 0.000000000000000000 120011542079547883745078668472887402522034086383089047403211100882950097596157802133233046765886111232364888122044248364337679871238586368328162949690402555455105730526782607554965105397981165955237147410795198207501471086661228913863519895541274917413085181538622290408156359250935808.000000000000000000
connection 23 21 6.045962348742296655 0 0.000000000000000000 120011542079547883745078668472887402522034086383089047403211100882950097596157802133233046765886111232364888122044248364337679871238586368328162949690402555455105730526782607554965105397981165955237147410795198207501471086661228913863519895541274917413085181538622290408156359250935808.000000000000000000
connection 23 22 6.247574086842956120 0 0.000000000000000000 120011542079547883745078668472887402522034086383089047403211100882950097596157802133233046765886111232364888122044248364337679871238586368328162949690402555455105730526782607554965105397981165955237147410795198207501471086661228913863519895541274917413085181538622290408156359250935808.000000000000000000
connection 23 23 6.200908936928486881 0 0.000000000000000000 120011542079547883745078668472887402522034086383089047403211100882950097596157802133233046765886111232364888122044248364337679871238586368328162949690402555455105730526782607554965105397981165955237147410795198207501471086661228913863519895541274917413085181538622290408156359250935808.000000000000000000
connection 22 18 6.048962933107945972 0 0.000000000000000000 120011542079547883745078668472887402522034086383089047403211100882950097596157802133233046765886111232364888122044248364337679871238586368328162949690402555455105730526782607554965105397981165955237147410795198207501471086661228913863519895541274917413085181538622290408156359250935808.000000000000000000
connection 21 19 -6.144179430977147582 0 0.000000000000000000 120011542079547883745078668472887402522034086383089047403211100882950097596157802133233046765886111232364888122044248364337679871238586368328162949690402555455105730526782607554965105397981165955237147410795198207501471086661228913863519895541274917413085181538622290408156359250935808.000000000000000000
connection 22 19 6.169247196832627012 0 0.000000000000000000 120011542079547883745078668472887402522034086383089047403211100882950097596157802133233046765886111232364888122044248364337679871238586368328162949690402555455105730526782607554965105397981165955237147410795198207501471086661228913863519895541274917413085181538622290408156359250935808.000000000000000000
connection 23 19 6.442943267587807554 0 0.000000000000000000 120011542079547883745078668472887402522034086383089047403211100882950097596157802133233046765886111232364888122044248364337679871238586368328162949690402555455105730526782607554965105397981165955237147410795198207501471086661228913863519895541274917413085181538622290408156359250935808.000000000000000000
NNend

