NNstart
12 6
neuron 1 1.000000000000000000 0.000000000000000000 0.000000000000000000 -0.000000000000000000 11 0.000000000000000000
neuron 1 1.000000000000000000 0.000000000000000000 0.000000000000000000 -0.000000000000000000 11 0.000000000000000000
neuron 1 1.000000000000000000 0.000000000000000000 0.000000000000000000 -0.000000000000000000 11 0.000000000000000000
neuron 1 1.000000000000000000 0.000000000000000000 0.000000000000000000 -0.000000000000000000 11 0.000000000000000000
neuron 1 1.000000000000000000 0.000000000000000000 0.000000000000000000 -0.000000000000000000 11 0.000000000000000000
neuron 1 1.000000000000000000 0.000000000000000000 0.000000000000000000 -0.000000000000000000 11 0.000000000000000000
neuron 1 1.000000000000000000 0.000000000000000000 0.000000000000000000 -0.000000000000000000 11 0.000000000000000000
neuron 1 1.000000000000000000 0.000000000000000000 0.000000000000000000 -0.000000000000000000 11 0.000000000000000000
neuron 1 1.000000000000000000 0.000000000000000000 0.000000000000000000 -0.000000000000000000 11 0.000000000000000000
neuron 1 1.000000000000000000 0.000000000000000000 0.000000000000000000 -0.000000000000000000 11 0.000000000000000000
neuron 1 1.000000000000000000 0.000000000000000000 0.000000000000000000 -0.000000000000000000 11 0.000000000000000000
neuron 2 1.000000000000000000 0.000000000000000000 0.000000000000000000 0.000000000000000000 11 0.000000000000000000
neuron 4 1.000000000000000000 0.000000000000000000 0.000000000000000000 -0.000000000000000000 1 0.000000000000000000
neuron 4 1.000000000000000000 0.000000000000000000 0.000000000000000000 -0.000000000000000000 1 0.000000000000000000
neuron 4 1.000000000000000000 0.000000000000000000 0.000000000000000000 -0.000000000000000000 1 0.000000000000000000
neuron 4 1.000000000000000000 0.000000000000000000 0.000000000000000000 -0.000000000000000000 1 0.000000000000000000
neuron 4 1.000000000000000000 0.000000000000000000 0.000000000000000000 -0.000000000000000000 1 0.000000000000000000
neuron 4 1.000000000000000000 0.000000000000000000 0.000000000000000000 -0.000000000000000000 1 0.000000000000000000
neuron 3 1.000000000000000000 0.000000000000000000 0.000000000000000000 -0.000000000000000000 0 0.000000000000000000
neuron 3 1.000000000000000000 0.000000000000000000 0.000000000000000000 -0.000000000000000000 0 0.000000000000000000
neuron 3 1.000000000000000000 0.000000000000000000 0.000000000000000000 -0.000000000000000000 0 0.000000000000000000
neuron 3 1.000000000000000000 0.000000000000000000 0.000000000000000000 -0.000000000000000000 0 0.000000000000000000
neuron 3 1.000000000000000000 0.000000000000000000 0.000000000000000000 -0.000000000000000000 0 0.000000000000000000
neuron 3 1.000000000000000000 0.000000000000000000 0.000000000000000000 -0.000000000000000000 0 0.000000000000000000
neuron 3 1.000000000000000000 0.000000000000000000 0.000000000000000000 -0.000000000000000000 0 0.000000000000000000
neuron 3 1.000000000000000000 0.000000000000000000 0.000000000000000000 -0.000000000000000000 0 0.000000000000000000
neuron 3 1.000000000000000000 0.000000000000000000 0.000000000000000000 -0.000000000000000000 0 0.000000000000000000
neuron 3 1.000000000000000000 0.000000000000000000 0.000000000000000000 -0.000000000000000000 0 0.000000000000000000
neuron 3 1.000000000000000000 0.000000000000000000 0.000000000000000000 -0.000000000000000000 0 0.000000000000000000
neuron 3 1.000000000000000000 0.000000000000000000 0.000000000000000000 -0.000000000000000000 0 0.000000000000000000
neuron 3 1.000000000000000000 0.000000000000000000 0.000000000000000000 -0.000000000000000000 0 0.000000000000000000
neuron 3 1.000000000000000000 0.000000000000000000 0.000000000000000000 -0.000000000000000000 0 0.000000000000000000
neuron 3 1.000000000000000000 0.000000000000000000 0.000000000000000000 -0.000000000000000000 0 0.000000000000000000
neuron 3 1.000000000000000000 0.000000000000000000 0.000000000000000000 -0.000000000000000000 0 0.000000000000000000
neuron 3 1.000000000000000000 0.000000000000000000 0.000000000000000000 -0.000000000000000000 0 0.000000000000000000
neuron 3 1.000000000000000000 0.000000000000000000 0.000000000000000000 -0.000000000000000000 0 0.000000000000000000
neuron 3 1.000000000000000000 0.000000000000000000 0.000000000000000000 -0.000000000000000000 0 0.000000000000000000
neuron 3 1.000000000000000000 0.000000000000000000 0.000000000000000000 -0.000000000000000000 0 0.000000000000000000
neuron 3 1.000000000000000000 0.000000000000000000 0.000000000000000000 -0.000000000000000000 0 0.000000000000000000
neuron 3 1.000000000000000000 0.000000000000000000 0.000000000000000000 -0.000000000000000000 0 0.000000000000000000
neuron 3 1.000000000000000000 0.000000000000000000 0.000000000000000000 -0.000000000000000000 0 0.000000000000000000
neuron 3 1.000000000000000000 0.000000000000000000 0.000000000000000000 -0.000000000000000000 0 0.000000000000000000
neuron 3 1.000000000000000000 0.000000000000000000 0.000000000000000000 -0.000000000000000000 0 0.000000000000000000
neuron 3 1.000000000000000000 0.000000000000000000 0.000000000000000000 -0.000000000000000000 0 0.000000000000000000
neuron 3 1.000000000000000000 0.000000000000000000 0.000000000000000000 -0.000000000000000000 0 0.000000000000000000
neuron 3 1.000000000000000000 0.000000000000000000 0.000000000000000000 -0.000000000000000000 0 0.000000000000000000
neuron 3 1.000000000000000000 0.000000000000000000 0.000000000000000000 -0.000000000000000000 0 0.000000000000000000
neuron 3 1.000000000000000000 0.000000000000000000 0.000000000000000000 -0.000000000000000000 0 0.000000000000000000
neuron 3 1.000000000000000000 0.000000000000000000 0.000000000000000000 -0.000000000000000000 0 0.000000000000000000
neuron 3 1.000000000000000000 0.000000000000000000 0.000000000000000000 -0.000000000000000000 0 0.000000000000000000
neuron 3 1.000000000000000000 0.000000000000000000 0.000000000000000000 -0.000000000000000000 0 0.000000000000000000
neuron 3 1.000000000000000000 0.000000000000000000 0.000000000000000000 -0.000000000000000000 0 0.000000000000000000
neuron 3 1.000000000000000000 0.000000000000000000 0.000000000000000000 -0.000000000000000000 0 0.000000000000000000
neuron 3 1.000000000000000000 0.000000000000000000 0.000000000000000000 -0.000000000000000000 0 0.000000000000000000
neuron 3 1.000000000000000000 0.000000000000000000 0.000000000000000000 -0.000000000000000000 0 0.000000000000000000
neuron 3 1.000000000000000000 0.000000000000000000 0.000000000000000000 -0.000000000000000000 0 0.000000000000000000
neuron 3 1.000000000000000000 0.000000000000000000 0.000000000000000000 -0.000000000000000000 0 0.000000000000000000
neuron 3 1.000000000000000000 0.000000000000000000 0.000000000000000000 -0.000000000000000000 0 0.000000000000000000
neuron 3 1.000000000000000000 0.000000000000000000 0.000000000000000000 -0.000000000000000000 0 0.000000000000000000
neuron 3 1.000000000000000000 0.000000000000000000 0.000000000000000000 -0.000000000000000000 0 0.000000000000000000
neuron 3 1.000000000000000000 0.000000000000000000 0.000000000000000000 -0.000000000000000000 0 0.000000000000000000
neuron 3 1.000000000000000000 0.000000000000000000 0.000000000000000000 -0.000000000000000000 0 0.000000000000000000
neuron 3 1.000000000000000000 0.000000000000000000 0.000000000000000000 -0.000000000000000000 0 0.000000000000000000
neuron 3 1.000000000000000000 0.000000000000000000 0.000000000000000000 -0.000000000000000000 0 0.000000000000000000
neuron 3 1.000000000000000000 0.000000000000000000 0.000000000000000000 -0.000000000000000000 0 0.000000000000000000
neuron 3 1.000000000000000000 0.000000000000000000 0.000000000000000000 -0.000000000000000000 0 0.000000000000000000
neuron 3 1.000000000000000000 0.000000000000000000 0.000000000000000000 -0.000000000000000000 0 0.000000000000000000
neuron 3 1.000000000000000000 0.000000000000000000 0.000000000000000000 -0.000000000000000000 0 0.000000000000000000
neuron 3 1.000000000000000000 0.000000000000000000 0.000000000000000000 -0.000000000000000000 0 0.000000000000000000
neuron 3 1.000000000000000000 0.000000000000000000 0.000000000000000000 -0.000000000000000000 0 0.000000000000000000
neuron 3 1.000000000000000000 0.000000000000000000 0.000000000000000000 -0.000000000000000000 0 0.000000000000000000
neuron 3 1.000000000000000000 0.000000000000000000 0.000000000000000000 -0.000000000000000000 0 0.000000000000000000
neuron 3 1.000000000000000000 0.000000000000000000 0.000000000000000000 -0.000000000000000000 0 0.000000000000000000
neuron 3 1.000000000000000000 0.000000000000000000 0.000000000000000000 -0.000000000000000000 0 0.000000000000000000
neuron 3 1.000000000000000000 0.000000000000000000 0.000000000000000000 -0.000000000000000000 0 0.000000000000000000
neuron 3 1.000000000000000000 0.000000000000000000 0.000000000000000000 -0.000000000000000000 0 0.000000000000000000
neuron 3 1.000000000000000000 0.000000000000000000 0.000000000000000000 -0.000000000000000000 0 0.000000000000000000
neuron 3 1.000000000000000000 0.000000000000000000 0.000000000000000000 -0.000000000000000000 0 0.000000000000000000
neuron 3 1.000000000000000000 0.000000000000000000 0.000000000000000000 -0.000000000000000000 0 0.000000000000000000
neuron 3 1.000000000000000000 0.000000000000000000 0.000000000000000000 -0.000000000000000000 0 0.000000000000000000
neuron 3 1.000000000000000000 0.000000000000000000 0.000000000000000000 -0.000000000000000000 0 0.000000000000000000
neuron 3 1.000000000000000000 0.000000000000000000 0.000000000000000000 -0.000000000000000000 0 0.000000000000000000
neuron 3 1.000000000000000000 0.000000000000000000 0.000000000000000000 -0.000000000000000000 0 0.000000000000000000
neuron 3 1.000000000000000000 0.000000000000000000 0.000000000000000000 -0.000000000000000000 0 0.000000000000000000
neuron 3 1.000000000000000000 0.000000000000000000 0.000000000000000000 -0.000000000000000000 0 0.000000000000000000
neuron 3 1.000000000000000000 0.000000000000000000 0.000000000000000000 -0.000000000000000000 0 0.000000000000000000
neuron 3 1.000000000000000000 0.000000000000000000 0.000000000000000000 -0.000000000000000000 0 0.000000000000000000
neuron 3 1.000000000000000000 0.000000000000000000 0.000000000000000000 -0.000000000000000000 0 0.000000000000000000
connection 0 18 -1.727721903372968715 0 0.000000000000000000 -0.000000000000000000
connection 0 19 -1.122062307964504901 0 0.000000000000000000 -0.000000000000000000
connection 0 20 -3.489873013237541066 0 0.000000000000000000 -0.000000000000000000
connection 1 18 -2.898146587513874106 0 0.000000000000000000 -0.000000000000000000
connection 1 21 -0.454929763877270354 0 0.000000000000000000 -0.000000000000000000
connection 1 19 -2.079599454113918444 0 0.000000000000000000 -0.000000000000000000
connection 1 20 -5.017302309885286249 0 0.000000000000000000 -0.000000000000000000
connection 2 19 -3.323500147562793661 0 0.000000000000000000 -0.000000000000000000
connection 4 21 -3.295494684274167252 0 0.000000000000000000 -0.000000000000000000
connection 5 21 -4.675009034907168015 0 0.000000000000000000 -0.000000000000000000
connection 6 20 -7.792743521709057042 0 0.000000000000000000 -0.000000000000000000
connection 7 20 -7.819397954588016120 0 0.000000000000000000 -0.000000000000000000
connection 8 18 -7.845007235705659276 0 0.000000000000000000 -0.000000000000000000
connection 8 20 -7.797956116446808750 0 0.000000000000000000 -0.000000000000000000
connection 9 18 -7.866531593644426223 0 0.000000000000000000 -0.000000000000000000
connection 9 20 -7.714750382806156104 0 0.000000000000000000 -0.000000000000000000
connection 10 18 -7.852353675691961854 0 0.000000000000000000 -0.000000000000000000
connection 10 20 -7.518472399063202083 0 0.000000000000000000 -0.000000000000000000
connection 11 18 -7.793512878401639199 0 0.000000000000000000 -0.000000000000000000
connection 11 19 -7.842750225415105803 0 0.000000000000000000 -0.000000000000000000
connection 11 22 -6.818600056944610799 0 0.000000000000000000 -0.000000000000000000
connection 11 23 -7.674586615046409932 0 0.000000000000000000 -0.000000000000000000
connection 11 24 -7.287217543306830692 0 0.000000000000000000 -0.000000000000000000
connection 11 25 -2.533831241880799112 0 0.000000000000000000 -0.000000000000000000
connection 11 26 -6.110074145454017724 0 0.000000000000000000 -0.000000000000000000
connection 11 27 -4.255091053416647284 0 0.000000000000000000 -0.000000000000000000
connection 18 28 6.616843706922975521 0 0.000000000000000000 -0.000000000000000000
connection 18 29 -5.838708672284504964 0 0.000000000000000000 -0.000000000000000000
connection 18 30 -5.179232872311433589 0 0.000000000000000000 -0.000000000000000000
connection 18 31 0.650908518251320123 0 0.000000000000000000 -0.000000000000000000
connection 18 21 -7.717874366423215449 0 0.000000000000000000 -0.000000000000000000
connection 18 38 -7.539583177717346096 0 0.000000000000000000 -0.000000000000000000
connection 18 45 0.242594803595199859 0 0.000000000000000000 -0.000000000000000000
connection 18 24 -6.805254688655131723 0 0.000000000000000000 -0.000000000000000000
connection 20 28 7.651425170690414390 0 0.000000000000000000 -0.000000000000000000
connection 20 30 3.642406382933059739 0 0.000000000000000000 -0.000000000000000000
connection 20 31 6.545580510049800793 0 0.000000000000000000 -0.000000000000000000
connection 20 48 7.421970925880100545 0 0.000000000000000000 -0.000000000000000000
connection 20 49 -1.114255105170065319 0 0.000000000000000000 -0.000000000000000000
connection 20 50 -4.969927127490457508 0 0.000000000000000000 -0.000000000000000000
connection 20 52 4.969537569331833105 0 0.000000000000000000 -0.000000000000000000
connection 20 58 6.294696748453528556 0 0.000000000000000000 -0.000000000000000000
connection 20 45 7.308599423202639223 0 0.000000000000000000 -0.000000000000000000
connection 20 59 5.304407290095816130 0 0.000000000000000000 -0.000000000000000000
connection 20 23 7.585171913625327278 0 0.000000000000000000 -0.000000000000000000
connection 20 62 6.176961209580470680 0 0.000000000000000000 -0.000000000000000000
connection 20 25 -0.719382810360796876 0 0.000000000000000000 -0.000000000000000000
connection 20 26 0.987161018522404787 0 0.000000000000000000 -0.000000000000000000
connection 20 27 -2.784984023647018692 0 0.000000000000000000 -0.000000000000000000
connection 20 65 -2.802174072555936313 0 0.000000000000000000 -0.000000000000000000
connection 21 28 1.113568373176073711 0 0.000000000000000000 -0.000000000000000000
connection 21 66 2.307594748532372009 0 0.000000000000000000 -0.000000000000000000
connection 21 67 4.624848934374189646 0 0.000000000000000000 -0.000000000000000000
connection 21 68 6.921134339362500221 0 0.000000000000000000 -0.000000000000000000
connection 21 21 -1.896359095285334861 0 0.000000000000000000 -0.000000000000000000
connection 21 69 -2.956138334161339198 0 0.000000000000000000 -0.000000000000000000
connection 21 38 -5.440612787777501680 0 0.000000000000000000 -0.000000000000000000
connection 21 22 7.617279918957092555 0 0.000000000000000000 -0.000000000000000000
connection 21 24 7.127619132989623019 0 0.000000000000000000 -0.000000000000000000
connection 21 73 7.708009334932488521 0 0.000000000000000000 -0.000000000000000000
connection 23 28 6.863569492745765110 0 0.000000000000000000 -0.000000000000000000
connection 23 31 4.301267715191966268 0 0.000000000000000000 -0.000000000000000000
connection 23 77 -3.047373645702511347 0 0.000000000000000000 -0.000000000000000000
connection 23 50 -4.814842683994707606 0 0.000000000000000000 -0.000000000000000000
connection 23 78 -2.241486526776208521 0 0.000000000000000000 -0.000000000000000000
connection 23 52 1.803685286807760635 0 0.000000000000000000 -0.000000000000000000
connection 23 58 6.567618958934890117 0 0.000000000000000000 -0.000000000000000000
connection 23 22 7.333235458233173354 0 0.000000000000000000 -0.000000000000000000
connection 23 23 7.652928868016833697 0 0.000000000000000000 -0.000000000000000000
connection 23 62 7.329069698490511264 0 0.000000000000000000 -0.000000000000000000
connection 23 25 2.179649901329379524 0 0.000000000000000000 -0.000000000000000000
connection 23 26 4.954920762664543510 0 0.000000000000000000 -0.000000000000000000
connection 23 27 0.308247645888166166 0 0.000000000000000000 -0.000000000000000000
connection 23 65 -1.251897261672737294 0 0.000000000000000000 -0.000000000000000000
connection 22 18 7.562726568196746157 0 0.000000000000000000 -0.000000000000000000
connection 22 50 -7.319716072077008029 0 0.000000000000000000 -0.000000000000000000
connection 22 80 -4.938918823460265450 0 0.000000000000000000 -0.000000000000000000
connection 22 78 -2.937287080553541596 0 0.000000000000000000 -0.000000000000000000
connection 22 45 1.744705373640428547 0 0.000000000000000000 -0.000000000000000000
connection 22 59 -3.889415689803988219 0 0.000000000000000000 -0.000000000000000000
connection 24 83 2.332741529711720663 0 0.000000000000000000 -0.000000000000000000
connection 24 48 6.675792822096966006 0 0.000000000000000000 -0.000000000000000000
connection 24 21 -0.316169485671386030 0 0.000000000000000000 -0.000000000000000000
connection 24 58 7.628837146151601800 0 0.000000000000000000 -0.000000000000000000
connection 24 22 7.561055812294213752 0 0.000000000000000000 -0.000000000000000000
connection 24 23 7.814686674700314306 0 0.000000000000000000 -0.000000000000000000
connection 24 24 7.423157029409838792 0 0.000000000000000000 -0.000000000000000000
connection 24 25 4.002341949251732700 0 0.000000000000000000 -0.000000000000000000
connection 24 26 6.355951360846104237 0 0.000000000000000000 -0.000000000000000000
connection 24 27 3.553846261479220114 0 0.000000000000000000 -0.000000000000000000
connection 24 65 1.412184163550100013 0 0.000000000000000000 -0.000000000000000000
connection 19 83 0.499005378883381978 0 0.000000000000000000 -0.000000000000000000
connection 19 48 1.135734468866198554 0 0.000000000000000000 -0.000000000000000000
connection 19 84 4.956924302958080730 0 0.000000000000000000 -0.000000000000000000
connection 19 66 2.567307004664066916 0 0.000000000000000000 -0.000000000000000000
connection 19 67 4.859062470391368294 0 0.000000000000000000 -0.000000000000000000
connection 19 21 0.383753394607899589 0 0.000000000000000000 -0.000000000000000000
connection 19 69 0.887594950203742128 0 0.000000000000000000 -0.000000000000000000
connection 19 20 7.654989288898831568 0 0.000000000000000000 -0.000000000000000000
connection 25 18 7.739060641464662105 0 0.000000000000000000 -0.000000000000000000
connection 25 50 -6.150878761297835950 0 0.000000000000000000 -0.000000000000000000
connection 25 52 6.579585629087628007 0 0.000000000000000000 -0.000000000000000000
connection 25 69 5.944148803705047612 0 0.000000000000000000 -0.000000000000000000
connection 25 87 1.027927333339065941 0 0.000000000000000000 -0.000000000000000000
connection 25 45 2.088381918709921958 0 0.000000000000000000 -0.000000000000000000
connection 25 59 -2.673242961024504094 0 0.000000000000000000 -0.000000000000000000
connection 26 18 7.735496802585622333 0 0.000000000000000000 -0.000000000000000000
connection 26 50 -4.898878798502674492 0 0.000000000000000000 -0.000000000000000000
connection 26 52 6.149449584614093745 0 0.000000000000000000 -0.000000000000000000
connection 26 69 6.775172250068667523 0 0.000000000000000000 -0.000000000000000000
connection 26 45 6.692022472725324356 0 0.000000000000000000 -0.000000000000000000
connection 26 59 3.554279632858823756 0 0.000000000000000000 -0.000000000000000000
connection 26 23 7.366612725087327007 0 0.000000000000000000 -0.000000000000000000
connection 26 62 4.659973635381454926 0 0.000000000000000000 -0.000000000000000000
connection 26 73 -2.608826530126371779 0 0.000000000000000000 -0.000000000000000000
connection 27 18 7.769728876218457536 0 0.000000000000000000 -0.000000000000000000
connection 27 49 0.401700573101409664 0 0.000000000000000000 -0.000000000000000000
connection 27 77 -1.894758897074870774 0 0.000000000000000000 -0.000000000000000000
connection 27 50 -2.786456072582252030 0 0.000000000000000000 -0.000000000000000000
connection 27 78 3.571148001423289031 0 0.000000000000000000 -0.000000000000000000
connection 27 52 6.774700270368521515 0 0.000000000000000000 -0.000000000000000000
connection 27 69 7.352594144371960461 0 0.000000000000000000 -0.000000000000000000
connection 27 58 6.866984667028722455 0 0.000000000000000000 -0.000000000000000000
connection 27 45 7.037388622438289332 0 0.000000000000000000 -0.000000000000000000
connection 27 59 4.748770541367052900 0 0.000000000000000000 -0.000000000000000000
connection 27 23 7.613165476893970940 0 0.000000000000000000 -0.000000000000000000
connection 27 62 6.194576039523252753 0 0.000000000000000000 -0.000000000000000000
connection 27 73 -0.758258105775774904 0 0.000000000000000000 -0.000000000000000000
connection 77 12 -1.617214905606086495 0 0.000000000000000000 -0.000000000000000000
connection 23 12 -3.078863129854767955 0 0.000000000000000000 -0.000000000000000000
connection 24 12 -0.501235218846579844 0 0.000000000000000000 -0.000000000000000000
connection 26 12 -3.717524909701863223 0 0.000000000000000000 -0.000000000000000000
connection 27 12 -1.984068694411706746 0 0.000000000000000000 -0.000000000000000000
connection 65 12 -4.147091351319164509 0 0.000000000000000000 -0.000000000000000000
connection 77 13 -2.858910690263726906 0 0.000000000000000000 -0.000000000000000000
connection 50 13 -0.413440919838895971 0 0.000000000000000000 -0.000000000000000000
connection 80 13 -3.486830210424866294 0 0.000000000000000000 -0.000000000000000000
connection 78 13 -1.806702839040637221 0 0.000000000000000000 -0.000000000000000000
connection 52 13 -3.921539396507925268 0 0.000000000000000000 -0.000000000000000000
connection 23 13 -4.575447401404265868 0 0.000000000000000000 -0.000000000000000000
connection 24 13 -1.251018726266067249 0 0.000000000000000000 -0.000000000000000000
connection 73 13 -5.363921981716063492 0 0.000000000000000000 -0.000000000000000000
connection 50 14 -1.114151073975537365 0 0.000000000000000000 -0.000000000000000000
connection 22 14 -7.681670912654386285 0 0.000000000000000000 -0.000000000000000000
connection 24 14 -2.326706070645396807 0 0.000000000000000000 -0.000000000000000000
connection 18 15 -7.770995578248271585 0 0.000000000000000000 -0.000000000000000000
connection 50 15 -2.169445831503446609 0 0.000000000000000000 -0.000000000000000000
connection 22 15 -7.573257754652749085 0 0.000000000000000000 -0.000000000000000000
connection 24 15 -3.439966187656741337 0 0.000000000000000000 -0.000000000000000000
connection 73 15 -6.296307162123526702 0 0.000000000000000000 -0.000000000000000000
connection 83 16 -7.584166632076443371 0 0.000000000000000000 -0.000000000000000000
connection 48 16 -7.709378114046202768 0 0.000000000000000000 -0.000000000000000000
connection 84 16 1.619353458713787441 0 0.000000000000000000 -0.000000000000000000
connection 66 16 -5.999003410974210304 0 0.000000000000000000 -0.000000000000000000
connection 67 16 -6.803343822047249745 0 0.000000000000000000 -0.000000000000000000
connection 68 16 -1.934397395789700269 0 0.000000000000000000 -0.000000000000000000
connection 49 16 -7.812258610693813665 0 0.000000000000000000 -0.000000000000000000
connection 69 16 -4.239371021330887501 0 0.000000000000000000 -0.000000000000000000
connection 38 16 -0.697824780154600699 0 0.000000000000000000 -0.000000000000000000
connection 87 16 0.258569434189399594 0 0.000000000000000000 -0.000000000000000000
connection 58 16 -0.917073574551066084 0 0.000000000000000000 -0.000000000000000000
connection 22 16 -6.129848221729951696 0 0.000000000000000000 -0.000000000000000000
connection 23 16 -6.986739901274619413 0 0.000000000000000000 -0.000000000000000000
connection 24 16 -3.509026960233752934 0 0.000000000000000000 -0.000000000000000000
connection 73 16 -3.922599332221306856 0 0.000000000000000000 -0.000000000000000000
connection 28 17 7.206154266204365832 0 0.000000000000000000 -0.000000000000000000
connection 29 17 -6.307681405717090684 0 0.000000000000000000 -0.000000000000000000
connection 30 17 -7.100606809656068386 0 0.000000000000000000 -0.000000000000000000
connection 31 17 -2.677986768274811080 0 0.000000000000000000 -0.000000000000000000
connection 48 17 -6.792937436425234843 0 0.000000000000000000 -0.000000000000000000
connection 84 17 6.569071998747268992 0 0.000000000000000000 -0.000000000000000000
connection 68 17 4.814210176885977077 0 0.000000000000000000 -0.000000000000000000
connection 21 17 -7.433035639069288436 0 0.000000000000000000 -0.000000000000000000
connection 69 17 -4.848299881870547168 0 0.000000000000000000 -0.000000000000000000
connection 45 17 -2.420409673821177332 0 0.000000000000000000 -0.000000000000000000
connection 59 17 -2.512507061506456640 0 0.000000000000000000 -0.000000000000000000
connection 23 17 -5.767981518167601074 0 0.000000000000000000 -0.000000000000000000
connection 62 17 -2.244748698556525479 0 0.000000000000000000 -0.000000000000000000
NNend

