NNstart
16 3
neuron 1 1.000000000000000000 0.000000000000000000 0.000000000000000000 -0.000000000000000000 11 0.000000000000000000
neuron 1 1.000000000000000000 0.000000000000000000 0.000000000000000000 -0.000000000000000000 11 0.000000000000000000
neuron 1 1.000000000000000000 0.000000000000000000 0.000000000000000000 -0.000000000000000000 11 0.000000000000000000
neuron 1 1.000000000000000000 0.000000000000000000 0.000000000000000000 -0.000000000000000000 11 0.000000000000000000
neuron 1 1.000000000000000000 0.000000000000000000 0.000000000000000000 -0.000000000000000000 11 0.000000000000000000
neuron 1 1.000000000000000000 0.000000000000000000 0.000000000000000000 -0.000000000000000000 11 0.000000000000000000
neuron 1 1.000000000000000000 0.000000000000000000 0.000000000000000000 -0.000000000000000000 11 0.000000000000000000
neuron 1 1.000000000000000000 0.000000000000000000 0.000000000000000000 -0.000000000000000000 11 0.000000000000000000
neuron 1 1.000000000000000000 0.000000000000000000 0.000000000000000000 -0.000000000000000000 11 0.000000000000000000
neuron 1 1.000000000000000000 0.000000000000000000 0.000000000000000000 -0.000000000000000000 11 0.000000000000000000
neuron 1 1.000000000000000000 0.000000000000000000 0.000000000000000000 -0.000000000000000000 11 0.000000000000000000
neuron 1 1.000000000000000000 0.000000000000000000 0.000000000000000000 -0.000000000000000000 11 0.000000000000000000
neuron 1 1.000000000000000000 0.000000000000000000 0.000000000000000000 -0.000000000000000000 11 0.000000000000000000
neuron 1 1.000000000000000000 0.000000000000000000 0.000000000000000000 -0.000000000000000000 11 0.000000000000000000
neuron 1 1.000000000000000000 0.000000000000000000 0.000000000000000000 -0.000000000000000000 11 0.000000000000000000
neuron 2 1.000000000000000000 0.000000000000000000 0.000000000000000000 0.000000000000000000 11 0.000000000000000000
neuron 4 1.000000000000000000 0.000000000000000000 0.000000000000000000 -0.000000000000000000 1 0.000000000000000000
neuron 4 1.000000000000000000 0.000000000000000000 0.000000000000000000 -0.000000000000000000 1 0.000000000000000000
neuron 4 1.000000000000000000 0.000000000000000000 0.000000000000000000 -0.000000000000000000 1 0.000000000000000000
neuron 3 1.000000000000000000 0.000000000000000000 0.000000000000000000 -0.000000000000000000 0 0.000000000000000000
neuron 3 1.000000000000000000 0.000000000000000000 0.000000000000000000 -0.000000000000000000 0 0.000000000000000000
neuron 3 1.000000000000000000 0.000000000000000000 0.000000000000000000 -0.000000000000000000 0 0.000000000000000000
neuron 3 1.000000000000000000 0.000000000000000000 0.000000000000000000 -0.000000000000000000 0 0.000000000000000000
neuron 3 1.000000000000000000 0.000000000000000000 0.000000000000000000 -0.000000000000000000 0 0.000000000000000000
neuron 3 1.000000000000000000 0.000000000000000000 0.000000000000000000 -0.000000000000000000 0 0.000000000000000000
neuron 3 1.000000000000000000 0.000000000000000000 0.000000000000000000 -0.000000000000000000 0 0.000000000000000000
neuron 3 1.000000000000000000 0.000000000000000000 0.000000000000000000 -0.000000000000000000 0 0.000000000000000000
neuron 3 1.000000000000000000 0.000000000000000000 0.000000000000000000 -0.000000000000000000 0 0.000000000000000000
neuron 3 1.000000000000000000 0.000000000000000000 0.000000000000000000 -0.000000000000000000 0 0.000000000000000000
neuron 3 1.000000000000000000 0.000000000000000000 0.000000000000000000 -0.000000000000000000 0 0.000000000000000000
neuron 3 1.000000000000000000 0.000000000000000000 0.000000000000000000 -0.000000000000000000 0 0.000000000000000000
neuron 3 1.000000000000000000 0.000000000000000000 0.000000000000000000 -0.000000000000000000 0 0.000000000000000000
neuron 3 1.000000000000000000 0.000000000000000000 0.000000000000000000 -0.000000000000000000 0 0.000000000000000000
neuron 3 1.000000000000000000 0.000000000000000000 0.000000000000000000 -0.000000000000000000 0 0.000000000000000000
neuron 3 1.000000000000000000 0.000000000000000000 0.000000000000000000 -0.000000000000000000 0 0.000000000000000000
neuron 3 1.000000000000000000 0.000000000000000000 0.000000000000000000 -0.000000000000000000 0 0.000000000000000000
neuron 3 1.000000000000000000 0.000000000000000000 0.000000000000000000 -0.000000000000000000 0 0.000000000000000000
neuron 3 1.000000000000000000 0.000000000000000000 0.000000000000000000 -0.000000000000000000 0 0.000000000000000000
neuron 3 1.000000000000000000 0.000000000000000000 0.000000000000000000 -0.000000000000000000 0 0.000000000000000000
neuron 3 1.000000000000000000 0.000000000000000000 0.000000000000000000 -0.000000000000000000 0 0.000000000000000000
neuron 3 1.000000000000000000 0.000000000000000000 0.000000000000000000 -0.000000000000000000 0 0.000000000000000000
neuron 3 1.000000000000000000 0.000000000000000000 0.000000000000000000 -0.000000000000000000 0 0.000000000000000000
neuron 3 1.000000000000000000 0.000000000000000000 0.000000000000000000 -0.000000000000000000 0 0.000000000000000000
neuron 3 1.000000000000000000 0.000000000000000000 0.000000000000000000 -0.000000000000000000 0 0.000000000000000000
neuron 3 1.000000000000000000 0.000000000000000000 0.000000000000000000 -0.000000000000000000 0 0.000000000000000000
neuron 3 1.000000000000000000 0.000000000000000000 0.000000000000000000 -0.000000000000000000 0 0.000000000000000000
neuron 3 1.000000000000000000 0.000000000000000000 0.000000000000000000 -0.000000000000000000 0 0.000000000000000000
neuron 3 1.000000000000000000 0.000000000000000000 0.000000000000000000 -0.000000000000000000 0 0.000000000000000000
neuron 3 1.000000000000000000 0.000000000000000000 0.000000000000000000 -0.000000000000000000 0 0.000000000000000000
neuron 3 1.000000000000000000 0.000000000000000000 0.000000000000000000 -0.000000000000000000 0 0.000000000000000000
neuron 3 1.000000000000000000 0.000000000000000000 0.000000000000000000 -0.000000000000000000 0 0.000000000000000000
neuron 3 1.000000000000000000 0.000000000000000000 0.000000000000000000 -0.000000000000000000 0 0.000000000000000000
neuron 3 1.000000000000000000 0.000000000000000000 0.000000000000000000 -0.000000000000000000 0 0.000000000000000000
neuron 3 1.000000000000000000 0.000000000000000000 0.000000000000000000 -0.000000000000000000 0 0.000000000000000000
neuron 3 1.000000000000000000 0.000000000000000000 0.000000000000000000 -0.000000000000000000 0 0.000000000000000000
neuron 3 1.000000000000000000 0.000000000000000000 0.000000000000000000 -0.000000000000000000 0 0.000000000000000000
neuron 3 1.000000000000000000 0.000000000000000000 0.000000000000000000 -0.000000000000000000 0 0.000000000000000000
neuron 3 1.000000000000000000 0.000000000000000000 0.000000000000000000 -0.000000000000000000 0 0.000000000000000000
neuron 3 1.000000000000000000 0.000000000000000000 0.000000000000000000 -0.000000000000000000 0 0.000000000000000000
neuron 3 1.000000000000000000 0.000000000000000000 0.000000000000000000 -0.000000000000000000 0 0.000000000000000000
neuron 3 1.000000000000000000 0.000000000000000000 0.000000000000000000 -0.000000000000000000 0 0.000000000000000000
neuron 3 1.000000000000000000 0.000000000000000000 0.000000000000000000 -0.000000000000000000 0 0.000000000000000000
neuron 3 1.000000000000000000 0.000000000000000000 0.000000000000000000 -0.000000000000000000 0 0.000000000000000000
neuron 3 1.000000000000000000 0.000000000000000000 0.000000000000000000 -0.000000000000000000 0 0.000000000000000000
neuron 3 1.000000000000000000 0.000000000000000000 0.000000000000000000 -0.000000000000000000 0 0.000000000000000000
neuron 3 1.000000000000000000 0.000000000000000000 0.000000000000000000 -0.000000000000000000 0 0.000000000000000000
neuron 3 1.000000000000000000 0.000000000000000000 0.000000000000000000 -0.000000000000000000 0 0.000000000000000000
neuron 3 1.000000000000000000 0.000000000000000000 0.000000000000000000 -0.000000000000000000 0 0.000000000000000000
neuron 3 1.000000000000000000 0.000000000000000000 0.000000000000000000 -0.000000000000000000 0 0.000000000000000000
neuron 3 1.000000000000000000 0.000000000000000000 0.000000000000000000 -0.000000000000000000 0 0.000000000000000000
neuron 3 1.000000000000000000 0.000000000000000000 0.000000000000000000 -0.000000000000000000 0 0.000000000000000000
neuron 3 1.000000000000000000 0.000000000000000000 0.000000000000000000 -0.000000000000000000 0 0.000000000000000000
neuron 3 1.000000000000000000 0.000000000000000000 0.000000000000000000 -0.000000000000000000 0 0.000000000000000000
neuron 3 1.000000000000000000 0.000000000000000000 0.000000000000000000 -0.000000000000000000 0 0.000000000000000000
neuron 3 1.000000000000000000 0.000000000000000000 0.000000000000000000 -0.000000000000000000 0 0.000000000000000000
neuron 3 1.000000000000000000 0.000000000000000000 0.000000000000000000 -0.000000000000000000 0 0.000000000000000000
neuron 3 1.000000000000000000 0.000000000000000000 0.000000000000000000 -0.000000000000000000 0 0.000000000000000000
neuron 3 1.000000000000000000 0.000000000000000000 0.000000000000000000 -0.000000000000000000 0 0.000000000000000000
neuron 3 1.000000000000000000 0.000000000000000000 0.000000000000000000 -0.000000000000000000 0 0.000000000000000000
neuron 3 1.000000000000000000 0.000000000000000000 0.000000000000000000 -0.000000000000000000 0 0.000000000000000000
neuron 3 1.000000000000000000 0.000000000000000000 0.000000000000000000 -0.000000000000000000 0 0.000000000000000000
neuron 3 1.000000000000000000 0.000000000000000000 0.000000000000000000 -0.000000000000000000 0 0.000000000000000000
neuron 3 1.000000000000000000 0.000000000000000000 0.000000000000000000 -0.000000000000000000 0 0.000000000000000000
neuron 3 1.000000000000000000 0.000000000000000000 0.000000000000000000 -0.000000000000000000 0 0.000000000000000000
neuron 3 1.000000000000000000 0.000000000000000000 0.000000000000000000 -0.000000000000000000 0 0.000000000000000000
neuron 3 1.000000000000000000 0.000000000000000000 0.000000000000000000 -0.000000000000000000 0 0.000000000000000000
neuron 3 1.000000000000000000 0.000000000000000000 0.000000000000000000 -0.000000000000000000 0 0.000000000000000000
neuron 3 1.000000000000000000 0.000000000000000000 0.000000000000000000 -0.000000000000000000 0 0.000000000000000000
neuron 3 1.000000000000000000 0.000000000000000000 0.000000000000000000 -0.000000000000000000 0 0.000000000000000000
neuron 3 1.000000000000000000 0.000000000000000000 0.000000000000000000 -0.000000000000000000 0 0.000000000000000000
neuron 3 1.000000000000000000 0.000000000000000000 0.000000000000000000 -0.000000000000000000 0 0.000000000000000000
neuron 3 1.000000000000000000 0.000000000000000000 0.000000000000000000 -0.000000000000000000 0 0.000000000000000000
neuron 3 1.000000000000000000 0.000000000000000000 0.000000000000000000 -0.000000000000000000 0 0.000000000000000000
neuron 3 1.000000000000000000 0.000000000000000000 0.000000000000000000 -0.000000000000000000 0 0.000000000000000000
neuron 3 1.000000000000000000 0.000000000000000000 0.000000000000000000 -0.000000000000000000 0 0.000000000000000000
neuron 3 1.000000000000000000 0.000000000000000000 0.000000000000000000 -0.000000000000000000 0 0.000000000000000000
neuron 3 1.000000000000000000 0.000000000000000000 0.000000000000000000 -0.000000000000000000 0 0.000000000000000000
neuron 3 1.000000000000000000 0.000000000000000000 0.000000000000000000 -0.000000000000000000 0 0.000000000000000000
neuron 3 1.000000000000000000 0.000000000000000000 0.000000000000000000 -0.000000000000000000 0 0.000000000000000000
neuron 3 1.000000000000000000 0.000000000000000000 0.000000000000000000 -0.000000000000000000 0 0.000000000000000000
neuron 3 1.000000000000000000 0.000000000000000000 0.000000000000000000 -0.000000000000000000 0 0.000000000000000000
neuron 3 1.000000000000000000 0.000000000000000000 0.000000000000000000 -0.000000000000000000 0 0.000000000000000000
neuron 3 1.000000000000000000 0.000000000000000000 0.000000000000000000 -0.000000000000000000 0 0.000000000000000000
connection 0 19 7.965326370605145812 0 0.000000000000000000 -0.000000000000000000
connection 0 20 7.954112084440403407 0 0.000000000000000000 -0.000000000000000000
connection 0 21 7.892205755618317831 0 0.000000000000000000 -0.000000000000000000
connection 1 19 7.957982870710336165 0 0.000000000000000000 -0.000000000000000000
connection 1 20 7.943394530977935020 0 0.000000000000000000 -0.000000000000000000
connection 1 21 7.835954058502196951 0 0.000000000000000000 -0.000000000000000000
connection 2 19 7.942971292363479208 0 0.000000000000000000 -0.000000000000000000
connection 2 22 7.971313496568077639 0 0.000000000000000000 -0.000000000000000000
connection 2 20 7.925828865740101037 0 0.000000000000000000 -0.000000000000000000
connection 2 21 7.730756116097848185 0 0.000000000000000000 -0.000000000000000000
connection 3 19 7.910116696086648247 0 0.000000000000000000 -0.000000000000000000
connection 3 22 7.970214140077308329 0 0.000000000000000000 -0.000000000000000000
connection 3 20 7.895935210968521467 0 0.000000000000000000 -0.000000000000000000
connection 3 21 7.525752132713545706 0 0.000000000000000000 -0.000000000000000000
connection 4 19 7.831184155052064888 0 0.000000000000000000 -0.000000000000000000
connection 4 22 7.968416994774625728 0 0.000000000000000000 -0.000000000000000000
connection 4 20 7.842821060257598731 0 0.000000000000000000 -0.000000000000000000
connection 4 23 7.432380498156622828 0 0.000000000000000000 -0.000000000000000000
connection 4 24 7.801263442860916442 0 0.000000000000000000 -0.000000000000000000
connection 4 25 4.612906961363838931 0 0.000000000000000000 -0.000000000000000000
connection 4 26 2.415430252314271442 0 0.000000000000000000 -0.000000000000000000
connection 4 27 0.350806834484740260 0 0.000000000000000000 -0.000000000000000000
connection 5 19 7.622267727336399901 0 0.000000000000000000 -0.000000000000000000
connection 5 22 7.965415288064034982 0 0.000000000000000000 -0.000000000000000000
connection 5 20 7.744184029085742438 0 0.000000000000000000 -0.000000000000000000
connection 5 23 6.750976757960392760 0 0.000000000000000000 -0.000000000000000000
connection 5 24 7.658478799960814598 0 0.000000000000000000 -0.000000000000000000
connection 5 28 3.729010857348685981 0 0.000000000000000000 -0.000000000000000000
connection 5 29 1.843736282669857340 0 0.000000000000000000 -0.000000000000000000
connection 5 25 2.055686205986764215 0 0.000000000000000000 -0.000000000000000000
connection 5 30 4.258502558124695803 0 0.000000000000000000 -0.000000000000000000
connection 5 27 -2.130242637395697525 0 0.000000000000000000 -0.000000000000000000
connection 6 31 3.816015412063655798 0 0.000000000000000000 -0.000000000000000000
connection 6 32 7.458231779901216107 0 0.000000000000000000 -0.000000000000000000
connection 6 33 7.810940472999178041 0 0.000000000000000000 -0.000000000000000000
connection 6 34 2.731478729709698960 0 0.000000000000000000 -0.000000000000000000
connection 6 35 6.524329294727371220 0 0.000000000000000000 -0.000000000000000000
connection 6 36 6.928615020178984452 0 0.000000000000000000 -0.000000000000000000
connection 6 37 3.602147550278129273 0 0.000000000000000000 -0.000000000000000000
connection 6 22 7.960225683371355387 0 0.000000000000000000 -0.000000000000000000
connection 6 20 7.553863124556950304 0 0.000000000000000000 -0.000000000000000000
connection 6 38 3.641283756113848025 0 0.000000000000000000 -0.000000000000000000
connection 6 39 6.643405112705217164 0 0.000000000000000000 -0.000000000000000000
connection 6 40 5.213462136133649949 0 0.000000000000000000 -0.000000000000000000
connection 6 41 2.035191819200857566 0 0.000000000000000000 -0.000000000000000000
connection 6 24 7.361475385686581774 0 0.000000000000000000 -0.000000000000000000
connection 6 42 3.835644506948017174 0 0.000000000000000000 -0.000000000000000000
connection 6 28 1.257300571611166262 0 0.000000000000000000 -0.000000000000000000
connection 6 29 -0.735353367881808495 0 0.000000000000000000 -0.000000000000000000
connection 6 25 -1.135727309929430495 0 0.000000000000000000 -0.000000000000000000
connection 6 30 1.713629583056987427 0 0.000000000000000000 -0.000000000000000000
connection 6 26 -2.510072334340570865 0 0.000000000000000000 -0.000000000000000000
connection 6 27 -4.007311652762790999 0 0.000000000000000000 -0.000000000000000000
connection 7 43 5.249099827089688475 0 0.000000000000000000 -0.000000000000000000
connection 7 44 3.918965895652192888 0 0.000000000000000000 -0.000000000000000000
connection 7 45 3.212747486504921923 0 0.000000000000000000 -0.000000000000000000
connection 7 46 1.373229611707657893 0 0.000000000000000000 -0.000000000000000000
connection 7 32 6.724382988130273908 0 0.000000000000000000 -0.000000000000000000
connection 7 33 7.577320273141792129 0 0.000000000000000000 -0.000000000000000000
connection 7 34 -1.055202026533425874 0 0.000000000000000000 -0.000000000000000000
connection 7 35 4.098272841185055526 0 0.000000000000000000 -0.000000000000000000
connection 7 36 4.866725625771928243 0 0.000000000000000000 -0.000000000000000000
connection 7 37 -1.491189395591632882 0 0.000000000000000000 -0.000000000000000000
connection 7 22 7.950790278892491791 0 0.000000000000000000 -0.000000000000000000
connection 7 47 7.569848353881218905 0 0.000000000000000000 -0.000000000000000000
connection 7 48 7.812874124051308655 0 0.000000000000000000 -0.000000000000000000
connection 7 50 0.666506979772373942 0 0.000000000000000000 -0.000000000000000000
connection 7 38 -1.549095455842409486 0 0.000000000000000000 -0.000000000000000000
connection 7 39 4.485867205432684024 0 0.000000000000000000 -0.000000000000000000
connection 7 40 2.385168776000594182 0 0.000000000000000000 -0.000000000000000000
connection 7 41 -2.462986247494418190 0 0.000000000000000000 -0.000000000000000000
connection 7 24 6.712080588985495311 0 0.000000000000000000 -0.000000000000000000
connection 7 42 1.273116463809195409 0 0.000000000000000000 -0.000000000000000000
connection 7 51 3.356900144744872527 0 0.000000000000000000 -0.000000000000000000
connection 7 28 -1.264854198238484662 0 0.000000000000000000 -0.000000000000000000
connection 7 29 -2.890824288247747287 0 0.000000000000000000 -0.000000000000000000
connection 7 25 -4.046492262049981470 0 0.000000000000000000 -0.000000000000000000
connection 7 30 -1.236731425361007997 0 0.000000000000000000 -0.000000000000000000
connection 7 26 -4.168050726063678546 0 0.000000000000000000 -0.000000000000000000
connection 7 27 -5.237690947296608002 0 0.000000000000000000 -0.000000000000000000
connection 8 43 6.032241370655696322 0 0.000000000000000000 -0.000000000000000000
connection 8 44 4.054520320173189418 0 0.000000000000000000 -0.000000000000000000
connection 8 45 0.968951433726763955 0 0.000000000000000000 -0.000000000000000000
connection 8 46 0.931128733161554312 0 0.000000000000000000 -0.000000000000000000
connection 8 32 5.234463777049465527 0 0.000000000000000000 -0.000000000000000000
connection 8 33 6.861733905756727481 0 0.000000000000000000 -0.000000000000000000
connection 8 34 -3.848915450674960770 0 0.000000000000000000 -0.000000000000000000
connection 8 22 7.932379494236376338 0 0.000000000000000000 -0.000000000000000000
connection 8 47 7.200705462645345278 0 0.000000000000000000 -0.000000000000000000
connection 8 48 7.686956027256593771 0 0.000000000000000000 -0.000000000000000000
connection 8 54 2.834085350067569120 0 0.000000000000000000 -0.000000000000000000
connection 8 50 -1.769926916496157521 0 0.000000000000000000 -0.000000000000000000
connection 8 40 -1.682050002235266462 0 0.000000000000000000 -0.000000000000000000
connection 8 41 -5.895549909996129934 0 0.000000000000000000 -0.000000000000000000
connection 8 55 4.996838223740645901 0 0.000000000000000000 -0.000000000000000000
connection 8 56 6.793132884781751812 0 0.000000000000000000 -0.000000000000000000
connection 8 57 2.468402488008401008 0 0.000000000000000000 -0.000000000000000000
connection 8 42 -1.482057899637930110 0 0.000000000000000000 -0.000000000000000000
connection 8 51 0.768950269491420313 0 0.000000000000000000 -0.000000000000000000
connection 8 28 -3.255044023157490418 0 0.000000000000000000 -0.000000000000000000
connection 8 29 -4.353900787035600572 0 0.000000000000000000 -0.000000000000000000
connection 8 58 -5.366589555096971331 0 0.000000000000000000 -0.000000000000000000
connection 9 43 6.622405910707023224 0 0.000000000000000000 -0.000000000000000000
connection 9 44 4.725771898212310695 0 0.000000000000000000 -0.000000000000000000
connection 9 45 -0.507875615791390067 0 0.000000000000000000 -0.000000000000000000
connection 9 59 3.100485628620521794 0 0.000000000000000000 -0.000000000000000000
connection 9 60 4.222454202286638925 0 0.000000000000000000 -0.000000000000000000
connection 9 61 5.302009692688536724 0 0.000000000000000000 -0.000000000000000000
connection 9 62 1.303961508331295427 0 0.000000000000000000 -0.000000000000000000
connection 9 63 1.436052480412079113 0 0.000000000000000000 -0.000000000000000000
connection 9 64 6.212608392963963055 0 0.000000000000000000 -0.000000000000000000
connection 9 65 6.288238251016046831 0 0.000000000000000000 -0.000000000000000000
connection 9 66 1.884620390167371706 0 0.000000000000000000 -0.000000000000000000
connection 9 22 7.892838650816274892 0 0.000000000000000000 -0.000000000000000000
connection 9 47 6.451959584603358167 0 0.000000000000000000 -0.000000000000000000
connection 9 48 7.440840690667863910 0 0.000000000000000000 -0.000000000000000000
connection 9 67 4.098555239872041511 0 0.000000000000000000 -0.000000000000000000
connection 9 54 0.230103411122207613 0 0.000000000000000000 -0.000000000000000000
connection 9 68 2.278475709480143330 0 0.000000000000000000 -0.000000000000000000
connection 9 50 -3.592817976349258480 0 0.000000000000000000 -0.000000000000000000
connection 9 23 -6.617951052250715449 0 0.000000000000000000 -0.000000000000000000
connection 9 55 1.123736471590011776 0 0.000000000000000000 -0.000000000000000000
connection 9 56 5.258293284636980758 0 0.000000000000000000 -0.000000000000000000
connection 9 69 2.343466093261119099 0 0.000000000000000000 -0.000000000000000000
connection 9 57 -1.190842296508634934 0 0.000000000000000000 -0.000000000000000000
connection 9 70 -4.086251530834926093 0 0.000000000000000000 -0.000000000000000000
connection 9 58 -6.331995068088588141 0 0.000000000000000000 -0.000000000000000000
connection 10 43 6.950342250383294562 0 0.000000000000000000 -0.000000000000000000
connection 10 44 5.506676933695369591 0 0.000000000000000000 -0.000000000000000000
connection 10 59 3.198109743453061427 0 0.000000000000000000 -0.000000000000000000
connection 10 60 2.702807148150747185 0 0.000000000000000000 -0.000000000000000000
connection 10 61 2.264497134187916316 0 0.000000000000000000 -0.000000000000000000
connection 10 62 -1.215621023772720077 0 0.000000000000000000 -0.000000000000000000
connection 10 63 -3.161316927937551924 0 0.000000000000000000 -0.000000000000000000
connection 10 64 3.050298597651265986 0 0.000000000000000000 -0.000000000000000000
connection 10 65 3.285960326060027636 0 0.000000000000000000 -0.000000000000000000
connection 10 66 -3.544016685000931588 0 0.000000000000000000 -0.000000000000000000
connection 10 71 -7.023745756011342323 0 0.000000000000000000 -0.000000000000000000
connection 10 22 7.796868142486238717 0 0.000000000000000000 -0.000000000000000000
connection 10 72 5.336402635190775179 0 0.000000000000000000 -0.000000000000000000
connection 10 73 6.663598914003669549 0 0.000000000000000000 -0.000000000000000000
connection 10 74 4.178112075670274095 0 0.000000000000000000 -0.000000000000000000
connection 10 75 2.060210085197080154 0 0.000000000000000000 -0.000000000000000000
connection 10 48 6.953048297310695069 0 0.000000000000000000 -0.000000000000000000
connection 10 67 1.700913418457724813 0 0.000000000000000000 -0.000000000000000000
connection 10 54 -2.198142596836988094 0 0.000000000000000000 -0.000000000000000000
connection 10 68 -0.320337991654951748 0 0.000000000000000000 -0.000000000000000000
connection 10 50 -4.720623628118524095 0 0.000000000000000000 -0.000000000000000000
connection 10 23 -7.619029269007827843 0 0.000000000000000000 -0.000000000000000000
connection 10 56 1.958171570554920526 0 0.000000000000000000 -0.000000000000000000
connection 10 69 -0.979472703018778978 0 0.000000000000000000 -0.000000000000000000
connection 10 57 -4.576535938052823660 0 0.000000000000000000 -0.000000000000000000
connection 10 70 -5.182014640350000256 0 0.000000000000000000 -0.000000000000000000
connection 10 58 -6.931063880655100817 0 0.000000000000000000 -0.000000000000000000
connection 11 43 7.057562328484849878 0 0.000000000000000000 -0.000000000000000000
connection 11 44 6.086211142811497332 0 0.000000000000000000 -0.000000000000000000
connection 11 45 -1.035464817382300007 0 0.000000000000000000 -0.000000000000000000
connection 11 46 2.149130179522157125 0 0.000000000000000000 -0.000000000000000000
connection 11 59 3.833336752789298085 0 0.000000000000000000 -0.000000000000000000
connection 11 60 1.885234299072049424 0 0.000000000000000000 -0.000000000000000000
connection 11 61 -1.171016540558086794 0 0.000000000000000000 -0.000000000000000000
connection 11 62 -2.701266005133008630 0 0.000000000000000000 -0.000000000000000000
connection 11 63 -5.874938601436160646 0 0.000000000000000000 -0.000000000000000000
connection 11 64 -1.999314207953318823 0 0.000000000000000000 -0.000000000000000000
connection 11 65 -2.066633444251204654 0 0.000000000000000000 -0.000000000000000000
connection 11 66 -6.636152532161426976 0 0.000000000000000000 -0.000000000000000000
connection 11 71 -7.423372557464089638 0 0.000000000000000000 -0.000000000000000000
connection 11 22 7.529735011697381353 0 0.000000000000000000 -0.000000000000000000
connection 11 72 2.442429123309445949 0 0.000000000000000000 -0.000000000000000000
connection 11 73 5.275218841353813026 0 0.000000000000000000 -0.000000000000000000
connection 11 74 1.660934158575124053 0 0.000000000000000000 -0.000000000000000000
connection 11 75 -1.000328535156958187 0 0.000000000000000000 -0.000000000000000000
connection 11 67 -0.864860575763830686 0 0.000000000000000000 -0.000000000000000000
connection 11 77 -4.467305175510198900 0 0.000000000000000000 -0.000000000000000000
connection 11 21 -7.145247419050491544 0 0.000000000000000000 -0.000000000000000000
connection 12 43 6.968260460536541245 0 0.000000000000000000 -0.000000000000000000
connection 12 44 6.372144866861309431 0 0.000000000000000000 -0.000000000000000000
connection 12 59 4.579708482389424518 0 0.000000000000000000 -0.000000000000000000
connection 12 60 1.880034859513179946 0 0.000000000000000000 -0.000000000000000000
connection 12 61 -3.559473912697621145 0 0.000000000000000000 -0.000000000000000000
connection 12 33 -6.981747739374471351 0 0.000000000000000000 -0.000000000000000000
connection 12 71 -7.550965121663193003 0 0.000000000000000000 -0.000000000000000000
connection 12 78 1.160243611114865514 0 0.000000000000000000 -0.000000000000000000
connection 12 79 3.786613577720151280 0 0.000000000000000000 -0.000000000000000000
connection 12 80 4.882068925971292828 0 0.000000000000000000 -0.000000000000000000
connection 12 81 -0.430861505601291550 0 0.000000000000000000 -0.000000000000000000
connection 12 82 7.544454196883325636 0 0.000000000000000000 -0.000000000000000000
connection 12 83 7.470710355529878832 0 0.000000000000000000 -0.000000000000000000
connection 12 84 -0.412291904256774477 0 0.000000000000000000 -0.000000000000000000
connection 12 85 5.480266764316812811 0 0.000000000000000000 -0.000000000000000000
connection 12 86 4.921771428961617900 0 0.000000000000000000 -0.000000000000000000
connection 12 87 -0.524404252185935671 0 0.000000000000000000 -0.000000000000000000
connection 12 72 -1.824220152331440081 0 0.000000000000000000 -0.000000000000000000
connection 12 73 2.634607253781804825 0 0.000000000000000000 -0.000000000000000000
connection 12 74 -1.193831187118127080 0 0.000000000000000000 -0.000000000000000000
connection 12 75 -3.795141398441031377 0 0.000000000000000000 -0.000000000000000000
connection 12 88 6.337849195741052100 0 0.000000000000000000 -0.000000000000000000
connection 12 89 3.237354914466744837 0 0.000000000000000000 -0.000000000000000000
connection 12 90 1.181973162594028182 0 0.000000000000000000 -0.000000000000000000
connection 12 67 -2.976229136289060939 0 0.000000000000000000 -0.000000000000000000
connection 12 77 -5.227173879894174924 0 0.000000000000000000 -0.000000000000000000
connection 12 21 -7.623811779820672818 0 0.000000000000000000 -0.000000000000000000
connection 13 45 -0.531680002890018155 0 0.000000000000000000 -0.000000000000000000
connection 13 46 1.663286005060161221 0 0.000000000000000000 -0.000000000000000000
connection 13 62 -3.397328755060192051 0 0.000000000000000000 -0.000000000000000000
connection 13 33 -7.623716781844662727 0 0.000000000000000000 -0.000000000000000000
connection 13 71 -7.556824608685831279 0 0.000000000000000000 -0.000000000000000000
connection 13 79 1.170600159939605645 0 0.000000000000000000 -0.000000000000000000
connection 13 80 0.873969175111233842 0 0.000000000000000000 -0.000000000000000000
connection 13 81 -3.758683348538906177 0 0.000000000000000000 -0.000000000000000000
connection 13 82 6.769790106306327715 0 0.000000000000000000 -0.000000000000000000
connection 13 83 6.771293871578916601 0 0.000000000000000000 -0.000000000000000000
connection 13 85 1.318786525514905605 0 0.000000000000000000 -0.000000000000000000
connection 13 86 0.819033053072284911 0 0.000000000000000000 -0.000000000000000000
connection 13 72 -5.429673142739702030 0 0.000000000000000000 -0.000000000000000000
connection 13 73 -1.197070467081783551 0 0.000000000000000000 -0.000000000000000000
connection 13 74 -3.679895061742554319 0 0.000000000000000000 -0.000000000000000000
connection 13 75 -5.749581182750741704 0 0.000000000000000000 -0.000000000000000000
connection 13 91 2.596223660136662836 0 0.000000000000000000 -0.000000000000000000
connection 13 88 4.838354130289162391 0 0.000000000000000000 -0.000000000000000000
connection 13 89 0.654209688285784963 0 0.000000000000000000 -0.000000000000000000
connection 13 90 -1.502238533124020003 0 0.000000000000000000 -0.000000000000000000
connection 13 77 -5.571077393732668526 0 0.000000000000000000 -0.000000000000000000
connection 13 21 -7.822613787941363306 0 0.000000000000000000 -0.000000000000000000
connection 14 45 -0.714301213520326939 0 0.000000000000000000 -0.000000000000000000
connection 14 46 0.566759338460369633 0 0.000000000000000000 -0.000000000000000000
connection 14 61 -5.243119002743497958 0 0.000000000000000000 -0.000000000000000000
connection 14 62 -3.279690020081035495 0 0.000000000000000000 -0.000000000000000000
connection 14 33 -7.811900116617183087 0 0.000000000000000000 -0.000000000000000000
connection 14 71 -7.484038499662104549 0 0.000000000000000000 -0.000000000000000000
connection 14 79 -0.863258816695586351 0 0.000000000000000000 -0.000000000000000000
connection 14 80 -3.375804726983372195 0 0.000000000000000000 -0.000000000000000000
connection 14 81 -5.523717751996207070 0 0.000000000000000000 -0.000000000000000000
connection 14 93 1.873799991635872075 0 0.000000000000000000 -0.000000000000000000
connection 14 94 5.889429216936299838 0 0.000000000000000000 -0.000000000000000000
connection 14 95 6.605343515705652813 0 0.000000000000000000 -0.000000000000000000
connection 14 96 2.466737303226797628 0 0.000000000000000000 -0.000000000000000000
connection 14 97 2.861450012209391769 0 0.000000000000000000 -0.000000000000000000
connection 14 98 6.543255086671227794 0 0.000000000000000000 -0.000000000000000000
connection 14 99 5.426957199849203661 0 0.000000000000000000 -0.000000000000000000
connection 14 100 1.814269643131630083 0 0.000000000000000000 -0.000000000000000000
connection 14 84 -6.996740560046287527 0 0.000000000000000000 -0.000000000000000000
connection 14 85 -3.978662895501055896 0 0.000000000000000000 -0.000000000000000000
connection 14 87 -7.248275460159988803 0 0.000000000000000000 -0.000000000000000000
connection 14 47 -6.232331712654779921 0 0.000000000000000000 -0.000000000000000000
connection 14 91 -0.865173280662384081 0 0.000000000000000000 -0.000000000000000000
connection 14 88 2.380136477712757159 0 0.000000000000000000 -0.000000000000000000
connection 14 89 -1.876225856335330677 0 0.000000000000000000 -0.000000000000000000
connection 14 90 -3.708510355547842696 0 0.000000000000000000 -0.000000000000000000
connection 14 77 -5.622570595025662143 0 0.000000000000000000 -0.000000000000000000
connection 14 21 -7.901305196707462564 0 0.000000000000000000 -0.000000000000000000
connection 15 45 -1.364733851679529542 0 0.000000000000000000 -0.000000000000000000
connection 15 46 -0.960290470987025357 0 0.000000000000000000 -0.000000000000000000
connection 15 60 3.430330885521855055 0 0.000000000000000000 -0.000000000000000000
connection 15 61 -5.340223293266932458 0 0.000000000000000000 -0.000000000000000000
connection 15 62 -3.231889772043216702 0 0.000000000000000000 -0.000000000000000000
connection 15 33 -7.865048803087881346 0 0.000000000000000000 -0.000000000000000000
connection 15 71 -7.340620375352409965 0 0.000000000000000000 -0.000000000000000000
connection 15 78 0.357364694159611362 0 0.000000000000000000 -0.000000000000000000
connection 15 79 -1.926770007312024413 0 0.000000000000000000 -0.000000000000000000
connection 15 80 -5.792474074448931809 0 0.000000000000000000 -0.000000000000000000
connection 15 81 -6.280305385984838118 0 0.000000000000000000 -0.000000000000000000
connection 15 93 -1.150739876892849844 0 0.000000000000000000 -0.000000000000000000
connection 15 94 3.064662133962089641 0 0.000000000000000000 -0.000000000000000000
connection 15 95 3.980911354509841793 0 0.000000000000000000 -0.000000000000000000
connection 15 96 -2.433892780153325663 0 0.000000000000000000 -0.000000000000000000
connection 15 98 4.024690403178261100 0 0.000000000000000000 -0.000000000000000000
connection 15 99 2.442670583493643743 0 0.000000000000000000 -0.000000000000000000
connection 15 100 -3.046957374268751906 0 0.000000000000000000 -0.000000000000000000
connection 15 101 -7.496855170833546467 0 0.000000000000000000 -0.000000000000000000
connection 15 20 -5.904499408703026475 0 0.000000000000000000 -0.000000000000000000
connection 15 21 -7.928136804014032535 0 0.000000000000000000 -0.000000000000000000
connection 19 22 -6.611379654495823210 0 0.000000000000000000 -0.000000000000000000
connection 19 20 -1.720952029386460413 0 0.000000000000000000 -0.000000000000000000
connection 19 23 2.262375105964748112 0 0.000000000000000000 -0.000000000000000000
connection 19 24 2.262375105964748112 0 0.000000000000000000 -0.000000000000000000
connection 19 70 -1.578663921393719693 0 0.000000000000000000 -0.000000000000000000
connection 19 58 -1.578663921393719693 0 0.000000000000000000 -0.000000000000000000
connection 33 19 6.780398479185447691 0 0.000000000000000000 -0.000000000000000000
connection 33 102 6.797356017703790165 0 0.000000000000000000 -0.000000000000000000
connection 33 82 6.797356017703790165 0 0.000000000000000000 -0.000000000000000000
connection 33 97 1.084208845827615120 0 0.000000000000000000 -0.000000000000000000
connection 33 98 1.084208845827615120 0 0.000000000000000000 -0.000000000000000000
connection 33 99 -1.731605846762857448 0 0.000000000000000000 -0.000000000000000000
connection 33 100 -1.731605846762857448 0 0.000000000000000000 -0.000000000000000000
connection 33 84 1.084208845827615120 0 0.000000000000000000 -0.000000000000000000
connection 33 85 1.084208845827615120 0 0.000000000000000000 -0.000000000000000000
connection 33 86 -1.731605846762857448 0 0.000000000000000000 -0.000000000000000000
connection 33 87 -1.731605846762857448 0 0.000000000000000000 -0.000000000000000000
connection 33 72 -0.941607354013093811 0 0.000000000000000000 -0.000000000000000000
connection 33 73 -0.941607354013093811 0 0.000000000000000000 -0.000000000000000000
connection 33 74 2.096722168372680439 0 0.000000000000000000 -0.000000000000000000
connection 33 75 2.096722168372680439 0 0.000000000000000000 -0.000000000000000000
connection 33 91 -0.941607354013093811 0 0.000000000000000000 -0.000000000000000000
connection 33 88 -0.941607354013093811 0 0.000000000000000000 -0.000000000000000000
connection 33 89 2.096722168372680439 0 0.000000000000000000 -0.000000000000000000
connection 33 90 2.096722168372680439 0 0.000000000000000000 -0.000000000000000000
connection 33 21 7.333181973297063116 0 0.000000000000000000 -0.000000000000000000
connection 20 20 7.841935147183432875 0 0.000000000000000000 -0.000000000000000000
connection 20 21 6.059422082691856559 0 0.000000000000000000 -0.000000000000000000
connection 21 19 3.833475242641462888 0 0.000000000000000000 -0.000000000000000000
connection 21 22 7.845985823299274742 0 0.000000000000000000 -0.000000000000000000
connection 21 20 0.440845074261217995 0 0.000000000000000000 -0.000000000000000000
connection 21 21 7.745137073901536162 0 0.000000000000000000 -0.000000000000000000
connection 89 21 5.401243603627001733 0 0.000000000000000000 -0.000000000000000000
connection 22 19 6.062454535956463886 0 0.000000000000000000 -0.000000000000000000
connection 22 22 7.757957596782250498 0 0.000000000000000000 -0.000000000000000000
connection 22 47 4.126442218214994462 0 0.000000000000000000 -0.000000000000000000
connection 22 48 4.126442218214994462 0 0.000000000000000000 -0.000000000000000000
connection 22 77 6.956857634804089585 0 0.000000000000000000 -0.000000000000000000
connection 22 21 7.929910285255627578 0 0.000000000000000000 -0.000000000000000000
connection 46 19 -3.657144830326920726 0 0.000000000000000000 -0.000000000000000000
connection 46 22 -7.551187496666904586 0 0.000000000000000000 -0.000000000000000000
connection 46 20 -5.526109346700183167 0 0.000000000000000000 -0.000000000000000000
connection 46 21 -5.392836473006822118 0 0.000000000000000000 -0.000000000000000000
connection 68 20 7.858199404510308739 0 0.000000000000000000 -0.000000000000000000
connection 68 21 5.908174046296617909 0 0.000000000000000000 -0.000000000000000000
connection 54 20 7.567711969094733426 0 0.000000000000000000 -0.000000000000000000
connection 54 21 6.974371529959625171 0 0.000000000000000000 -0.000000000000000000
connection 23 31 1.630389669841667777 0 0.000000000000000000 -0.000000000000000000
connection 23 32 1.630389669841667777 0 0.000000000000000000 -0.000000000000000000
connection 23 33 6.225142707366618566 0 0.000000000000000000 -0.000000000000000000
connection 23 71 6.225142707366618566 0 0.000000000000000000 -0.000000000000000000
connection 23 102 6.709822731521949635 0 0.000000000000000000 -0.000000000000000000
connection 23 82 6.709822731521949635 0 0.000000000000000000 -0.000000000000000000
connection 23 97 -0.291541959586100852 0 0.000000000000000000 -0.000000000000000000
connection 23 98 -0.291541959586100852 0 0.000000000000000000 -0.000000000000000000
connection 23 99 -4.403051857681914427 0 0.000000000000000000 -0.000000000000000000
connection 23 100 -4.403051857681914427 0 0.000000000000000000 -0.000000000000000000
connection 23 84 -0.291541959586100852 0 0.000000000000000000 -0.000000000000000000
connection 23 85 -0.291541959586100852 0 0.000000000000000000 -0.000000000000000000
connection 23 86 -4.403051857681914427 0 0.000000000000000000 -0.000000000000000000
connection 23 87 -4.403051857681914427 0 0.000000000000000000 -0.000000000000000000
connection 23 47 -4.573511943494098730 0 0.000000000000000000 -0.000000000000000000
connection 23 48 -4.573511943494098730 0 0.000000000000000000 -0.000000000000000000
connection 23 77 0.408929236823107001 0 0.000000000000000000 -0.000000000000000000
connection 56 19 4.756269401570428101 0 0.000000000000000000 -0.000000000000000000
connection 56 22 7.830788656069587184 0 0.000000000000000000 -0.000000000000000000
connection 56 20 2.615041143175607541 0 0.000000000000000000 -0.000000000000000000
connection 56 21 7.857496626858399225 0 0.000000000000000000 -0.000000000000000000
connection 45 19 1.750829717764330384 0 0.000000000000000000 -0.000000000000000000
connection 45 22 -7.298245112597199658 0 0.000000000000000000 -0.000000000000000000
connection 45 20 -4.605945913465659736 0 0.000000000000000000 -0.000000000000000000
connection 45 21 -4.089944506808802061 0 0.000000000000000000 -0.000000000000000000
connection 24 19 4.457365548957892720 0 0.000000000000000000 -0.000000000000000000
connection 24 22 7.837858023601434354 0 0.000000000000000000 -0.000000000000000000
connection 24 20 1.919686818818139296 0 0.000000000000000000 -0.000000000000000000
connection 24 21 7.829379144059214646 0 0.000000000000000000 -0.000000000000000000
connection 83 20 5.705683978188130112 0 0.000000000000000000 -0.000000000000000000
connection 83 21 7.850696200853050755 0 0.000000000000000000 -0.000000000000000000
connection 75 19 6.662420452515624092 0 0.000000000000000000 -0.000000000000000000
connection 75 22 7.963134587153004595 0 0.000000000000000000 -0.000000000000000000
connection 75 47 7.505385457771113877 0 0.000000000000000000 -0.000000000000000000
connection 75 48 7.505385457771113877 0 0.000000000000000000 -0.000000000000000000
connection 75 77 4.645793411765175129 0 0.000000000000000000 -0.000000000000000000
connection 75 21 7.689069108871894542 0 0.000000000000000000 -0.000000000000000000
connection 25 31 1.567600911826092736 0 0.000000000000000000 -0.000000000000000000
connection 25 32 1.567600911826092736 0 0.000000000000000000 -0.000000000000000000
connection 25 33 4.890891335044312171 0 0.000000000000000000 -0.000000000000000000
connection 25 71 4.890891335044312171 0 0.000000000000000000 -0.000000000000000000
connection 25 102 7.770967918930116625 0 0.000000000000000000 -0.000000000000000000
connection 25 82 7.770967918930116625 0 0.000000000000000000 -0.000000000000000000
connection 25 97 6.330183124998397304 0 0.000000000000000000 -0.000000000000000000
connection 25 98 6.330183124998397304 0 0.000000000000000000 -0.000000000000000000
connection 25 99 1.927940911024146109 0 0.000000000000000000 -0.000000000000000000
connection 25 100 1.927940911024146109 0 0.000000000000000000 -0.000000000000000000
connection 25 84 6.330183124998397304 0 0.000000000000000000 -0.000000000000000000
connection 25 85 6.330183124998397304 0 0.000000000000000000 -0.000000000000000000
connection 25 86 1.927940911024146109 0 0.000000000000000000 -0.000000000000000000
connection 25 87 1.927940911024146109 0 0.000000000000000000 -0.000000000000000000
connection 25 47 -3.882061592192219024 0 0.000000000000000000 -0.000000000000000000
connection 25 48 -3.882061592192219024 0 0.000000000000000000 -0.000000000000000000
connection 25 67 -2.570176646002657606 0 0.000000000000000000 -0.000000000000000000
connection 25 54 -2.570176646002657606 0 0.000000000000000000 -0.000000000000000000
connection 25 68 -2.570176646002657606 0 0.000000000000000000 -0.000000000000000000
connection 25 50 0.476069948583635605 0 0.000000000000000000 -0.000000000000000000
connection 25 21 7.155167692492606868 0 0.000000000000000000 -0.000000000000000000
connection 26 31 7.152606545010692152 0 0.000000000000000000 -0.000000000000000000
connection 26 32 7.152606545010692152 0 0.000000000000000000 -0.000000000000000000
connection 26 33 4.166318266883328292 0 0.000000000000000000 -0.000000000000000000
connection 26 71 4.166318266883328292 0 0.000000000000000000 -0.000000000000000000
connection 26 22 7.942332073036061146 0 0.000000000000000000 -0.000000000000000000
connection 26 47 6.457223039727906233 0 0.000000000000000000 -0.000000000000000000
connection 26 48 6.457223039727906233 0 0.000000000000000000 -0.000000000000000000
connection 26 77 1.419108725458972486 0 0.000000000000000000 -0.000000000000000000
connection 26 21 7.600448145444989478 0 0.000000000000000000 -0.000000000000000000
connection 59 19 3.715055764572599450 0 0.000000000000000000 -0.000000000000000000
connection 59 22 -6.555683512249640188 0 0.000000000000000000 -0.000000000000000000
connection 59 20 -3.508214092354891900 0 0.000000000000000000 -0.000000000000000000
connection 59 21 -3.031443837008597875 0 0.000000000000000000 -0.000000000000000000
connection 27 19 2.849237693439952590 0 0.000000000000000000 -0.000000000000000000
connection 27 22 7.843596001323485112 0 0.000000000000000000 -0.000000000000000000
connection 27 72 3.882092397354560021 0 0.000000000000000000 -0.000000000000000000
connection 27 73 3.882092397354560021 0 0.000000000000000000 -0.000000000000000000
connection 27 74 -0.630460376705625825 0 0.000000000000000000 -0.000000000000000000
connection 27 75 -0.630460376705625825 0 0.000000000000000000 -0.000000000000000000
connection 27 91 3.882092397354560021 0 0.000000000000000000 -0.000000000000000000
connection 27 88 3.882092397354560021 0 0.000000000000000000 -0.000000000000000000
connection 27 89 -0.630460376705625825 0 0.000000000000000000 -0.000000000000000000
connection 27 90 -0.630460376705625825 0 0.000000000000000000 -0.000000000000000000
connection 27 77 -1.424202203755984053 0 0.000000000000000000 -0.000000000000000000
connection 27 21 7.484344494743474741 0 0.000000000000000000 -0.000000000000000000
connection 87 19 5.320675083609077483 0 0.000000000000000000 -0.000000000000000000
connection 87 22 7.809923012835969125 0 0.000000000000000000 -0.000000000000000000
connection 87 20 3.869944133493822491 0 0.000000000000000000 -0.000000000000000000
connection 87 21 7.896578491835438918 0 0.000000000000000000 -0.000000000000000000
connection 78 19 7.566564904226935617 0 0.000000000000000000 -0.000000000000000000
connection 78 78 4.429842850790536524 0 0.000000000000000000 -0.000000000000000000
connection 78 79 4.429842850790536524 0 0.000000000000000000 -0.000000000000000000
connection 78 93 4.429842850790536524 0 0.000000000000000000 -0.000000000000000000
connection 78 94 4.429842850790536524 0 0.000000000000000000 -0.000000000000000000
connection 78 83 -0.644313674100490896 0 0.000000000000000000 -0.000000000000000000
connection 78 101 -0.644313674100490896 0 0.000000000000000000 -0.000000000000000000
connection 37 19 2.758868293066186972 0 0.000000000000000000 -0.000000000000000000
connection 37 22 -7.408234514563300621 0 0.000000000000000000 -0.000000000000000000
connection 37 20 -4.489955918960798265 0 0.000000000000000000 -0.000000000000000000
connection 37 23 -0.600502742863423644 0 0.000000000000000000 -0.000000000000000000
connection 37 24 -0.600502742863423644 0 0.000000000000000000 -0.000000000000000000
connection 37 70 -3.606124333894102030 0 0.000000000000000000 -0.000000000000000000
connection 37 58 -3.606124333894102030 0 0.000000000000000000 -0.000000000000000000
connection 28 19 7.722702303029485016 0 0.000000000000000000 -0.000000000000000000
connection 28 22 7.970494174553316213 0 0.000000000000000000 -0.000000000000000000
connection 28 20 7.653709654253812111 0 0.000000000000000000 -0.000000000000000000
connection 28 21 6.657376899940626203 0 0.000000000000000000 -0.000000000000000000
connection 90 20 7.822978387356982033 0 0.000000000000000000 -0.000000000000000000
connection 93 19 7.389942228929494483 0 0.000000000000000000 -0.000000000000000000
connection 93 102 7.686476887415087944 0 0.000000000000000000 -0.000000000000000000
connection 93 82 7.686476887415087944 0 0.000000000000000000 -0.000000000000000000
connection 93 83 4.753652702519982398 0 0.000000000000000000 -0.000000000000000000
connection 93 101 4.753652702519982398 0 0.000000000000000000 -0.000000000000000000
connection 93 20 6.949698028294890584 0 0.000000000000000000 -0.000000000000000000
connection 93 21 7.916389036484744679 0 0.000000000000000000 -0.000000000000000000
connection 29 19 7.108043271527018092 0 0.000000000000000000 -0.000000000000000000
connection 29 22 7.964236880624148363 0 0.000000000000000000 -0.000000000000000000
connection 29 47 7.662375915056814257 0 0.000000000000000000 -0.000000000000000000
connection 29 48 7.662375915056814257 0 0.000000000000000000 -0.000000000000000000
connection 29 77 4.517325355846255164 0 0.000000000000000000 -0.000000000000000000
connection 29 21 7.372967209530424171 0 0.000000000000000000 -0.000000000000000000
connection 88 20 7.775234253288019204 0 0.000000000000000000 -0.000000000000000000
connection 30 19 3.510985851910239486 0 0.000000000000000000 -0.000000000000000000
connection 30 22 7.847163318638345153 0 0.000000000000000000 -0.000000000000000000
connection 30 20 -0.317357709887562289 0 0.000000000000000000 -0.000000000000000000
connection 30 21 7.681975417778645898 0 0.000000000000000000 -0.000000000000000000
connection 80 19 7.116722190293143235 0 0.000000000000000000 -0.000000000000000000
connection 80 102 7.732824686004897252 0 0.000000000000000000 -0.000000000000000000
connection 80 82 7.732824686004897252 0 0.000000000000000000 -0.000000000000000000
connection 80 83 4.784606590760493106 0 0.000000000000000000 -0.000000000000000000
connection 80 101 4.784606590760493106 0 0.000000000000000000 -0.000000000000000000
connection 80 47 4.231093195745039282 0 0.000000000000000000 -0.000000000000000000
connection 80 48 4.231093195745039282 0 0.000000000000000000 -0.000000000000000000
connection 80 77 7.301439555544923188 0 0.000000000000000000 -0.000000000000000000
connection 80 21 7.890303211845406395 0 0.000000000000000000 -0.000000000000000000
connection 100 22 7.959171792771019049 0 0.000000000000000000 -0.000000000000000000
connection 100 20 5.815430104896265107 0 0.000000000000000000 -0.000000000000000000
connection 100 21 7.829390735400534318 0 0.000000000000000000 -0.000000000000000000
connection 31 19 -3.034332432873958929 0 0.000000000000000000 -0.000000000000000000
connection 31 22 -7.391188501115280474 0 0.000000000000000000 -0.000000000000000000
connection 31 20 -5.504760154822323948 0 0.000000000000000000 -0.000000000000000000
connection 31 21 -5.388555670193009739 0 0.000000000000000000 -0.000000000000000000
connection 32 19 6.534766266341103247 0 0.000000000000000000 -0.000000000000000000
connection 32 20 0.591886251217167980 0 0.000000000000000000 -0.000000000000000000
connection 32 23 4.004882333938099670 0 0.000000000000000000 -0.000000000000000000
connection 34 19 -0.413753794538125608 0 0.000000000000000000 -0.000000000000000000
connection 34 22 -7.654599645881136283 0 0.000000000000000000 -0.000000000000000000
connection 34 20 -5.348836337323492174 0 0.000000000000000000 -0.000000000000000000
connection 34 21 -4.793770881677219542 0 0.000000000000000000 -0.000000000000000000
connection 79 19 7.634852811291987784 0 0.000000000000000000 -0.000000000000000000
connection 79 102 6.626574985008716112 0 0.000000000000000000 -0.000000000000000000
connection 79 82 6.626574985008716112 0 0.000000000000000000 -0.000000000000000000
connection 79 83 1.939079396301623737 0 0.000000000000000000 -0.000000000000000000
connection 79 101 1.939079396301623737 0 0.000000000000000000 -0.000000000000000000
connection 79 20 6.919834463905852218 0 0.000000000000000000 -0.000000000000000000
connection 79 21 7.768760288758133292 0 0.000000000000000000 -0.000000000000000000
connection 35 19 4.760594679763926251 0 0.000000000000000000 -0.000000000000000000
connection 35 22 -6.957485355825267170 0 0.000000000000000000 -0.000000000000000000
connection 35 20 -2.769235113545442051 0 0.000000000000000000 -0.000000000000000000
connection 35 23 1.306629055459604505 0 0.000000000000000000 -0.000000000000000000
connection 35 24 1.306629055459604505 0 0.000000000000000000 -0.000000000000000000
connection 35 70 -2.351307278430520675 0 0.000000000000000000 -0.000000000000000000
connection 35 58 -2.351307278430520675 0 0.000000000000000000 -0.000000000000000000
connection 70 19 7.009722240416827788 0 0.000000000000000000 -0.000000000000000000
connection 70 22 7.964212765962169982 0 0.000000000000000000 -0.000000000000000000
connection 70 47 7.631870632608414695 0 0.000000000000000000 -0.000000000000000000
connection 70 48 7.631870632608414695 0 0.000000000000000000 -0.000000000000000000
connection 70 77 4.535547544731107550 0 0.000000000000000000 -0.000000000000000000
connection 70 21 7.478372888891288817 0 0.000000000000000000 -0.000000000000000000
connection 39 31 2.650307457529812449 0 0.000000000000000000 -0.000000000000000000
connection 39 32 2.650307457529812449 0 0.000000000000000000 -0.000000000000000000
connection 39 33 6.672045569922786967 0 0.000000000000000000 -0.000000000000000000
connection 39 71 6.672045569922786967 0 0.000000000000000000 -0.000000000000000000
connection 39 102 6.754277143813403050 0 0.000000000000000000 -0.000000000000000000
connection 39 82 6.754277143813403050 0 0.000000000000000000 -0.000000000000000000
connection 39 99 -3.821616741625154745 0 0.000000000000000000 -0.000000000000000000
connection 39 100 -3.821616741625154745 0 0.000000000000000000 -0.000000000000000000
connection 39 86 -3.821616741625154745 0 0.000000000000000000 -0.000000000000000000
connection 39 87 -3.821616741625154745 0 0.000000000000000000 -0.000000000000000000
connection 39 47 -3.512598027349029373 0 0.000000000000000000 -0.000000000000000000
connection 39 48 -3.512598027349029373 0 0.000000000000000000 -0.000000000000000000
connection 39 77 1.855373139875555299 0 0.000000000000000000 -0.000000000000000000
connection 36 19 5.726765115486259106 0 0.000000000000000000 -0.000000000000000000
connection 36 78 3.708001833296126648 0 0.000000000000000000 -0.000000000000000000
connection 36 79 3.708001833296126648 0 0.000000000000000000 -0.000000000000000000
connection 36 80 -2.560268943724188340 0 0.000000000000000000 -0.000000000000000000
connection 36 81 -2.560268943724188340 0 0.000000000000000000 -0.000000000000000000
connection 36 93 3.708001833296126648 0 0.000000000000000000 -0.000000000000000000
connection 36 94 3.708001833296126648 0 0.000000000000000000 -0.000000000000000000
connection 36 95 -2.560268943724188340 0 0.000000000000000000 -0.000000000000000000
connection 36 96 -2.560268943724188340 0 0.000000000000000000 -0.000000000000000000
connection 36 47 -3.368546201126082273 0 0.000000000000000000 -0.000000000000000000
connection 36 48 -3.368546201126082273 0 0.000000000000000000 -0.000000000000000000
connection 36 70 2.199733096859773251 0 0.000000000000000000 -0.000000000000000000
connection 36 58 2.199733096859773251 0 0.000000000000000000 -0.000000000000000000
connection 38 43 -0.297170824831865632 0 0.000000000000000000 -0.000000000000000000
connection 38 44 -0.297170824831865632 0 0.000000000000000000 -0.000000000000000000
connection 38 45 2.861274861919771428 0 0.000000000000000000 -0.000000000000000000
connection 38 46 2.861274861919771428 0 0.000000000000000000 -0.000000000000000000
connection 38 59 -0.297170824831865632 0 0.000000000000000000 -0.000000000000000000
connection 38 60 -0.297170824831865632 0 0.000000000000000000 -0.000000000000000000
connection 38 61 2.861274861919771428 0 0.000000000000000000 -0.000000000000000000
connection 38 62 2.861274861919771428 0 0.000000000000000000 -0.000000000000000000
connection 38 33 5.010105763106754040 0 0.000000000000000000 -0.000000000000000000
connection 38 71 5.010105763106754040 0 0.000000000000000000 -0.000000000000000000
connection 38 78 3.212297510781420229 0 0.000000000000000000 -0.000000000000000000
connection 38 79 3.212297510781420229 0 0.000000000000000000 -0.000000000000000000
connection 38 80 -3.409277567003234033 0 0.000000000000000000 -0.000000000000000000
connection 38 81 -3.409277567003234033 0 0.000000000000000000 -0.000000000000000000
connection 38 93 3.212297510781420229 0 0.000000000000000000 -0.000000000000000000
connection 38 94 3.212297510781420229 0 0.000000000000000000 -0.000000000000000000
connection 38 95 -3.409277567003234033 0 0.000000000000000000 -0.000000000000000000
connection 38 96 -3.409277567003234033 0 0.000000000000000000 -0.000000000000000000
connection 38 47 -5.521300993985338579 0 0.000000000000000000 -0.000000000000000000
connection 38 48 -5.521300993985338579 0 0.000000000000000000 -0.000000000000000000
connection 38 77 -2.482835639935340843 0 0.000000000000000000 -0.000000000000000000
connection 38 23 3.862002086915016452 0 0.000000000000000000 -0.000000000000000000
connection 38 24 3.862002086915016452 0 0.000000000000000000 -0.000000000000000000
connection 38 70 0.291876308035902587 0 0.000000000000000000 -0.000000000000000000
connection 38 58 0.291876308035902587 0 0.000000000000000000 -0.000000000000000000
connection 66 31 4.366586589340820446 0 0.000000000000000000 -0.000000000000000000
connection 66 32 4.366586589340820446 0 0.000000000000000000 -0.000000000000000000
connection 66 33 7.242077715139161320 0 0.000000000000000000 -0.000000000000000000
connection 66 71 7.242077715139161320 0 0.000000000000000000 -0.000000000000000000
connection 66 102 6.796661469832967484 0 0.000000000000000000 -0.000000000000000000
connection 66 82 6.796661469832967484 0 0.000000000000000000 -0.000000000000000000
connection 66 97 0.760544570506922479 0 0.000000000000000000 -0.000000000000000000
connection 66 98 0.760544570506922479 0 0.000000000000000000 -0.000000000000000000
connection 66 99 -2.478414236339109511 0 0.000000000000000000 -0.000000000000000000
connection 66 100 -2.478414236339109511 0 0.000000000000000000 -0.000000000000000000
connection 66 84 0.760544570506922479 0 0.000000000000000000 -0.000000000000000000
connection 66 85 0.760544570506922479 0 0.000000000000000000 -0.000000000000000000
connection 66 86 -2.478414236339109511 0 0.000000000000000000 -0.000000000000000000
connection 66 87 -2.478414236339109511 0 0.000000000000000000 -0.000000000000000000
connection 66 72 -2.142607041518742594 0 0.000000000000000000 -0.000000000000000000
connection 66 73 -2.142607041518742594 0 0.000000000000000000 -0.000000000000000000
connection 66 74 0.676118020591136348 0 0.000000000000000000 -0.000000000000000000
connection 66 75 0.676118020591136348 0 0.000000000000000000 -0.000000000000000000
connection 66 91 -2.142607041518742594 0 0.000000000000000000 -0.000000000000000000
connection 66 88 -2.142607041518742594 0 0.000000000000000000 -0.000000000000000000
connection 66 89 0.676118020591136348 0 0.000000000000000000 -0.000000000000000000
connection 66 90 0.676118020591136348 0 0.000000000000000000 -0.000000000000000000
connection 66 77 4.271240111253521654 0 0.000000000000000000 -0.000000000000000000
connection 66 21 7.157235120309077381 0 0.000000000000000000 -0.000000000000000000
connection 40 31 2.544826486273686239 0 0.000000000000000000 -0.000000000000000000
connection 40 32 2.544826486273686239 0 0.000000000000000000 -0.000000000000000000
connection 40 33 6.128542218971218425 0 0.000000000000000000 -0.000000000000000000
connection 40 71 6.128542218971218425 0 0.000000000000000000 -0.000000000000000000
connection 40 102 7.786854657107609157 0 0.000000000000000000 -0.000000000000000000
connection 40 82 7.786854657107609157 0 0.000000000000000000 -0.000000000000000000
connection 40 97 6.376170777219570596 0 0.000000000000000000 -0.000000000000000000
connection 40 98 6.376170777219570596 0 0.000000000000000000 -0.000000000000000000
connection 40 99 2.369913068959712987 0 0.000000000000000000 -0.000000000000000000
connection 40 100 2.369913068959712987 0 0.000000000000000000 -0.000000000000000000
connection 40 84 6.376170777219570596 0 0.000000000000000000 -0.000000000000000000
connection 40 85 6.376170777219570596 0 0.000000000000000000 -0.000000000000000000
connection 40 86 2.369913068959712987 0 0.000000000000000000 -0.000000000000000000
connection 40 87 2.369913068959712987 0 0.000000000000000000 -0.000000000000000000
connection 40 47 -2.362327747915062837 0 0.000000000000000000 -0.000000000000000000
connection 40 48 -2.362327747915062837 0 0.000000000000000000 -0.000000000000000000
connection 40 67 0.249689228653321244 0 0.000000000000000000 -0.000000000000000000
connection 40 54 0.249689228653321244 0 0.000000000000000000 -0.000000000000000000
connection 40 68 0.249689228653321244 0 0.000000000000000000 -0.000000000000000000
connection 40 50 3.295230258187302752 0 0.000000000000000000 -0.000000000000000000
connection 40 21 7.484694555965972995 0 0.000000000000000000 -0.000000000000000000
connection 82 19 6.474991277466123130 0 0.000000000000000000 -0.000000000000000000
connection 82 22 7.705134807076443160 0 0.000000000000000000 -0.000000000000000000
connection 82 20 6.065904780709684196 0 0.000000000000000000 -0.000000000000000000
connection 82 21 7.942899421211055966 0 0.000000000000000000 -0.000000000000000000
connection 41 31 0.536731417811563416 0 0.000000000000000000 -0.000000000000000000
connection 41 32 0.536731417811563416 0 0.000000000000000000 -0.000000000000000000
connection 41 33 5.624613300704945473 0 0.000000000000000000 -0.000000000000000000
connection 41 71 5.624613300704945473 0 0.000000000000000000 -0.000000000000000000
connection 41 102 6.647305919851787870 0 0.000000000000000000 -0.000000000000000000
connection 41 82 6.647305919851787870 0 0.000000000000000000 -0.000000000000000000
connection 41 97 -0.670573476006834035 0 0.000000000000000000 -0.000000000000000000
connection 41 98 -0.670573476006834035 0 0.000000000000000000 -0.000000000000000000
connection 41 99 -4.920227442346869040 0 0.000000000000000000 -0.000000000000000000
connection 41 100 -4.920227442346869040 0 0.000000000000000000 -0.000000000000000000
connection 41 84 -0.670573476006834035 0 0.000000000000000000 -0.000000000000000000
connection 41 85 -0.670573476006834035 0 0.000000000000000000 -0.000000000000000000
connection 41 86 -4.920227442346869040 0 0.000000000000000000 -0.000000000000000000
connection 41 77 -1.084675639144338399 0 0.000000000000000000 -0.000000000000000000
connection 50 20 7.884079802216741761 0 0.000000000000000000 -0.000000000000000000
connection 50 21 5.623790696987382987 0 0.000000000000000000 -0.000000000000000000
connection 42 19 5.299336465137075791 0 0.000000000000000000 -0.000000000000000000
connection 42 22 7.942237040895891553 0 0.000000000000000000 -0.000000000000000000
connection 42 47 6.328561706373467821 0 0.000000000000000000 -0.000000000000000000
connection 42 48 6.328561706373467821 0 0.000000000000000000 -0.000000000000000000
connection 42 77 2.571534106050438862 0 0.000000000000000000 -0.000000000000000000
connection 42 21 7.738040833636677718 0 0.000000000000000000 -0.000000000000000000
connection 43 19 -5.210164688324914195 0 0.000000000000000000 -0.000000000000000000
connection 43 22 -7.174952621256419860 0 0.000000000000000000 -0.000000000000000000
connection 43 20 -4.573696371015959272 0 0.000000000000000000 -0.000000000000000000
connection 43 21 -4.538096150740043910 0 0.000000000000000000 -0.000000000000000000
connection 97 19 5.229123698301719081 0 0.000000000000000000 -0.000000000000000000
connection 97 22 7.919594333309544432 0 0.000000000000000000 -0.000000000000000000
connection 97 20 4.735875052019244968 0 0.000000000000000000 -0.000000000000000000
connection 97 21 7.922682617852093934 0 0.000000000000000000 -0.000000000000000000
connection 44 19 -2.311186195769189045 0 0.000000000000000000 -0.000000000000000000
connection 44 22 -7.165975684196623341 0 0.000000000000000000 -0.000000000000000000
connection 44 20 -5.435270871592135400 0 0.000000000000000000 -0.000000000000000000
connection 44 21 -5.332599351698066314 0 0.000000000000000000 -0.000000000000000000
connection 47 19 6.532299755364918248 0 0.000000000000000000 -0.000000000000000000
connection 47 22 7.962432301534952295 0 0.000000000000000000 -0.000000000000000000
connection 47 20 6.166725176336337988 0 0.000000000000000000 -0.000000000000000000
connection 47 21 7.735028200049537617 0 0.000000000000000000 -0.000000000000000000
connection 48 20 7.800905193931108705 0 0.000000000000000000 -0.000000000000000000
connection 67 21 5.383252509390703544 0 0.000000000000000000 -0.000000000000000000
connection 51 19 6.902262083309995688 0 0.000000000000000000 -0.000000000000000000
connection 51 22 7.964020908599374948 0 0.000000000000000000 -0.000000000000000000
connection 51 47 7.595944042058663470 0 0.000000000000000000 -0.000000000000000000
connection 51 48 7.595944042058663470 0 0.000000000000000000 -0.000000000000000000
connection 51 77 4.561710167777611069 0 0.000000000000000000 -0.000000000000000000
connection 51 21 7.563637166683834678 0 0.000000000000000000 -0.000000000000000000
connection 58 19 3.182719714329170113 0 0.000000000000000000 -0.000000000000000000
connection 58 22 7.846398254730891253 0 0.000000000000000000 -0.000000000000000000
connection 58 20 -1.069547157729904940 0 0.000000000000000000 -0.000000000000000000
connection 58 21 7.597704537983726247 0 0.000000000000000000 -0.000000000000000000
connection 64 19 7.059390849722449346 0 0.000000000000000000 -0.000000000000000000
connection 64 102 6.785677970240325152 0 0.000000000000000000 -0.000000000000000000
connection 64 82 6.785677970240325152 0 0.000000000000000000 -0.000000000000000000
connection 64 83 -0.242769901777481811 0 0.000000000000000000 -0.000000000000000000
connection 64 101 -0.242769901777481811 0 0.000000000000000000 -0.000000000000000000
connection 64 72 0.291841199297636855 0 0.000000000000000000 -0.000000000000000000
connection 64 73 0.291841199297636855 0 0.000000000000000000 -0.000000000000000000
connection 64 74 3.360093820636472994 0 0.000000000000000000 -0.000000000000000000
connection 64 75 3.360093820636472994 0 0.000000000000000000 -0.000000000000000000
connection 64 91 0.291841199297636855 0 0.000000000000000000 -0.000000000000000000
connection 64 88 0.291841199297636855 0 0.000000000000000000 -0.000000000000000000
connection 64 89 3.360093820636472994 0 0.000000000000000000 -0.000000000000000000
connection 64 90 3.360093820636472994 0 0.000000000000000000 -0.000000000000000000
connection 64 21 7.469230448297251357 0 0.000000000000000000 -0.000000000000000000
connection 55 31 3.461593622874965526 0 0.000000000000000000 -0.000000000000000000
connection 55 32 3.461593622874965526 0 0.000000000000000000 -0.000000000000000000
connection 55 33 6.871056649070261813 0 0.000000000000000000 -0.000000000000000000
connection 55 71 6.871056649070261813 0 0.000000000000000000 -0.000000000000000000
connection 55 102 7.790343246436055580 0 0.000000000000000000 -0.000000000000000000
connection 55 82 7.790343246436055580 0 0.000000000000000000 -0.000000000000000000
connection 55 97 6.360200200890155919 0 0.000000000000000000 -0.000000000000000000
connection 55 98 6.360200200890155919 0 0.000000000000000000 -0.000000000000000000
connection 55 99 2.737926466910109546 0 0.000000000000000000 -0.000000000000000000
connection 55 100 2.737926466910109546 0 0.000000000000000000 -0.000000000000000000
connection 55 84 6.360200200890155919 0 0.000000000000000000 -0.000000000000000000
connection 55 85 6.360200200890155919 0 0.000000000000000000 -0.000000000000000000
connection 55 86 2.737926466910109546 0 0.000000000000000000 -0.000000000000000000
connection 55 87 2.737926466910109546 0 0.000000000000000000 -0.000000000000000000
connection 55 47 -0.623616530410417869 0 0.000000000000000000 -0.000000000000000000
connection 55 48 -0.623616530410417869 0 0.000000000000000000 -0.000000000000000000
connection 55 77 4.312392810849347669 0 0.000000000000000000 -0.000000000000000000
connection 55 21 7.673296357258449163 0 0.000000000000000000 -0.000000000000000000
connection 57 19 4.149316335915530729 0 0.000000000000000000 -0.000000000000000000
connection 57 22 7.842894470773119409 0 0.000000000000000000 -0.000000000000000000
connection 57 20 1.191000385307268816 0 0.000000000000000000 -0.000000000000000000
connection 57 21 7.792906552763240846 0 0.000000000000000000 -0.000000000000000000
connection 60 19 6.876847210400635291 0 0.000000000000000000 -0.000000000000000000
connection 60 22 -4.821046731703952481 0 0.000000000000000000 -0.000000000000000000
connection 60 20 1.752485010324317027 0 0.000000000000000000 -0.000000000000000000
connection 60 70 1.150820683684831369 0 0.000000000000000000 -0.000000000000000000
connection 60 58 1.150820683684831369 0 0.000000000000000000 -0.000000000000000000
connection 61 19 7.273196358699657083 0 0.000000000000000000 -0.000000000000000000
connection 61 78 4.289597078331359725 0 0.000000000000000000 -0.000000000000000000
connection 61 79 4.289597078331359725 0 0.000000000000000000 -0.000000000000000000
connection 61 80 -0.760821281214832390 0 0.000000000000000000 -0.000000000000000000
connection 61 81 -0.760821281214832390 0 0.000000000000000000 -0.000000000000000000
connection 61 93 4.289597078331359725 0 0.000000000000000000 -0.000000000000000000
connection 61 94 4.289597078331359725 0 0.000000000000000000 -0.000000000000000000
connection 61 95 -0.760821281214832390 0 0.000000000000000000 -0.000000000000000000
connection 61 96 -0.760821281214832390 0 0.000000000000000000 -0.000000000000000000
connection 61 83 -2.858119694582051729 0 0.000000000000000000 -0.000000000000000000
connection 61 20 4.176609523285522485 0 0.000000000000000000 -0.000000000000000000
connection 62 19 6.085018798560404285 0 0.000000000000000000 -0.000000000000000000
connection 62 20 -0.584611778692741169 0 0.000000000000000000 -0.000000000000000000
connection 62 23 3.171659959235524351 0 0.000000000000000000 -0.000000000000000000
connection 62 24 3.171659959235524351 0 0.000000000000000000 -0.000000000000000000
connection 62 70 -0.721859476020687230 0 0.000000000000000000 -0.000000000000000000
connection 62 58 -0.721859476020687230 0 0.000000000000000000 -0.000000000000000000
connection 63 19 6.728659395175825786 0 0.000000000000000000 -0.000000000000000000
connection 63 78 4.057887508479706362 0 0.000000000000000000 -0.000000000000000000
connection 63 79 4.057887508479706362 0 0.000000000000000000 -0.000000000000000000
connection 63 80 -1.670041161359328674 0 0.000000000000000000 -0.000000000000000000
connection 63 81 -1.670041161359328674 0 0.000000000000000000 -0.000000000000000000
connection 63 93 4.057887508479706362 0 0.000000000000000000 -0.000000000000000000
connection 63 94 4.057887508479706362 0 0.000000000000000000 -0.000000000000000000
connection 63 95 -1.670041161359328674 0 0.000000000000000000 -0.000000000000000000
connection 63 96 -1.670041161359328674 0 0.000000000000000000 -0.000000000000000000
connection 63 83 -4.669565009401715372 0 0.000000000000000000 -0.000000000000000000
connection 63 101 -4.669565009401715372 0 0.000000000000000000 -0.000000000000000000
connection 63 20 1.799729493772131983 0 0.000000000000000000 -0.000000000000000000
connection 63 21 5.367854455662848245 0 0.000000000000000000 -0.000000000000000000
connection 65 31 4.298184215097641925 0 0.000000000000000000 -0.000000000000000000
connection 65 32 4.298184215097641925 0 0.000000000000000000 -0.000000000000000000
connection 65 33 7.303089259065582262 0 0.000000000000000000 -0.000000000000000000
connection 65 71 7.303089259065582262 0 0.000000000000000000 -0.000000000000000000
connection 65 102 7.782795486303179189 0 0.000000000000000000 -0.000000000000000000
connection 65 82 7.782795486303179189 0 0.000000000000000000 -0.000000000000000000
connection 65 97 6.291615903279479838 0 0.000000000000000000 -0.000000000000000000
connection 65 98 6.291615903279479838 0 0.000000000000000000 -0.000000000000000000
connection 65 99 3.056810102177923927 0 0.000000000000000000 -0.000000000000000000
connection 65 100 3.056810102177923927 0 0.000000000000000000 -0.000000000000000000
connection 65 84 6.291615903279479838 0 0.000000000000000000 -0.000000000000000000
connection 65 85 6.291615903279479838 0 0.000000000000000000 -0.000000000000000000
connection 65 86 3.056810102177923927 0 0.000000000000000000 -0.000000000000000000
connection 65 87 3.056810102177923927 0 0.000000000000000000 -0.000000000000000000
connection 65 47 1.168396916945714459 0 0.000000000000000000 -0.000000000000000000
connection 65 48 1.168396916945714459 0 0.000000000000000000 -0.000000000000000000
connection 65 77 5.891488088757233399 0 0.000000000000000000 -0.000000000000000000
connection 65 21 7.783380307546783783 0 0.000000000000000000 -0.000000000000000000
connection 69 19 5.188438730277563415 0 0.000000000000000000 -0.000000000000000000
connection 69 22 7.940122024993262251 0 0.000000000000000000 -0.000000000000000000
connection 69 20 3.906666289007622250 0 0.000000000000000000 -0.000000000000000000
connection 69 21 7.819696597238899649 0 0.000000000000000000 -0.000000000000000000
connection 71 19 3.845860265351686902 0 0.000000000000000000 -0.000000000000000000
connection 71 22 -7.216348016651712882 0 0.000000000000000000 -0.000000000000000000
connection 71 20 -3.697124337033301789 0 0.000000000000000000 -0.000000000000000000
connection 71 23 0.340164534032646293 0 0.000000000000000000 -0.000000000000000000
connection 71 24 0.340164534032646293 0 0.000000000000000000 -0.000000000000000000
connection 71 70 -3.028184990040757363 0 0.000000000000000000 -0.000000000000000000
connection 71 58 -3.028184990040757363 0 0.000000000000000000 -0.000000000000000000
connection 72 19 5.131293347685992323 0 0.000000000000000000 -0.000000000000000000
connection 72 22 7.935887753109324372 0 0.000000000000000000 -0.000000000000000000
connection 72 20 4.148537632363426653 0 0.000000000000000000 -0.000000000000000000
connection 72 21 7.869857416331184297 0 0.000000000000000000 -0.000000000000000000
connection 73 22 7.961546581572768844 0 0.000000000000000000 -0.000000000000000000
connection 73 20 6.048629761658593118 0 0.000000000000000000 -0.000000000000000000
connection 73 21 7.772711004887364439 0 0.000000000000000000 -0.000000000000000000
connection 85 19 5.830818057591044656 0 0.000000000000000000 -0.000000000000000000
connection 85 22 7.778475822382703520 0 0.000000000000000000 -0.000000000000000000
connection 85 47 3.887706286707529824 0 0.000000000000000000 -0.000000000000000000
connection 85 48 3.887706286707529824 0 0.000000000000000000 -0.000000000000000000
connection 85 77 6.698417941720166802 0 0.000000000000000000 -0.000000000000000000
connection 85 21 7.921117654628323734 0 0.000000000000000000 -0.000000000000000000
connection 74 20 7.453862203876123083 0 0.000000000000000000 -0.000000000000000000
connection 74 21 7.223358561576019632 0 0.000000000000000000 -0.000000000000000000
connection 77 20 7.872140970596158027 0 0.000000000000000000 -0.000000000000000000
connection 77 21 5.762017584772206824 0 0.000000000000000000 -0.000000000000000000
connection 81 19 7.426071194767836836 0 0.000000000000000000 -0.000000000000000000
connection 81 102 6.727711517960038634 0 0.000000000000000000 -0.000000000000000000
connection 81 82 6.727711517960038634 0 0.000000000000000000 -0.000000000000000000
connection 81 83 0.860409266244599791 0 0.000000000000000000 -0.000000000000000000
connection 81 101 0.860409266244599791 0 0.000000000000000000 -0.000000000000000000
connection 81 20 6.083746531295408211 0 0.000000000000000000 -0.000000000000000000
connection 81 21 7.655941565207815103 0 0.000000000000000000 -0.000000000000000000
connection 84 19 6.703667684519688308 0 0.000000000000000000 -0.000000000000000000
connection 84 102 7.764082647051250952 0 0.000000000000000000 -0.000000000000000000
connection 84 82 7.764082647051250952 0 0.000000000000000000 -0.000000000000000000
connection 84 97 6.178130171863593034 0 0.000000000000000000 -0.000000000000000000
connection 84 98 6.178130171863593034 0 0.000000000000000000 -0.000000000000000000
connection 84 99 3.350806519509065939 0 0.000000000000000000 -0.000000000000000000
connection 84 100 3.350806519509065939 0 0.000000000000000000 -0.000000000000000000
connection 84 84 6.178130171863593034 0 0.000000000000000000 -0.000000000000000000
connection 84 85 6.178130171863593034 0 0.000000000000000000 -0.000000000000000000
connection 84 86 3.350806519509065939 0 0.000000000000000000 -0.000000000000000000
connection 84 87 3.350806519509065939 0 0.000000000000000000 -0.000000000000000000
connection 84 47 2.830340061146892516 0 0.000000000000000000 -0.000000000000000000
connection 84 48 2.830340061146892516 0 0.000000000000000000 -0.000000000000000000
connection 84 77 6.801704839886926202 0 0.000000000000000000 -0.000000000000000000
connection 84 21 7.849432022642385931 0 0.000000000000000000 -0.000000000000000000
connection 86 19 5.142362284594525157 0 0.000000000000000000 -0.000000000000000000
connection 86 22 7.929226074427500492 0 0.000000000000000000 -0.000000000000000000
connection 86 20 4.423535143585865193 0 0.000000000000000000 -0.000000000000000000
connection 86 21 7.901746000972622141 0 0.000000000000000000 -0.000000000000000000
connection 91 20 7.306884786123472253 0 0.000000000000000000 -0.000000000000000000
connection 91 21 7.414517522479742162 0 0.000000000000000000 -0.000000000000000000
connection 94 19 6.655324916743355246 0 0.000000000000000000 -0.000000000000000000
connection 94 22 7.671763419571230536 0 0.000000000000000000 -0.000000000000000000
connection 94 20 6.354467109332023966 0 0.000000000000000000 -0.000000000000000000
connection 94 21 7.947712993999241249 0 0.000000000000000000 -0.000000000000000000
connection 95 19 5.390456861091912799 0 0.000000000000000000 -0.000000000000000000
connection 95 22 7.906161060583020372 0 0.000000000000000000 -0.000000000000000000
connection 95 20 5.082089418280174797 0 0.000000000000000000 -0.000000000000000000
connection 95 21 7.936835335272463432 0 0.000000000000000000 -0.000000000000000000
connection 96 19 6.277329827301770138 0 0.000000000000000000 -0.000000000000000000
connection 96 22 7.733678165758066214 0 0.000000000000000000 -0.000000000000000000
connection 96 47 4.366600469093606662 0 0.000000000000000000 -0.000000000000000000
connection 96 48 4.366600469093606662 0 0.000000000000000000 -0.000000000000000000
connection 96 77 7.159988240245555247 0 0.000000000000000000 -0.000000000000000000
connection 96 21 7.937054163431159104 0 0.000000000000000000 -0.000000000000000000
connection 98 20 5.604294638910427118 0 0.000000000000000000 -0.000000000000000000
connection 98 21 7.868467777922516504 0 0.000000000000000000 -0.000000000000000000
connection 99 20 7.122879068870175523 0 0.000000000000000000 -0.000000000000000000
connection 99 21 7.558650262553622490 0 0.000000000000000000 -0.000000000000000000
connection 101 19 5.583200811056175716 0 0.000000000000000000 -0.000000000000000000
connection 101 22 7.795672191194029210 0 0.000000000000000000 -0.000000000000000000
connection 101 20 4.418278260676131275 0 0.000000000000000000 -0.000000000000000000
connection 101 21 7.910213067680446741 0 0.000000000000000000 -0.000000000000000000
connection 31 16 -7.818676052037732305 0 0.000000000000000000 -0.000000000000000000
connection 60 16 -0.748204044424190640 0 0.000000000000000000 -0.000000000000000000
connection 61 16 6.127839224547714458 0 0.000000000000000000 -0.000000000000000000
connection 62 16 -1.556288708822926470 0 0.000000000000000000 -0.000000000000000000
connection 33 16 7.702179774208681273 0 0.000000000000000000 -0.000000000000000000
connection 34 16 -7.417195834973197677 0 0.000000000000000000 -0.000000000000000000
connection 35 16 -2.382898080586488998 0 0.000000000000000000 -0.000000000000000000
connection 36 16 5.867166935940804073 0 0.000000000000000000 -0.000000000000000000
connection 31 17 -5.985308709158873697 0 0.000000000000000000 -0.000000000000000000
connection 62 17 -3.138044306471920120 0 0.000000000000000000 -0.000000000000000000
connection 63 17 -3.319090322239109714 0 0.000000000000000000 -0.000000000000000000
connection 64 17 -0.723838870068605922 0 0.000000000000000000 -0.000000000000000000
connection 65 17 1.578580915324553358 0 0.000000000000000000 -0.000000000000000000
connection 66 17 -2.704100284110993346 0 0.000000000000000000 -0.000000000000000000
connection 102 17 2.292726507639957223 0 0.000000000000000000 -0.000000000000000000
connection 82 17 5.184832524609484850 0 0.000000000000000000 -0.000000000000000000
connection 84 17 2.348803621974697275 0 0.000000000000000000 -0.000000000000000000
connection 85 17 5.374928406668779246 0 0.000000000000000000 -0.000000000000000000
connection 86 17 7.291598113733367192 0 0.000000000000000000 -0.000000000000000000
connection 87 17 5.517047993740021639 0 0.000000000000000000 -0.000000000000000000
connection 39 17 -4.369642887484114446 0 0.000000000000000000 -0.000000000000000000
connection 55 17 0.783430600192109861 0 0.000000000000000000 -0.000000000000000000
connection 56 17 5.648986782982684751 0 0.000000000000000000 -0.000000000000000000
connection 69 17 7.510153906852901073 0 0.000000000000000000 -0.000000000000000000
connection 57 17 5.754000364290993375 0 0.000000000000000000 -0.000000000000000000
connection 70 17 7.888054714861429062 0 0.000000000000000000 -0.000000000000000000
connection 25 17 -0.875741009334221721 0 0.000000000000000000 -0.000000000000000000
connection 30 17 5.817699596336040280 0 0.000000000000000000 -0.000000000000000000
connection 26 17 7.623351740947631683 0 0.000000000000000000 -0.000000000000000000
connection 27 17 5.826919507131568032 0 0.000000000000000000 -0.000000000000000000
connection 31 18 -5.049914438090409519 0 0.000000000000000000 -0.000000000000000000
connection 59 18 -4.870808964941879537 0 0.000000000000000000 -0.000000000000000000
connection 60 18 -0.937238616358283205 0 0.000000000000000000 -0.000000000000000000
connection 62 18 -2.575388209112827287 0 0.000000000000000000 -0.000000000000000000
connection 63 18 1.490262112912600800 0 0.000000000000000000 -0.000000000000000000
connection 65 18 6.812333885194695071 0 0.000000000000000000 -0.000000000000000000
connection 66 18 4.727634207101067076 0 0.000000000000000000 -0.000000000000000000
connection 34 18 -5.424994432494755436 0 0.000000000000000000 -0.000000000000000000
connection 35 18 -3.831099752820401161 0 0.000000000000000000 -0.000000000000000000
connection 36 18 -0.623753104255257318 0 0.000000000000000000 -0.000000000000000000
connection 37 18 -4.708477152816466393 0 0.000000000000000000 -0.000000000000000000
connection 38 18 -2.549344920905182388 0 0.000000000000000000 -0.000000000000000000
connection 39 18 2.765547886919688558 0 0.000000000000000000 -0.000000000000000000
connection 41 18 0.283256538895196419 0 0.000000000000000000 -0.000000000000000000
connection 70 18 3.928318666128472358 0 0.000000000000000000 -0.000000000000000000
connection 58 18 2.796821705594256802 0 0.000000000000000000 -0.000000000000000000
NNend

