NNstart
14 8
neuron 1 1.000000000000000000 0.000000000000000000 0.000000000000000000 0.000000000000000000 11 0.000000000000000000
neuron 1 1.000000000000000000 0.000000000000000000 0.000000000000000000 0.000000000000000000 11 0.000000000000000000
neuron 1 1.000000000000000000 0.000000000000000000 0.000000000000000000 0.000000000000000000 11 0.000000000000000000
neuron 1 1.000000000000000000 0.000000000000000000 0.000000000000000000 0.000000000000000000 11 0.000000000000000000
neuron 1 1.000000000000000000 0.000000000000000000 0.000000000000000000 0.000000000000000000 11 0.000000000000000000
neuron 1 1.000000000000000000 0.000000000000000000 0.000000000000000000 0.000000000000000000 11 0.000000000000000000
neuron 1 1.000000000000000000 0.000000000000000000 0.000000000000000000 0.000000000000000000 11 0.000000000000000000
neuron 1 1.000000000000000000 0.000000000000000000 0.000000000000000000 0.000000000000000000 11 0.000000000000000000
neuron 1 1.000000000000000000 0.000000000000000000 0.000000000000000000 0.000000000000000000 11 0.000000000000000000
neuron 1 1.000000000000000000 0.000000000000000000 0.000000000000000000 0.000000000000000000 11 0.000000000000000000
neuron 1 1.000000000000000000 0.000000000000000000 0.000000000000000000 0.000000000000000000 11 0.000000000000000000
neuron 1 1.000000000000000000 0.000000000000000000 0.000000000000000000 0.000000000000000000 11 0.000000000000000000
neuron 1 1.000000000000000000 0.000000000000000000 0.000000000000000000 0.000000000000000000 11 0.000000000000000000
neuron 2 1.000000000000000000 0.000000000000000000 0.000000000000000000 0.000000000000000000 11 0.000000000000000000
neuron 4 1.000000000000000000 0.000000000000000000 0.000000000000000000 0.000000000000000000 1 0.000000000000000000
neuron 4 1.000000000000000000 0.000000000000000000 0.000000000000000000 0.000000000000000000 1 0.000000000000000000
neuron 4 1.000000000000000000 0.000000000000000000 0.000000000000000000 0.000000000000000000 1 0.000000000000000000
neuron 4 1.000000000000000000 0.000000000000000000 0.000000000000000000 0.000000000000000000 1 0.000000000000000000
neuron 4 1.000000000000000000 0.000000000000000000 0.000000000000000000 0.000000000000000000 1 0.000000000000000000
neuron 4 1.000000000000000000 0.000000000000000000 0.000000000000000000 0.000000000000000000 1 0.000000000000000000
neuron 4 1.000000000000000000 0.000000000000000000 0.000000000000000000 0.000000000000000000 1 0.000000000000000000
neuron 4 1.000000000000000000 0.000000000000000000 0.000000000000000000 0.000000000000000000 1 0.000000000000000000
neuron 3 1.000000000000000000 0.000000000000000000 0.000000000000000000 0.000000000000000000 0 0.000000000000000000
neuron 3 1.000000000000000000 0.000000000000000000 0.000000000000000000 0.000000000000000000 0 0.000000000000000000
neuron 3 1.000000000000000000 0.000000000000000000 0.000000000000000000 0.000000000000000000 0 0.000000000000000000
neuron 3 1.000000000000000000 0.000000000000000000 0.000000000000000000 0.000000000000000000 0 0.000000000000000000
neuron 3 1.000000000000000000 0.000000000000000000 0.000000000000000000 0.000000000000000000 0 0.000000000000000000
neuron 3 1.000000000000000000 0.000000000000000000 0.000000000000000000 0.000000000000000000 0 0.000000000000000000
neuron 3 1.000000000000000000 0.000000000000000000 0.000000000000000000 0.000000000000000000 0 0.000000000000000000
neuron 3 1.000000000000000000 0.000000000000000000 0.000000000000000000 0.000000000000000000 0 0.000000000000000000
neuron 3 1.000000000000000000 0.000000000000000000 0.000000000000000000 0.000000000000000000 0 0.000000000000000000
neuron 3 1.000000000000000000 0.000000000000000000 0.000000000000000000 0.000000000000000000 0 0.000000000000000000
neuron 3 1.000000000000000000 0.000000000000000000 0.000000000000000000 0.000000000000000000 0 0.000000000000000000
neuron 3 1.000000000000000000 0.000000000000000000 0.000000000000000000 0.000000000000000000 0 0.000000000000000000
neuron 3 1.000000000000000000 0.000000000000000000 0.000000000000000000 0.000000000000000000 0 0.000000000000000000
neuron 3 1.000000000000000000 0.000000000000000000 0.000000000000000000 0.000000000000000000 0 0.000000000000000000
neuron 3 1.000000000000000000 0.000000000000000000 0.000000000000000000 0.000000000000000000 0 0.000000000000000000
neuron 3 1.000000000000000000 0.000000000000000000 0.000000000000000000 0.000000000000000000 0 0.000000000000000000
neuron 3 1.000000000000000000 0.000000000000000000 0.000000000000000000 0.000000000000000000 0 0.000000000000000000
neuron 3 1.000000000000000000 0.000000000000000000 0.000000000000000000 0.000000000000000000 0 0.000000000000000000
neuron 3 1.000000000000000000 0.000000000000000000 0.000000000000000000 0.000000000000000000 0 0.000000000000000000
neuron 3 1.000000000000000000 0.000000000000000000 0.000000000000000000 0.000000000000000000 0 0.000000000000000000
neuron 3 1.000000000000000000 0.000000000000000000 0.000000000000000000 0.000000000000000000 0 0.000000000000000000
neuron 3 1.000000000000000000 0.000000000000000000 0.000000000000000000 0.000000000000000000 0 0.000000000000000000
neuron 3 1.000000000000000000 0.000000000000000000 0.000000000000000000 0.000000000000000000 0 0.000000000000000000
neuron 3 1.000000000000000000 0.000000000000000000 0.000000000000000000 0.000000000000000000 0 0.000000000000000000
neuron 3 1.000000000000000000 0.000000000000000000 0.000000000000000000 0.000000000000000000 0 0.000000000000000000
neuron 3 1.000000000000000000 0.000000000000000000 0.000000000000000000 0.000000000000000000 0 0.000000000000000000
neuron 3 1.000000000000000000 0.000000000000000000 0.000000000000000000 0.000000000000000000 0 0.000000000000000000
neuron 3 1.000000000000000000 0.000000000000000000 0.000000000000000000 0.000000000000000000 0 0.000000000000000000
neuron 3 1.000000000000000000 0.000000000000000000 0.000000000000000000 0.000000000000000000 0 0.000000000000000000
neuron 3 1.000000000000000000 0.000000000000000000 0.000000000000000000 0.000000000000000000 0 0.000000000000000000
neuron 3 1.000000000000000000 0.000000000000000000 0.000000000000000000 0.000000000000000000 0 0.000000000000000000
neuron 3 1.000000000000000000 0.000000000000000000 0.000000000000000000 0.000000000000000000 0 0.000000000000000000
neuron 3 1.000000000000000000 0.000000000000000000 0.000000000000000000 0.000000000000000000 0 0.000000000000000000
neuron 3 1.000000000000000000 0.000000000000000000 0.000000000000000000 0.000000000000000000 0 0.000000000000000000
neuron 3 1.000000000000000000 0.000000000000000000 0.000000000000000000 0.000000000000000000 0 0.000000000000000000
connection 0 22 -4.941288298819562108 0 0.000000000000000000 0.000000000000000000
connection 1 24 4.575092384521388666 0 0.000000000000000000 0.000000000000000000
connection 1 22 -4.789626819685275372 0 0.000000000000000000 0.000000000000000000
connection 1 25 -2.936042056754635254 0 0.000000000000000000 0.000000000000000000
connection 1 26 -2.965019452642428277 0 0.000000000000000000 0.000000000000000000
connection 1 27 1.300679320647579740 0 0.000000000000000000 0.000000000000000000
connection 2 22 -4.554103705837460936 0 0.000000000000000000 0.000000000000000000
connection 2 25 -2.945015703296443910 0 0.000000000000000000 0.000000000000000000
connection 2 27 2.161128077304255601 0 0.000000000000000000 0.000000000000000000
connection 3 22 -4.227163221639648860 0 0.000000000000000000 0.000000000000000000
connection 3 25 -2.849548486215369270 0 0.000000000000000000 0.000000000000000000
connection 3 30 1.183538771211205987 0 0.000000000000000000 0.000000000000000000
connection 4 31 -4.654022095498768330 0 0.000000000000000000 0.000000000000000000
connection 4 25 -2.646576361212030548 0 0.000000000000000000 0.000000000000000000
connection 4 32 -3.411487230817543459 0 0.000000000000000000 0.000000000000000000
connection 4 30 2.040022091985578268 0 0.000000000000000000 0.000000000000000000
connection 5 31 -4.727764490021014510 0 0.000000000000000000 0.000000000000000000
connection 5 25 -2.332914764296507570 0 0.000000000000000000 0.000000000000000000
connection 5 32 -3.478459686033846143 0 0.000000000000000000 0.000000000000000000
connection 5 33 1.032181002140938997 0 0.000000000000000000 0.000000000000000000
connection 5 30 2.857875719263881731 0 0.000000000000000000 0.000000000000000000
connection 5 34 1.045576259880430348 0 0.000000000000000000 0.000000000000000000
connection 6 31 -4.724259485829294114 0 0.000000000000000000 0.000000000000000000
connection 6 25 -1.906633191626088353 0 0.000000000000000000 0.000000000000000000
connection 6 32 -3.448775802457102913 0 0.000000000000000000 0.000000000000000000
connection 6 33 1.902856400384192570 0 0.000000000000000000 0.000000000000000000
connection 6 34 1.910790317063040478 0 0.000000000000000000 0.000000000000000000
connection 7 35 4.152053478205217196 0 0.000000000000000000 0.000000000000000000
connection 7 31 -4.641556384648477085 0 0.000000000000000000 0.000000000000000000
connection 7 25 -1.369177244570288998 0 0.000000000000000000 0.000000000000000000
connection 7 32 -3.319747734143795093 0 0.000000000000000000 0.000000000000000000
connection 8 31 -4.475553796882574709 0 0.000000000000000000 0.000000000000000000
connection 8 37 1.800273522937599013 0 0.000000000000000000 0.000000000000000000
connection 8 32 -3.087544879000901688 0 0.000000000000000000 0.000000000000000000
connection 9 38 -3.970371134694570259 0 0.000000000000000000 0.000000000000000000
connection 9 39 0.761222284209664979 0 0.000000000000000000 0.000000000000000000
connection 9 40 2.589549045245583159 0 0.000000000000000000 0.000000000000000000
connection 9 37 2.622136353238844642 0 0.000000000000000000 0.000000000000000000
connection 9 32 -2.747944545066288935 0 0.000000000000000000 0.000000000000000000
connection 9 41 0.770179163809057932 0 0.000000000000000000 0.000000000000000000
connection 10 42 5.062513329473794954 0 0.000000000000000000 0.000000000000000000
connection 10 38 -3.906939327445920540 0 0.000000000000000000 0.000000000000000000
connection 10 39 1.638356331189287030 0 0.000000000000000000 0.000000000000000000
connection 10 44 1.665491099895169747 0 0.000000000000000000 0.000000000000000000
connection 10 32 -2.297878803307620732 0 0.000000000000000000 0.000000000000000000
connection 10 41 1.649865296942233384 0 0.000000000000000000 0.000000000000000000
connection 11 45 -1.487357210771445448 0 0.000000000000000000 0.000000000000000000
connection 11 38 -3.749471851468265449 0 0.000000000000000000 0.000000000000000000
connection 11 46 -1.304022163452981831 0 0.000000000000000000 0.000000000000000000
connection 11 47 0.632702378410650024 0 0.000000000000000000 0.000000000000000000
connection 11 39 2.460123441428038404 0 0.000000000000000000 0.000000000000000000
connection 11 44 2.498354117894680204 0 0.000000000000000000 0.000000000000000000
connection 11 32 -1.737721501114352085 0 0.000000000000000000 0.000000000000000000
connection 12 45 -1.532327601274338535 0 0.000000000000000000 0.000000000000000000
connection 12 38 -3.493198303456196196 0 0.000000000000000000 0.000000000000000000
connection 12 46 -0.414665566801905250 0 0.000000000000000000 0.000000000000000000
connection 12 47 1.518111543455327839 0 0.000000000000000000 0.000000000000000000
connection 12 49 -0.397099501575740921 0 0.000000000000000000 0.000000000000000000
connection 12 50 1.530596534332642866 0 0.000000000000000000 0.000000000000000000
connection 13 51 4.917359657308962184 0 0.000000000000000000 0.000000000000000000
connection 13 45 -1.461874970681966257 0 0.000000000000000000 0.000000000000000000
connection 13 38 -3.132792140126745117 0 0.000000000000000000 0.000000000000000000
connection 13 46 0.487622093411824054 0 0.000000000000000000 0.000000000000000000
connection 13 47 2.365654868544210920 0 0.000000000000000000 0.000000000000000000
connection 13 49 0.495342705243432380 0 0.000000000000000000 0.000000000000000000
connection 13 50 2.373553489727423305 0 0.000000000000000000 0.000000000000000000
connection 22 24 -0.971126483926601280 0 0.000000000000000000 0.000000000000000000
connection 22 52 -1.831719214980198185 0 0.000000000000000000 0.000000000000000000
connection 25 31 0.703669532784593876 0 0.000000000000000000 0.000000000000000000
connection 47 24 -2.119991613537394404 0 0.000000000000000000 0.000000000000000000
connection 47 45 -1.283512936510792679 0 0.000000000000000000 0.000000000000000000
connection 49 24 -1.218038027300595294 0 0.000000000000000000 0.000000000000000000
connection 49 52 -2.073689956061302020 0 0.000000000000000000 0.000000000000000000
connection 30 31 0.490286782378849761 0 0.000000000000000000 0.000000000000000000
connection 35 54 -1.892203143434360024 0 0.000000000000000000 0.000000000000000000
connection 33 24 -1.610542125281091419 0 0.000000000000000000 0.000000000000000000
connection 33 45 -0.783512485016688132 0 0.000000000000000000 0.000000000000000000
connection 38 54 -0.913507030275638732 0 0.000000000000000000 0.000000000000000000
connection 39 35 -1.533032267405541660 0 0.000000000000000000 0.000000000000000000
connection 39 52 -0.655379995921472447 0 0.000000000000000000 0.000000000000000000
connection 41 45 -2.144177080202212426 0 0.000000000000000000 0.000000000000000000
connection 42 56 1.464794176582324248 0 0.000000000000000000 0.000000000000000000
connection 44 31 -1.209442571299607305 0 0.000000000000000000 0.000000000000000000
connection 46 31 -4.443152454412857111 0 0.000000000000000000 0.000000000000000000
connection 37 31 1.557626709347652572 0 0.000000000000000000 0.000000000000000000
connection 40 24 -0.722111151211575764 0 0.000000000000000000 0.000000000000000000
connection 40 52 -1.582689656327252781 0 0.000000000000000000 0.000000000000000000
connection 31 24 -1.463170120669004204 0 0.000000000000000000 0.000000000000000000
connection 31 52 -2.309173589920725966 0 0.000000000000000000 0.000000000000000000
connection 51 31 -0.569206586982352380 0 0.000000000000000000 0.000000000000000000
connection 42 14 1.283350213418019692 0 0.000000000000000000 0.000000000000000000
connection 45 14 -0.214405407829515643 0 0.000000000000000000 0.000000000000000000
connection 56 14 -3.361677253626265571 0 0.000000000000000000 0.000000000000000000
connection 42 15 2.173484719599653392 0 0.000000000000000000 0.000000000000000000
connection 51 15 -2.713235018358650663 0 0.000000000000000000 0.000000000000000000
connection 45 15 0.288950925800801617 0 0.000000000000000000 0.000000000000000000
connection 42 16 3.098495306684277750 0 0.000000000000000000 0.000000000000000000
connection 51 16 -2.179520749702489546 0 0.000000000000000000 0.000000000000000000
connection 45 16 1.096362331347132013 0 0.000000000000000000 0.000000000000000000
connection 42 17 3.921101553344583657 0 0.000000000000000000 0.000000000000000000
connection 24 17 -3.025783275960590046 0 0.000000000000000000 0.000000000000000000
connection 24 18 -2.385554622233741373 0 0.000000000000000000 0.000000000000000000
connection 45 18 2.991784750226130551 0 0.000000000000000000 0.000000000000000000
connection 37 18 1.779120312122401515 0 0.000000000000000000 0.000000000000000000
connection 45 19 3.794819129735240715 0 0.000000000000000000 0.000000000000000000
connection 32 19 -3.275400716376201338 0 0.000000000000000000 0.000000000000000000
connection 30 19 1.715869705790320277 0 0.000000000000000000 0.000000000000000000
connection 42 20 5.314176844024915525 0 0.000000000000000000 0.000000000000000000
connection 51 20 1.621307337158501838 0 0.000000000000000000 0.000000000000000000
connection 45 20 4.405611309725866676 0 0.000000000000000000 0.000000000000000000
connection 56 20 -5.927507459891240060 0 0.000000000000000000 0.000000000000000000
connection 31 20 -6.387176335759739310 0 0.000000000000000000 0.000000000000000000
connection 25 20 2.873425794390844779 0 0.000000000000000000 0.000000000000000000
connection 32 20 -2.551725068540096064 0 0.000000000000000000 0.000000000000000000
connection 26 20 -4.003034815400365432 0 0.000000000000000000 0.000000000000000000
connection 30 20 2.680975020287221788 0 0.000000000000000000 0.000000000000000000
connection 27 20 -1.098724413589666549 0 0.000000000000000000 0.000000000000000000
connection 42 21 5.461052731475352751 0 0.000000000000000000 0.000000000000000000
connection 51 21 2.356304425119156054 0 0.000000000000000000 0.000000000000000000
connection 45 21 4.822133575453314336 0 0.000000000000000000 0.000000000000000000
connection 54 21 -2.792483422663849524 0 0.000000000000000000 0.000000000000000000
connection 52 21 -4.512406222134722533 0 0.000000000000000000 0.000000000000000000
connection 25 21 3.644208504112650182 0 0.000000000000000000 0.000000000000000000
connection 50 21 -0.763440457571995412 0 0.000000000000000000 0.000000000000000000
connection 26 21 -3.473818544682585774 0 0.000000000000000000 0.000000000000000000
connection 30 21 3.528334653991537895 0 0.000000000000000000 0.000000000000000000
connection 34 21 0.976783326658674511 0 0.000000000000000000 0.000000000000000000
NNend

