NNstart
14 4
neuron 1 1.000000000000000000 0.000000000000000000 0.000000000000000000 -0.000000000000000000 11 0.000000000000000000
neuron 1 1.000000000000000000 0.000000000000000000 0.000000000000000000 -0.000000000000000000 11 0.000000000000000000
neuron 1 1.000000000000000000 0.000000000000000000 0.000000000000000000 -0.000000000000000000 11 0.000000000000000000
neuron 1 1.000000000000000000 0.000000000000000000 0.000000000000000000 -0.000000000000000000 11 0.000000000000000000
neuron 1 1.000000000000000000 0.000000000000000000 0.000000000000000000 -0.000000000000000000 11 0.000000000000000000
neuron 1 1.000000000000000000 0.000000000000000000 0.000000000000000000 -0.000000000000000000 11 0.000000000000000000
neuron 1 1.000000000000000000 0.000000000000000000 0.000000000000000000 -0.000000000000000000 11 0.000000000000000000
neuron 1 1.000000000000000000 0.000000000000000000 0.000000000000000000 -0.000000000000000000 11 0.000000000000000000
neuron 1 1.000000000000000000 0.000000000000000000 0.000000000000000000 -0.000000000000000000 11 0.000000000000000000
neuron 1 1.000000000000000000 0.000000000000000000 0.000000000000000000 -0.000000000000000000 11 0.000000000000000000
neuron 1 1.000000000000000000 0.000000000000000000 0.000000000000000000 -0.000000000000000000 11 0.000000000000000000
neuron 1 1.000000000000000000 0.000000000000000000 0.000000000000000000 -0.000000000000000000 11 0.000000000000000000
neuron 1 1.000000000000000000 0.000000000000000000 0.000000000000000000 -0.000000000000000000 11 0.000000000000000000
neuron 2 1.000000000000000000 0.000000000000000000 0.000000000000000000 0.000000000000000000 11 0.000000000000000000
neuron 4 1.000000000000000000 0.000000000000000000 0.000000000000000000 -0.000000000000000000 1 0.000000000000000000
neuron 4 1.000000000000000000 0.000000000000000000 0.000000000000000000 -0.000000000000000000 1 0.000000000000000000
neuron 4 1.000000000000000000 0.000000000000000000 0.000000000000000000 -0.000000000000000000 1 0.000000000000000000
neuron 4 1.000000000000000000 0.000000000000000000 0.000000000000000000 -0.000000000000000000 1 0.000000000000000000
neuron 3 1.000000000000000000 0.000000000000000000 0.000000000000000000 -0.000000000000000000 0 0.000000000000000000
neuron 3 1.000000000000000000 0.000000000000000000 0.000000000000000000 -0.000000000000000000 0 0.000000000000000000
neuron 3 1.000000000000000000 0.000000000000000000 0.000000000000000000 -0.000000000000000000 0 0.000000000000000000
neuron 3 1.000000000000000000 0.000000000000000000 0.000000000000000000 -0.000000000000000000 0 0.000000000000000000
neuron 3 1.000000000000000000 0.000000000000000000 0.000000000000000000 -0.000000000000000000 0 0.000000000000000000
neuron 3 1.000000000000000000 0.000000000000000000 0.000000000000000000 -0.000000000000000000 0 0.000000000000000000
neuron 3 1.000000000000000000 0.000000000000000000 0.000000000000000000 -0.000000000000000000 0 0.000000000000000000
neuron 3 1.000000000000000000 0.000000000000000000 0.000000000000000000 -0.000000000000000000 0 0.000000000000000000
neuron 3 1.000000000000000000 0.000000000000000000 0.000000000000000000 -0.000000000000000000 0 0.000000000000000000
neuron 3 1.000000000000000000 0.000000000000000000 0.000000000000000000 -0.000000000000000000 0 0.000000000000000000
neuron 3 1.000000000000000000 0.000000000000000000 0.000000000000000000 -0.000000000000000000 0 0.000000000000000000
neuron 3 1.000000000000000000 0.000000000000000000 0.000000000000000000 -0.000000000000000000 0 0.000000000000000000
neuron 3 1.000000000000000000 0.000000000000000000 0.000000000000000000 -0.000000000000000000 0 0.000000000000000000
neuron 3 1.000000000000000000 0.000000000000000000 0.000000000000000000 -0.000000000000000000 0 0.000000000000000000
neuron 3 1.000000000000000000 0.000000000000000000 0.000000000000000000 -0.000000000000000000 0 0.000000000000000000
neuron 3 1.000000000000000000 0.000000000000000000 0.000000000000000000 -0.000000000000000000 0 0.000000000000000000
neuron 3 1.000000000000000000 0.000000000000000000 0.000000000000000000 -0.000000000000000000 0 0.000000000000000000
neuron 3 1.000000000000000000 0.000000000000000000 0.000000000000000000 -0.000000000000000000 0 0.000000000000000000
neuron 3 1.000000000000000000 0.000000000000000000 0.000000000000000000 -0.000000000000000000 0 0.000000000000000000
neuron 3 1.000000000000000000 0.000000000000000000 0.000000000000000000 -0.000000000000000000 0 0.000000000000000000
neuron 3 1.000000000000000000 0.000000000000000000 0.000000000000000000 -0.000000000000000000 0 0.000000000000000000
neuron 3 1.000000000000000000 0.000000000000000000 0.000000000000000000 -0.000000000000000000 0 0.000000000000000000
neuron 3 1.000000000000000000 0.000000000000000000 0.000000000000000000 -0.000000000000000000 0 0.000000000000000000
neuron 3 1.000000000000000000 0.000000000000000000 0.000000000000000000 -0.000000000000000000 0 0.000000000000000000
neuron 3 1.000000000000000000 0.000000000000000000 0.000000000000000000 -0.000000000000000000 0 0.000000000000000000
neuron 3 1.000000000000000000 0.000000000000000000 0.000000000000000000 -0.000000000000000000 0 0.000000000000000000
neuron 3 1.000000000000000000 0.000000000000000000 0.000000000000000000 -0.000000000000000000 0 0.000000000000000000
neuron 3 1.000000000000000000 0.000000000000000000 0.000000000000000000 -0.000000000000000000 0 0.000000000000000000
connection 0 18 -3.166159305434164573 0 0.000000000000000000 -0.000000000000000000
connection 0 19 -3.166159305434164573 0 0.000000000000000000 -0.000000000000000000
connection 0 20 -3.166159305434164573 0 0.000000000000000000 -0.000000000000000000
connection 0 21 -3.166159305434164573 0 0.000000000000000000 -0.000000000000000000
connection 0 22 -3.166159305434164573 0 0.000000000000000000 -0.000000000000000000
connection 0 23 -3.166159305434164573 0 0.000000000000000000 -0.000000000000000000
connection 0 24 -3.166159305434164573 0 0.000000000000000000 -0.000000000000000000
connection 0 25 -7.997426692399115744 0 0.000000000000000000 -0.000000000000000000
connection 1 18 -3.166159305434164573 0 0.000000000000000000 -0.000000000000000000
connection 1 20 -3.166159305434164573 0 0.000000000000000000 -0.000000000000000000
connection 1 21 -3.166159305434164573 0 0.000000000000000000 -0.000000000000000000
connection 1 22 -3.166159305434164573 0 0.000000000000000000 -0.000000000000000000
connection 1 23 -3.166159305434164573 0 0.000000000000000000 -0.000000000000000000
connection 1 24 -3.166159305434164573 0 0.000000000000000000 -0.000000000000000000
connection 2 18 -3.166159305434164573 0 0.000000000000000000 -0.000000000000000000
connection 2 20 -3.166159305434164573 0 0.000000000000000000 -0.000000000000000000
connection 2 21 -3.166159305434164573 0 0.000000000000000000 -0.000000000000000000
connection 2 22 -3.166159305434164573 0 0.000000000000000000 -0.000000000000000000
connection 2 23 -3.166159305434164573 0 0.000000000000000000 -0.000000000000000000
connection 2 24 -3.166159305434164573 0 0.000000000000000000 -0.000000000000000000
connection 3 18 -3.166159305434164573 0 0.000000000000000000 -0.000000000000000000
connection 3 20 -3.166159305434164573 0 0.000000000000000000 -0.000000000000000000
connection 3 21 -3.166159305434164573 0 0.000000000000000000 -0.000000000000000000
connection 3 26 -3.166159305434164573 0 0.000000000000000000 -0.000000000000000000
connection 3 22 -3.166159305434164573 0 0.000000000000000000 -0.000000000000000000
connection 3 23 -3.166159305434164573 0 0.000000000000000000 -0.000000000000000000
connection 3 24 -3.166159305434164573 0 0.000000000000000000 -0.000000000000000000
connection 4 18 -3.166159305434164573 0 0.000000000000000000 -0.000000000000000000
connection 4 20 -3.166159305434164573 0 0.000000000000000000 -0.000000000000000000
connection 4 21 -3.166159305434164573 0 0.000000000000000000 -0.000000000000000000
connection 4 26 -3.166159305434164573 0 0.000000000000000000 -0.000000000000000000
connection 4 22 -3.166159305434164573 0 0.000000000000000000 -0.000000000000000000
connection 4 23 -3.166159305434164573 0 0.000000000000000000 -0.000000000000000000
connection 4 24 -3.166159305434164573 0 0.000000000000000000 -0.000000000000000000
connection 4 27 -3.166159305434164573 0 0.000000000000000000 -0.000000000000000000
connection 5 18 -3.166159305434164573 0 0.000000000000000000 -0.000000000000000000
connection 5 28 -3.166159305434164573 0 0.000000000000000000 -0.000000000000000000
connection 5 26 -3.166159305434164573 0 0.000000000000000000 -0.000000000000000000
connection 5 22 -3.166159305434164573 0 0.000000000000000000 -0.000000000000000000
connection 5 23 -3.166159305434164573 0 0.000000000000000000 -0.000000000000000000
connection 5 27 -3.166159305434164573 0 0.000000000000000000 -0.000000000000000000
connection 6 18 -3.166159305434164573 0 0.000000000000000000 -0.000000000000000000
connection 6 28 -3.166159305434164573 0 0.000000000000000000 -0.000000000000000000
connection 6 26 -3.166159305434164573 0 0.000000000000000000 -0.000000000000000000
connection 6 22 -3.166159305434164573 0 0.000000000000000000 -0.000000000000000000
connection 6 23 -3.166159305434164573 0 0.000000000000000000 -0.000000000000000000
connection 6 27 -3.166159305434164573 0 0.000000000000000000 -0.000000000000000000
connection 7 29 -3.166159305434164573 0 0.000000000000000000 -0.000000000000000000
connection 7 28 -3.166159305434164573 0 0.000000000000000000 -0.000000000000000000
connection 7 26 -3.166159305434164573 0 0.000000000000000000 -0.000000000000000000
connection 7 22 -3.166159305434164573 0 0.000000000000000000 -0.000000000000000000
connection 7 30 -3.166159305434164573 0 0.000000000000000000 -0.000000000000000000
connection 7 23 -3.166159305434164573 0 0.000000000000000000 -0.000000000000000000
connection 7 27 -3.166159305434164573 0 0.000000000000000000 -0.000000000000000000
connection 8 29 -3.166159305434164573 0 0.000000000000000000 -0.000000000000000000
connection 8 28 -3.166159305434164573 0 0.000000000000000000 -0.000000000000000000
connection 8 26 -3.166159305434164573 0 0.000000000000000000 -0.000000000000000000
connection 8 22 -3.166159305434164573 0 0.000000000000000000 -0.000000000000000000
connection 8 30 -3.166159305434164573 0 0.000000000000000000 -0.000000000000000000
connection 8 23 -3.166159305434164573 0 0.000000000000000000 -0.000000000000000000
connection 8 27 -3.166159305434164573 0 0.000000000000000000 -0.000000000000000000
connection 9 29 -3.166159305434164573 0 0.000000000000000000 -0.000000000000000000
connection 9 28 -3.166159305434164573 0 0.000000000000000000 -0.000000000000000000
connection 9 31 -3.166159305434164573 0 0.000000000000000000 -0.000000000000000000
connection 9 26 -3.166159305434164573 0 0.000000000000000000 -0.000000000000000000
connection 9 22 -3.166159305434164573 0 0.000000000000000000 -0.000000000000000000
connection 9 30 -3.166159305434164573 0 0.000000000000000000 -0.000000000000000000
connection 9 23 -3.166159305434164573 0 0.000000000000000000 -0.000000000000000000
connection 9 27 -3.166159305434164573 0 0.000000000000000000 -0.000000000000000000
connection 10 29 -3.166159305434164573 0 0.000000000000000000 -0.000000000000000000
connection 10 28 -3.166159305434164573 0 0.000000000000000000 -0.000000000000000000
connection 10 31 -3.166159305434164573 0 0.000000000000000000 -0.000000000000000000
connection 10 22 -3.166159305434164573 0 0.000000000000000000 -0.000000000000000000
connection 10 30 -3.166159305434164573 0 0.000000000000000000 -0.000000000000000000
connection 10 23 -3.166159305434164573 0 0.000000000000000000 -0.000000000000000000
connection 10 27 -3.166159305434164573 0 0.000000000000000000 -0.000000000000000000
connection 11 29 -3.166159305434164573 0 0.000000000000000000 -0.000000000000000000
connection 11 32 -3.166159305434164573 0 0.000000000000000000 -0.000000000000000000
connection 11 28 -3.166159305434164573 0 0.000000000000000000 -0.000000000000000000
connection 11 31 -3.166159305434164573 0 0.000000000000000000 -0.000000000000000000
connection 11 22 -3.166159305434164573 0 0.000000000000000000 -0.000000000000000000
connection 11 30 -3.166159305434164573 0 0.000000000000000000 -0.000000000000000000
connection 11 23 -3.166159305434164573 0 0.000000000000000000 -0.000000000000000000
connection 11 27 -3.166159305434164573 0 0.000000000000000000 -0.000000000000000000
connection 12 29 -3.166159305434164573 0 0.000000000000000000 -0.000000000000000000
connection 12 32 -3.166159305434164573 0 0.000000000000000000 -0.000000000000000000
connection 12 28 -3.166159305434164573 0 0.000000000000000000 -0.000000000000000000
connection 12 31 -3.166159305434164573 0 0.000000000000000000 -0.000000000000000000
connection 12 22 -3.166159305434164573 0 0.000000000000000000 -0.000000000000000000
connection 12 30 -3.166159305434164573 0 0.000000000000000000 -0.000000000000000000
connection 12 23 -3.166159305434164573 0 0.000000000000000000 -0.000000000000000000
connection 12 27 -3.166159305434164573 0 0.000000000000000000 -0.000000000000000000
connection 13 29 -3.166159305434164573 0 0.000000000000000000 -0.000000000000000000
connection 13 32 -3.166159305434164573 0 0.000000000000000000 -0.000000000000000000
connection 13 28 -3.166159305434164573 0 0.000000000000000000 -0.000000000000000000
connection 13 31 -3.166159305434164573 0 0.000000000000000000 -0.000000000000000000
connection 13 22 -3.166159305434164573 0 0.000000000000000000 -0.000000000000000000
connection 13 30 -3.166159305434164573 0 0.000000000000000000 -0.000000000000000000
connection 13 23 -3.166159305434164573 0 0.000000000000000000 -0.000000000000000000
connection 13 27 -3.166159305434164573 0 0.000000000000000000 -0.000000000000000000
connection 18 34 3.166159305434164573 0 0.000000000000000000 -0.000000000000000000
connection 26 18 3.166159305434164573 0 0.000000000000000000 -0.000000000000000000
connection 26 32 3.166159305434164573 0 0.000000000000000000 -0.000000000000000000
connection 26 28 3.166159305434164573 0 0.000000000000000000 -0.000000000000000000
connection 19 38 3.166159305434164573 0 0.000000000000000000 -0.000000000000000000
connection 19 34 3.166159305434164573 0 0.000000000000000000 -0.000000000000000000
connection 20 38 3.166159305434164573 0 0.000000000000000000 -0.000000000000000000
connection 20 34 3.166159305434164573 0 0.000000000000000000 -0.000000000000000000
connection 31 18 3.166159305434164573 0 0.000000000000000000 -0.000000000000000000
connection 31 32 3.166159305434164573 0 0.000000000000000000 -0.000000000000000000
connection 31 28 3.166159305434164573 0 0.000000000000000000 -0.000000000000000000
connection 21 34 3.166159305434164573 0 0.000000000000000000 -0.000000000000000000
connection 22 18 3.166159305434164573 0 0.000000000000000000 -0.000000000000000000
connection 22 32 3.166159305434164573 0 0.000000000000000000 -0.000000000000000000
connection 22 28 3.166159305434164573 0 0.000000000000000000 -0.000000000000000000
connection 23 34 3.166159305434164573 0 0.000000000000000000 -0.000000000000000000
connection 25 43 3.166159305434164573 0 0.000000000000000000 -0.000000000000000000
connection 25 20 3.166159305434164573 0 0.000000000000000000 -0.000000000000000000
connection 25 21 3.166159305434164573 0 0.000000000000000000 -0.000000000000000000
connection 24 38 3.166159305434164573 0 0.000000000000000000 -0.000000000000000000
connection 24 34 3.166159305434164573 0 0.000000000000000000 -0.000000000000000000
connection 27 43 3.166159305434164573 0 0.000000000000000000 -0.000000000000000000
connection 27 20 3.166159305434164573 0 0.000000000000000000 -0.000000000000000000
connection 27 21 3.166159305434164573 0 0.000000000000000000 -0.000000000000000000
connection 28 34 3.166159305434164573 0 0.000000000000000000 -0.000000000000000000
connection 30 43 3.166159305434164573 0 0.000000000000000000 -0.000000000000000000
connection 30 20 3.166159305434164573 0 0.000000000000000000 -0.000000000000000000
connection 30 21 3.166159305434164573 0 0.000000000000000000 -0.000000000000000000
connection 29 34 3.166159305434164573 0 0.000000000000000000 -0.000000000000000000
connection 32 34 3.166159305434164573 0 0.000000000000000000 -0.000000000000000000
connection 28 14 3.166159305434164573 0 0.000000000000000000 -0.000000000000000000
connection 34 15 3.166159305434164573 0 0.000000000000000000 -0.000000000000000000
connection 38 16 3.166159305434164573 0 0.000000000000000000 -0.000000000000000000
connection 43 16 3.166159305434164573 0 0.000000000000000000 -0.000000000000000000
NNend

