NNstart
14 8
neuron 1 1.000000000000000000 0.000000000000000000 0.000000000000000000 0.000000000000000000 11 0.000000000000000000
neuron 1 1.000000000000000000 0.000000000000000000 0.000000000000000000 0.000000000000000000 11 0.000000000000000000
neuron 1 1.000000000000000000 0.000000000000000000 0.000000000000000000 0.000000000000000000 11 0.000000000000000000
neuron 1 1.000000000000000000 0.000000000000000000 0.000000000000000000 0.000000000000000000 11 0.000000000000000000
neuron 1 1.000000000000000000 0.000000000000000000 0.000000000000000000 0.000000000000000000 11 0.000000000000000000
neuron 1 1.000000000000000000 0.000000000000000000 0.000000000000000000 0.000000000000000000 11 0.000000000000000000
neuron 1 1.000000000000000000 0.000000000000000000 0.000000000000000000 0.000000000000000000 11 0.000000000000000000
neuron 1 1.000000000000000000 0.000000000000000000 0.000000000000000000 0.000000000000000000 11 0.000000000000000000
neuron 1 1.000000000000000000 0.000000000000000000 0.000000000000000000 0.000000000000000000 11 0.000000000000000000
neuron 1 1.000000000000000000 0.000000000000000000 0.000000000000000000 0.000000000000000000 11 0.000000000000000000
neuron 1 1.000000000000000000 0.000000000000000000 0.000000000000000000 0.000000000000000000 11 0.000000000000000000
neuron 1 1.000000000000000000 0.000000000000000000 0.000000000000000000 0.000000000000000000 11 0.000000000000000000
neuron 1 1.000000000000000000 0.000000000000000000 0.000000000000000000 0.000000000000000000 11 0.000000000000000000
neuron 2 1.000000000000000000 0.000000000000000000 0.000000000000000000 0.000000000000000000 11 0.000000000000000000
neuron 4 1.000000000000000000 0.000000000000000000 0.000000000000000000 0.000000000000000000 1 0.000000000000000000
neuron 4 1.000000000000000000 0.000000000000000000 0.000000000000000000 0.000000000000000000 1 0.000000000000000000
neuron 4 1.000000000000000000 0.000000000000000000 0.000000000000000000 0.000000000000000000 1 0.000000000000000000
neuron 4 1.000000000000000000 0.000000000000000000 0.000000000000000000 0.000000000000000000 1 0.000000000000000000
neuron 4 1.000000000000000000 0.000000000000000000 0.000000000000000000 0.000000000000000000 1 0.000000000000000000
neuron 4 1.000000000000000000 0.000000000000000000 0.000000000000000000 0.000000000000000000 1 0.000000000000000000
neuron 4 1.000000000000000000 0.000000000000000000 0.000000000000000000 0.000000000000000000 1 0.000000000000000000
neuron 4 1.000000000000000000 0.000000000000000000 0.000000000000000000 0.000000000000000000 1 0.000000000000000000
neuron 3 1.000000000000000000 0.000000000000000000 0.000000000000000000 0.000000000000000000 0 0.000000000000000000
neuron 3 1.000000000000000000 0.000000000000000000 0.000000000000000000 0.000000000000000000 0 0.000000000000000000
neuron 3 1.000000000000000000 0.000000000000000000 0.000000000000000000 0.000000000000000000 0 0.000000000000000000
neuron 3 1.000000000000000000 0.000000000000000000 0.000000000000000000 0.000000000000000000 0 0.000000000000000000
neuron 3 1.000000000000000000 0.000000000000000000 0.000000000000000000 0.000000000000000000 0 0.000000000000000000
neuron 3 1.000000000000000000 0.000000000000000000 0.000000000000000000 0.000000000000000000 0 0.000000000000000000
neuron 3 1.000000000000000000 0.000000000000000000 0.000000000000000000 0.000000000000000000 0 0.000000000000000000
neuron 3 1.000000000000000000 0.000000000000000000 0.000000000000000000 0.000000000000000000 0 0.000000000000000000
neuron 3 1.000000000000000000 0.000000000000000000 0.000000000000000000 0.000000000000000000 0 0.000000000000000000
neuron 3 1.000000000000000000 0.000000000000000000 0.000000000000000000 0.000000000000000000 0 0.000000000000000000
neuron 3 1.000000000000000000 0.000000000000000000 0.000000000000000000 0.000000000000000000 0 0.000000000000000000
neuron 3 1.000000000000000000 0.000000000000000000 0.000000000000000000 0.000000000000000000 0 0.000000000000000000
neuron 3 1.000000000000000000 0.000000000000000000 0.000000000000000000 0.000000000000000000 0 0.000000000000000000
neuron 3 1.000000000000000000 0.000000000000000000 0.000000000000000000 0.000000000000000000 0 0.000000000000000000
neuron 3 1.000000000000000000 0.000000000000000000 0.000000000000000000 0.000000000000000000 0 0.000000000000000000
neuron 3 1.000000000000000000 0.000000000000000000 0.000000000000000000 0.000000000000000000 0 0.000000000000000000
neuron 3 1.000000000000000000 0.000000000000000000 0.000000000000000000 0.000000000000000000 0 0.000000000000000000
neuron 3 1.000000000000000000 0.000000000000000000 0.000000000000000000 0.000000000000000000 0 0.000000000000000000
neuron 3 1.000000000000000000 0.000000000000000000 0.000000000000000000 0.000000000000000000 0 0.000000000000000000
neuron 3 1.000000000000000000 0.000000000000000000 0.000000000000000000 0.000000000000000000 0 0.000000000000000000
neuron 3 1.000000000000000000 0.000000000000000000 0.000000000000000000 0.000000000000000000 0 0.000000000000000000
neuron 3 1.000000000000000000 0.000000000000000000 0.000000000000000000 0.000000000000000000 0 0.000000000000000000
neuron 3 1.000000000000000000 0.000000000000000000 0.000000000000000000 0.000000000000000000 0 0.000000000000000000
neuron 3 1.000000000000000000 0.000000000000000000 0.000000000000000000 0.000000000000000000 0 0.000000000000000000
neuron 3 1.000000000000000000 0.000000000000000000 0.000000000000000000 0.000000000000000000 0 0.000000000000000000
neuron 3 1.000000000000000000 0.000000000000000000 0.000000000000000000 0.000000000000000000 0 0.000000000000000000
neuron 3 1.000000000000000000 0.000000000000000000 0.000000000000000000 0.000000000000000000 0 0.000000000000000000
neuron 3 1.000000000000000000 0.000000000000000000 0.000000000000000000 0.000000000000000000 0 0.000000000000000000
neuron 3 1.000000000000000000 0.000000000000000000 0.000000000000000000 0.000000000000000000 0 0.000000000000000000
neuron 3 1.000000000000000000 0.000000000000000000 0.000000000000000000 0.000000000000000000 0 0.000000000000000000
neuron 3 1.000000000000000000 0.000000000000000000 0.000000000000000000 0.000000000000000000 0 0.000000000000000000
neuron 3 1.000000000000000000 0.000000000000000000 0.000000000000000000 0.000000000000000000 0 0.000000000000000000
neuron 3 1.000000000000000000 0.000000000000000000 0.000000000000000000 0.000000000000000000 0 0.000000000000000000
neuron 3 1.000000000000000000 0.000000000000000000 0.000000000000000000 0.000000000000000000 0 0.000000000000000000
neuron 3 1.000000000000000000 0.000000000000000000 0.000000000000000000 0.000000000000000000 0 0.000000000000000000
neuron 3 1.000000000000000000 0.000000000000000000 0.000000000000000000 0.000000000000000000 0 0.000000000000000000
neuron 3 1.000000000000000000 0.000000000000000000 0.000000000000000000 0.000000000000000000 0 0.000000000000000000
neuron 3 1.000000000000000000 0.000000000000000000 0.000000000000000000 0.000000000000000000 0 0.000000000000000000
neuron 3 1.000000000000000000 0.000000000000000000 0.000000000000000000 0.000000000000000000 0 0.000000000000000000
neuron 3 1.000000000000000000 0.000000000000000000 0.000000000000000000 0.000000000000000000 0 0.000000000000000000
neuron 3 1.000000000000000000 0.000000000000000000 0.000000000000000000 0.000000000000000000 0 0.000000000000000000
neuron 3 1.000000000000000000 0.000000000000000000 0.000000000000000000 0.000000000000000000 0 0.000000000000000000
neuron 3 1.000000000000000000 0.000000000000000000 0.000000000000000000 0.000000000000000000 0 0.000000000000000000
neuron 3 1.000000000000000000 0.000000000000000000 0.000000000000000000 0.000000000000000000 0 0.000000000000000000
neuron 3 1.000000000000000000 0.000000000000000000 0.000000000000000000 0.000000000000000000 0 0.000000000000000000
neuron 3 1.000000000000000000 0.000000000000000000 0.000000000000000000 0.000000000000000000 0 0.000000000000000000
neuron 3 1.000000000000000000 0.000000000000000000 0.000000000000000000 0.000000000000000000 0 0.000000000000000000
neuron 3 1.000000000000000000 0.000000000000000000 0.000000000000000000 0.000000000000000000 0 0.000000000000000000
neuron 3 1.000000000000000000 0.000000000000000000 0.000000000000000000 0.000000000000000000 0 0.000000000000000000
neuron 3 1.000000000000000000 0.000000000000000000 0.000000000000000000 0.000000000000000000 0 0.000000000000000000
neuron 3 1.000000000000000000 0.000000000000000000 0.000000000000000000 0.000000000000000000 0 0.000000000000000000
neuron 3 1.000000000000000000 0.000000000000000000 0.000000000000000000 0.000000000000000000 0 0.000000000000000000
neuron 3 1.000000000000000000 0.000000000000000000 0.000000000000000000 0.000000000000000000 0 0.000000000000000000
neuron 3 1.000000000000000000 0.000000000000000000 0.000000000000000000 0.000000000000000000 0 0.000000000000000000
neuron 3 1.000000000000000000 0.000000000000000000 0.000000000000000000 0.000000000000000000 0 0.000000000000000000
neuron 3 1.000000000000000000 0.000000000000000000 0.000000000000000000 0.000000000000000000 0 0.000000000000000000
neuron 3 1.000000000000000000 0.000000000000000000 0.000000000000000000 0.000000000000000000 0 0.000000000000000000
neuron 3 1.000000000000000000 0.000000000000000000 0.000000000000000000 0.000000000000000000 0 0.000000000000000000
neuron 3 1.000000000000000000 0.000000000000000000 0.000000000000000000 0.000000000000000000 0 0.000000000000000000
neuron 3 1.000000000000000000 0.000000000000000000 0.000000000000000000 0.000000000000000000 0 0.000000000000000000
neuron 3 1.000000000000000000 0.000000000000000000 0.000000000000000000 0.000000000000000000 0 0.000000000000000000
neuron 3 1.000000000000000000 0.000000000000000000 0.000000000000000000 0.000000000000000000 0 0.000000000000000000
neuron 3 1.000000000000000000 0.000000000000000000 0.000000000000000000 0.000000000000000000 0 0.000000000000000000
neuron 3 1.000000000000000000 0.000000000000000000 0.000000000000000000 0.000000000000000000 0 0.000000000000000000
neuron 3 1.000000000000000000 0.000000000000000000 0.000000000000000000 0.000000000000000000 0 0.000000000000000000
neuron 3 1.000000000000000000 0.000000000000000000 0.000000000000000000 0.000000000000000000 0 0.000000000000000000
neuron 3 1.000000000000000000 0.000000000000000000 0.000000000000000000 0.000000000000000000 0 0.000000000000000000
connection 0 22 -4.756096711360538798 0 0.000000000000000000 0.000000000000000000
connection 0 23 -4.672658900955833694 0 0.000000000000000000 0.000000000000000000
connection 0 24 -2.577224999716328568 0 0.000000000000000000 0.000000000000000000
connection 0 25 -2.486326330845317845 0 0.000000000000000000 0.000000000000000000
connection 0 26 0.370581473229906033 0 0.000000000000000000 0.000000000000000000
connection 0 27 0.265404771853374410 0 0.000000000000000000 0.000000000000000000
connection 0 28 -2.815035850418912577 0 0.000000000000000000 0.000000000000000000
connection 0 29 -2.689241913510336701 0 0.000000000000000000 0.000000000000000000
connection 0 30 -4.622567403023030153 0 0.000000000000000000 0.000000000000000000
connection 0 31 -4.643529335292464921 0 0.000000000000000000 0.000000000000000000
connection 0 32 -2.422085992652638353 0 0.000000000000000000 0.000000000000000000
connection 0 33 -2.493260271448577203 0 0.000000000000000000 0.000000000000000000
connection 0 34 0.257015476403619880 0 0.000000000000000000 0.000000000000000000
connection 0 35 0.372415790894537746 0 0.000000000000000000 0.000000000000000000
connection 0 36 -2.424766238559808773 0 0.000000000000000000 0.000000000000000000
connection 0 37 -2.400898714633235898 0 0.000000000000000000 0.000000000000000000
connection 0 38 0.429440100132783720 0 0.000000000000000000 0.000000000000000000
connection 0 39 0.427533083572215422 0 0.000000000000000000 0.000000000000000000
connection 0 40 5.947644675480769472 0 0.000000000000000000 0.000000000000000000
connection 0 41 6.350559563384210904 0 0.000000000000000000 0.000000000000000000
connection 1 22 -4.720236729859204061 0 0.000000000000000000 0.000000000000000000
connection 1 23 -4.632925359848809599 0 0.000000000000000000 0.000000000000000000
connection 1 24 -2.464819339865069736 0 0.000000000000000000 0.000000000000000000
connection 1 25 -2.370578446245693804 0 0.000000000000000000 0.000000000000000000
connection 1 26 0.539182399270382251 0 0.000000000000000000 0.000000000000000000
connection 1 27 0.432979867266774954 0 0.000000000000000000 0.000000000000000000
connection 1 28 -2.710513000295175168 0 0.000000000000000000 0.000000000000000000
connection 1 29 -2.580614643459675506 0 0.000000000000000000 0.000000000000000000
connection 1 42 0.286527537041781966 0 0.000000000000000000 0.000000000000000000
connection 1 30 -4.579424335120918066 0 0.000000000000000000 0.000000000000000000
connection 1 31 -4.598067779029429758 0 0.000000000000000000 0.000000000000000000
connection 1 32 -2.299824611540873587 0 0.000000000000000000 0.000000000000000000
connection 1 33 -2.370152890869229978 0 0.000000000000000000 0.000000000000000000
connection 1 34 0.427814749389524407 0 0.000000000000000000 0.000000000000000000
connection 1 35 0.542723409880956131 0 0.000000000000000000 0.000000000000000000
connection 1 36 -2.306213359682803610 0 0.000000000000000000 0.000000000000000000
connection 1 37 -2.280158364981444752 0 0.000000000000000000 0.000000000000000000
connection 1 38 0.599285769710868554 0 0.000000000000000000 0.000000000000000000
connection 1 39 0.596849414275088863 0 0.000000000000000000 0.000000000000000000
connection 1 40 5.991640999587674266 0 0.000000000000000000 0.000000000000000000
connection 1 41 6.397764605842398922 0 0.000000000000000000 0.000000000000000000
connection 2 22 -4.682964869711438105 0 0.000000000000000000 0.000000000000000000
connection 2 23 -4.591640478577720508 0 0.000000000000000000 0.000000000000000000
connection 2 24 -2.349194639406151808 0 0.000000000000000000 0.000000000000000000
connection 2 25 -2.251599387351864046 0 0.000000000000000000 0.000000000000000000
connection 2 26 0.708883998815390437 0 0.000000000000000000 0.000000000000000000
connection 2 27 0.601860878507283314 0 0.000000000000000000 0.000000000000000000
connection 2 28 -2.602830424592184944 0 0.000000000000000000 0.000000000000000000
connection 2 29 -2.468791386805167409 0 0.000000000000000000 0.000000000000000000
connection 2 42 0.454195951481332183 0 0.000000000000000000 0.000000000000000000
connection 2 43 0.274579616934806259 0 0.000000000000000000 0.000000000000000000
connection 2 30 -4.534603793778595460 0 0.000000000000000000 0.000000000000000000
connection 2 31 -4.550832072275079909 0 0.000000000000000000 0.000000000000000000
connection 2 32 -2.174315634124906804 0 0.000000000000000000 0.000000000000000000
connection 2 33 -2.243781030421807543 0 0.000000000000000000 0.000000000000000000
connection 2 34 0.599359495606517911 0 0.000000000000000000 0.000000000000000000
connection 2 35 0.713786152482913439 0 0.000000000000000000 0.000000000000000000
connection 2 36 -2.184424109196431818 0 0.000000000000000000 0.000000000000000000
connection 2 37 -2.156178089052706248 0 0.000000000000000000 0.000000000000000000
connection 2 38 0.769949742082149169 0 0.000000000000000000 0.000000000000000000
connection 2 39 0.767100874584155878 0 0.000000000000000000 0.000000000000000000
connection 2 40 6.033008532489947839 0 0.000000000000000000 0.000000000000000000
connection 2 41 6.442485120698646206 0 0.000000000000000000 0.000000000000000000
connection 3 22 -4.644231461105522207 0 0.000000000000000000 0.000000000000000000
connection 3 23 -4.548750859130363366 0 0.000000000000000000 0.000000000000000000
connection 3 24 -2.230338276040640277 0 0.000000000000000000 0.000000000000000000
connection 3 25 -2.129385449365449379 0 0.000000000000000000 0.000000000000000000
connection 3 26 0.879456058451204004 0 0.000000000000000000 0.000000000000000000
connection 3 27 0.771825513979374489 0 0.000000000000000000 0.000000000000000000
connection 3 28 -2.491957673620347702 0 0.000000000000000000 0.000000000000000000
connection 3 29 -2.353750440399350996 0 0.000000000000000000 0.000000000000000000
connection 3 42 0.623191614750711609 0 0.000000000000000000 0.000000000000000000
connection 3 43 0.442141102104967765 0 0.000000000000000000 0.000000000000000000
connection 3 30 -4.488049300710081013 0 0.000000000000000000 0.000000000000000000
connection 3 31 -4.501763433446548390 0 0.000000000000000000 0.000000000000000000
connection 3 32 -2.045575416153290860 0 0.000000000000000000 0.000000000000000000
connection 3 33 -2.114163884772017887 0 0.000000000000000000 0.000000000000000000
connection 3 34 0.771404094826122377 0 0.000000000000000000 0.000000000000000000
connection 3 35 0.885360952343783314 0 0.000000000000000000 0.000000000000000000
connection 3 36 -2.059402961558926659 0 0.000000000000000000 0.000000000000000000
connection 3 37 -2.028969218155140197 0 0.000000000000000000 0.000000000000000000
connection 3 38 0.941191992661441157 0 0.000000000000000000 0.000000000000000000
connection 3 39 0.938051523566296397 0 0.000000000000000000 0.000000000000000000
connection 3 40 6.071816595545199036 0 0.000000000000000000 0.000000000000000000
connection 3 41 6.484803750214367390 0 0.000000000000000000 0.000000000000000000
connection 4 22 -4.603985449951022879 0 0.000000000000000000 0.000000000000000000
connection 4 23 -4.504201751240786145 0 0.000000000000000000 0.000000000000000000
connection 4 24 -2.108245613307932143 0 0.000000000000000000 0.000000000000000000
connection 4 25 -2.003941636188817377 0 0.000000000000000000 0.000000000000000000
connection 4 28 -2.377870620695335724 0 0.000000000000000000 0.000000000000000000
connection 4 29 -2.235477281805580585 0 0.000000000000000000 0.000000000000000000
connection 4 42 0.793292689722955635 0 0.000000000000000000 0.000000000000000000
connection 4 43 0.611081176187809105 0 0.000000000000000000 0.000000000000000000
connection 4 30 -4.439703097166648682 0 0.000000000000000000 0.000000000000000000
connection 4 31 -4.450801870384466952 0 0.000000000000000000 0.000000000000000000
connection 4 32 -1.913630535036483060 0 0.000000000000000000 0.000000000000000000
connection 4 33 -1.981331159481679816 0 0.000000000000000000 0.000000000000000000
connection 4 34 0.943697631447059537 0 0.000000000000000000 0.000000000000000000
connection 4 36 -1.931163718547352470 0 0.000000000000000000 0.000000000000000000
connection 4 37 -1.898552914686544080 0 0.000000000000000000 0.000000000000000000
connection 4 40 6.108131906248758014 0 0.000000000000000000 0.000000000000000000
connection 4 41 6.524801074485832686 0 0.000000000000000000 0.000000000000000000
connection 5 22 -4.562174401922893807 0 0.000000000000000000 0.000000000000000000
connection 5 23 -4.457937076766700812 0 0.000000000000000000 0.000000000000000000
connection 5 24 -1.982920656218230659 0 0.000000000000000000 0.000000000000000000
connection 5 25 -1.875282308355556538 0 0.000000000000000000 0.000000000000000000
connection 5 28 -2.260552102525922979 0 0.000000000000000000 0.000000000000000000
connection 5 29 -2.113965222906391439 0 0.000000000000000000 0.000000000000000000
connection 5 43 0.781179733477154969 0 0.000000000000000000 0.000000000000000000
connection 5 30 -4.389506191299021864 0 0.000000000000000000 0.000000000000000000
connection 5 31 -4.397886248019603705 0 0.000000000000000000 0.000000000000000000
connection 5 32 -1.778518394596858343 0 0.000000000000000000 0.000000000000000000
connection 5 33 -1.845323670854528864 0 0.000000000000000000 0.000000000000000000
connection 5 36 -1.799730142980176639 0 0.000000000000000000 0.000000000000000000
connection 5 37 -1.764960789741577329 0 0.000000000000000000 0.000000000000000000
connection 5 40 6.142018339024371443 0 0.000000000000000000 0.000000000000000000
connection 5 41 6.562555361122962339 0 0.000000000000000000 0.000000000000000000
connection 6 22 -4.518744513015349185 0 0.000000000000000000 0.000000000000000000
connection 6 23 -4.409899463088118310 0 0.000000000000000000 0.000000000000000000
connection 6 24 -1.854376702018560641 0 0.000000000000000000 0.000000000000000000
connection 6 25 -1.743431816927264233 0 0.000000000000000000 0.000000000000000000
connection 6 28 -2.139992571755516604 0 0.000000000000000000 0.000000000000000000
connection 6 29 -1.989216067568773116 0 0.000000000000000000 0.000000000000000000
connection 6 30 -4.337398417121897332 0 0.000000000000000000 0.000000000000000000
connection 6 31 -4.342954369864719055 0 0.000000000000000000 0.000000000000000000
connection 6 32 -1.640287793162433339 0 0.000000000000000000 0.000000000000000000
connection 6 33 -1.706193904784877535 0 0.000000000000000000 0.000000000000000000
connection 6 36 -1.665136569655521814 0 0.000000000000000000 0.000000000000000000
connection 6 37 -1.628235490229541726 0 0.000000000000000000 0.000000000000000000
connection 6 40 6.173536714491661748 0 0.000000000000000000 0.000000000000000000
connection 6 41 6.598142348827083836 0 0.000000000000000000 0.000000000000000000
connection 7 22 -4.473640627447742268 0 0.000000000000000000 0.000000000000000000
connection 7 23 -4.360030286559489987 0 0.000000000000000000 0.000000000000000000
connection 7 24 -1.722636978136753427 0 0.000000000000000000 0.000000000000000000
connection 7 25 -1.608425114495892316 0 0.000000000000000000 0.000000000000000000
connection 7 28 -2.016190755932810941 0 0.000000000000000000 0.000000000000000000
connection 7 29 -1.861240766474570263 0 0.000000000000000000 0.000000000000000000
connection 7 30 -4.283318506276736493 0 0.000000000000000000 0.000000000000000000
connection 7 31 -4.285943074650323759 0 0.000000000000000000 0.000000000000000000
connection 7 32 -1.498999444476112108 0 0.000000000000000000 0.000000000000000000
connection 7 33 -1.564006523751436006 0 0.000000000000000000 0.000000000000000000
connection 7 36 -1.527428483925096447 0 0.000000000000000000 0.000000000000000000
connection 7 37 -1.488431245380611667 0 0.000000000000000000 0.000000000000000000
connection 7 40 6.202744614570839587 0 0.000000000000000000 0.000000000000000000
connection 7 41 6.631635062134177971 0 0.000000000000000000 0.000000000000000000
connection 8 22 -4.426806263832555821 0 0.000000000000000000 0.000000000000000000
connection 8 23 -4.308269727117084891 0 0.000000000000000000 0.000000000000000000
connection 8 24 -1.587735258530300619 0 0.000000000000000000 0.000000000000000000
connection 8 25 -1.470308333691423996 0 0.000000000000000000 0.000000000000000000
connection 8 28 -1.889154316317936289 0 0.000000000000000000 0.000000000000000000
connection 8 29 -1.730060061361744506 0 0.000000000000000000 0.000000000000000000
connection 8 30 -4.227204173853214009 0 0.000000000000000000 0.000000000000000000
connection 8 31 -4.226788349478337814 0 0.000000000000000000 0.000000000000000000
connection 8 32 -1.354726440445747970 0 0.000000000000000000 0.000000000000000000
connection 8 33 -1.418838810717367505 0 0.000000000000000000 0.000000000000000000
connection 8 36 -1.386663057683024558 0 0.000000000000000000 0.000000000000000000
connection 8 37 -1.345614361980784546 0 0.000000000000000000 0.000000000000000000
connection 8 40 6.229696220824140873 0 0.000000000000000000 0.000000000000000000
connection 8 41 6.663103654572911871 0 0.000000000000000000 0.000000000000000000
connection 9 22 -4.378183650584879238 0 0.000000000000000000 0.000000000000000000
connection 9 23 -4.254556835211938726 0 0.000000000000000000 0.000000000000000000
connection 9 24 -1.449716448910849831 0 0.000000000000000000 0.000000000000000000
connection 9 25 -1.329139322949964397 0 0.000000000000000000 0.000000000000000000
connection 9 26 1.907478061450987417 0 0.000000000000000000 0.000000000000000000
connection 9 27 1.800965260941727708 0 0.000000000000000000 0.000000000000000000
connection 9 28 -1.758900499058739353 0 0.000000000000000000 0.000000000000000000
connection 9 29 -1.595705110087739964 0 0.000000000000000000 0.000000000000000000
connection 9 42 1.652053178113514820 0 0.000000000000000000 0.000000000000000000
connection 9 30 -4.168992219589491732 0 0.000000000000000000 0.000000000000000000
connection 9 31 -4.165425460914542022 0 0.000000000000000000 0.000000000000000000
connection 9 32 -1.207554644490306028 0 0.000000000000000000 0.000000000000000000
connection 9 33 -1.270781038508861149 0 0.000000000000000000 0.000000000000000000
connection 9 36 -1.242909632034460143 0 0.000000000000000000 0.000000000000000000
connection 9 37 -1.199863657292523200 0 0.000000000000000000 0.000000000000000000
connection 9 39 1.964562186711589886 0 0.000000000000000000 0.000000000000000000
connection 9 40 6.254442173503324653 0 0.000000000000000000 0.000000000000000000
connection 9 41 6.692615277509180061 0 0.000000000000000000 0.000000000000000000
connection 10 22 -4.327713771622909711 0 0.000000000000000000 0.000000000000000000
connection 10 23 -4.198829612304782799 0 0.000000000000000000 0.000000000000000000
connection 10 24 -1.308637130649252578 0 0.000000000000000000 0.000000000000000000
connection 10 25 -1.184988128779308481 0 0.000000000000000000 0.000000000000000000
connection 10 26 2.077225354261204693 0 0.000000000000000000 0.000000000000000000
connection 10 27 1.971710507916870414 0 0.000000000000000000 0.000000000000000000
connection 10 28 -1.625456770419098973 0 0.000000000000000000 0.000000000000000000
connection 10 29 -1.458218083144892319 0 0.000000000000000000 0.000000000000000000
connection 10 42 1.823711789811055972 0 0.000000000000000000 0.000000000000000000
connection 10 43 1.640761320713499227 0 0.000000000000000000 0.000000000000000000
connection 10 30 -4.108618645824638094 0 0.000000000000000000 0.000000000000000000
connection 10 31 -4.101789105476917108 0 0.000000000000000000 0.000000000000000000
connection 10 32 -1.057583004175451258 0 0.000000000000000000 0.000000000000000000
connection 10 33 -1.119936753280776021 0 0.000000000000000000 0.000000000000000000
connection 10 36 -1.096250135553730631 0 0.000000000000000000 0.000000000000000000
connection 10 37 -1.051270818421018660 0 0.000000000000000000 0.000000000000000000
connection 10 38 2.135044908444963863 0 0.000000000000000000 0.000000000000000000
connection 10 39 2.133420786011333004 0 0.000000000000000000 0.000000000000000000
connection 10 40 6.277029448867528671 0 0.000000000000000000 0.000000000000000000
connection 10 41 6.720233972004129086 0 0.000000000000000000 0.000000000000000000
connection 11 22 -4.275336423478873549 0 0.000000000000000000 0.000000000000000000
connection 11 23 -4.141025106221742469 0 0.000000000000000000 0.000000000000000000
connection 11 24 -1.164566052621867964 0 0.000000000000000000 0.000000000000000000
connection 11 25 -1.037937413400002784 0 0.000000000000000000 0.000000000000000000
connection 11 27 2.141554460226496204 0 0.000000000000000000 0.000000000000000000
connection 11 28 -1.488861426932033938 0 0.000000000000000000 0.000000000000000000
connection 11 29 -1.317652721559021467 0 0.000000000000000000 0.000000000000000000
connection 11 42 1.994743605374397211 0 0.000000000000000000 0.000000000000000000
connection 11 43 1.812753282246835518 0 0.000000000000000000 0.000000000000000000
connection 11 30 -4.046018793621155574 0 0.000000000000000000 0.000000000000000000
connection 11 31 -4.035813580999388250 0 0.000000000000000000 0.000000000000000000
connection 11 32 -0.904923772008451976 0 0.000000000000000000 0.000000000000000000
connection 11 33 -0.966422960968164269 0 0.000000000000000000 0.000000000000000000
connection 11 35 2.246123735997693327 0 0.000000000000000000 0.000000000000000000
connection 11 36 -0.946779426878398334 0 0.000000000000000000 0.000000000000000000
connection 11 37 -0.899940676907322823 0 0.000000000000000000 0.000000000000000000
connection 11 40 6.297501252450785181 0 0.000000000000000000 0.000000000000000000
connection 11 41 6.746020581094278157 0 0.000000000000000000 0.000000000000000000
connection 12 22 -4.220990285008487497 0 0.000000000000000000 0.000000000000000000
connection 12 23 -4.081079522726192010 0 0.000000000000000000 0.000000000000000000
connection 12 24 -1.017584559869208816 0 0.000000000000000000 0.000000000000000000
connection 12 25 -0.888082796472629665 0 0.000000000000000000 0.000000000000000000
connection 12 28 -1.349164170612458191 0 0.000000000000000000 0.000000000000000000
connection 12 29 -1.174074845516519749 0 0.000000000000000000 0.000000000000000000
connection 12 42 2.164892952147052352 0 0.000000000000000000 0.000000000000000000
connection 12 43 1.984173800150843547 0 0.000000000000000000 0.000000000000000000
connection 12 30 -3.981127498508813201 0 0.000000000000000000 0.000000000000000000
connection 12 31 -3.967432980356472072 0 0.000000000000000000 0.000000000000000000
connection 12 32 -0.749702623704358140 0 0.000000000000000000 0.000000000000000000
connection 12 33 -0.810370206191693643 0 0.000000000000000000 0.000000000000000000
connection 12 34 2.300371154576308363 0 0.000000000000000000 0.000000000000000000
connection 12 36 -0.794605550445036668 0 0.000000000000000000 0.000000000000000000
connection 12 37 -0.745991387598121780 0 0.000000000000000000 0.000000000000000000
connection 12 40 6.315896926089479280 0 0.000000000000000000 0.000000000000000000
connection 12 41 6.770032680004749892 0 0.000000000000000000 0.000000000000000000
connection 13 22 -4.164613000953292676 0 0.000000000000000000 0.000000000000000000
connection 13 23 -4.018928354711178486 0 0.000000000000000000 0.000000000000000000
connection 13 24 -0.867786947735667891 0 0.000000000000000000 0.000000000000000000
connection 13 25 -0.735533109678212838 0 0.000000000000000000 0.000000000000000000
connection 13 28 -1.206426638728192113 0 0.000000000000000000 0.000000000000000000
connection 13 29 -1.027562802625157090 0 0.000000000000000000 0.000000000000000000
connection 13 43 2.154765966832618673 0 0.000000000000000000 0.000000000000000000
connection 13 30 -3.913879267320286459 0 0.000000000000000000 0.000000000000000000
connection 13 31 -3.896581409019796993 0 0.000000000000000000 0.000000000000000000
connection 13 32 -0.592058663964029508 0 0.000000000000000000 0.000000000000000000
connection 13 33 -0.651922533952160821 0 0.000000000000000000 0.000000000000000000
connection 13 36 -0.639849894483784820 0 0.000000000000000000 0.000000000000000000
connection 13 37 -0.589554501382603457 0 0.000000000000000000 0.000000000000000000
connection 13 40 6.332251866663003881 0 0.000000000000000000 0.000000000000000000
connection 13 41 6.792324521924763658 0 0.000000000000000000 0.000000000000000000
connection 23 28 0.783152915111148262 0 0.000000000000000000 0.000000000000000000
connection 23 29 4.823816506028647311 0 0.000000000000000000 0.000000000000000000
connection 23 42 5.290337310332752452 0 0.000000000000000000 0.000000000000000000
connection 23 43 1.596037691155705485 0 0.000000000000000000 0.000000000000000000
connection 23 32 -0.594804168071288664 0 0.000000000000000000 0.000000000000000000
connection 23 33 -3.585497086087835239 0 0.000000000000000000 0.000000000000000000
connection 23 34 -3.506101394274959038 0 0.000000000000000000 0.000000000000000000
connection 23 35 -0.532595679930854438 0 0.000000000000000000 0.000000000000000000
connection 23 41 6.719161293680888214 0 0.000000000000000000 0.000000000000000000
connection 24 42 5.554262453625852913 0 0.000000000000000000 0.000000000000000000
connection 24 43 2.302507566236749348 0 0.000000000000000000 0.000000000000000000
connection 24 31 -3.707042916069768435 0 0.000000000000000000 0.000000000000000000
connection 24 54 -3.359149073699446486 0 0.000000000000000000 0.000000000000000000
connection 24 37 1.832193959906841307 0 0.000000000000000000 0.000000000000000000
connection 24 38 1.958538771821271229 0 0.000000000000000000 0.000000000000000000
connection 24 41 6.777227125194485780 0 0.000000000000000000 0.000000000000000000
connection 26 28 1.374042315967527683 0 0.000000000000000000 0.000000000000000000
connection 26 29 5.185163180628334700 0 0.000000000000000000 0.000000000000000000
connection 26 42 5.589796613343207099 0 0.000000000000000000 0.000000000000000000
connection 26 43 2.149147905894524424 0 0.000000000000000000 0.000000000000000000
connection 26 33 -3.308954819399021030 0 0.000000000000000000 0.000000000000000000
connection 26 35 -0.208170365265947260 0 0.000000000000000000 0.000000000000000000
connection 26 41 6.824093428442613352 0 0.000000000000000000 0.000000000000000000
connection 22 36 2.427412569584685986 0 0.000000000000000000 0.000000000000000000
connection 22 37 -1.634287594424314261 0 0.000000000000000000 0.000000000000000000
connection 22 38 -1.412007010236454585 0 0.000000000000000000 0.000000000000000000
connection 22 39 2.609720210415380492 0 0.000000000000000000 0.000000000000000000
connection 22 41 6.428112266805039887 0 0.000000000000000000 0.000000000000000000
connection 25 28 1.043145931990632214 0 0.000000000000000000 0.000000000000000000
connection 25 29 5.008559988889295767 0 0.000000000000000000 0.000000000000000000
connection 25 42 5.438345112833241402 0 0.000000000000000000 0.000000000000000000
connection 25 43 1.832239312818680910 0 0.000000000000000000 0.000000000000000000
connection 25 33 -3.152487643088876190 0 0.000000000000000000 0.000000000000000000
connection 25 34 -3.130778752611289573 0 0.000000000000000000 0.000000000000000000
connection 25 41 6.771697859441585088 0 0.000000000000000000 0.000000000000000000
connection 28 36 0.815998494825961096 0 0.000000000000000000 0.000000000000000000
connection 28 37 -3.136146082876444474 0 0.000000000000000000 0.000000000000000000
connection 28 38 -2.949606671586203266 0 0.000000000000000000 0.000000000000000000
connection 28 39 0.957383247497075707 0 0.000000000000000000 0.000000000000000000
connection 28 41 6.250969569673356041 0 0.000000000000000000 0.000000000000000000
connection 27 43 2.606098108944547853 0 0.000000000000000000 0.000000000000000000
connection 27 31 -3.861147198329754282 0 0.000000000000000000 0.000000000000000000
connection 27 54 -3.515574908437621993 0 0.000000000000000000 0.000000000000000000
connection 27 37 1.556393971151423417 0 0.000000000000000000 0.000000000000000000
connection 27 38 1.683530432128929277 0 0.000000000000000000 0.000000000000000000
connection 27 41 6.814142429995342809 0 0.000000000000000000 0.000000000000000000
connection 31 23 6.252425788514438310 0 0.000000000000000000 0.000000000000000000
connection 31 28 -1.823824433199659811 0 0.000000000000000000 0.000000000000000000
connection 31 29 2.175093109077589570 0 0.000000000000000000 0.000000000000000000
connection 31 42 2.535765374535837946 0 0.000000000000000000 0.000000000000000000
connection 31 43 -1.483941942334113362 0 0.000000000000000000 0.000000000000000000
connection 31 30 7.193213133739514653 0 0.000000000000000000 0.000000000000000000
connection 31 33 2.309341357548270413 0 0.000000000000000000 0.000000000000000000
connection 29 37 -0.755736711435545550 0 0.000000000000000000 0.000000000000000000
connection 29 41 6.609941468531761899 0 0.000000000000000000 0.000000000000000000
connection 30 23 6.693308086923254407 0 0.000000000000000000 0.000000000000000000
connection 30 28 -0.278760646711167515 0 0.000000000000000000 0.000000000000000000
connection 30 29 4.067930497557763481 0 0.000000000000000000 0.000000000000000000
connection 30 42 4.503087859176332586 0 0.000000000000000000 0.000000000000000000
connection 30 43 0.358480828803354468 0 0.000000000000000000 0.000000000000000000
connection 30 30 6.659196280972518700 0 0.000000000000000000 0.000000000000000000
connection 30 33 -0.706351881634483258 0 0.000000000000000000 0.000000000000000000
connection 30 34 -0.867341823252398392 0 0.000000000000000000 0.000000000000000000
connection 30 83 6.658694930791277500 0 0.000000000000000000 0.000000000000000000
connection 32 23 6.564588488497101970 0 0.000000000000000000 0.000000000000000000
connection 32 28 -1.023024428748636527 0 0.000000000000000000 0.000000000000000000
connection 32 29 3.163937031373620368 0 0.000000000000000000 0.000000000000000000
connection 32 42 3.525957211267158886 0 0.000000000000000000 0.000000000000000000
connection 32 43 -0.606823498487346735 0 0.000000000000000000 0.000000000000000000
connection 32 30 7.084358679519255020 0 0.000000000000000000 0.000000000000000000
connection 32 33 1.151496940639139988 0 0.000000000000000000 0.000000000000000000
connection 32 34 0.899800412401018934 0 0.000000000000000000 0.000000000000000000
connection 32 83 7.054779774970305617 0 0.000000000000000000 0.000000000000000000
connection 33 23 6.188422444173980352 0 0.000000000000000000 0.000000000000000000
connection 33 28 -1.921401419405185385 0 0.000000000000000000 0.000000000000000000
connection 33 29 1.980922531082719207 0 0.000000000000000000 0.000000000000000000
connection 33 42 2.314827094833686427 0 0.000000000000000000 0.000000000000000000
connection 33 43 -1.626781277242881574 0 0.000000000000000000 0.000000000000000000
connection 33 87 6.595620601338634259 0 0.000000000000000000 0.000000000000000000
connection 35 23 6.640927435220166153 0 0.000000000000000000 0.000000000000000000
connection 35 28 -0.757517830816272553 0 0.000000000000000000 0.000000000000000000
connection 35 29 3.429461269969927617 0 0.000000000000000000 0.000000000000000000
connection 35 42 3.778183202591633094 0 0.000000000000000000 0.000000000000000000
connection 35 43 -0.336009856794856565 0 0.000000000000000000 0.000000000000000000
connection 35 30 7.054335587851190859 0 0.000000000000000000 0.000000000000000000
connection 35 33 0.872060558934782293 0 0.000000000000000000 0.000000000000000000
connection 35 34 0.622227672658771103 0 0.000000000000000000 0.000000000000000000
connection 35 83 7.017798253827336907 0 0.000000000000000000 0.000000000000000000
connection 36 23 6.757263707539514108 0 0.000000000000000000 0.000000000000000000
connection 36 28 0.508329269981994569 0 0.000000000000000000 0.000000000000000000
connection 36 29 4.683307947043894970 0 0.000000000000000000 0.000000000000000000
connection 36 42 5.096988019365338296 0 0.000000000000000000 0.000000000000000000
connection 36 43 1.210961207978536791 0 0.000000000000000000 0.000000000000000000
connection 36 32 2.016187101825674954 0 0.000000000000000000 0.000000000000000000
connection 36 33 -1.788858800508579039 0 0.000000000000000000 0.000000000000000000
connection 36 34 -1.888786217559263791 0 0.000000000000000000 0.000000000000000000
connection 36 35 1.880954736535804361 0 0.000000000000000000 0.000000000000000000
connection 36 41 6.597764573578776215 0 0.000000000000000000 0.000000000000000000
connection 37 23 6.746496160263289354 0 0.000000000000000000 0.000000000000000000
connection 37 29 4.079263265454443399 0 0.000000000000000000 0.000000000000000000
connection 37 42 4.467751289067532383 0 0.000000000000000000 0.000000000000000000
connection 37 43 0.380044630227772906 0 0.000000000000000000 0.000000000000000000
connection 37 30 6.797542670748361715 0 0.000000000000000000 0.000000000000000000
connection 37 33 -0.341209269164950202 0 0.000000000000000000 0.000000000000000000
connection 37 34 -0.538359773501281724 0 0.000000000000000000 0.000000000000000000
connection 37 83 6.771219683159722003 0 0.000000000000000000 0.000000000000000000
connection 39 28 0.831275455562689225 0 0.000000000000000000 0.000000000000000000
connection 39 29 4.887852325718403002 0 0.000000000000000000 0.000000000000000000
connection 39 42 5.277455283343664760 0 0.000000000000000000 0.000000000000000000
connection 39 43 1.526364844720864644 0 0.000000000000000000 0.000000000000000000
connection 39 32 1.738901896008914427 0 0.000000000000000000 0.000000000000000000
connection 39 33 -2.000138618355427944 0 0.000000000000000000 0.000000000000000000
connection 39 34 -2.094927368643809906 0 0.000000000000000000 0.000000000000000000
connection 39 35 1.602226420451711375 0 0.000000000000000000 0.000000000000000000
connection 39 41 6.671334480169343273 0 0.000000000000000000 0.000000000000000000
connection 40 23 6.878857343540102143 0 0.000000000000000000 0.000000000000000000
connection 40 28 0.428446788523643540 0 0.000000000000000000 0.000000000000000000
connection 40 29 4.494181038286027885 0 0.000000000000000000 0.000000000000000000
connection 40 42 4.809577981459205454 0 0.000000000000000000 0.000000000000000000
connection 40 43 0.919454155300746923 0 0.000000000000000000 0.000000000000000000
connection 40 30 6.802661307335188035 0 0.000000000000000000 0.000000000000000000
connection 40 33 -0.522736711212985705 0 0.000000000000000000 0.000000000000000000
connection 40 34 -0.736370314973959661 0 0.000000000000000000 0.000000000000000000
connection 40 35 3.240713553972308869 0 0.000000000000000000 0.000000000000000000
connection 40 83 6.742823483622027325 0 0.000000000000000000 0.000000000000000000
connection 41 54 -4.509661028761869694 0 0.000000000000000000 0.000000000000000000
connection 41 38 -0.222118544140591206 0 0.000000000000000000 0.000000000000000000
connection 41 39 3.656973660464588161 0 0.000000000000000000 0.000000000000000000
connection 41 41 6.800836076494773508 0 0.000000000000000000 0.000000000000000000
connection 34 23 6.296169407618816827 0 0.000000000000000000 0.000000000000000000
connection 34 28 -1.698647924362842065 0 0.000000000000000000 0.000000000000000000
connection 34 29 2.264834118179985367 0 0.000000000000000000 0.000000000000000000
connection 34 42 2.592968820793696505 0 0.000000000000000000 0.000000000000000000
connection 34 43 -1.396107328944262926 0 0.000000000000000000 0.000000000000000000
connection 38 23 6.801189036273354915 0 0.000000000000000000 0.000000000000000000
connection 38 29 4.314835239339739559 0 0.000000000000000000 0.000000000000000000
connection 38 42 4.683520576537291369 0 0.000000000000000000 0.000000000000000000
connection 38 43 0.680121057752812619 0 0.000000000000000000 0.000000000000000000
connection 38 30 6.743444944392398277 0 0.000000000000000000 0.000000000000000000
connection 38 33 -0.597195915968020907 0 0.000000000000000000 0.000000000000000000
connection 38 34 -0.789159745913164290 0 0.000000000000000000 0.000000000000000000
connection 38 83 6.708864517598308375 0 0.000000000000000000 0.000000000000000000
connection 42 37 -1.026570302877870100 0 0.000000000000000000 0.000000000000000000
connection 42 41 6.631568462773441475 0 0.000000000000000000 0.000000000000000000
connection 43 36 0.525662881108163949 0 0.000000000000000000 0.000000000000000000
connection 43 37 -3.350803975205015384 0 0.000000000000000000 0.000000000000000000
connection 43 38 -3.163130070926174042 0 0.000000000000000000 0.000000000000000000
connection 43 39 0.670835920899090832 0 0.000000000000000000 0.000000000000000000
connection 43 41 6.249963473315529150 0 0.000000000000000000 0.000000000000000000
connection 30 14 -2.152528679717715221 0 0.000000000000000000 0.000000000000000000
connection 31 14 0.871806637477832602 0 0.000000000000000000 0.000000000000000000
connection 54 14 0.321065972012598011 0 0.000000000000000000 0.000000000000000000
connection 83 14 -2.541687331213248413 0 0.000000000000000000 0.000000000000000000
connection 40 14 -1.822185077251737839 0 0.000000000000000000 0.000000000000000000
connection 87 15 -1.086309898248696948 0 0.000000000000000000 0.000000000000000000
connection 40 15 -1.976311059970716100 0 0.000000000000000000 0.000000000000000000
connection 87 16 -1.291150279180003801 0 0.000000000000000000 0.000000000000000000
connection 40 16 -2.150917941471395256 0 0.000000000000000000 0.000000000000000000
connection 87 17 -1.509626078695446516 0 0.000000000000000000 0.000000000000000000
connection 40 17 -2.336222261322188576 0 0.000000000000000000 0.000000000000000000
connection 87 18 -1.733455134868347569 0 0.000000000000000000 0.000000000000000000
connection 40 18 -2.524827142163190707 0 0.000000000000000000 0.000000000000000000
connection 87 19 -1.956625168422766459 0 0.000000000000000000 0.000000000000000000
connection 40 19 -2.711547399607514564 0 0.000000000000000000 0.000000000000000000
connection 87 20 -2.175058646992336087 0 0.000000000000000000 0.000000000000000000
connection 40 20 -2.893012493310427313 0 0.000000000000000000 0.000000000000000000
connection 87 21 -2.386178332789505863 0 0.000000000000000000 0.000000000000000000
connection 40 21 -3.067211007482545604 0 0.000000000000000000 0.000000000000000000
NNend

