NNstart
14 8
neuron 1 1.000000000000000000 0.000000000000000000 0.000000000000000000 0.000000000000000000 11 0.000000000000000000
neuron 1 1.000000000000000000 0.000000000000000000 0.000000000000000000 0.000000000000000000 11 0.000000000000000000
neuron 1 1.000000000000000000 0.000000000000000000 0.000000000000000000 0.000000000000000000 11 0.000000000000000000
neuron 1 1.000000000000000000 0.000000000000000000 0.000000000000000000 0.000000000000000000 11 0.000000000000000000
neuron 1 1.000000000000000000 0.000000000000000000 0.000000000000000000 0.000000000000000000 11 0.000000000000000000
neuron 1 1.000000000000000000 0.000000000000000000 0.000000000000000000 0.000000000000000000 11 0.000000000000000000
neuron 1 1.000000000000000000 0.000000000000000000 0.000000000000000000 0.000000000000000000 11 0.000000000000000000
neuron 1 1.000000000000000000 0.000000000000000000 0.000000000000000000 0.000000000000000000 11 0.000000000000000000
neuron 1 1.000000000000000000 0.000000000000000000 0.000000000000000000 0.000000000000000000 11 0.000000000000000000
neuron 1 1.000000000000000000 0.000000000000000000 0.000000000000000000 0.000000000000000000 11 0.000000000000000000
neuron 1 1.000000000000000000 0.000000000000000000 0.000000000000000000 0.000000000000000000 11 0.000000000000000000
neuron 1 1.000000000000000000 0.000000000000000000 0.000000000000000000 0.000000000000000000 11 0.000000000000000000
neuron 1 1.000000000000000000 0.000000000000000000 0.000000000000000000 0.000000000000000000 11 0.000000000000000000
neuron 2 1.000000000000000000 0.000000000000000000 0.000000000000000000 0.000000000000000000 11 0.000000000000000000
neuron 4 1.000000000000000000 0.000000000000000000 0.000000000000000000 0.000000000000000000 1 0.000000000000000000
neuron 4 1.000000000000000000 0.000000000000000000 0.000000000000000000 0.000000000000000000 1 0.000000000000000000
neuron 4 1.000000000000000000 0.000000000000000000 0.000000000000000000 0.000000000000000000 1 0.000000000000000000
neuron 4 1.000000000000000000 0.000000000000000000 0.000000000000000000 0.000000000000000000 1 0.000000000000000000
neuron 4 1.000000000000000000 0.000000000000000000 0.000000000000000000 0.000000000000000000 1 0.000000000000000000
neuron 4 1.000000000000000000 0.000000000000000000 0.000000000000000000 0.000000000000000000 1 0.000000000000000000
neuron 4 1.000000000000000000 0.000000000000000000 0.000000000000000000 0.000000000000000000 1 0.000000000000000000
neuron 4 1.000000000000000000 0.000000000000000000 0.000000000000000000 0.000000000000000000 1 0.000000000000000000
neuron 3 1.000000000000000000 0.000000000000000000 0.000000000000000000 0.000000000000000000 0 0.000000000000000000
neuron 3 1.000000000000000000 0.000000000000000000 0.000000000000000000 0.000000000000000000 0 0.000000000000000000
neuron 3 1.000000000000000000 0.000000000000000000 0.000000000000000000 0.000000000000000000 0 0.000000000000000000
neuron 3 1.000000000000000000 0.000000000000000000 0.000000000000000000 0.000000000000000000 0 0.000000000000000000
neuron 3 1.000000000000000000 0.000000000000000000 0.000000000000000000 0.000000000000000000 0 0.000000000000000000
neuron 3 1.000000000000000000 0.000000000000000000 0.000000000000000000 0.000000000000000000 0 0.000000000000000000
neuron 3 1.000000000000000000 0.000000000000000000 0.000000000000000000 0.000000000000000000 0 0.000000000000000000
neuron 3 1.000000000000000000 0.000000000000000000 0.000000000000000000 0.000000000000000000 0 0.000000000000000000
neuron 3 1.000000000000000000 0.000000000000000000 0.000000000000000000 0.000000000000000000 0 0.000000000000000000
neuron 3 1.000000000000000000 0.000000000000000000 0.000000000000000000 0.000000000000000000 0 0.000000000000000000
neuron 3 1.000000000000000000 0.000000000000000000 0.000000000000000000 0.000000000000000000 0 0.000000000000000000
neuron 3 1.000000000000000000 0.000000000000000000 0.000000000000000000 0.000000000000000000 0 0.000000000000000000
neuron 3 1.000000000000000000 0.000000000000000000 0.000000000000000000 0.000000000000000000 0 0.000000000000000000
neuron 3 1.000000000000000000 0.000000000000000000 0.000000000000000000 0.000000000000000000 0 0.000000000000000000
neuron 3 1.000000000000000000 0.000000000000000000 0.000000000000000000 0.000000000000000000 0 0.000000000000000000
neuron 3 1.000000000000000000 0.000000000000000000 0.000000000000000000 0.000000000000000000 0 0.000000000000000000
neuron 3 1.000000000000000000 0.000000000000000000 0.000000000000000000 0.000000000000000000 0 0.000000000000000000
neuron 3 1.000000000000000000 0.000000000000000000 0.000000000000000000 0.000000000000000000 0 0.000000000000000000
neuron 3 1.000000000000000000 0.000000000000000000 0.000000000000000000 0.000000000000000000 0 0.000000000000000000
neuron 3 1.000000000000000000 0.000000000000000000 0.000000000000000000 0.000000000000000000 0 0.000000000000000000
neuron 3 1.000000000000000000 0.000000000000000000 0.000000000000000000 0.000000000000000000 0 0.000000000000000000
neuron 3 1.000000000000000000 0.000000000000000000 0.000000000000000000 0.000000000000000000 0 0.000000000000000000
neuron 3 1.000000000000000000 0.000000000000000000 0.000000000000000000 0.000000000000000000 0 0.000000000000000000
neuron 3 1.000000000000000000 0.000000000000000000 0.000000000000000000 0.000000000000000000 0 0.000000000000000000
neuron 3 1.000000000000000000 0.000000000000000000 0.000000000000000000 0.000000000000000000 0 0.000000000000000000
neuron 3 1.000000000000000000 0.000000000000000000 0.000000000000000000 0.000000000000000000 0 0.000000000000000000
neuron 3 1.000000000000000000 0.000000000000000000 0.000000000000000000 0.000000000000000000 0 0.000000000000000000
neuron 3 1.000000000000000000 0.000000000000000000 0.000000000000000000 0.000000000000000000 0 0.000000000000000000
neuron 3 1.000000000000000000 0.000000000000000000 0.000000000000000000 0.000000000000000000 0 0.000000000000000000
neuron 3 1.000000000000000000 0.000000000000000000 0.000000000000000000 0.000000000000000000 0 0.000000000000000000
neuron 3 1.000000000000000000 0.000000000000000000 0.000000000000000000 0.000000000000000000 0 0.000000000000000000
neuron 3 1.000000000000000000 0.000000000000000000 0.000000000000000000 0.000000000000000000 0 0.000000000000000000
neuron 3 1.000000000000000000 0.000000000000000000 0.000000000000000000 0.000000000000000000 0 0.000000000000000000
neuron 3 1.000000000000000000 0.000000000000000000 0.000000000000000000 0.000000000000000000 0 0.000000000000000000
neuron 3 1.000000000000000000 0.000000000000000000 0.000000000000000000 0.000000000000000000 0 0.000000000000000000
neuron 3 1.000000000000000000 0.000000000000000000 0.000000000000000000 0.000000000000000000 0 0.000000000000000000
neuron 3 1.000000000000000000 0.000000000000000000 0.000000000000000000 0.000000000000000000 0 0.000000000000000000
neuron 3 1.000000000000000000 0.000000000000000000 0.000000000000000000 0.000000000000000000 0 0.000000000000000000
neuron 3 1.000000000000000000 0.000000000000000000 0.000000000000000000 0.000000000000000000 0 0.000000000000000000
neuron 3 1.000000000000000000 0.000000000000000000 0.000000000000000000 0.000000000000000000 0 0.000000000000000000
neuron 3 1.000000000000000000 0.000000000000000000 0.000000000000000000 0.000000000000000000 0 0.000000000000000000
neuron 3 1.000000000000000000 0.000000000000000000 0.000000000000000000 0.000000000000000000 0 0.000000000000000000
neuron 3 1.000000000000000000 0.000000000000000000 0.000000000000000000 0.000000000000000000 0 0.000000000000000000
neuron 3 1.000000000000000000 0.000000000000000000 0.000000000000000000 0.000000000000000000 0 0.000000000000000000
neuron 3 1.000000000000000000 0.000000000000000000 0.000000000000000000 0.000000000000000000 0 0.000000000000000000
neuron 3 1.000000000000000000 0.000000000000000000 0.000000000000000000 0.000000000000000000 0 0.000000000000000000
connection 0 22 -3.175712884637726496 0 0.000000000000000000 0.000000000000000000
connection 0 23 -2.087855456457879288 0 0.000000000000000000 0.000000000000000000
connection 0 24 2.005728065510086200 0 0.000000000000000000 0.000000000000000000
connection 0 25 4.963892885926327381 0 0.000000000000000000 0.000000000000000000
connection 0 26 1.443180802445919397 0 0.000000000000000000 0.000000000000000000
connection 0 27 6.634913179387383231 0 0.000000000000000000 0.000000000000000000
connection 0 28 -3.839266520253593384 0 0.000000000000000000 0.000000000000000000
connection 0 29 0.328459097960582092 0 0.000000000000000000 0.000000000000000000
connection 0 30 3.819945493055994845 0 0.000000000000000000 0.000000000000000000
connection 0 31 -0.412433017096197008 0 0.000000000000000000 0.000000000000000000
connection 0 32 7.350143279233946281 0 0.000000000000000000 0.000000000000000000
connection 0 33 7.925766960589059273 0 0.000000000000000000 0.000000000000000000
connection 0 34 7.639295206911345559 0 0.000000000000000000 0.000000000000000000
connection 1 23 -3.256846607747586386 0 0.000000000000000000 0.000000000000000000
connection 1 24 1.045132265070734423 0 0.000000000000000000 0.000000000000000000
connection 1 25 4.286276426467096279 0 0.000000000000000000 0.000000000000000000
connection 1 27 6.197565819683506838 0 0.000000000000000000 0.000000000000000000
connection 1 28 -4.497359373546704120 0 0.000000000000000000 0.000000000000000000
connection 1 29 -0.981119509194217643 0 0.000000000000000000 0.000000000000000000
connection 1 30 2.727339083221446359 0 0.000000000000000000 0.000000000000000000
connection 1 31 -1.315435006110855287 0 0.000000000000000000 0.000000000000000000
connection 1 32 7.417557873883754205 0 0.000000000000000000 0.000000000000000000
connection 1 33 7.937908662629967971 0 0.000000000000000000 0.000000000000000000
connection 1 34 7.506342850693746627 0 0.000000000000000000 0.000000000000000000
connection 2 23 -4.302481305958567148 0 0.000000000000000000 0.000000000000000000
connection 2 25 3.363998300602961677 0 0.000000000000000000 0.000000000000000000
connection 2 26 -1.255975133943786570 0 0.000000000000000000 0.000000000000000000
connection 2 35 2.430128853130867572 0 0.000000000000000000 0.000000000000000000
connection 2 36 5.835902366348689974 0 0.000000000000000000 0.000000000000000000
connection 2 37 7.075863465166412958 0 0.000000000000000000 0.000000000000000000
connection 2 38 5.276009430969698322 0 0.000000000000000000 0.000000000000000000
connection 2 28 -4.929830041142944097 0 0.000000000000000000 0.000000000000000000
connection 2 29 -2.119914757712319187 0 0.000000000000000000 0.000000000000000000
connection 2 30 1.630131995297190217 0 0.000000000000000000 0.000000000000000000
connection 2 31 -1.960193173585465187 0 0.000000000000000000 0.000000000000000000
connection 2 32 7.451404992912144643 0 0.000000000000000000 0.000000000000000000
connection 2 33 7.945181259599759294 0 0.000000000000000000 0.000000000000000000
connection 2 34 7.334736349215280171 0 0.000000000000000000 0.000000000000000000
connection 3 23 -5.154131110592685694 0 0.000000000000000000 0.000000000000000000
connection 3 24 -1.411220812280787218 0 0.000000000000000000 0.000000000000000000
connection 3 25 2.205585167153313986 0 0.000000000000000000 0.000000000000000000
connection 3 26 -2.518872393888993866 0 0.000000000000000000 0.000000000000000000
connection 3 35 1.148187947377304230 0 0.000000000000000000 0.000000000000000000
connection 3 36 5.136550687609838128 0 0.000000000000000000 0.000000000000000000
connection 3 37 6.745013949743591475 0 0.000000000000000000 0.000000000000000000
connection 3 38 4.428657199690303692 0 0.000000000000000000 0.000000000000000000
connection 3 28 -5.169852647995490713 0 0.000000000000000000 0.000000000000000000
connection 3 29 -3.016458806233826007 0 0.000000000000000000 0.000000000000000000
connection 3 30 0.648200756470114214 0 0.000000000000000000 0.000000000000000000
connection 3 31 -2.340810885376320538 0 0.000000000000000000 0.000000000000000000
connection 3 32 7.451958715259051402 0 0.000000000000000000 0.000000000000000000
connection 3 33 7.948459720075669033 0 0.000000000000000000 0.000000000000000000
connection 3 39 1.434106066962397064 0 0.000000000000000000 0.000000000000000000
connection 3 40 4.052444115605295494 0 0.000000000000000000 0.000000000000000000
connection 3 41 6.110349875426587474 0 0.000000000000000000 0.000000000000000000
connection 3 42 4.588483988354846055 0 0.000000000000000000 0.000000000000000000
connection 3 43 7.346391517730644694 0 0.000000000000000000 0.000000000000000000
connection 3 44 7.796002284343727773 0 0.000000000000000000 0.000000000000000000
connection 3 45 7.075052298103064352 0 0.000000000000000000 0.000000000000000000
connection 4 24 -2.678233084020319676 0 0.000000000000000000 0.000000000000000000
connection 4 25 0.879568360755117240 0 0.000000000000000000 0.000000000000000000
connection 4 26 -3.574123229854184736 0 0.000000000000000000 0.000000000000000000
connection 4 36 4.229982230922390229 0 0.000000000000000000 0.000000000000000000
connection 4 37 6.286647531722758586 0 0.000000000000000000 0.000000000000000000
connection 4 38 3.493017468064386399 0 0.000000000000000000 0.000000000000000000
connection 4 28 -5.244779425871685774 0 0.000000000000000000 0.000000000000000000
connection 4 29 -3.654692888813766860 0 0.000000000000000000 0.000000000000000000
connection 4 31 -2.470520805862153058 0 0.000000000000000000 0.000000000000000000
connection 4 32 7.416368373169742512 0 0.000000000000000000 0.000000000000000000
connection 4 33 7.948143615268988604 0 0.000000000000000000 0.000000000000000000
connection 4 39 1.299609442033419437 0 0.000000000000000000 0.000000000000000000
connection 4 40 3.460433196683562418 0 0.000000000000000000 0.000000000000000000
connection 4 41 5.787694713902117982 0 0.000000000000000000 0.000000000000000000
connection 4 42 4.511048931421441033 0 0.000000000000000000 0.000000000000000000
connection 4 43 7.109060586160860673 0 0.000000000000000000 0.000000000000000000
connection 4 44 7.728651084824599060 0 0.000000000000000000 0.000000000000000000
connection 4 45 6.998492327817610104 0 0.000000000000000000 0.000000000000000000
connection 5 24 -3.803443726647841583 0 0.000000000000000000 0.000000000000000000
connection 5 25 -0.488147634727019220 0 0.000000000000000000 0.000000000000000000
connection 5 26 -4.381389210852156602 0 0.000000000000000000 0.000000000000000000
connection 5 35 -1.172052007552352615 0 0.000000000000000000 0.000000000000000000
connection 5 36 3.150404108730053832 0 0.000000000000000000 0.000000000000000000
connection 5 37 5.691706750263320735 0 0.000000000000000000 0.000000000000000000
connection 5 38 2.568793791025976603 0 0.000000000000000000 0.000000000000000000
connection 5 28 -5.171634848142351082 0 0.000000000000000000 0.000000000000000000
connection 5 29 -4.051471214198263837 0 0.000000000000000000 0.000000000000000000
connection 5 30 -0.646275504238910670 0 0.000000000000000000 0.000000000000000000
connection 5 31 -2.368274792101030979 0 0.000000000000000000 0.000000000000000000
connection 5 32 7.337114525457357317 0 0.000000000000000000 0.000000000000000000
connection 5 33 7.944135174743761851 0 0.000000000000000000 0.000000000000000000
connection 5 39 1.410733601049354746 0 0.000000000000000000 0.000000000000000000
connection 5 40 3.037997411774261636 0 0.000000000000000000 0.000000000000000000
connection 5 41 5.553901580442416552 0 0.000000000000000000 0.000000000000000000
connection 5 42 4.602951785433143428 0 0.000000000000000000 0.000000000000000000
connection 5 43 6.817151336488370461 0 0.000000000000000000 0.000000000000000000
connection 5 44 7.647419354679733772 0 0.000000000000000000 0.000000000000000000
connection 5 45 6.980245140447395080 0 0.000000000000000000 0.000000000000000000
connection 6 24 -4.713519607329512695 0 0.000000000000000000 0.000000000000000000
connection 6 25 -1.755105881801678480 0 0.000000000000000000 0.000000000000000000
connection 6 26 -4.950193066667538666 0 0.000000000000000000 0.000000000000000000
connection 6 35 -2.012213831499938710 0 0.000000000000000000 0.000000000000000000
connection 6 36 1.987605595831366978 0 0.000000000000000000 0.000000000000000000
connection 6 37 4.981664440191882370 0 0.000000000000000000 0.000000000000000000
connection 6 38 1.762790434243759918 0 0.000000000000000000 0.000000000000000000
connection 6 28 -4.958915079113104696 0 0.000000000000000000 0.000000000000000000
connection 6 29 -4.233137176386761347 0 0.000000000000000000 0.000000000000000000
connection 6 30 -0.897497182093238366 0 0.000000000000000000 0.000000000000000000
connection 6 31 -2.055643990120851861 0 0.000000000000000000 0.000000000000000000
connection 6 46 -0.693487225650628480 0 0.000000000000000000 0.000000000000000000
connection 6 47 3.697262531689102794 0 0.000000000000000000 0.000000000000000000
connection 6 48 6.022649916365033995 0 0.000000000000000000 0.000000000000000000
connection 6 49 2.925409218045087023 0 0.000000000000000000 0.000000000000000000
connection 6 50 7.054973256134864812 0 0.000000000000000000 0.000000000000000000
connection 6 51 7.824970380787503288 0 0.000000000000000000 0.000000000000000000
connection 6 52 7.075256687648171727 0 0.000000000000000000 0.000000000000000000
connection 6 33 7.935804268811569528 0 0.000000000000000000 0.000000000000000000
connection 6 39 1.735473637174722139 0 0.000000000000000000 0.000000000000000000
connection 6 40 2.829804185137775097 0 0.000000000000000000 0.000000000000000000
connection 6 41 5.444979528882194941 0 0.000000000000000000 0.000000000000000000
connection 6 42 4.835422982010506132 0 0.000000000000000000 0.000000000000000000
connection 6 43 6.491531798139170917 0 0.000000000000000000 0.000000000000000000
connection 6 44 7.558938250666015435 0 0.000000000000000000 0.000000000000000000
connection 6 45 7.020900081536822768 0 0.000000000000000000 0.000000000000000000
connection 7 24 -5.393802398614183424 0 0.000000000000000000 0.000000000000000000
connection 7 25 -2.814768901626441000 0 0.000000000000000000 0.000000000000000000
connection 7 26 -5.312871670064080121 0 0.000000000000000000 0.000000000000000000
connection 7 35 -2.589338283656765771 0 0.000000000000000000 0.000000000000000000
connection 7 36 0.865508178783396143 0 0.000000000000000000 0.000000000000000000
connection 7 37 4.216315772893479696 0 0.000000000000000000 0.000000000000000000
connection 7 38 1.158450079431149193 0 0.000000000000000000 0.000000000000000000
connection 7 28 -4.612424823458168177 0 0.000000000000000000 0.000000000000000000
connection 7 29 -4.222160661531189518 0 0.000000000000000000 0.000000000000000000
connection 7 30 -0.889545276367631921 0 0.000000000000000000 0.000000000000000000
connection 7 31 -1.561594141004106095 0 0.000000000000000000 0.000000000000000000
connection 7 46 -2.023748197310800023 0 0.000000000000000000 0.000000000000000000
connection 7 47 2.671989044709797589 0 0.000000000000000000 0.000000000000000000
connection 7 48 5.425295783248344605 0 0.000000000000000000 0.000000000000000000
connection 7 49 1.654789801764841917 0 0.000000000000000000 0.000000000000000000
connection 7 50 6.955577693052772403 0 0.000000000000000000 0.000000000000000000
connection 7 51 7.808265019824592201 0 0.000000000000000000 0.000000000000000000
connection 7 52 6.736545654182680920 0 0.000000000000000000 0.000000000000000000
connection 7 33 7.921932908776466498 0 0.000000000000000000 0.000000000000000000
connection 7 34 6.486964902346059603 0 0.000000000000000000 0.000000000000000000
connection 8 35 -2.910541268054011699 0 0.000000000000000000 0.000000000000000000
connection 8 37 3.483818496324817993 0 0.000000000000000000 0.000000000000000000
connection 8 38 0.802289077529022676 0 0.000000000000000000 0.000000000000000000
connection 8 28 -4.143917703693639432 0 0.000000000000000000 0.000000000000000000
connection 8 29 -4.033980240941051676 0 0.000000000000000000 0.000000000000000000
connection 8 30 -0.644726946219440933 0 0.000000000000000000 0.000000000000000000
connection 8 31 -0.929983025774971384 0 0.000000000000000000 0.000000000000000000
connection 8 46 -3.203602621018418972 0 0.000000000000000000 0.000000000000000000
connection 8 47 1.428739069320291044 0 0.000000000000000000 0.000000000000000000
connection 8 48 4.615639022498199573 0 0.000000000000000000 0.000000000000000000
connection 8 49 0.339427372853212450 0 0.000000000000000000 0.000000000000000000
connection 8 50 6.774305087197920017 0 0.000000000000000000 0.000000000000000000
connection 8 51 7.775778769368478116 0 0.000000000000000000 0.000000000000000000
connection 8 52 6.275059874380884750 0 0.000000000000000000 0.000000000000000000
connection 8 33 7.900684198090923260 0 0.000000000000000000 0.000000000000000000
connection 8 34 6.498798458556114710 0 0.000000000000000000 0.000000000000000000
connection 9 35 -2.994522320662488468 0 0.000000000000000000 0.000000000000000000
connection 9 36 -0.832439324272174930 0 0.000000000000000000 0.000000000000000000
connection 9 37 2.875735040709611834 0 0.000000000000000000 0.000000000000000000
connection 9 38 0.706795667772047165 0 0.000000000000000000 0.000000000000000000
connection 9 28 -3.580424976021542527 0 0.000000000000000000 0.000000000000000000
connection 9 29 -3.681071439131055278 0 0.000000000000000000 0.000000000000000000
connection 9 31 -0.223280328167298980 0 0.000000000000000000 0.000000000000000000
connection 9 46 -4.155521961058586733 0 0.000000000000000000 0.000000000000000000
connection 9 48 3.596481879031798723 0 0.000000000000000000 0.000000000000000000
connection 9 49 -0.882143108711809121 0 0.000000000000000000 0.000000000000000000
connection 9 50 6.484399835369174525 0 0.000000000000000000 0.000000000000000000
connection 9 51 7.721837786575526330 0 0.000000000000000000 0.000000000000000000
connection 9 53 2.825455239834663512 0 0.000000000000000000 0.000000000000000000
connection 9 54 5.951402507910841244 0 0.000000000000000000 0.000000000000000000
connection 9 55 7.090013210488923079 0 0.000000000000000000 0.000000000000000000
connection 9 56 5.475737693139929974 0 0.000000000000000000 0.000000000000000000
connection 9 33 7.869711058868894327 0 0.000000000000000000 0.000000000000000000
connection 9 34 6.589026805564332179 0 0.000000000000000000 0.000000000000000000
connection 10 35 -2.860756961301870405 0 0.000000000000000000 0.000000000000000000
connection 10 36 -1.300490975407381455 0 0.000000000000000000 0.000000000000000000
connection 10 37 2.462380724590028880 0 0.000000000000000000 0.000000000000000000
connection 10 38 0.858442236665656333 0 0.000000000000000000 0.000000000000000000
connection 10 28 -2.970061101063992126 0 0.000000000000000000 0.000000000000000000
connection 10 29 -3.181448921614975056 0 0.000000000000000000 0.000000000000000000
connection 10 30 0.399528082573241627 0 0.000000000000000000 0.000000000000000000
connection 10 31 0.482487244789347236 0 0.000000000000000000 0.000000000000000000
connection 10 46 -4.862827903716521405 0 0.000000000000000000 0.000000000000000000
connection 10 47 -1.287688443942408556 0 0.000000000000000000 0.000000000000000000
connection 10 48 2.425427928138583766 0 0.000000000000000000 0.000000000000000000
connection 10 49 -1.902318774075736130 0 0.000000000000000000 0.000000000000000000
connection 10 57 3.385158385735631104 0 0.000000000000000000 0.000000000000000000
connection 10 58 6.147118415260052871 0 0.000000000000000000 0.000000000000000000
connection 10 59 7.225812827469808575 0 0.000000000000000000 0.000000000000000000
connection 10 60 5.847203460563076938 0 0.000000000000000000 0.000000000000000000
connection 10 51 7.637702382836470960 0 0.000000000000000000 0.000000000000000000
connection 10 53 1.866432086958925485 0 0.000000000000000000 0.000000000000000000
connection 10 54 5.264976893755292764 0 0.000000000000000000 0.000000000000000000
connection 10 55 6.760310749038586309 0 0.000000000000000000 0.000000000000000000
connection 10 56 4.879930409388532730 0 0.000000000000000000 0.000000000000000000
connection 10 33 7.826597645699214567 0 0.000000000000000000 0.000000000000000000
connection 10 34 6.734449663739683345 0 0.000000000000000000 0.000000000000000000
connection 11 35 -2.528874746557244091 0 0.000000000000000000 0.000000000000000000
connection 11 36 -1.502931112018329740 0 0.000000000000000000 0.000000000000000000
connection 11 37 2.280657874157980380 0 0.000000000000000000 0.000000000000000000
connection 11 38 1.222629976326915280 0 0.000000000000000000 0.000000000000000000
connection 11 28 -2.379750074994542608 0 0.000000000000000000 0.000000000000000000
connection 11 29 -2.568237651719601722 0 0.000000000000000000 0.000000000000000000
connection 11 30 1.080190424498764346 0 0.000000000000000000 0.000000000000000000
connection 11 31 1.110573185979411681 0 0.000000000000000000 0.000000000000000000
connection 11 46 -5.348490013100259510 0 0.000000000000000000 0.000000000000000000
connection 11 47 -2.487630710505099874 0 0.000000000000000000 0.000000000000000000
connection 11 48 1.213302035794660894 0 0.000000000000000000 0.000000000000000000
connection 11 49 -2.668705727769713043 0 0.000000000000000000 0.000000000000000000
connection 11 57 2.179748022917629591 0 0.000000000000000000 0.000000000000000000
connection 11 58 5.650873012150194441 0 0.000000000000000000 0.000000000000000000
connection 11 59 7.000053115660751502 0 0.000000000000000000 0.000000000000000000
connection 11 60 5.122195176731445976 0 0.000000000000000000 0.000000000000000000
connection 11 51 7.511368099793964248 0 0.000000000000000000 0.000000000000000000
connection 11 53 1.061658512755571326 0 0.000000000000000000 0.000000000000000000
connection 11 54 4.468382436132763758 0 0.000000000000000000 0.000000000000000000
connection 11 55 6.356884804834115776 0 0.000000000000000000 0.000000000000000000
connection 11 56 4.338618912317768306 0 0.000000000000000000 0.000000000000000000
connection 11 33 7.769839499500571733 0 0.000000000000000000 0.000000000000000000
connection 11 34 6.905570662849360275 0 0.000000000000000000 0.000000000000000000
connection 12 35 -2.024996240671053105 0 0.000000000000000000 0.000000000000000000
connection 12 36 -1.454190238693093606 0 0.000000000000000000 0.000000000000000000
connection 12 37 2.333752027519043537 0 0.000000000000000000 0.000000000000000000
connection 12 38 1.745505783256004584 0 0.000000000000000000 0.000000000000000000
connection 12 28 -1.884339410276063331 0 0.000000000000000000 0.000000000000000000
connection 12 29 -1.895289943213446460 0 0.000000000000000000 0.000000000000000000
connection 12 30 1.766726409091648353 0 0.000000000000000000 0.000000000000000000
connection 12 31 1.596630195587332324 0 0.000000000000000000 0.000000000000000000
connection 12 47 -3.455191184558482398 0 0.000000000000000000 0.000000000000000000
connection 12 49 -3.175110894130051431 0 0.000000000000000000 0.000000000000000000
connection 12 57 0.849408635106532861 0 0.000000000000000000 0.000000000000000000
connection 12 58 4.951212210914361478 0 0.000000000000000000 0.000000000000000000
connection 12 59 6.665417927227915484 0 0.000000000000000000 0.000000000000000000
connection 12 60 4.214194694169547617 0 0.000000000000000000 0.000000000000000000
connection 12 51 7.328665288632510766 0 0.000000000000000000 0.000000000000000000
connection 12 53 0.483625779423974556 0 0.000000000000000000 0.000000000000000000
connection 12 54 3.636974902734832593 0 0.000000000000000000 0.000000000000000000
connection 12 55 5.909574503786390487 0 0.000000000000000000 0.000000000000000000
connection 12 56 3.926019785854870658 0 0.000000000000000000 0.000000000000000000
connection 12 33 7.700375311883252749 0 0.000000000000000000 0.000000000000000000
connection 12 34 7.075467579678933028 0 0.000000000000000000 0.000000000000000000
connection 13 61 -5.090832265016905112 0 0.000000000000000000 0.000000000000000000
connection 13 35 -1.390164238560129384 0 0.000000000000000000 0.000000000000000000
connection 13 36 -1.177406044585664002 0 0.000000000000000000 0.000000000000000000
connection 13 37 2.595631900889157073 0 0.000000000000000000 0.000000000000000000
connection 13 38 2.357617973298860470 0 0.000000000000000000 0.000000000000000000
connection 13 28 -1.552466904636837786 0 0.000000000000000000 0.000000000000000000
connection 13 29 -1.234082500940112848 0 0.000000000000000000 0.000000000000000000
connection 13 30 2.385665659359660129 0 0.000000000000000000 0.000000000000000000
connection 13 31 1.894474570545998882 0 0.000000000000000000 0.000000000000000000
connection 13 47 -4.168440087488412438 0 0.000000000000000000 0.000000000000000000
connection 13 48 -0.839033631747468478 0 0.000000000000000000 0.000000000000000000
connection 13 49 -3.438520454756050171 0 0.000000000000000000 0.000000000000000000
connection 13 57 -0.470190951938070978 0 0.000000000000000000 0.000000000000000000
connection 13 58 4.027067263643143491 0 0.000000000000000000 0.000000000000000000
connection 13 59 6.191467631088479529 0 0.000000000000000000 0.000000000000000000
connection 13 60 3.177081510177568013 0 0.000000000000000000 0.000000000000000000
connection 13 51 7.076920285858831150 0 0.000000000000000000 0.000000000000000000
connection 13 54 2.868721734352822406 0 0.000000000000000000 0.000000000000000000
connection 13 55 5.470605301840290480 0 0.000000000000000000 0.000000000000000000
connection 13 56 3.694706728159391496 0 0.000000000000000000 0.000000000000000000
connection 13 33 7.623184506119409676 0 0.000000000000000000 0.000000000000000000
connection 13 34 7.225341342990813764 0 0.000000000000000000 0.000000000000000000
connection 22 62 -7.858395464655330898 0 0.000000000000000000 0.000000000000000000
connection 22 32 -7.878027771572613247 0 0.000000000000000000 0.000000000000000000
connection 22 33 -6.857180073675293031 0 0.000000000000000000 0.000000000000000000
connection 22 34 -7.326490391646105493 0 0.000000000000000000 0.000000000000000000
connection 43 62 -7.927817435594950446 0 0.000000000000000000 0.000000000000000000
connection 43 32 -7.909209184579969687 0 0.000000000000000000 0.000000000000000000
connection 43 33 -6.899159435076494873 0 0.000000000000000000 0.000000000000000000
connection 43 34 -7.119447108076461639 0 0.000000000000000000 0.000000000000000000
connection 51 62 -7.407253739053239805 0 0.000000000000000000 0.000000000000000000
connection 51 32 -7.272750956708735615 0 0.000000000000000000 0.000000000000000000
connection 51 33 -0.716466612047981455 0 0.000000000000000000 0.000000000000000000
connection 51 34 -4.688509764595492513 0 0.000000000000000000 0.000000000000000000
connection 23 62 -7.704962186996688445 0 0.000000000000000000 0.000000000000000000
connection 23 32 -7.735108311463668507 0 0.000000000000000000 0.000000000000000000
connection 23 33 -6.767167357307025455 0 0.000000000000000000 0.000000000000000000
connection 23 34 -7.430595486172615338 0 0.000000000000000000 0.000000000000000000
connection 46 62 -7.428697049796951113 0 0.000000000000000000 0.000000000000000000
connection 46 32 -7.382800075841244869 0 0.000000000000000000 0.000000000000000000
connection 46 33 -5.887534112532353703 0 0.000000000000000000 0.000000000000000000
connection 46 34 -7.194601972636629483 0 0.000000000000000000 0.000000000000000000
connection 56 62 -7.842327213897150706 0 0.000000000000000000 0.000000000000000000
connection 56 32 -7.831447205215092744 0 0.000000000000000000 0.000000000000000000
connection 56 33 -4.983771260233229583 0 0.000000000000000000 0.000000000000000000
connection 56 34 -6.359695477491705162 0 0.000000000000000000 0.000000000000000000
connection 24 62 -7.594188714344189961 0 0.000000000000000000 0.000000000000000000
connection 24 32 -7.604181145939564068 0 0.000000000000000000 0.000000000000000000
connection 24 33 -6.418139305360011093 0 0.000000000000000000 0.000000000000000000
connection 24 34 -7.341913300350467964 0 0.000000000000000000 0.000000000000000000
connection 25 62 -7.734617297467582198 0 0.000000000000000000 0.000000000000000000
connection 25 32 -7.750307921318695392 0 0.000000000000000000 0.000000000000000000
connection 25 33 -6.044789722078909300 0 0.000000000000000000 0.000000000000000000
connection 25 34 -7.098401107762914108 0 0.000000000000000000 0.000000000000000000
connection 26 62 -7.809589579503802170 0 0.000000000000000000 0.000000000000000000
connection 26 32 -7.830439703346149471 0 0.000000000000000000 0.000000000000000000
connection 26 33 -6.524512009793353329 0 0.000000000000000000 0.000000000000000000
connection 26 34 -7.233787303469912722 0 0.000000000000000000 0.000000000000000000
connection 27 62 -7.882005806037343021 0 0.000000000000000000 0.000000000000000000
connection 27 32 -7.883649134253766455 0 0.000000000000000000 0.000000000000000000
connection 27 33 -6.234245983209866004 0 0.000000000000000000 0.000000000000000000
connection 27 34 -6.930573107127442789 0 0.000000000000000000 0.000000000000000000
connection 33 62 -7.875936942517105521 0 0.000000000000000000 0.000000000000000000
connection 33 32 -7.817848477887913816 0 0.000000000000000000 0.000000000000000000
connection 33 63 -6.503959183748486694 0 0.000000000000000000 0.000000000000000000
connection 33 64 -6.222027383625836627 0 0.000000000000000000 0.000000000000000000
connection 33 66 -2.489155703481936488 0 0.000000000000000000 0.000000000000000000
connection 33 34 -5.616118104810322365 0 0.000000000000000000 0.000000000000000000
connection 28 62 -7.923403761289756098 0 0.000000000000000000 0.000000000000000000
connection 28 32 -7.928113247472057701 0 0.000000000000000000 0.000000000000000000
connection 28 33 -7.165138238724876985 0 0.000000000000000000 0.000000000000000000
connection 28 34 -7.348694796925639316 0 0.000000000000000000 0.000000000000000000
connection 47 62 -7.176600338812914259 0 0.000000000000000000 0.000000000000000000
connection 47 32 -7.000074953398456756 0 0.000000000000000000 0.000000000000000000
connection 47 33 -5.077878489588979249 0 0.000000000000000000 0.000000000000000000
connection 47 34 -6.949370791658239455 0 0.000000000000000000 0.000000000000000000
connection 29 62 -7.904839009211377387 0 0.000000000000000000 0.000000000000000000
connection 29 32 -7.911540040866273493 0 0.000000000000000000 0.000000000000000000
connection 29 33 -6.878375869258318787 0 0.000000000000000000 0.000000000000000000
connection 29 34 -7.231780866514625039 0 0.000000000000000000 0.000000000000000000
connection 40 62 -7.938053279821595254 0 0.000000000000000000 0.000000000000000000
connection 40 32 -7.925653128383155277 0 0.000000000000000000 0.000000000000000000
connection 40 33 -7.321386985267355207 0 0.000000000000000000 0.000000000000000000
connection 40 34 -7.384340399336657867 0 0.000000000000000000 0.000000000000000000
connection 44 62 -7.914280676924804858 0 0.000000000000000000 0.000000000000000000
connection 44 32 -7.863163712170244679 0 0.000000000000000000 0.000000000000000000
connection 44 33 -7.548563240164019916 0 0.000000000000000000 0.000000000000000000
connection 44 34 -7.582098815232701128 0 0.000000000000000000 0.000000000000000000
connection 30 62 -7.928891464662605415 0 0.000000000000000000 0.000000000000000000
connection 30 32 -7.925633272572943255 0 0.000000000000000000 0.000000000000000000
connection 30 33 -7.062530058716623316 0 0.000000000000000000 0.000000000000000000
connection 30 34 -7.253838546428399425 0 0.000000000000000000 0.000000000000000000
connection 31 62 -7.938810706821031182 0 0.000000000000000000 0.000000000000000000
connection 31 32 -7.934529052108032943 0 0.000000000000000000 0.000000000000000000
connection 31 33 -7.343063459796604242 0 0.000000000000000000 0.000000000000000000
connection 31 34 -7.407609031684863510 0 0.000000000000000000 0.000000000000000000
connection 57 62 -6.786322523506406412 0 0.000000000000000000 0.000000000000000000
connection 57 32 -6.333298676055864718 0 0.000000000000000000 0.000000000000000000
connection 57 33 -3.870105623929505523 0 0.000000000000000000 0.000000000000000000
connection 57 34 -6.537396221342648417 0 0.000000000000000000 0.000000000000000000
connection 32 62 -7.423007301124481927 0 0.000000000000000000 0.000000000000000000
connection 32 32 -7.338511438454611735 0 0.000000000000000000 0.000000000000000000
connection 32 33 -3.267153873841650125 0 0.000000000000000000 0.000000000000000000
connection 32 34 -6.099237910402726115 0 0.000000000000000000 0.000000000000000000
connection 34 62 -7.930445935789264489 0 0.000000000000000000 0.000000000000000000
connection 34 32 -7.899575981349852505 0 0.000000000000000000 0.000000000000000000
connection 34 33 -7.557768466607297064 0 0.000000000000000000 0.000000000000000000
connection 34 34 -7.567696948384059041 0 0.000000000000000000 0.000000000000000000
connection 35 62 -7.876011244812786138 0 0.000000000000000000 0.000000000000000000
connection 35 32 -7.883792580635354597 0 0.000000000000000000 0.000000000000000000
connection 35 33 -6.465189596073168232 0 0.000000000000000000 0.000000000000000000
connection 35 34 -7.079394439401641037 0 0.000000000000000000 0.000000000000000000
connection 37 62 -7.886152144589835267 0 0.000000000000000000 0.000000000000000000
connection 37 32 -7.881265146959663959 0 0.000000000000000000 0.000000000000000000
connection 37 33 -5.978297207730347118 0 0.000000000000000000 0.000000000000000000
connection 37 34 -6.763466449366177358 0 0.000000000000000000 0.000000000000000000
connection 36 62 -7.830399068491233905 0 0.000000000000000000 0.000000000000000000
connection 36 32 -7.836523682589622730 0 0.000000000000000000 0.000000000000000000
connection 36 33 -5.861661468075681114 0 0.000000000000000000 0.000000000000000000
connection 36 34 -6.870705828112370739 0 0.000000000000000000 0.000000000000000000
connection 38 62 -7.912623926928090690 0 0.000000000000000000 0.000000000000000000
connection 38 32 -7.909478729955831788 0 0.000000000000000000 0.000000000000000000
connection 38 33 -6.634650093674116178 0 0.000000000000000000 0.000000000000000000
connection 38 34 -7.047879629562824988 0 0.000000000000000000 0.000000000000000000
connection 41 62 -7.935752282324487261 0 0.000000000000000000 0.000000000000000000
connection 41 32 -7.911976113168497804 0 0.000000000000000000 0.000000000000000000
connection 41 33 -7.556293270352758995 0 0.000000000000000000 0.000000000000000000
connection 41 34 -7.558404246344271549 0 0.000000000000000000 0.000000000000000000
connection 50 62 -6.690107278242169109 0 0.000000000000000000 0.000000000000000000
connection 50 67 -7.292468558167482406 0 0.000000000000000000 0.000000000000000000
connection 50 50 -7.207463685368926676 0 0.000000000000000000 0.000000000000000000
connection 50 51 -4.034767506680882576 0 0.000000000000000000 0.000000000000000000
connection 50 52 -4.917623702789168050 0 0.000000000000000000 0.000000000000000000
connection 50 33 -2.563990971586690648 0 0.000000000000000000 0.000000000000000000
connection 50 34 -6.001106187875614673 0 0.000000000000000000 0.000000000000000000
connection 39 62 -7.942288647180166805 0 0.000000000000000000 0.000000000000000000
connection 39 32 -7.928964681368366740 0 0.000000000000000000 0.000000000000000000
connection 39 33 -7.545526683157989467 0 0.000000000000000000 0.000000000000000000
connection 39 34 -7.539555796986538994 0 0.000000000000000000 0.000000000000000000
connection 42 62 -7.935219218210280978 0 0.000000000000000000 0.000000000000000000
connection 42 32 -7.909750150046900963 0 0.000000000000000000 0.000000000000000000
connection 42 33 -7.708450528751981778 0 0.000000000000000000 0.000000000000000000
connection 42 34 -7.683270310197720221 0 0.000000000000000000 0.000000000000000000
connection 45 62 -7.904243955970406965 0 0.000000000000000000 0.000000000000000000
connection 45 32 -7.850416235556278544 0 0.000000000000000000 0.000000000000000000
connection 45 33 -7.817689195558809701 0 0.000000000000000000 0.000000000000000000
connection 45 34 -7.807008824314465301 0 0.000000000000000000 0.000000000000000000
connection 48 62 -7.426186185644820803 0 0.000000000000000000 0.000000000000000000
connection 48 32 -7.358728475203794694 0 0.000000000000000000 0.000000000000000000
connection 48 33 -4.324586639923839293 0 0.000000000000000000 0.000000000000000000
connection 48 34 -6.573996713081770693 0 0.000000000000000000 0.000000000000000000
connection 49 62 -7.616608766952708720 0 0.000000000000000000 0.000000000000000000
connection 49 32 -7.610600189843099272 0 0.000000000000000000 0.000000000000000000
connection 49 33 -5.343308633711742139 0 0.000000000000000000 0.000000000000000000
connection 49 34 -6.893161184071395553 0 0.000000000000000000 0.000000000000000000
connection 52 62 -7.763330355613521583 0 0.000000000000000000 0.000000000000000000
connection 52 32 -7.749158846478938045 0 0.000000000000000000 0.000000000000000000
connection 52 33 -4.306031697540984915 0 0.000000000000000000 0.000000000000000000
connection 52 34 -6.212890590046990624 0 0.000000000000000000 0.000000000000000000
connection 53 62 -7.756259587863673310 0 0.000000000000000000 0.000000000000000000
connection 53 32 -7.753291097970316237 0 0.000000000000000000 0.000000000000000000
connection 53 33 -4.980876360408331927 0 0.000000000000000000 0.000000000000000000
connection 53 34 -6.572757474911815834 0 0.000000000000000000 0.000000000000000000
connection 54 62 -7.631965612140706234 0 0.000000000000000000 0.000000000000000000
connection 54 32 -7.600791034435503413 0 0.000000000000000000 0.000000000000000000
connection 54 33 -3.727178849734398280 0 0.000000000000000000 0.000000000000000000
connection 54 34 -6.134224971172652197 0 0.000000000000000000 0.000000000000000000
connection 59 62 -6.587711611421484648 0 0.000000000000000000 0.000000000000000000
connection 59 67 -7.262768628692859885 0 0.000000000000000000 0.000000000000000000
connection 59 50 -7.157413007747744693 0 0.000000000000000000 0.000000000000000000
connection 59 51 -3.493351078488663664 0 0.000000000000000000 0.000000000000000000
connection 59 52 -4.463152705806249898 0 0.000000000000000000 0.000000000000000000
connection 59 33 -1.058110771243658377 0 0.000000000000000000 0.000000000000000000
connection 59 34 -5.272243324789093855 0 0.000000000000000000 0.000000000000000000
connection 55 62 -7.767532397799385535 0 0.000000000000000000 0.000000000000000000
connection 55 32 -7.740451312945956452 0 0.000000000000000000 0.000000000000000000
connection 55 33 -3.538840263801033448 0 0.000000000000000000 0.000000000000000000
connection 55 34 -5.775359234837726952 0 0.000000000000000000 0.000000000000000000
connection 58 62 -6.177643063550701363 0 0.000000000000000000 0.000000000000000000
connection 58 67 -6.823922800321073012 0 0.000000000000000000 0.000000000000000000
connection 58 50 -6.640974176632983728 0 0.000000000000000000 0.000000000000000000
connection 58 51 -2.645755793952266011 0 0.000000000000000000 0.000000000000000000
connection 58 52 -3.978580869799579034 0 0.000000000000000000 0.000000000000000000
connection 58 33 -2.177485646560448185 0 0.000000000000000000 0.000000000000000000
connection 58 34 -5.842429291605148123 0 0.000000000000000000 0.000000000000000000
connection 60 62 -7.112168851860796615 0 0.000000000000000000 0.000000000000000000
connection 60 32 -6.893580216249416637 0 0.000000000000000000 0.000000000000000000
connection 60 33 -2.899767176036958549 0 0.000000000000000000 0.000000000000000000
connection 60 34 -6.069781640880401063 0 0.000000000000000000 0.000000000000000000
connection 61 62 -7.846704387125071456 0 0.000000000000000000 0.000000000000000000
connection 61 32 -7.872262697097749395 0 0.000000000000000000 0.000000000000000000
connection 61 33 -7.020800976994696185 0 0.000000000000000000 0.000000000000000000
connection 61 34 -7.427083944540337157 0 0.000000000000000000 0.000000000000000000
connection 62 14 -7.916670534582940455 0 0.000000000000000000 0.000000000000000000
connection 32 14 -7.825853132183364202 0 0.000000000000000000 0.000000000000000000
connection 33 14 -7.659112992676337939 0 0.000000000000000000 0.000000000000000000
connection 34 14 -7.666968917406588702 0 0.000000000000000000 0.000000000000000000
connection 62 16 -7.858968567779503367 0 0.000000000000000000 0.000000000000000000
connection 32 16 -7.028033613959654424 0 0.000000000000000000 0.000000000000000000
connection 33 16 -7.741350674967486079 0 0.000000000000000000 0.000000000000000000
connection 34 16 -7.883802313530083872 0 0.000000000000000000 0.000000000000000000
connection 62 17 -7.662950549772002518 0 0.000000000000000000 0.000000000000000000
connection 67 17 -5.839908758248054887 0 0.000000000000000000 0.000000000000000000
connection 50 17 -2.465190176390789301 0 0.000000000000000000 0.000000000000000000
connection 51 17 -4.756070351413783648 0 0.000000000000000000 0.000000000000000000
connection 52 17 -7.027050768883835730 0 0.000000000000000000 0.000000000000000000
connection 33 17 -7.530457760972609549 0 0.000000000000000000 0.000000000000000000
connection 34 17 -7.896843156400105812 0 0.000000000000000000 0.000000000000000000
connection 62 18 -7.168227568241384517 0 0.000000000000000000 0.000000000000000000
connection 67 18 -4.306118542781230296 0 0.000000000000000000 0.000000000000000000
connection 50 18 -0.454527758207917798 0 0.000000000000000000 0.000000000000000000
connection 52 18 -5.450314209701018875 0 0.000000000000000000 0.000000000000000000
connection 33 18 -6.710284284573948099 0 0.000000000000000000 0.000000000000000000
connection 34 18 -7.845035149318926315 0 0.000000000000000000 0.000000000000000000
connection 67 19 -3.610875332689605255 0 0.000000000000000000 0.000000000000000000
connection 51 19 1.268607582655271848 0 0.000000000000000000 0.000000000000000000
connection 52 19 -3.327808588564423076 0 0.000000000000000000 0.000000000000000000
connection 63 19 -4.980447826501462671 0 0.000000000000000000 0.000000000000000000
connection 62 20 -6.038003427154365887 0 0.000000000000000000 0.000000000000000000
connection 67 20 -3.781427183158864391 0 0.000000000000000000 0.000000000000000000
connection 52 20 -2.091952594146703870 0 0.000000000000000000 0.000000000000000000
connection 63 20 -2.194480553905852283 0 0.000000000000000000 0.000000000000000000
connection 64 20 2.875633143525921920 0 0.000000000000000000 0.000000000000000000
connection 66 20 -4.415345127302011008 0 0.000000000000000000 0.000000000000000000
connection 34 20 -7.014465823180359827 0 0.000000000000000000 0.000000000000000000
connection 62 21 -6.202237916270119555 0 0.000000000000000000 0.000000000000000000
connection 67 21 -3.911227733878627433 0 0.000000000000000000 0.000000000000000000
connection 50 21 0.496357554768532272 0 0.000000000000000000 0.000000000000000000
connection 51 21 2.119086757205133953 0 0.000000000000000000 0.000000000000000000
connection 52 21 -2.019135365141349947 0 0.000000000000000000 0.000000000000000000
connection 63 21 -0.367836280694237183 0 0.000000000000000000 0.000000000000000000
connection 64 21 3.909692151540887117 0 0.000000000000000000 0.000000000000000000
connection 34 21 -5.785797491799375969 0 0.000000000000000000 0.000000000000000000
NNend

