NNstart
14 8
neuron 1 1.000000000000000000 0.000000000000000000 0.000000000000000000 0.000000000000000000 11 0.000000000000000000
neuron 1 1.000000000000000000 0.000000000000000000 0.000000000000000000 0.000000000000000000 11 0.000000000000000000
neuron 1 1.000000000000000000 0.000000000000000000 0.000000000000000000 0.000000000000000000 11 0.000000000000000000
neuron 1 1.000000000000000000 0.000000000000000000 0.000000000000000000 0.000000000000000000 11 0.000000000000000000
neuron 1 1.000000000000000000 0.000000000000000000 0.000000000000000000 0.000000000000000000 11 0.000000000000000000
neuron 1 1.000000000000000000 0.000000000000000000 0.000000000000000000 0.000000000000000000 11 0.000000000000000000
neuron 1 1.000000000000000000 0.000000000000000000 0.000000000000000000 0.000000000000000000 11 0.000000000000000000
neuron 1 1.000000000000000000 0.000000000000000000 0.000000000000000000 0.000000000000000000 11 0.000000000000000000
neuron 1 1.000000000000000000 0.000000000000000000 0.000000000000000000 0.000000000000000000 11 0.000000000000000000
neuron 1 1.000000000000000000 0.000000000000000000 0.000000000000000000 0.000000000000000000 11 0.000000000000000000
neuron 1 1.000000000000000000 0.000000000000000000 0.000000000000000000 0.000000000000000000 11 0.000000000000000000
neuron 1 1.000000000000000000 0.000000000000000000 0.000000000000000000 0.000000000000000000 11 0.000000000000000000
neuron 1 1.000000000000000000 0.000000000000000000 0.000000000000000000 0.000000000000000000 11 0.000000000000000000
neuron 2 1.000000000000000000 0.000000000000000000 0.000000000000000000 0.000000000000000000 11 0.000000000000000000
neuron 4 1.000000000000000000 0.000000000000000000 0.000000000000000000 0.000000000000000000 1 0.000000000000000000
neuron 4 1.000000000000000000 0.000000000000000000 0.000000000000000000 0.000000000000000000 1 0.000000000000000000
neuron 4 1.000000000000000000 0.000000000000000000 0.000000000000000000 0.000000000000000000 1 0.000000000000000000
neuron 4 1.000000000000000000 0.000000000000000000 0.000000000000000000 0.000000000000000000 1 0.000000000000000000
neuron 4 1.000000000000000000 0.000000000000000000 0.000000000000000000 0.000000000000000000 1 0.000000000000000000
neuron 4 1.000000000000000000 0.000000000000000000 0.000000000000000000 0.000000000000000000 1 0.000000000000000000
neuron 4 1.000000000000000000 0.000000000000000000 0.000000000000000000 0.000000000000000000 1 0.000000000000000000
neuron 4 1.000000000000000000 0.000000000000000000 0.000000000000000000 0.000000000000000000 1 0.000000000000000000
neuron 3 1.000000000000000000 0.000000000000000000 0.000000000000000000 0.000000000000000000 0 0.000000000000000000
neuron 3 1.000000000000000000 0.000000000000000000 0.000000000000000000 0.000000000000000000 0 0.000000000000000000
neuron 3 1.000000000000000000 0.000000000000000000 0.000000000000000000 0.000000000000000000 0 0.000000000000000000
neuron 3 1.000000000000000000 0.000000000000000000 0.000000000000000000 0.000000000000000000 0 0.000000000000000000
neuron 3 1.000000000000000000 0.000000000000000000 0.000000000000000000 0.000000000000000000 0 0.000000000000000000
neuron 3 1.000000000000000000 0.000000000000000000 0.000000000000000000 0.000000000000000000 0 0.000000000000000000
neuron 3 1.000000000000000000 0.000000000000000000 0.000000000000000000 0.000000000000000000 0 0.000000000000000000
neuron 3 1.000000000000000000 0.000000000000000000 0.000000000000000000 0.000000000000000000 0 0.000000000000000000
neuron 3 1.000000000000000000 0.000000000000000000 0.000000000000000000 0.000000000000000000 0 0.000000000000000000
neuron 3 1.000000000000000000 0.000000000000000000 0.000000000000000000 0.000000000000000000 0 0.000000000000000000
neuron 3 1.000000000000000000 0.000000000000000000 0.000000000000000000 0.000000000000000000 0 0.000000000000000000
neuron 3 1.000000000000000000 0.000000000000000000 0.000000000000000000 0.000000000000000000 0 0.000000000000000000
neuron 3 1.000000000000000000 0.000000000000000000 0.000000000000000000 0.000000000000000000 0 0.000000000000000000
neuron 3 1.000000000000000000 0.000000000000000000 0.000000000000000000 0.000000000000000000 0 0.000000000000000000
neuron 3 1.000000000000000000 0.000000000000000000 0.000000000000000000 0.000000000000000000 0 0.000000000000000000
neuron 3 1.000000000000000000 0.000000000000000000 0.000000000000000000 0.000000000000000000 0 0.000000000000000000
neuron 3 1.000000000000000000 0.000000000000000000 0.000000000000000000 0.000000000000000000 0 0.000000000000000000
neuron 3 1.000000000000000000 0.000000000000000000 0.000000000000000000 0.000000000000000000 0 0.000000000000000000
neuron 3 1.000000000000000000 0.000000000000000000 0.000000000000000000 0.000000000000000000 0 0.000000000000000000
neuron 3 1.000000000000000000 0.000000000000000000 0.000000000000000000 0.000000000000000000 0 0.000000000000000000
neuron 3 1.000000000000000000 0.000000000000000000 0.000000000000000000 0.000000000000000000 0 0.000000000000000000
neuron 3 1.000000000000000000 0.000000000000000000 0.000000000000000000 0.000000000000000000 0 0.000000000000000000
neuron 3 1.000000000000000000 0.000000000000000000 0.000000000000000000 0.000000000000000000 0 0.000000000000000000
neuron 3 1.000000000000000000 0.000000000000000000 0.000000000000000000 0.000000000000000000 0 0.000000000000000000
neuron 3 1.000000000000000000 0.000000000000000000 0.000000000000000000 0.000000000000000000 0 0.000000000000000000
neuron 3 1.000000000000000000 0.000000000000000000 0.000000000000000000 0.000000000000000000 0 0.000000000000000000
neuron 3 1.000000000000000000 0.000000000000000000 0.000000000000000000 0.000000000000000000 0 0.000000000000000000
neuron 3 1.000000000000000000 0.000000000000000000 0.000000000000000000 0.000000000000000000 0 0.000000000000000000
neuron 3 1.000000000000000000 0.000000000000000000 0.000000000000000000 0.000000000000000000 0 0.000000000000000000
neuron 3 1.000000000000000000 0.000000000000000000 0.000000000000000000 0.000000000000000000 0 0.000000000000000000
neuron 3 1.000000000000000000 0.000000000000000000 0.000000000000000000 0.000000000000000000 0 0.000000000000000000
neuron 3 1.000000000000000000 0.000000000000000000 0.000000000000000000 0.000000000000000000 0 0.000000000000000000
neuron 3 1.000000000000000000 0.000000000000000000 0.000000000000000000 0.000000000000000000 0 0.000000000000000000
neuron 3 1.000000000000000000 0.000000000000000000 0.000000000000000000 0.000000000000000000 0 0.000000000000000000
neuron 3 1.000000000000000000 0.000000000000000000 0.000000000000000000 0.000000000000000000 0 0.000000000000000000
neuron 3 1.000000000000000000 0.000000000000000000 0.000000000000000000 0.000000000000000000 0 0.000000000000000000
neuron 3 1.000000000000000000 0.000000000000000000 0.000000000000000000 0.000000000000000000 0 0.000000000000000000
neuron 3 1.000000000000000000 0.000000000000000000 0.000000000000000000 0.000000000000000000 0 0.000000000000000000
neuron 3 1.000000000000000000 0.000000000000000000 0.000000000000000000 0.000000000000000000 0 0.000000000000000000
neuron 3 1.000000000000000000 0.000000000000000000 0.000000000000000000 0.000000000000000000 0 0.000000000000000000
neuron 3 1.000000000000000000 0.000000000000000000 0.000000000000000000 0.000000000000000000 0 0.000000000000000000
neuron 3 1.000000000000000000 0.000000000000000000 0.000000000000000000 0.000000000000000000 0 0.000000000000000000
neuron 3 1.000000000000000000 0.000000000000000000 0.000000000000000000 0.000000000000000000 0 0.000000000000000000
neuron 3 1.000000000000000000 0.000000000000000000 0.000000000000000000 0.000000000000000000 0 0.000000000000000000
neuron 3 1.000000000000000000 0.000000000000000000 0.000000000000000000 0.000000000000000000 0 0.000000000000000000
connection 0 32 6.129916482843338343 0 0.000000000000000000 0.000000000000000000
connection 0 34 -2.042772335742472745 0 0.000000000000000000 0.000000000000000000
connection 0 35 3.335810999855041370 0 0.000000000000000000 0.000000000000000000
connection 0 36 -1.500887068140977609 0 0.000000000000000000 0.000000000000000000
connection 0 38 -3.055249357745352778 0 0.000000000000000000 0.000000000000000000
connection 0 40 -2.552911377081826583 0 0.000000000000000000 0.000000000000000000
connection 0 41 -6.891479580115056791 0 0.000000000000000000 0.000000000000000000
connection 0 43 -5.839478758421065230 0 0.000000000000000000 0.000000000000000000
connection 0 44 -7.670810703430602118 0 0.000000000000000000 0.000000000000000000
connection 0 45 -6.856486028957737844 0 0.000000000000000000 0.000000000000000000
connection 0 46 1.546767179392219527 0 0.000000000000000000 0.000000000000000000
connection 1 51 4.223290824386622511 0 0.000000000000000000 0.000000000000000000
connection 1 52 5.594074500778028813 0 0.000000000000000000 0.000000000000000000
connection 1 54 0.741662619618023822 0 0.000000000000000000 0.000000000000000000
connection 1 32 6.379600379979759595 0 0.000000000000000000 0.000000000000000000
connection 1 55 4.771713092983650206 0 0.000000000000000000 0.000000000000000000
connection 1 57 5.200721539182719511 0 0.000000000000000000 0.000000000000000000
connection 1 58 2.108538883361654293 0 0.000000000000000000 0.000000000000000000
connection 1 34 -4.692176128078599184 0 0.000000000000000000 0.000000000000000000
connection 1 35 1.370298119269871329 0 0.000000000000000000 0.000000000000000000
connection 1 36 -4.003452367364523923 0 0.000000000000000000 0.000000000000000000
connection 2 51 3.290746932816380532 0 0.000000000000000000 0.000000000000000000
connection 2 52 5.654133847314940731 0 0.000000000000000000 0.000000000000000000
connection 2 54 -1.241110637846462694 0 0.000000000000000000 0.000000000000000000
connection 2 32 6.834748608708573592 0 0.000000000000000000 0.000000000000000000
connection 2 55 4.783535416955317032 0 0.000000000000000000 0.000000000000000000
connection 2 57 5.530523399926846828 0 0.000000000000000000 0.000000000000000000
connection 2 58 1.373903772664736067 0 0.000000000000000000 0.000000000000000000
connection 2 36 -5.411133939879920085 0 0.000000000000000000 0.000000000000000000
connection 3 51 2.997557632734253907 0 0.000000000000000000 0.000000000000000000
connection 3 52 6.090797188956533326 0 0.000000000000000000 0.000000000000000000
connection 3 54 -2.355784245791036291 0 0.000000000000000000 0.000000000000000000
connection 3 32 7.280805545775184129 0 0.000000000000000000 0.000000000000000000
connection 3 55 5.282403521774509336 0 0.000000000000000000 0.000000000000000000
connection 3 57 6.147127973364742815 0 0.000000000000000000 0.000000000000000000
connection 3 58 1.439583852423637511 0 0.000000000000000000 0.000000000000000000
connection 3 35 -0.559633004715573867 0 0.000000000000000000 0.000000000000000000
connection 4 51 3.393304950395982900 0 0.000000000000000000 0.000000000000000000
connection 4 52 6.674024629597465008 0 0.000000000000000000 0.000000000000000000
connection 4 54 -2.650602532003699885 0 0.000000000000000000 0.000000000000000000
connection 4 32 7.597019520398465176 0 0.000000000000000000 0.000000000000000000
connection 4 55 6.013653571975598133 0 0.000000000000000000 0.000000000000000000
connection 4 57 6.777324481971663594 0 0.000000000000000000 0.000000000000000000
connection 4 58 2.192509963982210319 0 0.000000000000000000 0.000000000000000000
connection 4 35 -0.300644771503455643 0 0.000000000000000000 0.000000000000000000
connection 5 51 4.269206957465364383 0 0.000000000000000000 0.000000000000000000
connection 5 52 7.178963653641035059 0 0.000000000000000000 0.000000000000000000
connection 5 54 -2.258378252965084876 0 0.000000000000000000 0.000000000000000000
connection 5 32 7.780869944871198207 0 0.000000000000000000 0.000000000000000000
connection 5 55 6.693981944411948604 0 0.000000000000000000 0.000000000000000000
connection 5 57 7.250386792380487222 0 0.000000000000000000 0.000000000000000000
connection 5 58 3.345724149010812276 0 0.000000000000000000 0.000000000000000000
connection 5 35 0.610492193685067797 0 0.000000000000000000 0.000000000000000000
connection 5 59 -7.899024661195415575 0 0.000000000000000000 0.000000000000000000
connection 6 51 5.278375618814962422 0 0.000000000000000000 0.000000000000000000
connection 6 52 7.517742662364400807 0 0.000000000000000000 0.000000000000000000
connection 6 54 -1.306394667898273410 0 0.000000000000000000 0.000000000000000000
connection 6 32 7.877110313275152542 0 0.000000000000000000 0.000000000000000000
connection 6 35 1.906956836834246660 0 0.000000000000000000 0.000000000000000000
connection 6 59 -7.889382908472905243 0 0.000000000000000000 0.000000000000000000
connection 7 51 6.130149824625287458 0 0.000000000000000000 0.000000000000000000
connection 7 52 7.713317557302640459 0 0.000000000000000000 0.000000000000000000
connection 7 32 7.925712135504636713 0 0.000000000000000000 0.000000000000000000
connection 7 35 3.237809635149600851 0 0.000000000000000000 0.000000000000000000
connection 7 59 -7.856254238056437522 0 0.000000000000000000 0.000000000000000000
connection 8 51 6.717554052187793445 0 0.000000000000000000 0.000000000000000000
connection 8 52 7.818232577224402569 0 0.000000000000000000 0.000000000000000000
connection 8 32 7.950404409846201226 0 0.000000000000000000 0.000000000000000000
connection 8 35 4.322295863838142793 0 0.000000000000000000 0.000000000000000000
connection 8 59 -7.791573881403793145 0 0.000000000000000000 0.000000000000000000
connection 9 51 7.072961902693386094 0 0.000000000000000000 0.000000000000000000
connection 9 52 7.872947325729329648 0 0.000000000000000000 0.000000000000000000
connection 9 32 7.963203813209845272 0 0.000000000000000000 0.000000000000000000
connection 9 34 -5.695179081805598287 0 0.000000000000000000 0.000000000000000000
connection 9 59 -7.683867216042703951 0 0.000000000000000000 0.000000000000000000
connection 10 51 7.266929921421632521 0 0.000000000000000000 0.000000000000000000
connection 10 52 7.900764065223766508 0 0.000000000000000000 0.000000000000000000
connection 10 54 3.304727398175665520 0 0.000000000000000000 0.000000000000000000
connection 10 32 7.969873138566426540 0 0.000000000000000000 0.000000000000000000
connection 10 34 -5.106002092302030171 0 0.000000000000000000 0.000000000000000000
connection 10 36 -2.644060230923475974 0 0.000000000000000000 0.000000000000000000
connection 10 59 -7.525788723046377804 0 0.000000000000000000 0.000000000000000000
connection 11 51 7.355147711636497831 0 0.000000000000000000 0.000000000000000000
connection 11 52 7.913575015377719346 0 0.000000000000000000 0.000000000000000000
connection 11 54 3.705417678537296311 0 0.000000000000000000 0.000000000000000000
connection 11 32 7.973175293623294912 0 0.000000000000000000 0.000000000000000000
connection 11 34 -4.615746228391229167 0 0.000000000000000000 0.000000000000000000
connection 11 36 -2.204515757122941455 0 0.000000000000000000 0.000000000000000000
connection 11 59 -7.323747230117472640 0 0.000000000000000000 0.000000000000000000
connection 11 38 -7.087577102713625621 0 0.000000000000000000 0.000000000000000000
connection 11 40 -6.202318532766782688 0 0.000000000000000000 0.000000000000000000
connection 11 41 -7.750479927176113115 0 0.000000000000000000 0.000000000000000000
connection 11 43 -3.700707994278368496 0 0.000000000000000000 0.000000000000000000
connection 11 44 -7.208327907974259041 0 0.000000000000000000 0.000000000000000000
connection 11 45 -4.181988891009567055 0 0.000000000000000000 0.000000000000000000
connection 11 46 2.011853278090112607 0 0.000000000000000000 0.000000000000000000
connection 12 52 7.917095944284023190 0 0.000000000000000000 0.000000000000000000
connection 12 54 3.766900974755368114 0 0.000000000000000000 0.000000000000000000
connection 12 32 7.974470680030505854 0 0.000000000000000000 0.000000000000000000
connection 12 34 -4.322577866692425275 0 0.000000000000000000 0.000000000000000000
connection 12 36 -2.099324588153950621 0 0.000000000000000000 0.000000000000000000
connection 12 59 -7.101099774897520867 0 0.000000000000000000 0.000000000000000000
connection 12 38 -6.811462947779336474 0 0.000000000000000000 0.000000000000000000
connection 12 40 -5.871416483958906696 0 0.000000000000000000 0.000000000000000000
connection 12 41 -7.589272747414332443 0 0.000000000000000000 0.000000000000000000
connection 12 43 -0.298886021525816947 0 0.000000000000000000 0.000000000000000000
connection 12 44 -6.099692279704370890 0 0.000000000000000000 0.000000000000000000
connection 12 45 -0.805309538850266349 0 0.000000000000000000 0.000000000000000000
connection 13 52 7.913875064802131654 0 0.000000000000000000 0.000000000000000000
connection 13 32 7.974451319306989028 0 0.000000000000000000 0.000000000000000000
connection 13 34 -4.257229846214666047 0 0.000000000000000000 0.000000000000000000
connection 13 35 5.305723546020105097 0 0.000000000000000000 0.000000000000000000
connection 13 36 -2.296039256396639860 0 0.000000000000000000 0.000000000000000000
connection 13 59 -6.888509574494754872 0 0.000000000000000000 0.000000000000000000
connection 13 63 -6.900022822508201870 0 0.000000000000000000 0.000000000000000000
connection 13 64 -7.488220152640826299 0 0.000000000000000000 0.000000000000000000
connection 13 65 -6.987131811728730213 0 0.000000000000000000 0.000000000000000000
connection 13 66 -3.365298913416547855 0 0.000000000000000000 0.000000000000000000
connection 13 38 -6.563693506534381328 0 0.000000000000000000 0.000000000000000000
connection 13 40 -5.659707060266347511 0 0.000000000000000000 0.000000000000000000
connection 13 41 -7.366971981009081460 0 0.000000000000000000 0.000000000000000000
connection 13 43 3.251160852252360289 0 0.000000000000000000 0.000000000000000000
connection 13 44 -3.963053695575156077 0 0.000000000000000000 0.000000000000000000
connection 13 45 2.813141328508485195 0 0.000000000000000000 0.000000000000000000
connection 51 19 -1.767069772424781693 0 0.000000000000000000 0.000000000000000000
connection 52 19 -2.770784239387167336 0 0.000000000000000000 0.000000000000000000
connection 54 19 1.912145192715031694 0 0.000000000000000000 0.000000000000000000
connection 32 19 -3.043825200810288401 0 0.000000000000000000 0.000000000000000000
connection 55 19 1.899512337660065775 0 0.000000000000000000 0.000000000000000000
connection 57 19 3.979002497709602348 0 0.000000000000000000 0.000000000000000000
connection 38 19 1.924894672612771584 0 0.000000000000000000 0.000000000000000000
connection 40 19 4.010289859041344052 0 0.000000000000000000 0.000000000000000000
connection 57 20 -2.576975223924097946 0 0.000000000000000000 0.000000000000000000
connection 58 20 0.445517921447452780 0 0.000000000000000000 0.000000000000000000
connection 34 20 0.460856395234420679 0 0.000000000000000000 0.000000000000000000
connection 35 20 -2.562891552244848548 0 0.000000000000000000 0.000000000000000000
connection 36 20 3.251996347299507484 0 0.000000000000000000 0.000000000000000000
connection 59 20 5.225843806860587470 0 0.000000000000000000 0.000000000000000000
connection 63 20 0.491359955840509233 0 0.000000000000000000 0.000000000000000000
connection 64 20 -2.534674224574082757 0 0.000000000000000000 0.000000000000000000
connection 65 20 3.273498416260276933 0 0.000000000000000000 0.000000000000000000
connection 66 20 5.236124804508671460 0 0.000000000000000000 0.000000000000000000
connection 40 20 -2.548790874372201642 0 0.000000000000000000 0.000000000000000000
connection 41 20 0.476137379134404237 0 0.000000000000000000 0.000000000000000000
connection 66 21 -3.241683671686657942 0 0.000000000000000000 0.000000000000000000
connection 43 21 0.621104427705306383 0 0.000000000000000000 0.000000000000000000
connection 44 21 -1.278442056639717661 0 0.000000000000000000 0.000000000000000000
connection 45 21 2.273874479018510364 0 0.000000000000000000 0.000000000000000000
connection 46 21 3.588557730216790809 0 0.000000000000000000 0.000000000000000000
NNend

