NNstart
14 8
neuron 1 1.000000000000000000 0.000000000000000000 0.000000000000000000 -2159890669594733725323380403913331072788114485800667517452952215423430811213673327971972073154098546002009804732732099740544338546501242862823062716754274749405589094493672927846710234916585472.000000000000000000 11 0.000000000000000000
neuron 1 1.000000000000000000 0.000000000000000000 0.000000000000000000 -2159890669594733725323380403913331072788114485800667517452952215423430811213673327971972073154098546002009804732732099740544338546501242862823062716754274749405589094493672927846710234916585472.000000000000000000 11 0.000000000000000000
neuron 1 1.000000000000000000 0.000000000000000000 0.000000000000000000 -2159890669594733725323380403913331072788114485800667517452952215423430811213673327971972073154098546002009804732732099740544338546501242862823062716754274749405589094493672927846710234916585472.000000000000000000 11 0.000000000000000000
neuron 1 1.000000000000000000 0.000000000000000000 0.000000000000000000 -2159890669594733725323380403913331072788114485800667517452952215423430811213673327971972073154098546002009804732732099740544338546501242862823062716754274749405589094493672927846710234916585472.000000000000000000 11 0.000000000000000000
neuron 1 1.000000000000000000 0.000000000000000000 0.000000000000000000 -2159890669594733725323380403913331072788114485800667517452952215423430811213673327971972073154098546002009804732732099740544338546501242862823062716754274749405589094493672927846710234916585472.000000000000000000 11 0.000000000000000000
neuron 1 1.000000000000000000 0.000000000000000000 0.000000000000000000 -2159890669594733725323380403913331072788114485800667517452952215423430811213673327971972073154098546002009804732732099740544338546501242862823062716754274749405589094493672927846710234916585472.000000000000000000 11 0.000000000000000000
neuron 1 1.000000000000000000 0.000000000000000000 0.000000000000000000 -2159890669594733725323380403913331072788114485800667517452952215423430811213673327971972073154098546002009804732732099740544338546501242862823062716754274749405589094493672927846710234916585472.000000000000000000 11 0.000000000000000000
neuron 1 1.000000000000000000 0.000000000000000000 0.000000000000000000 -2159890669594733725323380403913331072788114485800667517452952215423430811213673327971972073154098546002009804732732099740544338546501242862823062716754274749405589094493672927846710234916585472.000000000000000000 11 0.000000000000000000
neuron 1 1.000000000000000000 0.000000000000000000 0.000000000000000000 -2159890669594733725323380403913331072788114485800667517452952215423430811213673327971972073154098546002009804732732099740544338546501242862823062716754274749405589094493672927846710234916585472.000000000000000000 11 0.000000000000000000
neuron 1 1.000000000000000000 0.000000000000000000 0.000000000000000000 -2159890669594733725323380403913331072788114485800667517452952215423430811213673327971972073154098546002009804732732099740544338546501242862823062716754274749405589094493672927846710234916585472.000000000000000000 11 0.000000000000000000
neuron 1 1.000000000000000000 0.000000000000000000 0.000000000000000000 -2159890669594733725323380403913331072788114485800667517452952215423430811213673327971972073154098546002009804732732099740544338546501242862823062716754274749405589094493672927846710234916585472.000000000000000000 11 0.000000000000000000
neuron 1 1.000000000000000000 0.000000000000000000 0.000000000000000000 -2159890669594733725323380403913331072788114485800667517452952215423430811213673327971972073154098546002009804732732099740544338546501242862823062716754274749405589094493672927846710234916585472.000000000000000000 11 0.000000000000000000
neuron 1 1.000000000000000000 0.000000000000000000 0.000000000000000000 -2159890669594733725323380403913331072788114485800667517452952215423430811213673327971972073154098546002009804732732099740544338546501242862823062716754274749405589094493672927846710234916585472.000000000000000000 11 0.000000000000000000
neuron 2 1.000000000000000000 0.000000000000000000 0.000000000000000000 0.000000000000000000 11 0.000000000000000000
neuron 4 1.000000000000000000 0.000000000000000000 0.000000000000000000 -2159890669594733725323380403913331072788114485800667517452952215423430811213673327971972073154098546002009804732732099740544338546501242862823062716754274749405589094493672927846710234916585472.000000000000000000 1 0.000000000000000000
neuron 4 1.000000000000000000 0.000000000000000000 0.000000000000000000 -2159890669594733725323380403913331072788114485800667517452952215423430811213673327971972073154098546002009804732732099740544338546501242862823062716754274749405589094493672927846710234916585472.000000000000000000 1 0.000000000000000000
neuron 4 1.000000000000000000 0.000000000000000000 0.000000000000000000 -2159890669594733725323380403913331072788114485800667517452952215423430811213673327971972073154098546002009804732732099740544338546501242862823062716754274749405589094493672927846710234916585472.000000000000000000 1 0.000000000000000000
neuron 4 1.000000000000000000 0.000000000000000000 0.000000000000000000 -2159890669594733725323380403913331072788114485800667517452952215423430811213673327971972073154098546002009804732732099740544338546501242862823062716754274749405589094493672927846710234916585472.000000000000000000 1 0.000000000000000000
neuron 4 1.000000000000000000 0.000000000000000000 0.000000000000000000 -2159890669594733725323380403913331072788114485800667517452952215423430811213673327971972073154098546002009804732732099740544338546501242862823062716754274749405589094493672927846710234916585472.000000000000000000 1 0.000000000000000000
neuron 4 1.000000000000000000 0.000000000000000000 0.000000000000000000 -2159890669594733725323380403913331072788114485800667517452952215423430811213673327971972073154098546002009804732732099740544338546501242862823062716754274749405589094493672927846710234916585472.000000000000000000 1 0.000000000000000000
neuron 4 1.000000000000000000 0.000000000000000000 0.000000000000000000 -2159890669594733725323380403913331072788114485800667517452952215423430811213673327971972073154098546002009804732732099740544338546501242862823062716754274749405589094493672927846710234916585472.000000000000000000 1 0.000000000000000000
neuron 4 1.000000000000000000 0.000000000000000000 0.000000000000000000 -2159890669594733725323380403913331072788114485800667517452952215423430811213673327971972073154098546002009804732732099740544338546501242862823062716754274749405589094493672927846710234916585472.000000000000000000 1 0.000000000000000000
neuron 3 1.000000000000000000 0.000000000000000000 0.000000000000000000 -2159890669594733725323380403913331072788114485800667517452952215423430811213673327971972073154098546002009804732732099740544338546501242862823062716754274749405589094493672927846710234916585472.000000000000000000 0 0.000000000000000000
neuron 3 1.000000000000000000 0.000000000000000000 0.000000000000000000 -2159890669594733725323380403913331072788114485800667517452952215423430811213673327971972073154098546002009804732732099740544338546501242862823062716754274749405589094493672927846710234916585472.000000000000000000 0 0.000000000000000000
neuron 3 1.000000000000000000 0.000000000000000000 0.000000000000000000 -2159890669594733725323380403913331072788114485800667517452952215423430811213673327971972073154098546002009804732732099740544338546501242862823062716754274749405589094493672927846710234916585472.000000000000000000 0 0.000000000000000000
neuron 3 1.000000000000000000 0.000000000000000000 0.000000000000000000 -2159890669594733725323380403913331072788114485800667517452952215423430811213673327971972073154098546002009804732732099740544338546501242862823062716754274749405589094493672927846710234916585472.000000000000000000 0 0.000000000000000000
connection 0 22 1.373185977529837398 0 0.000000000000000000 -2159890669594733725323380403913331072788114485800667517452952215423430811213673327971972073154098546002009804732732099740544338546501242862823062716754274749405589094493672927846710234916585472.000000000000000000
connection 0 23 3.764365042559604024 0 0.000000000000000000 -2159890669594733725323380403913331072788114485800667517452952215423430811213673327971972073154098546002009804732732099740544338546501242862823062716754274749405589094493672927846710234916585472.000000000000000000
connection 0 24 3.146447638444557882 0 0.000000000000000000 -2159890669594733725323380403913331072788114485800667517452952215423430811213673327971972073154098546002009804732732099740544338546501242862823062716754274749405589094493672927846710234916585472.000000000000000000
connection 0 25 1.050806130895499013 0 0.000000000000000000 -2159890669594733725323380403913331072788114485800667517452952215423430811213673327971972073154098546002009804732732099740544338546501242862823062716754274749405589094493672927846710234916585472.000000000000000000
connection 1 22 1.453980617854367718 0 0.000000000000000000 -2159890669594733725323380403913331072788114485800667517452952215423430811213673327971972073154098546002009804732732099740544338546501242862823062716754274749405589094493672927846710234916585472.000000000000000000
connection 1 23 3.826786271113719717 0 0.000000000000000000 -2159890669594733725323380403913331072788114485800667517452952215423430811213673327971972073154098546002009804732732099740544338546501242862823062716754274749405589094493672927846710234916585472.000000000000000000
connection 1 24 3.208329616672183970 0 0.000000000000000000 -2159890669594733725323380403913331072788114485800667517452952215423430811213673327971972073154098546002009804732732099740544338546501242862823062716754274749405589094493672927846710234916585472.000000000000000000
connection 1 25 1.145095622342903852 0 0.000000000000000000 -2159890669594733725323380403913331072788114485800667517452952215423430811213673327971972073154098546002009804732732099740544338546501242862823062716754274749405589094493672927846710234916585472.000000000000000000
connection 2 22 1.528823785371220989 0 0.000000000000000000 -2159890669594733725323380403913331072788114485800667517452952215423430811213673327971972073154098546002009804732732099740544338546501242862823062716754274749405589094493672927846710234916585472.000000000000000000
connection 2 23 3.882103497961698846 0 0.000000000000000000 -2159890669594733725323380403913331072788114485800667517452952215423430811213673327971972073154098546002009804732732099740544338546501242862823062716754274749405589094493672927846710234916585472.000000000000000000
connection 2 24 3.263349190508585629 0 0.000000000000000000 -2159890669594733725323380403913331072788114485800667517452952215423430811213673327971972073154098546002009804732732099740544338546501242862823062716754274749405589094493672927846710234916585472.000000000000000000
connection 2 25 1.233671335089052246 0 0.000000000000000000 -2159890669594733725323380403913331072788114485800667517452952215423430811213673327971972073154098546002009804732732099740544338546501242862823062716754274749405589094493672927846710234916585472.000000000000000000
connection 3 22 1.597433549840181932 0 0.000000000000000000 -2159890669594733725323380403913331072788114485800667517452952215423430811213673327971972073154098546002009804732732099740544338546501242862823062716754274749405589094493672927846710234916585472.000000000000000000
connection 3 23 3.930057852957961284 0 0.000000000000000000 -2159890669594733725323380403913331072788114485800667517452952215423430811213673327971972073154098546002009804732732099740544338546501242862823062716754274749405589094493672927846710234916585472.000000000000000000
connection 3 24 3.311243679466452150 0 0.000000000000000000 -2159890669594733725323380403913331072788114485800667517452952215423430811213673327971972073154098546002009804732732099740544338546501242862823062716754274749405589094493672927846710234916585472.000000000000000000
connection 3 25 1.316239924792655280 0 0.000000000000000000 -2159890669594733725323380403913331072788114485800667517452952215423430811213673327971972073154098546002009804732732099740544338546501242862823062716754274749405589094493672927846710234916585472.000000000000000000
connection 4 22 1.659546233241023128 0 0.000000000000000000 -2159890669594733725323380403913331072788114485800667517452952215423430811213673327971972073154098546002009804732732099740544338546501242862823062716754274749405589094493672927846710234916585472.000000000000000000
connection 4 23 3.970411069996283349 0 0.000000000000000000 -2159890669594733725323380403913331072788114485800667517452952215423430811213673327971972073154098546002009804732732099740544338546501242862823062716754274749405589094493672927846710234916585472.000000000000000000
connection 4 24 3.351770468351824572 0 0.000000000000000000 -2159890669594733725323380403913331072788114485800667517452952215423430811213673327971972073154098546002009804732732099740544338546501242862823062716754274749405589094493672927846710234916585472.000000000000000000
connection 4 25 1.392525659441051555 0 0.000000000000000000 -2159890669594733725323380403913331072788114485800667517452952215423430811213673327971972073154098546002009804732732099740544338546501242862823062716754274749405589094493672927846710234916585472.000000000000000000
connection 5 22 1.714917809979185748 0 0.000000000000000000 -2159890669594733725323380403913331072788114485800667517452952215423430811213673327971972073154098546002009804732732099740544338546501242862823062716754274749405589094493672927846710234916585472.000000000000000000
connection 5 23 4.002946761952686394 0 0.000000000000000000 -2159890669594733725323380403913331072788114485800667517452952215423430811213673327971972073154098546002009804732732099740544338546501242862823062716754274749405589094493672927846710234916585472.000000000000000000
connection 5 24 3.384708315979553461 0 0.000000000000000000 -2159890669594733725323380403913331072788114485800667517452952215423430811213673327971972073154098546002009804732732099740544338546501242862823062716754274749405589094493672927846710234916585472.000000000000000000
connection 5 25 1.462271855013241861 0 0.000000000000000000 -2159890669594733725323380403913331072788114485800667517452952215423430811213673327971972073154098546002009804732732099740544338546501242862823062716754274749405589094493672927846710234916585472.000000000000000000
connection 6 22 1.763325215286205339 0 0.000000000000000000 -2159890669594733725323380403913331072788114485800667517452952215423430811213673327971972073154098546002009804732732099740544338546501242862823062716754274749405589094493672927846710234916585472.000000000000000000
connection 6 23 4.027471590305193416 0 0.000000000000000000 -2159890669594733725323380403913331072788114485800667517452952215423430811213673327971972073154098546002009804732732099740544338546501242862823062716754274749405589094493672927846710234916585472.000000000000000000
connection 6 24 3.409858561967042956 0 0.000000000000000000 -2159890669594733725323380403913331072788114485800667517452952215423430811213673327971972073154098546002009804732732099740544338546501242862823062716754274749405589094493672927846710234916585472.000000000000000000
connection 6 25 1.525242223175542033 0 0.000000000000000000 -2159890669594733725323380403913331072788114485800667517452952215423430811213673327971972073154098546002009804732732099740544338546501242862823062716754274749405589094493672927846710234916585472.000000000000000000
connection 7 22 1.804567552243376838 0 0.000000000000000000 -2159890669594733725323380403913331072788114485800667517452952215423430811213673327971972073154098546002009804732732099740544338546501242862823062716754274749405589094493672927846710234916585472.000000000000000000
connection 7 23 4.043816320815226462 0 0.000000000000000000 -2159890669594733725323380403913331072788114485800667517452952215423430811213673327971972073154098546002009804732732099740544338546501242862823062716754274749405589094493672927846710234916585472.000000000000000000
connection 7 24 3.427046222719604351 0 0.000000000000000000 -2159890669594733725323380403913331072788114485800667517452952215423430811213673327971972073154098546002009804732732099740544338546501242862823062716754274749405589094493672927846710234916585472.000000000000000000
connection 7 25 1.581222121205230202 0 0.000000000000000000 -2159890669594733725323380403913331072788114485800667517452952215423430811213673327971972073154098546002009804732732099740544338546501242862823062716754274749405589094493672927846710234916585472.000000000000000000
connection 8 22 1.838467188530032104 0 0.000000000000000000 -2159890669594733725323380403913331072788114485800667517452952215423430811213673327971972073154098546002009804732732099740544338546501242862823062716754274749405589094493672927846710234916585472.000000000000000000
connection 8 23 4.051836757444257309 0 0.000000000000000000 -2159890669594733725323380403913331072788114485800667517452952215423430811213673327971972073154098546002009804732732099740544338546501242862823062716754274749405589094493672927846710234916585472.000000000000000000
connection 8 25 1.630019694977334677 0 0.000000000000000000 -2159890669594733725323380403913331072788114485800667517452952215423430811213673327971972073154098546002009804732732099740544338546501242862823062716754274749405589094493672927846710234916585472.000000000000000000
connection 9 22 1.864870734754697335 0 0.000000000000000000 -2159890669594733725323380403913331072788114485800667517452952215423430811213673327971972073154098546002009804732732099740544338546501242862823062716754274749405589094493672927846710234916585472.000000000000000000
connection 9 25 1.671466906575754141 0 0.000000000000000000 -2159890669594733725323380403913331072788114485800667517452952215423430811213673327971972073154098546002009804732732099740544338546501242862823062716754274749405589094493672927846710234916585472.000000000000000000
connection 10 25 1.705420438895868696 0 0.000000000000000000 -2159890669594733725323380403913331072788114485800667517452952215423430811213673327971972073154098546002009804732732099740544338546501242862823062716754274749405589094493672927846710234916585472.000000000000000000
connection 11 25 1.731762470484511152 0 0.000000000000000000 -2159890669594733725323380403913331072788114485800667517452952215423430811213673327971972073154098546002009804732732099740544338546501242862823062716754274749405589094493672927846710234916585472.000000000000000000
connection 12 25 1.750401314806628861 0 0.000000000000000000 -2159890669594733725323380403913331072788114485800667517452952215423430811213673327971972073154098546002009804732732099740544338546501242862823062716754274749405589094493672927846710234916585472.000000000000000000
connection 13 25 1.761271919127347374 0 0.000000000000000000 -2159890669594733725323380403913331072788114485800667517452952215423430811213673327971972073154098546002009804732732099740544338546501242862823062716754274749405589094493672927846710234916585472.000000000000000000
connection 22 22 -3.374254349734199465 0 0.000000000000000000 -2159890669594733725323380403913331072788114485800667517452952215423430811213673327971972073154098546002009804732732099740544338546501242862823062716754274749405589094493672927846710234916585472.000000000000000000
connection 22 23 -2.342976877712251493 0 0.000000000000000000 -2159890669594733725323380403913331072788114485800667517452952215423430811213673327971972073154098546002009804732732099740544338546501242862823062716754274749405589094493672927846710234916585472.000000000000000000
connection 22 25 -1.060598925715348084 0 0.000000000000000000 -2159890669594733725323380403913331072788114485800667517452952215423430811213673327971972073154098546002009804732732099740544338546501242862823062716754274749405589094493672927846710234916585472.000000000000000000
connection 23 22 -3.287264187143108085 0 0.000000000000000000 -2159890669594733725323380403913331072788114485800667517452952215423430811213673327971972073154098546002009804732732099740544338546501242862823062716754274749405589094493672927846710234916585472.000000000000000000
connection 23 23 -2.351132064387718934 0 0.000000000000000000 -2159890669594733725323380403913331072788114485800667517452952215423430811213673327971972073154098546002009804732732099740544338546501242862823062716754274749405589094493672927846710234916585472.000000000000000000
connection 23 24 -1.850641922985152066 0 0.000000000000000000 -2159890669594733725323380403913331072788114485800667517452952215423430811213673327971972073154098546002009804732732099740544338546501242862823062716754274749405589094493672927846710234916585472.000000000000000000
connection 23 25 -2.915663718363259882 0 0.000000000000000000 -2159890669594733725323380403913331072788114485800667517452952215423430811213673327971972073154098546002009804732732099740544338546501242862823062716754274749405589094493672927846710234916585472.000000000000000000
connection 24 22 -2.275016313052300898 0 0.000000000000000000 -2159890669594733725323380403913331072788114485800667517452952215423430811213673327971972073154098546002009804732732099740544338546501242862823062716754274749405589094493672927846710234916585472.000000000000000000
connection 24 23 -1.228721403355277575 0 0.000000000000000000 -2159890669594733725323380403913331072788114485800667517452952215423430811213673327971972073154098546002009804732732099740544338546501242862823062716754274749405589094493672927846710234916585472.000000000000000000
connection 24 24 -1.012117977426692850 0 0.000000000000000000 -2159890669594733725323380403913331072788114485800667517452952215423430811213673327971972073154098546002009804732732099740544338546501242862823062716754274749405589094493672927846710234916585472.000000000000000000
connection 24 25 -2.173731650520803527 0 0.000000000000000000 -2159890669594733725323380403913331072788114485800667517452952215423430811213673327971972073154098546002009804732732099740544338546501242862823062716754274749405589094493672927846710234916585472.000000000000000000
connection 25 22 -2.578055930625502867 0 0.000000000000000000 -2159890669594733725323380403913331072788114485800667517452952215423430811213673327971972073154098546002009804732732099740544338546501242862823062716754274749405589094493672927846710234916585472.000000000000000000
connection 25 23 -1.445931458623821442 0 0.000000000000000000 -2159890669594733725323380403913331072788114485800667517452952215423430811213673327971972073154098546002009804732732099740544338546501242862823062716754274749405589094493672927846710234916585472.000000000000000000
connection 25 25 -0.358028647260730526 0 0.000000000000000000 -2159890669594733725323380403913331072788114485800667517452952215423430811213673327971972073154098546002009804732732099740544338546501242862823062716754274749405589094493672927846710234916585472.000000000000000000
connection 22 14 -2.074496964488267814 0 0.000000000000000000 -2159890669594733725323380403913331072788114485800667517452952215423430811213673327971972073154098546002009804732732099740544338546501242862823062716754274749405589094493672927846710234916585472.000000000000000000
connection 23 14 -0.919046047683650280 0 0.000000000000000000 -2159890669594733725323380403913331072788114485800667517452952215423430811213673327971972073154098546002009804732732099740544338546501242862823062716754274749405589094493672927846710234916585472.000000000000000000
connection 24 14 0.299591823422075354 0 0.000000000000000000 -2159890669594733725323380403913331072788114485800667517452952215423430811213673327971972073154098546002009804732732099740544338546501242862823062716754274749405589094493672927846710234916585472.000000000000000000
connection 25 14 -1.000700470696658240 0 0.000000000000000000 -2159890669594733725323380403913331072788114485800667517452952215423430811213673327971972073154098546002009804732732099740544338546501242862823062716754274749405589094493672927846710234916585472.000000000000000000
connection 22 15 -2.019133619597303753 0 0.000000000000000000 -2159890669594733725323380403913331072788114485800667517452952215423430811213673327971972073154098546002009804732732099740544338546501242862823062716754274749405589094493672927846710234916585472.000000000000000000
connection 23 15 -1.501574030292650352 0 0.000000000000000000 -2159890669594733725323380403913331072788114485800667517452952215423430811213673327971972073154098546002009804732732099740544338546501242862823062716754274749405589094493672927846710234916585472.000000000000000000
connection 24 15 -0.311471544509679621 0 0.000000000000000000 -2159890669594733725323380403913331072788114485800667517452952215423430811213673327971972073154098546002009804732732099740544338546501242862823062716754274749405589094493672927846710234916585472.000000000000000000
connection 25 15 -1.038031201650270408 0 0.000000000000000000 -2159890669594733725323380403913331072788114485800667517452952215423430811213673327971972073154098546002009804732732099740544338546501242862823062716754274749405589094493672927846710234916585472.000000000000000000
connection 22 16 -1.660905246238560951 0 0.000000000000000000 -2159890669594733725323380403913331072788114485800667517452952215423430811213673327971972073154098546002009804732732099740544338546501242862823062716754274749405589094493672927846710234916585472.000000000000000000
connection 23 16 -1.908910779123731638 0 0.000000000000000000 -2159890669594733725323380403913331072788114485800667517452952215423430811213673327971972073154098546002009804732732099740544338546501242862823062716754274749405589094493672927846710234916585472.000000000000000000
connection 24 16 -0.781248243001718690 0 0.000000000000000000 -2159890669594733725323380403913331072788114485800667517452952215423430811213673327971972073154098546002009804732732099740544338546501242862823062716754274749405589094493672927846710234916585472.000000000000000000
connection 25 16 -0.766170590581758404 0 0.000000000000000000 -2159890669594733725323380403913331072788114485800667517452952215423430811213673327971972073154098546002009804732732099740544338546501242862823062716754274749405589094493672927846710234916585472.000000000000000000
connection 22 17 -1.061215928416619381 0 0.000000000000000000 -2159890669594733725323380403913331072788114485800667517452952215423430811213673327971972073154098546002009804732732099740544338546501242862823062716754274749405589094493672927846710234916585472.000000000000000000
connection 23 17 -2.048379063054312610 0 0.000000000000000000 -2159890669594733725323380403913331072788114485800667517452952215423430811213673327971972073154098546002009804732732099740544338546501242862823062716754274749405589094493672927846710234916585472.000000000000000000
connection 23 18 -1.877991145205554213 0 0.000000000000000000 -2159890669594733725323380403913331072788114485800667517452952215423430811213673327971972073154098546002009804732732099740544338546501242862823062716754274749405589094493672927846710234916585472.000000000000000000
connection 24 18 -0.929801499622901151 0 0.000000000000000000 -2159890669594733725323380403913331072788114485800667517452952215423430811213673327971972073154098546002009804732732099740544338546501242862823062716754274749405589094493672927846710234916585472.000000000000000000
connection 23 19 -1.420769391148095639 0 0.000000000000000000 -2159890669594733725323380403913331072788114485800667517452952215423430811213673327971972073154098546002009804732732099740544338546501242862823062716754274749405589094493672927846710234916585472.000000000000000000
connection 24 19 -0.552107569976002965 0 0.000000000000000000 -2159890669594733725323380403913331072788114485800667517452952215423430811213673327971972073154098546002009804732732099740544338546501242862823062716754274749405589094493672927846710234916585472.000000000000000000
connection 23 20 -0.756848578160902119 0 0.000000000000000000 -2159890669594733725323380403913331072788114485800667517452952215423430811213673327971972073154098546002009804732732099740544338546501242862823062716754274749405589094493672927846710234916585472.000000000000000000
NNend

