NNstart
12 6
neuron 1 1.000000000000000000 0.000000000000000000 0.000000000000000000 -0.000000000000000000 11 0.000000000000000000
neuron 1 1.000000000000000000 0.000000000000000000 0.000000000000000000 -0.000000000000000000 11 0.000000000000000000
neuron 1 1.000000000000000000 0.000000000000000000 0.000000000000000000 -0.000000000000000000 11 0.000000000000000000
neuron 1 1.000000000000000000 0.000000000000000000 0.000000000000000000 -0.000000000000000000 11 0.000000000000000000
neuron 1 1.000000000000000000 0.000000000000000000 0.000000000000000000 -0.000000000000000000 11 0.000000000000000000
neuron 1 1.000000000000000000 0.000000000000000000 0.000000000000000000 -0.000000000000000000 11 0.000000000000000000
neuron 1 1.000000000000000000 0.000000000000000000 0.000000000000000000 -0.000000000000000000 11 0.000000000000000000
neuron 1 1.000000000000000000 0.000000000000000000 0.000000000000000000 -0.000000000000000000 11 0.000000000000000000
neuron 1 1.000000000000000000 0.000000000000000000 0.000000000000000000 -0.000000000000000000 11 0.000000000000000000
neuron 1 1.000000000000000000 0.000000000000000000 0.000000000000000000 -0.000000000000000000 11 0.000000000000000000
neuron 1 1.000000000000000000 0.000000000000000000 0.000000000000000000 -0.000000000000000000 11 0.000000000000000000
neuron 2 1.000000000000000000 0.000000000000000000 0.000000000000000000 0.000000000000000000 11 0.000000000000000000
neuron 4 1.000000000000000000 0.000000000000000000 0.000000000000000000 -0.000000000000000000 1 0.000000000000000000
neuron 4 1.000000000000000000 0.000000000000000000 0.000000000000000000 -0.000000000000000000 1 0.000000000000000000
neuron 4 1.000000000000000000 0.000000000000000000 0.000000000000000000 -0.000000000000000000 1 0.000000000000000000
neuron 4 1.000000000000000000 0.000000000000000000 0.000000000000000000 -0.000000000000000000 1 0.000000000000000000
neuron 4 1.000000000000000000 0.000000000000000000 0.000000000000000000 -0.000000000000000000 1 0.000000000000000000
neuron 4 1.000000000000000000 0.000000000000000000 0.000000000000000000 -0.000000000000000000 1 0.000000000000000000
neuron 3 1.000000000000000000 0.000000000000000000 0.000000000000000000 -0.000000000000000000 0 0.000000000000000000
neuron 3 1.000000000000000000 0.000000000000000000 0.000000000000000000 -0.000000000000000000 0 0.000000000000000000
neuron 3 1.000000000000000000 0.000000000000000000 0.000000000000000000 -0.000000000000000000 0 0.000000000000000000
neuron 3 1.000000000000000000 0.000000000000000000 0.000000000000000000 -0.000000000000000000 0 0.000000000000000000
neuron 3 1.000000000000000000 0.000000000000000000 0.000000000000000000 -0.000000000000000000 0 0.000000000000000000
neuron 3 1.000000000000000000 0.000000000000000000 0.000000000000000000 -0.000000000000000000 0 0.000000000000000000
neuron 3 1.000000000000000000 0.000000000000000000 0.000000000000000000 -0.000000000000000000 0 0.000000000000000000
neuron 3 1.000000000000000000 0.000000000000000000 0.000000000000000000 -0.000000000000000000 0 0.000000000000000000
neuron 3 1.000000000000000000 0.000000000000000000 0.000000000000000000 -0.000000000000000000 0 0.000000000000000000
neuron 3 1.000000000000000000 0.000000000000000000 0.000000000000000000 -0.000000000000000000 0 0.000000000000000000
neuron 3 1.000000000000000000 0.000000000000000000 0.000000000000000000 -0.000000000000000000 0 0.000000000000000000
neuron 3 1.000000000000000000 0.000000000000000000 0.000000000000000000 -0.000000000000000000 0 0.000000000000000000
neuron 3 1.000000000000000000 0.000000000000000000 0.000000000000000000 -0.000000000000000000 0 0.000000000000000000
neuron 3 1.000000000000000000 0.000000000000000000 0.000000000000000000 -0.000000000000000000 0 0.000000000000000000
neuron 3 1.000000000000000000 0.000000000000000000 0.000000000000000000 -0.000000000000000000 0 0.000000000000000000
neuron 3 1.000000000000000000 0.000000000000000000 0.000000000000000000 -0.000000000000000000 0 0.000000000000000000
neuron 3 1.000000000000000000 0.000000000000000000 0.000000000000000000 -0.000000000000000000 0 0.000000000000000000
neuron 3 1.000000000000000000 0.000000000000000000 0.000000000000000000 -0.000000000000000000 0 0.000000000000000000
neuron 3 1.000000000000000000 0.000000000000000000 0.000000000000000000 -0.000000000000000000 0 0.000000000000000000
neuron 3 1.000000000000000000 0.000000000000000000 0.000000000000000000 -0.000000000000000000 0 0.000000000000000000
neuron 3 1.000000000000000000 0.000000000000000000 0.000000000000000000 -0.000000000000000000 0 0.000000000000000000
neuron 3 1.000000000000000000 0.000000000000000000 0.000000000000000000 -0.000000000000000000 0 0.000000000000000000
neuron 3 1.000000000000000000 0.000000000000000000 0.000000000000000000 -0.000000000000000000 0 0.000000000000000000
neuron 3 1.000000000000000000 0.000000000000000000 0.000000000000000000 -0.000000000000000000 0 0.000000000000000000
neuron 3 1.000000000000000000 0.000000000000000000 0.000000000000000000 -0.000000000000000000 0 0.000000000000000000
neuron 3 1.000000000000000000 0.000000000000000000 0.000000000000000000 -0.000000000000000000 0 0.000000000000000000
neuron 3 1.000000000000000000 0.000000000000000000 0.000000000000000000 -0.000000000000000000 0 0.000000000000000000
neuron 3 1.000000000000000000 0.000000000000000000 0.000000000000000000 -0.000000000000000000 0 0.000000000000000000
neuron 3 1.000000000000000000 0.000000000000000000 0.000000000000000000 -0.000000000000000000 0 0.000000000000000000
neuron 3 1.000000000000000000 0.000000000000000000 0.000000000000000000 -0.000000000000000000 0 0.000000000000000000
neuron 3 1.000000000000000000 0.000000000000000000 0.000000000000000000 -0.000000000000000000 0 0.000000000000000000
neuron 3 1.000000000000000000 0.000000000000000000 0.000000000000000000 -0.000000000000000000 0 0.000000000000000000
neuron 3 1.000000000000000000 0.000000000000000000 0.000000000000000000 -0.000000000000000000 0 0.000000000000000000
neuron 3 1.000000000000000000 0.000000000000000000 0.000000000000000000 -0.000000000000000000 0 0.000000000000000000
neuron 3 1.000000000000000000 0.000000000000000000 0.000000000000000000 -0.000000000000000000 0 0.000000000000000000
neuron 3 1.000000000000000000 0.000000000000000000 0.000000000000000000 -0.000000000000000000 0 0.000000000000000000
neuron 3 1.000000000000000000 0.000000000000000000 0.000000000000000000 -0.000000000000000000 0 0.000000000000000000
neuron 3 1.000000000000000000 0.000000000000000000 0.000000000000000000 -0.000000000000000000 0 0.000000000000000000
neuron 3 1.000000000000000000 0.000000000000000000 0.000000000000000000 -0.000000000000000000 0 0.000000000000000000
neuron 3 1.000000000000000000 0.000000000000000000 0.000000000000000000 -0.000000000000000000 0 0.000000000000000000
neuron 3 1.000000000000000000 0.000000000000000000 0.000000000000000000 -0.000000000000000000 0 0.000000000000000000
neuron 3 1.000000000000000000 0.000000000000000000 0.000000000000000000 -0.000000000000000000 0 0.000000000000000000
neuron 3 1.000000000000000000 0.000000000000000000 0.000000000000000000 -0.000000000000000000 0 0.000000000000000000
neuron 3 1.000000000000000000 0.000000000000000000 0.000000000000000000 -0.000000000000000000 0 0.000000000000000000
neuron 3 1.000000000000000000 0.000000000000000000 0.000000000000000000 -0.000000000000000000 0 0.000000000000000000
neuron 3 1.000000000000000000 0.000000000000000000 0.000000000000000000 -0.000000000000000000 0 0.000000000000000000
neuron 3 1.000000000000000000 0.000000000000000000 0.000000000000000000 -0.000000000000000000 0 0.000000000000000000
neuron 3 1.000000000000000000 0.000000000000000000 0.000000000000000000 -0.000000000000000000 0 0.000000000000000000
neuron 3 1.000000000000000000 0.000000000000000000 0.000000000000000000 -0.000000000000000000 0 0.000000000000000000
neuron 3 1.000000000000000000 0.000000000000000000 0.000000000000000000 -0.000000000000000000 0 0.000000000000000000
neuron 3 1.000000000000000000 0.000000000000000000 0.000000000000000000 -0.000000000000000000 0 0.000000000000000000
neuron 3 1.000000000000000000 0.000000000000000000 0.000000000000000000 -0.000000000000000000 0 0.000000000000000000
neuron 3 1.000000000000000000 0.000000000000000000 0.000000000000000000 -0.000000000000000000 0 0.000000000000000000
neuron 3 1.000000000000000000 0.000000000000000000 0.000000000000000000 -0.000000000000000000 0 0.000000000000000000
neuron 3 1.000000000000000000 0.000000000000000000 0.000000000000000000 -0.000000000000000000 0 0.000000000000000000
neuron 3 1.000000000000000000 0.000000000000000000 0.000000000000000000 -0.000000000000000000 0 0.000000000000000000
neuron 3 1.000000000000000000 0.000000000000000000 0.000000000000000000 -0.000000000000000000 0 0.000000000000000000
neuron 3 1.000000000000000000 0.000000000000000000 0.000000000000000000 -0.000000000000000000 0 0.000000000000000000
neuron 3 1.000000000000000000 0.000000000000000000 0.000000000000000000 -0.000000000000000000 0 0.000000000000000000
neuron 3 1.000000000000000000 0.000000000000000000 0.000000000000000000 -0.000000000000000000 0 0.000000000000000000
neuron 3 1.000000000000000000 0.000000000000000000 0.000000000000000000 -0.000000000000000000 0 0.000000000000000000
neuron 3 1.000000000000000000 0.000000000000000000 0.000000000000000000 -0.000000000000000000 0 0.000000000000000000
neuron 3 1.000000000000000000 0.000000000000000000 0.000000000000000000 -0.000000000000000000 0 0.000000000000000000
neuron 3 1.000000000000000000 0.000000000000000000 0.000000000000000000 -0.000000000000000000 0 0.000000000000000000
neuron 3 1.000000000000000000 0.000000000000000000 0.000000000000000000 -0.000000000000000000 0 0.000000000000000000
neuron 3 1.000000000000000000 0.000000000000000000 0.000000000000000000 -0.000000000000000000 0 0.000000000000000000
neuron 3 1.000000000000000000 0.000000000000000000 0.000000000000000000 -0.000000000000000000 0 0.000000000000000000
neuron 3 1.000000000000000000 0.000000000000000000 0.000000000000000000 -0.000000000000000000 0 0.000000000000000000
neuron 3 1.000000000000000000 0.000000000000000000 0.000000000000000000 -0.000000000000000000 0 0.000000000000000000
neuron 3 1.000000000000000000 0.000000000000000000 0.000000000000000000 -0.000000000000000000 0 0.000000000000000000
neuron 3 1.000000000000000000 0.000000000000000000 0.000000000000000000 -0.000000000000000000 0 0.000000000000000000
neuron 3 1.000000000000000000 0.000000000000000000 0.000000000000000000 -0.000000000000000000 0 0.000000000000000000
neuron 3 1.000000000000000000 0.000000000000000000 0.000000000000000000 -0.000000000000000000 0 0.000000000000000000
neuron 3 1.000000000000000000 0.000000000000000000 0.000000000000000000 -0.000000000000000000 0 0.000000000000000000
neuron 3 1.000000000000000000 0.000000000000000000 0.000000000000000000 -0.000000000000000000 0 0.000000000000000000
neuron 3 1.000000000000000000 0.000000000000000000 0.000000000000000000 -0.000000000000000000 0 0.000000000000000000
neuron 3 1.000000000000000000 0.000000000000000000 0.000000000000000000 -0.000000000000000000 0 0.000000000000000000
neuron 3 1.000000000000000000 0.000000000000000000 0.000000000000000000 -0.000000000000000000 0 0.000000000000000000
neuron 3 1.000000000000000000 0.000000000000000000 0.000000000000000000 -0.000000000000000000 0 0.000000000000000000
neuron 3 1.000000000000000000 0.000000000000000000 0.000000000000000000 -0.000000000000000000 0 0.000000000000000000
neuron 3 1.000000000000000000 0.000000000000000000 0.000000000000000000 -0.000000000000000000 0 0.000000000000000000
neuron 3 1.000000000000000000 0.000000000000000000 0.000000000000000000 -0.000000000000000000 0 0.000000000000000000
neuron 3 1.000000000000000000 0.000000000000000000 0.000000000000000000 -0.000000000000000000 0 0.000000000000000000
neuron 3 1.000000000000000000 0.000000000000000000 0.000000000000000000 -0.000000000000000000 0 0.000000000000000000
connection 0 18 -3.761861378739813855 0 0.000000000000000000 -0.000000000000000000
connection 0 19 -6.887274466789717664 0 0.000000000000000000 -0.000000000000000000
connection 0 20 -5.296252452427016699 0 0.000000000000000000 -0.000000000000000000
connection 0 21 4.953237039593528124 0 0.000000000000000000 -0.000000000000000000
connection 0 22 -2.570786041066638994 0 0.000000000000000000 -0.000000000000000000
connection 0 23 -4.829054715490413763 0 0.000000000000000000 -0.000000000000000000
connection 0 24 -6.589201686366669364 0 0.000000000000000000 -0.000000000000000000
connection 0 25 -7.794622130556051687 0 0.000000000000000000 -0.000000000000000000
connection 0 26 -7.438286477292665566 0 0.000000000000000000 -0.000000000000000000
connection 0 27 -7.827054192689695711 0 0.000000000000000000 -0.000000000000000000
connection 0 28 -7.663808397343711221 0 0.000000000000000000 -0.000000000000000000
connection 0 29 -6.276992441709520421 0 0.000000000000000000 -0.000000000000000000
connection 0 30 2.354328017262332207 0 0.000000000000000000 -0.000000000000000000
connection 0 31 -6.886159762000998441 0 0.000000000000000000 -0.000000000000000000
connection 0 32 -7.281763864905614447 0 0.000000000000000000 -0.000000000000000000
connection 1 33 6.177140485017501348 0 0.000000000000000000 -0.000000000000000000
connection 1 34 -2.444047486728962770 0 0.000000000000000000 -0.000000000000000000
connection 1 35 -6.662104687584240459 0 0.000000000000000000 -0.000000000000000000
connection 1 36 -1.387641615486841173 0 0.000000000000000000 -0.000000000000000000
connection 1 22 -5.239833626369699182 0 0.000000000000000000 -0.000000000000000000
connection 1 37 -2.994659888208639043 0 0.000000000000000000 -0.000000000000000000
connection 1 38 -7.645285870347988677 0 0.000000000000000000 -0.000000000000000000
connection 1 27 -7.704265113710596857 0 0.000000000000000000 -0.000000000000000000
connection 1 28 -7.091005877415338610 0 0.000000000000000000 -0.000000000000000000
connection 1 39 0.886810872736689237 0 0.000000000000000000 -0.000000000000000000
connection 1 30 5.528596265980155522 0 0.000000000000000000 -0.000000000000000000
connection 1 40 2.817874371616876150 0 0.000000000000000000 -0.000000000000000000
connection 1 41 -6.736202209620200776 0 0.000000000000000000 -0.000000000000000000
connection 1 42 -5.665604057223478485 0 0.000000000000000000 -0.000000000000000000
connection 1 43 -4.131919042683439791 0 0.000000000000000000 -0.000000000000000000
connection 1 32 -6.969625779750411532 0 0.000000000000000000 -0.000000000000000000
connection 2 44 5.863136642273584442 0 0.000000000000000000 -0.000000000000000000
connection 2 45 4.688327637738257003 0 0.000000000000000000 -0.000000000000000000
connection 2 34 -5.826408464278298283 0 0.000000000000000000 -0.000000000000000000
connection 2 46 -3.316657194703135580 0 0.000000000000000000 -0.000000000000000000
connection 2 35 -7.254563273527816492 0 0.000000000000000000 -0.000000000000000000
connection 2 21 -2.102812718726708496 0 0.000000000000000000 -0.000000000000000000
connection 2 36 -4.487381305116938002 0 0.000000000000000000 -0.000000000000000000
connection 2 22 -6.132451866784450090 0 0.000000000000000000 -0.000000000000000000
connection 2 37 -4.479766627997872952 0 0.000000000000000000 -0.000000000000000000
connection 2 38 -7.817682305979764656 0 0.000000000000000000 -0.000000000000000000
connection 2 27 -7.275924040387032221 0 0.000000000000000000 -0.000000000000000000
connection 2 48 -5.880560845017821947 0 0.000000000000000000 -0.000000000000000000
connection 2 49 -4.295851156288374106 0 0.000000000000000000 -0.000000000000000000
connection 2 39 4.723335339268676769 0 0.000000000000000000 -0.000000000000000000
connection 2 30 6.822709770619635350 0 0.000000000000000000 -0.000000000000000000
connection 2 40 5.459752998093806653 0 0.000000000000000000 -0.000000000000000000
connection 2 41 -4.880103862173268858 0 0.000000000000000000 -0.000000000000000000
connection 2 32 -6.241913412748373524 0 0.000000000000000000 -0.000000000000000000
connection 3 50 -3.641028360180766921 0 0.000000000000000000 -0.000000000000000000
connection 3 51 -1.216808581112583498 0 0.000000000000000000 -0.000000000000000000
connection 3 52 -2.133903723120838425 0 0.000000000000000000 -0.000000000000000000
connection 3 53 -5.029223319977313977 0 0.000000000000000000 -0.000000000000000000
connection 3 34 -7.034440854970289259 0 0.000000000000000000 -0.000000000000000000
connection 3 46 -5.765317525043434976 0 0.000000000000000000 -0.000000000000000000
connection 3 35 -7.322295312463619865 0 0.000000000000000000 -0.000000000000000000
connection 3 54 -5.235097258597812164 0 0.000000000000000000 -0.000000000000000000
connection 3 38 -7.833985227559632669 0 0.000000000000000000 -0.000000000000000000
connection 3 27 -6.076829342169567383 0 0.000000000000000000 -0.000000000000000000
connection 3 55 3.688587867084854199 0 0.000000000000000000 -0.000000000000000000
connection 3 56 6.572227509406706858 0 0.000000000000000000 -0.000000000000000000
connection 3 41 -1.982523816898409841 0 0.000000000000000000 -0.000000000000000000
connection 3 57 5.010262061599649819 0 0.000000000000000000 -0.000000000000000000
connection 3 32 -5.105880704671025505 0 0.000000000000000000 -0.000000000000000000
connection 4 44 -0.365586905227318515 0 0.000000000000000000 -0.000000000000000000
connection 4 45 -2.732562505389684038 0 0.000000000000000000 -0.000000000000000000
connection 4 50 -5.087532696663841669 0 0.000000000000000000 -0.000000000000000000
connection 4 51 -3.156145546818777348 0 0.000000000000000000 -0.000000000000000000
connection 4 58 -6.686700282741107948 0 0.000000000000000000 -0.000000000000000000
connection 4 35 -7.064575856486291272 0 0.000000000000000000 -0.000000000000000000
connection 4 54 -4.772233468199340578 0 0.000000000000000000 -0.000000000000000000
connection 4 38 -7.732501288120433358 0 0.000000000000000000 -0.000000000000000000
connection 4 59 -5.828933532846012788 0 0.000000000000000000 -0.000000000000000000
connection 4 60 -4.460082540101218740 0 0.000000000000000000 -0.000000000000000000
connection 4 61 -2.944877401824823160 0 0.000000000000000000 -0.000000000000000000
connection 4 48 2.427871708298884990 0 0.000000000000000000 -0.000000000000000000
connection 4 55 5.959476521941383886 0 0.000000000000000000 -0.000000000000000000
connection 4 49 3.621461856109660982 0 0.000000000000000000 -0.000000000000000000
connection 4 56 7.162830595467293726 0 0.000000000000000000 -0.000000000000000000
connection 4 42 4.121611299853729093 0 0.000000000000000000 -0.000000000000000000
connection 4 57 6.202015236255738806 0 0.000000000000000000 -0.000000000000000000
connection 4 62 -3.217461533565607823 0 0.000000000000000000 -0.000000000000000000
connection 4 63 -5.473732797146269036 0 0.000000000000000000 -0.000000000000000000
connection 4 64 -3.182942967325329331 0 0.000000000000000000 -0.000000000000000000
connection 4 65 -1.842390750519894427 0 0.000000000000000000 -0.000000000000000000
connection 4 66 -1.257764826685229265 0 0.000000000000000000 -0.000000000000000000
connection 4 67 -2.343215763420956943 0 0.000000000000000000 -0.000000000000000000
connection 5 33 -4.085759140568105963 0 0.000000000000000000 -0.000000000000000000
connection 5 58 -6.930213315333071833 0 0.000000000000000000 -0.000000000000000000
connection 5 35 -6.410092667790854293 0 0.000000000000000000 -0.000000000000000000
connection 5 54 -3.466711949776441593 0 0.000000000000000000 -0.000000000000000000
connection 5 68 -7.694995435432535835 0 0.000000000000000000 -0.000000000000000000
connection 5 69 -7.683418211422854860 0 0.000000000000000000 -0.000000000000000000
connection 5 70 -6.426195436216283419 0 0.000000000000000000 -0.000000000000000000
connection 5 71 -4.678423072454958920 0 0.000000000000000000 -0.000000000000000000
connection 5 72 -2.809391564088790538 0 0.000000000000000000 -0.000000000000000000
connection 5 26 -6.644647342461121653 0 0.000000000000000000 -0.000000000000000000
connection 5 59 -3.709217486138898678 0 0.000000000000000000 -0.000000000000000000
connection 5 48 5.291476047485080159 0 0.000000000000000000 -0.000000000000000000
connection 5 55 6.903311691372435277 0 0.000000000000000000 -0.000000000000000000
connection 5 49 5.619054269975226390 0 0.000000000000000000 -0.000000000000000000
connection 5 56 7.439742872260669770 0 0.000000000000000000 -0.000000000000000000
connection 5 31 5.579600946012194029 0 0.000000000000000000 -0.000000000000000000
connection 5 62 -2.010202694443515625 0 0.000000000000000000 -0.000000000000000000
connection 5 63 -4.016620648587577946 0 0.000000000000000000 -0.000000000000000000
connection 5 64 -1.817902717114358024 0 0.000000000000000000 -0.000000000000000000
connection 5 67 -1.910688380259224939 0 0.000000000000000000 -0.000000000000000000
connection 6 33 -3.632587643347739981 0 0.000000000000000000 -0.000000000000000000
connection 6 58 -6.678967426594943468 0 0.000000000000000000 -0.000000000000000000
connection 6 35 -5.326000298581032411 0 0.000000000000000000 -0.000000000000000000
connection 6 21 -0.903528646920806700 0 0.000000000000000000 -0.000000000000000000
connection 6 36 -3.491181325718190731 0 0.000000000000000000 -0.000000000000000000
connection 6 22 -2.697955983065432495 0 0.000000000000000000 -0.000000000000000000
connection 6 68 -7.472559933382830089 0 0.000000000000000000 -0.000000000000000000
connection 6 69 -7.139785843746254912 0 0.000000000000000000 -0.000000000000000000
connection 6 70 -3.909893580794447931 0 0.000000000000000000 -0.000000000000000000
connection 6 73 4.424133567459604066 0 0.000000000000000000 -0.000000000000000000
connection 6 74 -6.264379361700971316 0 0.000000000000000000 -0.000000000000000000
connection 6 75 -5.675491194365974934 0 0.000000000000000000 -0.000000000000000000
connection 6 76 -2.308237409852232247 0 0.000000000000000000 -0.000000000000000000
connection 6 77 -4.283967936090726347 0 0.000000000000000000 -0.000000000000000000
connection 6 59 -1.204485945439707439 0 0.000000000000000000 -0.000000000000000000
connection 6 78 4.930942803026105992 0 0.000000000000000000 -0.000000000000000000
connection 6 61 2.148099354648521864 0 0.000000000000000000 -0.000000000000000000
connection 6 28 6.593780975553846346 0 0.000000000000000000 -0.000000000000000000
connection 6 56 7.587820910845143985 0 0.000000000000000000 -0.000000000000000000
connection 6 31 6.402770417986149987 0 0.000000000000000000 -0.000000000000000000
connection 6 62 -1.389044836287761209 0 0.000000000000000000 -0.000000000000000000
connection 6 63 -2.563431031551969941 0 0.000000000000000000 -0.000000000000000000
connection 6 64 -0.537827917302927005 0 0.000000000000000000 -0.000000000000000000
connection 6 67 -1.581208899205708285 0 0.000000000000000000 -0.000000000000000000
connection 7 33 -2.105363323874219539 0 0.000000000000000000 -0.000000000000000000
connection 7 58 -5.949798303645279951 0 0.000000000000000000 -0.000000000000000000
connection 7 35 -4.056608779667398856 0 0.000000000000000000 -0.000000000000000000
connection 7 21 0.886698541428051490 0 0.000000000000000000 -0.000000000000000000
connection 7 36 -1.984603200189099192 0 0.000000000000000000 -0.000000000000000000
connection 7 22 -1.723641620490395709 0 0.000000000000000000 -0.000000000000000000
connection 7 37 0.965310312747706067 0 0.000000000000000000 -0.000000000000000000
connection 7 68 -6.874245331328375563 0 0.000000000000000000 -0.000000000000000000
connection 7 79 -7.013620549164369500 0 0.000000000000000000 -0.000000000000000000
connection 7 80 -6.166106586246369758 0 0.000000000000000000 -0.000000000000000000
connection 7 24 -4.777804886895189895 0 0.000000000000000000 -0.000000000000000000
connection 7 71 3.348870759725676383 0 0.000000000000000000 -0.000000000000000000
connection 7 73 6.110159706687419146 0 0.000000000000000000 -0.000000000000000000
connection 7 72 3.947941995952273686 0 0.000000000000000000 -0.000000000000000000
connection 7 74 -4.690184995376363020 0 0.000000000000000000 -0.000000000000000000
connection 7 75 -3.247713250548156960 0 0.000000000000000000 -0.000000000000000000
connection 7 77 -2.066403930077512552 0 0.000000000000000000 -0.000000000000000000
connection 7 78 6.018840628136394422 0 0.000000000000000000 -0.000000000000000000
connection 7 28 7.111368793926019727 0 0.000000000000000000 -0.000000000000000000
connection 7 31 6.909645485464122494 0 0.000000000000000000 -0.000000000000000000
connection 7 62 -1.269525919914741729 0 0.000000000000000000 -0.000000000000000000
connection 7 63 -1.229996521598928361 0 0.000000000000000000 -0.000000000000000000
connection 7 81 5.489441833059129472 0 0.000000000000000000 -0.000000000000000000
connection 7 67 -1.136223338459221965 0 0.000000000000000000 -0.000000000000000000
connection 8 44 0.522103884750541702 0 0.000000000000000000 -0.000000000000000000
connection 8 45 -2.075461086172212699 0 0.000000000000000000 -0.000000000000000000
connection 8 50 -1.184721141883293027 0 0.000000000000000000 -0.000000000000000000
connection 8 51 1.712878323947295778 0 0.000000000000000000 -0.000000000000000000
connection 8 58 -4.791989663145793443 0 0.000000000000000000 -0.000000000000000000
connection 8 35 -2.929227984674662721 0 0.000000000000000000 -0.000000000000000000
connection 8 68 -5.655760734033997039 0 0.000000000000000000 -0.000000000000000000
connection 8 79 -5.430681450832361534 0 0.000000000000000000 -0.000000000000000000
connection 8 80 -3.222578677365827371 0 0.000000000000000000 -0.000000000000000000
connection 8 71 5.503244311846330561 0 0.000000000000000000 -0.000000000000000000
connection 8 73 6.878986447816485494 0 0.000000000000000000 -0.000000000000000000
connection 8 72 5.563710646813751382 0 0.000000000000000000 -0.000000000000000000
connection 8 74 -2.745461938813278380 0 0.000000000000000000 -0.000000000000000000
connection 8 62 -1.366720090629874429 0 0.000000000000000000 -0.000000000000000000
connection 8 82 -1.558023370302998201 0 0.000000000000000000 -0.000000000000000000
connection 8 65 4.779194164398611555 0 0.000000000000000000 -0.000000000000000000
connection 8 81 6.260145949983614955 0 0.000000000000000000 -0.000000000000000000
connection 9 44 2.463891656767460248 0 0.000000000000000000 -0.000000000000000000
connection 9 45 -0.334125202150259260 0 0.000000000000000000 -0.000000000000000000
connection 9 51 2.757904201121185839 0 0.000000000000000000 -0.000000000000000000
connection 9 58 -3.559814091036441308 0 0.000000000000000000 -0.000000000000000000
connection 9 35 -2.016513077524910713 0 0.000000000000000000 -0.000000000000000000
connection 9 83 -5.085768168246084464 0 0.000000000000000000 -0.000000000000000000
connection 9 84 -4.536658608295813799 0 0.000000000000000000 -0.000000000000000000
connection 9 23 -1.448160917653279478 0 0.000000000000000000 -0.000000000000000000
connection 9 85 -3.241782833857701274 0 0.000000000000000000 -0.000000000000000000
connection 9 79 -2.641356921479771191 0 0.000000000000000000 -0.000000000000000000
connection 9 86 4.721508297070123206 0 0.000000000000000000 -0.000000000000000000
connection 9 24 1.675600376630105526 0 0.000000000000000000 -0.000000000000000000
connection 9 25 6.504795014160578148 0 0.000000000000000000 -0.000000000000000000
connection 9 74 -0.824725786606725353 0 0.000000000000000000 -0.000000000000000000
connection 9 76 4.675423232719382760 0 0.000000000000000000 -0.000000000000000000
connection 9 62 -1.412327332337478758 0 0.000000000000000000 -0.000000000000000000
connection 9 82 -0.688214202969593236 0 0.000000000000000000 -0.000000000000000000
connection 10 44 3.552692979136554463 0 0.000000000000000000 -0.000000000000000000
connection 10 45 0.737187904128411287 0 0.000000000000000000 -0.000000000000000000
connection 10 51 2.944626017598581225 0 0.000000000000000000 -0.000000000000000000
connection 10 58 -2.637102046109180087 0 0.000000000000000000 -0.000000000000000000
connection 10 35 -1.171991226224389449 0 0.000000000000000000 -0.000000000000000000
connection 10 54 -0.418507491548371025 0 0.000000000000000000 -0.000000000000000000
connection 10 83 -3.566142651020941301 0 0.000000000000000000 -0.000000000000000000
connection 10 84 -2.300684734153868316 0 0.000000000000000000 -0.000000000000000000
connection 10 85 -1.551027974265013709 0 0.000000000000000000 -0.000000000000000000
connection 10 86 6.078370177990565004 0 0.000000000000000000 -0.000000000000000000
connection 10 25 7.011365016434023545 0 0.000000000000000000 -0.000000000000000000
connection 10 76 5.746940248712592236 0 0.000000000000000000 -0.000000000000000000
connection 10 62 -1.232482384499649086 0 0.000000000000000000 -0.000000000000000000
connection 10 88 5.084084036779572102 0 0.000000000000000000 -0.000000000000000000
connection 10 89 2.523397524934650527 0 0.000000000000000000 -0.000000000000000000
connection 10 90 6.314241184219573810 0 0.000000000000000000 -0.000000000000000000
connection 11 44 3.798052199413309626 0 0.000000000000000000 -0.000000000000000000
connection 11 45 0.980869125576783518 0 0.000000000000000000 -0.000000000000000000
connection 11 51 2.481241119667503714 0 0.000000000000000000 -0.000000000000000000
connection 11 58 -2.074979865017097413 0 0.000000000000000000 -0.000000000000000000
connection 11 54 -0.925671053692050383 0 0.000000000000000000 -0.000000000000000000
connection 11 83 -2.097449590793532437 0 0.000000000000000000 -0.000000000000000000
connection 11 80 5.478214368981435989 0 0.000000000000000000 -0.000000000000000000
connection 11 86 6.779250251596842247 0 0.000000000000000000 -0.000000000000000000
connection 11 24 5.354716708310768070 0 0.000000000000000000 -0.000000000000000000
connection 11 25 7.306909709070334102 0 0.000000000000000000 -0.000000000000000000
connection 11 75 5.087488791813495226 0 0.000000000000000000 -0.000000000000000000
connection 11 76 6.460269152061346887 0 0.000000000000000000 -0.000000000000000000
connection 11 77 4.725550081131445701 0 0.000000000000000000 -0.000000000000000000
connection 11 62 -0.740658353202775954 0 0.000000000000000000 -0.000000000000000000
connection 11 88 5.958802359695915207 0 0.000000000000000000 -0.000000000000000000
connection 11 90 6.827980160343829041 0 0.000000000000000000 -0.000000000000000000
connection 18 68 -1.688343233202482141 0 0.000000000000000000 -0.000000000000000000
connection 18 25 -2.414690000261525249 0 0.000000000000000000 -0.000000000000000000
connection 19 52 -2.800757704898345857 0 0.000000000000000000 -0.000000000000000000
connection 19 53 -0.999256184825352611 0 0.000000000000000000 -0.000000000000000000
connection 19 34 -3.328551476384224994 0 0.000000000000000000 -0.000000000000000000
connection 19 46 -4.925352384582796894 0 0.000000000000000000 -0.000000000000000000
connection 20 44 -1.051887498943855359 0 0.000000000000000000 -0.000000000000000000
connection 20 45 1.153104207158008432 0 0.000000000000000000 -0.000000000000000000
connection 20 50 -1.683692283744722795 0 0.000000000000000000 -0.000000000000000000
connection 20 51 -3.582016844277209344 0 0.000000000000000000 -0.000000000000000000
connection 20 58 2.741572489485907038 0 0.000000000000000000 -0.000000000000000000
connection 20 93 -2.287942500101164622 0 0.000000000000000000 -0.000000000000000000
connection 20 19 -2.854216146480649030 0 0.000000000000000000 -0.000000000000000000
connection 20 20 -4.400489589544755553 0 0.000000000000000000 -0.000000000000000000
connection 20 68 4.819690869963545232 0 0.000000000000000000 -0.000000000000000000
connection 20 69 5.346626972813107059 0 0.000000000000000000 -0.000000000000000000
connection 20 25 4.368192484471323134 0 0.000000000000000000 -0.000000000000000000
connection 20 74 1.968739960222897656 0 0.000000000000000000 -0.000000000000000000
connection 20 75 3.520820112606012575 0 0.000000000000000000 -0.000000000000000000
connection 20 76 1.401991231628440415 0 0.000000000000000000 -0.000000000000000000
connection 20 77 -0.754590741935432741 0 0.000000000000000000 -0.000000000000000000
connection 20 27 -3.615996718553948330 0 0.000000000000000000 -0.000000000000000000
connection 20 48 2.662664964484409147 0 0.000000000000000000 -0.000000000000000000
connection 20 49 -2.014131542719566959 0 0.000000000000000000 -0.000000000000000000
connection 20 56 -4.448584503565930603 0 0.000000000000000000 -0.000000000000000000
connection 69 51 -5.387141685311009454 0 0.000000000000000000 -0.000000000000000000
connection 69 52 2.221166764234522084 0 0.000000000000000000 -0.000000000000000000
connection 69 34 1.492802920150265278 0 0.000000000000000000 -0.000000000000000000
connection 69 35 -4.607961391422751518 0 0.000000000000000000 -0.000000000000000000
connection 69 54 -5.957929969522831826 0 0.000000000000000000 -0.000000000000000000
connection 69 27 -5.146987169344548363 0 0.000000000000000000 -0.000000000000000000
connection 69 56 -5.487176652305353564 0 0.000000000000000000 -0.000000000000000000
connection 69 31 -5.650734694380853185 0 0.000000000000000000 -0.000000000000000000
connection 69 62 -4.472877855702221517 0 0.000000000000000000 -0.000000000000000000
connection 69 63 -5.870551781524378399 0 0.000000000000000000 -0.000000000000000000
connection 69 90 -3.593641890979426101 0 0.000000000000000000 -0.000000000000000000
connection 21 33 5.911612174408033660 0 0.000000000000000000 -0.000000000000000000
connection 21 58 6.789046653190094815 0 0.000000000000000000 -0.000000000000000000
connection 21 35 5.382672123223443350 0 0.000000000000000000 -0.000000000000000000
connection 21 21 2.279343580665291302 0 0.000000000000000000 -0.000000000000000000
connection 21 36 4.232713403710256728 0 0.000000000000000000 -0.000000000000000000
connection 21 22 1.649514434549978814 0 0.000000000000000000 -0.000000000000000000
connection 21 37 -0.647402054383351966 0 0.000000000000000000 -0.000000000000000000
connection 21 38 6.933917311441580189 0 0.000000000000000000 -0.000000000000000000
connection 21 27 4.681464332458594946 0 0.000000000000000000 -0.000000000000000000
connection 21 28 6.388329343774370450 0 0.000000000000000000 -0.000000000000000000
connection 21 29 4.027210647915393515 0 0.000000000000000000 -0.000000000000000000
connection 21 39 5.375451973999038735 0 0.000000000000000000 -0.000000000000000000
connection 21 30 3.528243503259257174 0 0.000000000000000000 -0.000000000000000000
connection 21 40 1.392911239170912863 0 0.000000000000000000 -0.000000000000000000
connection 21 41 -0.282001447175895870 0 0.000000000000000000 -0.000000000000000000
connection 21 42 2.030660251932843163 0 0.000000000000000000 -0.000000000000000000
connection 21 57 -0.892634690318399593 0 0.000000000000000000 -0.000000000000000000
connection 21 43 -2.675649559525084431 0 0.000000000000000000 -0.000000000000000000
connection 21 62 -3.022931839152592115 0 0.000000000000000000 -0.000000000000000000
connection 21 82 1.003215580344160696 0 0.000000000000000000 -0.000000000000000000
connection 21 95 3.218324493378815987 0 0.000000000000000000 -0.000000000000000000
connection 21 88 0.354530852373217742 0 0.000000000000000000 -0.000000000000000000
connection 21 89 -1.764743238328665420 0 0.000000000000000000 -0.000000000000000000
connection 21 90 -3.545963891031094661 0 0.000000000000000000 -0.000000000000000000
connection 22 44 4.083001103522674313 0 0.000000000000000000 -0.000000000000000000
connection 22 45 5.462051256596450521 0 0.000000000000000000 -0.000000000000000000
connection 22 50 3.578789829979951875 0 0.000000000000000000 -0.000000000000000000
connection 22 51 1.418532038761997294 0 0.000000000000000000 -0.000000000000000000
connection 22 58 6.172978897726411951 0 0.000000000000000000 -0.000000000000000000
connection 22 93 3.027629529809545694 0 0.000000000000000000 -0.000000000000000000
connection 22 18 4.768490157407838659 0 0.000000000000000000 -0.000000000000000000
connection 22 19 2.435643904177452246 0 0.000000000000000000 -0.000000000000000000
connection 22 21 -1.407159471798098638 0 0.000000000000000000 -0.000000000000000000
connection 22 36 0.771747944426465327 0 0.000000000000000000 -0.000000000000000000
connection 22 22 -1.914788432308135668 0 0.000000000000000000 -0.000000000000000000
connection 22 37 -3.204729011801471739 0 0.000000000000000000 -0.000000000000000000
connection 22 38 6.809935084505765346 0 0.000000000000000000 -0.000000000000000000
connection 22 59 1.812026195067883316 0 0.000000000000000000 -0.000000000000000000
connection 22 60 3.878586278751736671 0 0.000000000000000000 -0.000000000000000000
connection 22 78 1.168666794596317615 0 0.000000000000000000 -0.000000000000000000
connection 22 61 -1.083758331305797684 0 0.000000000000000000 -0.000000000000000000
connection 22 28 5.145163862912077946 0 0.000000000000000000 -0.000000000000000000
connection 22 29 0.519348836751479803 0 0.000000000000000000 -0.000000000000000000
connection 22 39 2.793725674064346798 0 0.000000000000000000 -0.000000000000000000
connection 22 40 -2.128745646725573870 0 0.000000000000000000 -0.000000000000000000
connection 22 31 -3.241296995672460213 0 0.000000000000000000 -0.000000000000000000
connection 22 63 -2.571861200464550468 0 0.000000000000000000 -0.000000000000000000
connection 72 79 -2.314735866727947400 0 0.000000000000000000 -0.000000000000000000
connection 72 62 -6.861602017674603538 0 0.000000000000000000 -0.000000000000000000
connection 72 90 -6.412307957733018426 0 0.000000000000000000 -0.000000000000000000
connection 23 35 -7.097975924538908465 0 0.000000000000000000 -0.000000000000000000
connection 23 54 -7.674690551628582824 0 0.000000000000000000 -0.000000000000000000
connection 23 32 -7.569904079799573360 0 0.000000000000000000 -0.000000000000000000
connection 24 33 -6.144643521647829232 0 0.000000000000000000 -0.000000000000000000
connection 24 35 -6.557198268057186752 0 0.000000000000000000 -0.000000000000000000
connection 24 54 -7.233268004605529100 0 0.000000000000000000 -0.000000000000000000
connection 24 77 -5.569908218946104661 0 0.000000000000000000 -0.000000000000000000
connection 24 32 -6.453356891734532752 0 0.000000000000000000 -0.000000000000000000
connection 64 52 4.086740159336128109 0 0.000000000000000000 -0.000000000000000000
connection 64 53 5.750788095065738403 0 0.000000000000000000 -0.000000000000000000
connection 64 34 3.552854370330420952 0 0.000000000000000000 -0.000000000000000000
connection 64 46 1.339898635524344739 0 0.000000000000000000 -0.000000000000000000
connection 64 54 -1.140099297453716076 0 0.000000000000000000 -0.000000000000000000
connection 64 68 6.642336288316959880 0 0.000000000000000000 -0.000000000000000000
connection 64 25 6.167741770729501916 0 0.000000000000000000 -0.000000000000000000
connection 64 74 2.990847175934760127 0 0.000000000000000000 -0.000000000000000000
connection 64 75 4.977627620139255527 0 0.000000000000000000 -0.000000000000000000
connection 64 76 2.412787543839296500 0 0.000000000000000000 -0.000000000000000000
connection 64 77 0.288136290790864724 0 0.000000000000000000 -0.000000000000000000
connection 64 63 -0.524206052436610781 0 0.000000000000000000 -0.000000000000000000
connection 61 83 0.582582684251286786 0 0.000000000000000000 -0.000000000000000000
connection 61 84 2.579978127386917119 0 0.000000000000000000 -0.000000000000000000
connection 61 85 -2.251503210845227532 0 0.000000000000000000 -0.000000000000000000
connection 61 69 3.821255884896627819 0 0.000000000000000000 -0.000000000000000000
connection 61 70 -0.712606501208357113 0 0.000000000000000000 -0.000000000000000000
connection 61 71 1.471966976398271454 0 0.000000000000000000 -0.000000000000000000
connection 61 73 -1.354087257760993035 0 0.000000000000000000 -0.000000000000000000
connection 61 72 -3.329456265328284648 0 0.000000000000000000 -0.000000000000000000
connection 61 26 -4.505242916830098920 0 0.000000000000000000 -0.000000000000000000
connection 61 28 -5.045994051977218398 0 0.000000000000000000 -0.000000000000000000
connection 63 44 -1.250698465763749656 0 0.000000000000000000 -0.000000000000000000
connection 63 45 0.937938268570316702 0 0.000000000000000000 -0.000000000000000000
connection 63 50 -1.760964970054969658 0 0.000000000000000000 -0.000000000000000000
connection 63 51 -3.066042297287319585 0 0.000000000000000000 -0.000000000000000000
connection 63 52 3.182657767153215467 0 0.000000000000000000 -0.000000000000000000
connection 63 53 4.897290495957667744 0 0.000000000000000000 -0.000000000000000000
connection 63 34 2.598204468058488370 0 0.000000000000000000 -0.000000000000000000
connection 63 46 0.297410444946103747 0 0.000000000000000000 -0.000000000000000000
connection 63 35 -2.422539904506126884 0 0.000000000000000000 -0.000000000000000000
connection 63 68 5.841889245202382064 0 0.000000000000000000 -0.000000000000000000
connection 63 69 6.813612672945428272 0 0.000000000000000000 -0.000000000000000000
connection 63 25 5.269992387968976288 0 0.000000000000000000 -0.000000000000000000
connection 63 74 1.980708994813743962 0 0.000000000000000000 -0.000000000000000000
connection 63 75 4.026921509693420553 0 0.000000000000000000 -0.000000000000000000
connection 63 76 1.341767110974622534 0 0.000000000000000000 -0.000000000000000000
connection 63 77 -0.917943697010905724 0 0.000000000000000000 -0.000000000000000000
connection 63 27 -3.097259737357946907 0 0.000000000000000000 -0.000000000000000000
connection 63 48 2.959992007468492670 0 0.000000000000000000 -0.000000000000000000
connection 63 49 -1.968948309109821659 0 0.000000000000000000 -0.000000000000000000
connection 63 56 -3.535386710226450457 0 0.000000000000000000 -0.000000000000000000
connection 63 31 -2.816634134303384940 0 0.000000000000000000 -0.000000000000000000
connection 50 38 2.149127285410949995 0 0.000000000000000000 -0.000000000000000000
connection 25 26 -7.386958738066713437 0 0.000000000000000000 -0.000000000000000000
connection 25 62 -6.618122435439007134 0 0.000000000000000000 -0.000000000000000000
connection 25 63 -7.537128692640493455 0 0.000000000000000000 -0.000000000000000000
connection 25 90 -6.127136196382245714 0 0.000000000000000000 -0.000000000000000000
connection 25 67 -3.451613971253843616 0 0.000000000000000000 -0.000000000000000000
connection 27 64 1.202765844993936462 0 0.000000000000000000 -0.000000000000000000
connection 27 81 1.943819872545060612 0 0.000000000000000000 -0.000000000000000000
connection 27 66 4.532249142959329014 0 0.000000000000000000 -0.000000000000000000
connection 27 67 5.917595634513166836 0 0.000000000000000000 -0.000000000000000000
connection 29 22 0.808149747501357374 0 0.000000000000000000 -0.000000000000000000
connection 29 37 3.761213265696508490 0 0.000000000000000000 -0.000000000000000000
connection 29 40 0.571386056725169733 0 0.000000000000000000 -0.000000000000000000
connection 29 41 2.965672714804619581 0 0.000000000000000000 -0.000000000000000000
connection 29 42 -0.211768002750041207 0 0.000000000000000000 -0.000000000000000000
connection 29 57 3.579788189639213858 0 0.000000000000000000 -0.000000000000000000
connection 29 43 5.529933337637483959 0 0.000000000000000000 -0.000000000000000000
connection 29 62 6.063807138917680639 0 0.000000000000000000 -0.000000000000000000
connection 29 82 1.568666971711356162 0 0.000000000000000000 -0.000000000000000000
connection 29 88 2.292318471765220966 0 0.000000000000000000 -0.000000000000000000
connection 29 89 4.767081929729680922 0 0.000000000000000000 -0.000000000000000000
connection 29 90 6.484727552659300009 0 0.000000000000000000 -0.000000000000000000
connection 29 67 7.346927679841193104 0 0.000000000000000000 -0.000000000000000000
connection 30 51 1.631356010301247439 0 0.000000000000000000 -0.000000000000000000
connection 30 20 3.025770363454669987 0 0.000000000000000000 -0.000000000000000000
connection 30 21 4.816622168753375455 0 0.000000000000000000 -0.000000000000000000
connection 30 36 2.353662668586117945 0 0.000000000000000000 -0.000000000000000000
connection 30 22 5.225018043016329550 0 0.000000000000000000 -0.000000000000000000
connection 30 37 6.429907665690374863 0 0.000000000000000000 -0.000000000000000000
connection 30 59 0.642277518393465918 0 0.000000000000000000 -0.000000000000000000
connection 30 78 1.408596327816354910 0 0.000000000000000000 -0.000000000000000000
connection 30 61 4.187724536946623388 0 0.000000000000000000 -0.000000000000000000
connection 30 29 2.141536302806166692 0 0.000000000000000000 -0.000000000000000000
connection 30 30 2.826748750665129428 0 0.000000000000000000 -0.000000000000000000
connection 30 40 5.095004074922344195 0 0.000000000000000000 -0.000000000000000000
connection 30 31 6.247230778592902212 0 0.000000000000000000 -0.000000000000000000
connection 31 33 -2.720434960823943094 0 0.000000000000000000 -0.000000000000000000
connection 31 58 -3.133468915694942680 0 0.000000000000000000 -0.000000000000000000
connection 31 35 -2.076467717698945226 0 0.000000000000000000 -0.000000000000000000
connection 31 83 0.220346499289594627 0 0.000000000000000000 -0.000000000000000000
connection 31 84 2.525197957262886206 0 0.000000000000000000 -0.000000000000000000
connection 31 23 -0.392636952095724023 0 0.000000000000000000 -0.000000000000000000
connection 31 85 -2.227417620649375873 0 0.000000000000000000 -0.000000000000000000
connection 31 69 4.224995870560997346 0 0.000000000000000000 -0.000000000000000000
connection 31 70 -0.971669053782881487 0 0.000000000000000000 -0.000000000000000000
connection 31 71 1.264437940745413824 0 0.000000000000000000 -0.000000000000000000
connection 31 73 -1.506347704659757536 0 0.000000000000000000 -0.000000000000000000
connection 31 72 -2.920861622923122347 0 0.000000000000000000 -0.000000000000000000
connection 55 67 4.159235515894648572 0 0.000000000000000000 -0.000000000000000000
connection 32 44 1.554104853759440852 0 0.000000000000000000 -0.000000000000000000
connection 32 45 3.759815042728091417 0 0.000000000000000000 -0.000000000000000000
connection 32 50 0.998777430482407191 0 0.000000000000000000 -0.000000000000000000
connection 32 51 -0.741656448626473397 0 0.000000000000000000 -0.000000000000000000
connection 32 58 5.341639311950369340 0 0.000000000000000000 -0.000000000000000000
connection 32 93 0.475913796408772294 0 0.000000000000000000 -0.000000000000000000
connection 32 18 2.633665510908081764 0 0.000000000000000000 -0.000000000000000000
connection 32 54 -1.600348686728396475 0 0.000000000000000000 -0.000000000000000000
connection 32 48 5.479632068807164025 0 0.000000000000000000 -0.000000000000000000
connection 32 55 3.131611770920931015 0 0.000000000000000000 -0.000000000000000000
connection 32 49 0.924078668479513476 0 0.000000000000000000 -0.000000000000000000
connection 32 31 -0.985045759422036316 0 0.000000000000000000 -0.000000000000000000
connection 32 63 -1.427548445105149888 0 0.000000000000000000 -0.000000000000000000
connection 33 38 2.170756255643795374 0 0.000000000000000000 -0.000000000000000000
connection 34 69 1.602263597505126258 0 0.000000000000000000 -0.000000000000000000
connection 35 52 -1.328061321491597724 0 0.000000000000000000 -0.000000000000000000
connection 35 53 0.245112610130907155 0 0.000000000000000000 -0.000000000000000000
connection 35 34 -1.856231667349935055 0 0.000000000000000000 -0.000000000000000000
connection 35 46 -3.651571827043646579 0 0.000000000000000000 -0.000000000000000000
connection 35 74 -2.390037319705932806 0 0.000000000000000000 -0.000000000000000000
connection 35 75 -0.660874591025455316 0 0.000000000000000000 -0.000000000000000000
connection 35 76 -2.920275767994113814 0 0.000000000000000000 -0.000000000000000000
connection 35 77 -4.592255256752802772 0 0.000000000000000000 -0.000000000000000000
connection 36 44 2.357701105093547689 0 0.000000000000000000 -0.000000000000000000
connection 36 45 3.786574010114520217 0 0.000000000000000000 -0.000000000000000000
connection 36 50 1.820868051379393115 0 0.000000000000000000 -0.000000000000000000
connection 36 51 -0.278685298752830046 0 0.000000000000000000 -0.000000000000000000
connection 36 58 4.542718075460939531 0 0.000000000000000000 -0.000000000000000000
connection 36 93 1.244948161203901060 0 0.000000000000000000 -0.000000000000000000
connection 36 18 2.995694336577449768 0 0.000000000000000000 -0.000000000000000000
connection 36 19 0.637042877202845692 0 0.000000000000000000 -0.000000000000000000
connection 36 20 -1.559977267505213261 0 0.000000000000000000 -0.000000000000000000
connection 36 21 -2.996397763699112371 0 0.000000000000000000 -0.000000000000000000
connection 36 36 -0.924381465715210848 0 0.000000000000000000 -0.000000000000000000
connection 36 22 -3.504230806408637822 0 0.000000000000000000 -0.000000000000000000
connection 36 37 -4.810636670206519305 0 0.000000000000000000 -0.000000000000000000
connection 36 38 5.175264396717675908 0 0.000000000000000000 -0.000000000000000000
connection 36 60 2.024701418861799329 0 0.000000000000000000 -0.000000000000000000
connection 36 78 -0.634545185519212462 0 0.000000000000000000 -0.000000000000000000
connection 36 61 -2.751768504814834149 0 0.000000000000000000 -0.000000000000000000
connection 36 28 3.313640502897793549 0 0.000000000000000000 -0.000000000000000000
connection 36 29 -1.273954856483770826 0 0.000000000000000000 -0.000000000000000000
connection 36 39 0.890134075514623646 0 0.000000000000000000 -0.000000000000000000
connection 36 30 -1.898608551938782307 0 0.000000000000000000 -0.000000000000000000
connection 36 40 -3.775592756144703355 0 0.000000000000000000 -0.000000000000000000
connection 36 31 -4.868285497674242457 0 0.000000000000000000 -0.000000000000000000
connection 81 83 4.695399570847833104 0 0.000000000000000000 -0.000000000000000000
connection 81 84 6.135514811606872954 0 0.000000000000000000 -0.000000000000000000
connection 81 23 4.209196993268497167 0 0.000000000000000000 -0.000000000000000000
connection 81 85 2.047044702583460829 0 0.000000000000000000 -0.000000000000000000
connection 81 70 3.683562276576143102 0 0.000000000000000000 -0.000000000000000000
connection 81 71 5.479568196585558937 0 0.000000000000000000 -0.000000000000000000
connection 81 73 3.127294804635265546 0 0.000000000000000000 -0.000000000000000000
connection 81 72 0.923035851584422140 0 0.000000000000000000 -0.000000000000000000
connection 81 27 -0.933945989300109636 0 0.000000000000000000 -0.000000000000000000
connection 81 56 -0.220878445269167861 0 0.000000000000000000 -0.000000000000000000
connection 79 45 1.781285183596661659 0 0.000000000000000000 -0.000000000000000000
connection 79 51 -4.291294871550610068 0 0.000000000000000000 -0.000000000000000000
connection 79 20 -4.931223444379932097 0 0.000000000000000000 -0.000000000000000000
connection 79 54 -5.684900715829803275 0 0.000000000000000000 -0.000000000000000000
connection 79 78 -4.130701614774529240 0 0.000000000000000000 -0.000000000000000000
connection 79 61 -5.354890644764025431 0 0.000000000000000000 -0.000000000000000000
connection 79 55 1.212568333757913841 0 0.000000000000000000 -0.000000000000000000
connection 79 56 -4.643173380336790501 0 0.000000000000000000 -0.000000000000000000
connection 79 31 -5.807116488658882858 0 0.000000000000000000 -0.000000000000000000
connection 79 62 -5.313028309602108479 0 0.000000000000000000 -0.000000000000000000
connection 79 63 -5.813582285547312267 0 0.000000000000000000 -0.000000000000000000
connection 79 90 -4.738232141454410851 0 0.000000000000000000 -0.000000000000000000
connection 49 64 2.435309667687182600 0 0.000000000000000000 -0.000000000000000000
connection 49 81 2.995235705994061082 0 0.000000000000000000 -0.000000000000000000
connection 49 66 4.879378790237836050 0 0.000000000000000000 -0.000000000000000000
connection 49 67 5.878581965400101694 0 0.000000000000000000 -0.000000000000000000
connection 37 33 6.330355692528120137 0 0.000000000000000000 -0.000000000000000000
connection 37 58 7.279103710132061700 0 0.000000000000000000 -0.000000000000000000
connection 37 35 5.793701271909612593 0 0.000000000000000000 -0.000000000000000000
connection 37 21 2.469094386110005868 0 0.000000000000000000 -0.000000000000000000
connection 37 36 4.528818565295050114 0 0.000000000000000000 -0.000000000000000000
connection 37 22 1.862121687123333036 0 0.000000000000000000 -0.000000000000000000
connection 37 37 -0.293293202827544675 0 0.000000000000000000 -0.000000000000000000
connection 37 38 7.498570474544162145 0 0.000000000000000000 -0.000000000000000000
connection 37 27 5.077361084074997422 0 0.000000000000000000 -0.000000000000000000
connection 37 28 6.910197081475768499 0 0.000000000000000000 -0.000000000000000000
connection 37 29 4.410858607800832054 0 0.000000000000000000 -0.000000000000000000
connection 37 39 5.861129270463767860 0 0.000000000000000000 -0.000000000000000000
connection 37 30 3.906565269640344784 0 0.000000000000000000 -0.000000000000000000
connection 37 40 1.714752461807845352 0 0.000000000000000000 -0.000000000000000000
connection 37 42 2.325417562381686398 0 0.000000000000000000 -0.000000000000000000
connection 37 57 -0.428121791565277243 0 0.000000000000000000 -0.000000000000000000
connection 37 43 -1.871762811532606152 0 0.000000000000000000 -0.000000000000000000
connection 37 32 -2.262457149671403656 0 0.000000000000000000 -0.000000000000000000
connection 51 33 4.214368576195347771 0 0.000000000000000000 -0.000000000000000000
connection 51 58 5.142589275653994818 0 0.000000000000000000 -0.000000000000000000
connection 51 35 3.582767601349291287 0 0.000000000000000000 -0.000000000000000000
connection 51 21 0.471549071774972683 0 0.000000000000000000 -0.000000000000000000
connection 51 36 2.399418355613353260 0 0.000000000000000000 -0.000000000000000000
connection 51 37 -2.329221662065179110 0 0.000000000000000000 -0.000000000000000000
connection 51 38 5.106033819352232328 0 0.000000000000000000 -0.000000000000000000
connection 51 27 2.782141492950285677 0 0.000000000000000000 -0.000000000000000000
connection 51 28 4.619554406232929900 0 0.000000000000000000 -0.000000000000000000
connection 51 29 2.065026556651850864 0 0.000000000000000000 -0.000000000000000000
connection 51 39 3.469706557430378258 0 0.000000000000000000 -0.000000000000000000
connection 51 30 1.533850622842534372 0 0.000000000000000000 -0.000000000000000000
connection 51 40 -0.523476701240571773 0 0.000000000000000000 -0.000000000000000000
connection 51 41 -2.059528554491169228 0 0.000000000000000000 -0.000000000000000000
connection 51 57 -2.648667564398141661 0 0.000000000000000000 -0.000000000000000000
connection 51 43 -4.318610205057090035 0 0.000000000000000000 -0.000000000000000000
connection 51 62 -4.636952182622365193 0 0.000000000000000000 -0.000000000000000000
connection 51 82 -0.804218145907241944 0 0.000000000000000000 -0.000000000000000000
connection 51 95 1.322072826503717380 0 0.000000000000000000 -0.000000000000000000
connection 51 88 -1.440833128987725642 0 0.000000000000000000 -0.000000000000000000
connection 51 89 -3.422183607640147951 0 0.000000000000000000 -0.000000000000000000
connection 51 90 -5.210215751807252715 0 0.000000000000000000 -0.000000000000000000
connection 56 20 0.335750334671805872 0 0.000000000000000000 -0.000000000000000000
connection 56 21 2.768298964051353117 0 0.000000000000000000 -0.000000000000000000
connection 56 36 -0.446900635212651498 0 0.000000000000000000 -0.000000000000000000
connection 56 22 3.405123314599030948 0 0.000000000000000000 -0.000000000000000000
connection 56 37 5.444547014591951672 0 0.000000000000000000 -0.000000000000000000
connection 56 61 1.858392360233997787 0 0.000000000000000000 -0.000000000000000000
connection 56 40 3.214709885956182234 0 0.000000000000000000 -0.000000000000000000
connection 56 41 4.935610793599691348 0 0.000000000000000000 -0.000000000000000000
connection 56 42 2.563720711285313314 0 0.000000000000000000 -0.000000000000000000
connection 56 57 5.322536230690436909 0 0.000000000000000000 -0.000000000000000000
connection 56 43 6.466230499937206666 0 0.000000000000000000 -0.000000000000000000
connection 38 32 -7.367590749882934276 0 0.000000000000000000 -0.000000000000000000
connection 78 79 -1.423690825424726691 0 0.000000000000000000 -0.000000000000000000
connection 78 80 0.229778668243417555 0 0.000000000000000000 -0.000000000000000000
connection 78 86 -1.967632004369951115 0 0.000000000000000000 -0.000000000000000000
connection 78 24 -3.781460178340206202 0 0.000000000000000000 -0.000000000000000000
connection 78 43 1.498832900025268478 0 0.000000000000000000 -0.000000000000000000
connection 78 64 3.702240974196813195 0 0.000000000000000000 -0.000000000000000000
connection 78 65 0.737154624628737931 0 0.000000000000000000 -0.000000000000000000
connection 78 81 4.238594837934574144 0 0.000000000000000000 -0.000000000000000000
connection 78 66 5.889704005690082234 0 0.000000000000000000 -0.000000000000000000
connection 78 67 6.678424752656896501 0 0.000000000000000000 -0.000000000000000000
connection 39 37 2.575021818861623846 0 0.000000000000000000 -0.000000000000000000
connection 39 41 1.686860399712522884 0 0.000000000000000000 -0.000000000000000000
connection 39 57 2.313295082200807595 0 0.000000000000000000 -0.000000000000000000
connection 39 43 4.474153390472736191 0 0.000000000000000000 -0.000000000000000000
connection 39 62 5.148415774165698622 0 0.000000000000000000 -0.000000000000000000
connection 39 88 1.011761375696632159 0 0.000000000000000000 -0.000000000000000000
connection 39 89 3.636442601413762077 0 0.000000000000000000 -0.000000000000000000
connection 39 90 5.645191830514100673 0 0.000000000000000000 -0.000000000000000000
connection 39 67 6.834599865811119557 0 0.000000000000000000 -0.000000000000000000
connection 62 33 4.818341166094338490 0 0.000000000000000000 -0.000000000000000000
connection 62 93 4.091012706420722012 0 0.000000000000000000 -0.000000000000000000
connection 62 18 5.750182887562200307 0 0.000000000000000000 -0.000000000000000000
connection 62 19 3.557233145923695883 0 0.000000000000000000 -0.000000000000000000
connection 62 20 1.342715877941747404 0 0.000000000000000000 -0.000000000000000000
connection 62 59 2.994847596572374648 0 0.000000000000000000 -0.000000000000000000
connection 62 60 4.978375846637367097 0 0.000000000000000000 -0.000000000000000000
connection 62 78 2.415845004162037846 0 0.000000000000000000 -0.000000000000000000
connection 62 61 0.285178367902063634 0 0.000000000000000000 -0.000000000000000000
connection 62 28 6.164407299180215460 0 0.000000000000000000 -0.000000000000000000
connection 62 29 1.833963399226524515 0 0.000000000000000000 -0.000000000000000000
connection 62 39 4.019531032714550811 0 0.000000000000000000 -0.000000000000000000
connection 62 30 1.263572417997881780 0 0.000000000000000000 -0.000000000000000000
connection 62 40 -0.587502417402426147 0 0.000000000000000000 -0.000000000000000000
connection 62 31 -1.479601892485820969 0 0.000000000000000000 -0.000000000000000000
connection 62 62 -1.187356739812406525 0 0.000000000000000000 -0.000000000000000000
connection 62 90 -0.581582609186121258 0 0.000000000000000000 -0.000000000000000000
connection 42 68 -3.171245511029230357 0 0.000000000000000000 -0.000000000000000000
connection 42 79 1.371884861241238651 0 0.000000000000000000 -0.000000000000000000
connection 42 80 3.192924289885836320 0 0.000000000000000000 -0.000000000000000000
connection 42 86 0.750344929529495386 0 0.000000000000000000 -0.000000000000000000
connection 42 24 -1.485887217783717018 0 0.000000000000000000 -0.000000000000000000
connection 42 25 -4.055983671289054016 0 0.000000000000000000 -0.000000000000000000
connection 41 58 -2.279559405755117840 0 0.000000000000000000 -0.000000000000000000
connection 41 83 2.138736187559334923 0 0.000000000000000000 -0.000000000000000000
connection 41 84 4.164666156507264461 0 0.000000000000000000 -0.000000000000000000
connection 41 23 1.504479033914199348 0 0.000000000000000000 -0.000000000000000000
connection 41 85 -0.760459938364318355 0 0.000000000000000000 -0.000000000000000000
connection 41 69 5.385247715455860451 0 0.000000000000000000 -0.000000000000000000
connection 41 70 0.860687628517483150 0 0.000000000000000000 -0.000000000000000000
connection 41 71 3.115267287427377241 0 0.000000000000000000 -0.000000000000000000
connection 41 73 0.221877954787136095 0 0.000000000000000000 -0.000000000000000000
connection 41 72 -1.816105679125159522 0 0.000000000000000000 -0.000000000000000000
connection 41 26 -2.958456274906965167 0 0.000000000000000000 -0.000000000000000000
connection 41 27 -2.654860348632938294 0 0.000000000000000000 -0.000000000000000000
connection 41 28 -3.398321749665943692 0 0.000000000000000000 -0.000000000000000000
connection 43 33 -1.580027511178450750 0 0.000000000000000000 -0.000000000000000000
connection 43 35 -0.933943088539551103 0 0.000000000000000000 -0.000000000000000000
connection 43 21 3.158543544240698164 0 0.000000000000000000 -0.000000000000000000
connection 43 36 0.780311008694121289 0 0.000000000000000000 -0.000000000000000000
connection 43 83 2.123239182828564164 0 0.000000000000000000 -0.000000000000000000
connection 43 84 4.259141405853404727 0 0.000000000000000000 -0.000000000000000000
connection 43 23 1.520346615649970312 0 0.000000000000000000 -0.000000000000000000
connection 43 85 -0.537416809554774777 0 0.000000000000000000 -0.000000000000000000
connection 43 69 5.631087114047011788 0 0.000000000000000000 -0.000000000000000000
connection 43 70 0.927893974392963505 0 0.000000000000000000 -0.000000000000000000
connection 43 71 3.180057853681597546 0 0.000000000000000000 -0.000000000000000000
connection 43 73 0.359850739451592017 0 0.000000000000000000 -0.000000000000000000
connection 43 72 -1.349452100509571428 0 0.000000000000000000 -0.000000000000000000
connection 43 59 -0.285331115899930154 0 0.000000000000000000 -0.000000000000000000
connection 43 78 0.216087156940313357 0 0.000000000000000000 -0.000000000000000000
connection 43 61 2.560600072967167851 0 0.000000000000000000 -0.000000000000000000
connection 43 28 -2.208894276711149018 0 0.000000000000000000 -0.000000000000000000
connection 43 29 0.762994781395469834 0 0.000000000000000000 -0.000000000000000000
connection 43 30 1.344063047621737228 0 0.000000000000000000 -0.000000000000000000
connection 70 32 -6.998869039591408381 0 0.000000000000000000 -0.000000000000000000
connection 44 38 2.088619961274499115 0 0.000000000000000000 -0.000000000000000000
connection 45 33 -2.609753894814074826 0 0.000000000000000000 -0.000000000000000000
connection 45 58 -0.368992098057176532 0 0.000000000000000000 -0.000000000000000000
connection 45 35 -3.407046714983326563 0 0.000000000000000000 -0.000000000000000000
connection 45 38 0.624514048523371890 0 0.000000000000000000 -0.000000000000000000
connection 45 27 -4.216133873645932617 0 0.000000000000000000 -0.000000000000000000
connection 45 28 -1.438866935400799241 0 0.000000000000000000 -0.000000000000000000
connection 45 56 -4.988658318717132722 0 0.000000000000000000 -0.000000000000000000
connection 46 33 -5.013947883184742160 0 0.000000000000000000 -0.000000000000000000
connection 46 58 -2.134965647049616333 0 0.000000000000000000 -0.000000000000000000
connection 46 38 -0.313783742896022178 0 0.000000000000000000 -0.000000000000000000
connection 46 28 -3.711066444525085384 0 0.000000000000000000 -0.000000000000000000
connection 66 52 2.633525758525275595 0 0.000000000000000000 -0.000000000000000000
connection 66 53 4.712866796096928823 0 0.000000000000000000 -0.000000000000000000
connection 66 34 2.063135686864726370 0 0.000000000000000000 -0.000000000000000000
connection 66 74 1.503401268929607237 0 0.000000000000000000 -0.000000000000000000
connection 66 75 3.703357413574162038 0 0.000000000000000000 -0.000000000000000000
connection 66 76 0.968191141008572620 0 0.000000000000000000 -0.000000000000000000
connection 48 38 -7.592824784912908243 0 0.000000000000000000 -0.000000000000000000
connection 48 62 -4.752196639462535899 0 0.000000000000000000 -0.000000000000000000
connection 48 63 -7.078089208194688453 0 0.000000000000000000 -0.000000000000000000
connection 48 64 -4.113222874569652632 0 0.000000000000000000 -0.000000000000000000
connection 48 65 -5.725639426683388322 0 0.000000000000000000 -0.000000000000000000
connection 48 81 -3.670079778635801926 0 0.000000000000000000 -0.000000000000000000
connection 48 66 -1.793592653446352658 0 0.000000000000000000 -0.000000000000000000
connection 48 67 -0.280279851516638867 0 0.000000000000000000 -0.000000000000000000
connection 77 68 -4.025378142314181673 0 0.000000000000000000 -0.000000000000000000
connection 77 69 -1.275292647941284940 0 0.000000000000000000 -0.000000000000000000
connection 77 25 -4.822930041796531064 0 0.000000000000000000 -0.000000000000000000
connection 52 68 1.405612020724540390 0 0.000000000000000000 -0.000000000000000000
connection 52 69 2.788606722252551240 0 0.000000000000000000 -0.000000000000000000
connection 52 25 1.011452495554663766 0 0.000000000000000000 -0.000000000000000000
connection 52 32 -7.810249761599383334 0 0.000000000000000000 -0.000000000000000000
connection 53 45 -1.907896127973204292 0 0.000000000000000000 -0.000000000000000000
connection 53 52 0.438159135444795400 0 0.000000000000000000 -0.000000000000000000
connection 53 53 2.309163991592027898 0 0.000000000000000000 -0.000000000000000000
connection 53 46 -2.472476804244563287 0 0.000000000000000000 -0.000000000000000000
connection 53 74 -0.576583009623588882 0 0.000000000000000000 -0.000000000000000000
connection 53 75 1.572371562098134445 0 0.000000000000000000 -0.000000000000000000
connection 53 76 -1.124608071949209309 0 0.000000000000000000 -0.000000000000000000
connection 53 48 0.690149037062325998 0 0.000000000000000000 -0.000000000000000000
connection 53 55 -2.268078971666855903 0 0.000000000000000000 -0.000000000000000000
connection 53 32 -7.832686580436751811 0 0.000000000000000000 -0.000000000000000000
connection 54 33 5.093411034902976198 0 0.000000000000000000 -0.000000000000000000
connection 54 58 6.569385837983281462 0 0.000000000000000000 -0.000000000000000000
connection 54 35 4.291170826785346115 0 0.000000000000000000 -0.000000000000000000
connection 54 21 0.367614556298886008 0 0.000000000000000000 -0.000000000000000000
connection 54 36 2.660452728948782486 0 0.000000000000000000 -0.000000000000000000
connection 54 22 -0.264114168002461291 0 0.000000000000000000 -0.000000000000000000
connection 54 37 -2.206299219898585573 0 0.000000000000000000 -0.000000000000000000
connection 54 38 6.909196730333351688 0 0.000000000000000000 -0.000000000000000000
connection 54 59 3.557743563097978790 0 0.000000000000000000 -0.000000000000000000
connection 54 60 5.100704257381946327 0 0.000000000000000000 -0.000000000000000000
connection 54 78 3.008959155401023100 0 0.000000000000000000 -0.000000000000000000
connection 54 61 0.761040677160476409 0 0.000000000000000000 -0.000000000000000000
connection 54 28 5.922005068535555417 0 0.000000000000000000 -0.000000000000000000
connection 54 29 2.418625080247282622 0 0.000000000000000000 -0.000000000000000000
connection 54 39 4.315495097708472727 0 0.000000000000000000 -0.000000000000000000
connection 54 30 1.795600110240872738 0 0.000000000000000000 -0.000000000000000000
connection 54 40 -0.512941867956474451 0 0.000000000000000000 -0.000000000000000000
connection 54 31 -2.189084107803990875 0 0.000000000000000000 -0.000000000000000000
connection 54 32 -3.728446373632895217 0 0.000000000000000000 -0.000000000000000000
connection 57 68 -1.731288218268847601 0 0.000000000000000000 -0.000000000000000000
connection 57 79 2.899728314029964338 0 0.000000000000000000 -0.000000000000000000
connection 57 80 4.722966668270140111 0 0.000000000000000000 -0.000000000000000000
connection 57 86 2.296098227378734258 0 0.000000000000000000 -0.000000000000000000
connection 57 25 -2.558552754687464681 0 0.000000000000000000 -0.000000000000000000
connection 58 69 2.246347625835024786 0 0.000000000000000000 -0.000000000000000000
connection 58 32 -7.835087525791165852 0 0.000000000000000000 -0.000000000000000000
connection 59 83 -2.113897986131167084 0 0.000000000000000000 -0.000000000000000000
connection 59 84 -0.364531444622177681 0 0.000000000000000000 -0.000000000000000000
connection 59 23 -2.657327169463920225 0 0.000000000000000000 -0.000000000000000000
connection 59 85 -4.384364859494493061 0 0.000000000000000000 -0.000000000000000000
connection 59 66 2.371846727025366697 0 0.000000000000000000 -0.000000000000000000
connection 75 84 -0.595904836780290603 0 0.000000000000000000 -0.000000000000000000
connection 75 79 1.474737169921432223 0 0.000000000000000000 -0.000000000000000000
connection 75 80 3.005458866728317524 0 0.000000000000000000 -0.000000000000000000
connection 75 86 1.067831752749694774 0 0.000000000000000000 -0.000000000000000000
connection 75 24 -1.125090814290592212 0 0.000000000000000000 -0.000000000000000000
connection 75 71 -1.673852210207556368 0 0.000000000000000000 -0.000000000000000000
connection 60 69 -3.505214838008655853 0 0.000000000000000000 -0.000000000000000000
connection 65 68 5.171431859223456939 0 0.000000000000000000 -0.000000000000000000
connection 65 69 6.970565990207191476 0 0.000000000000000000 -0.000000000000000000
connection 65 70 4.516515530219169960 0 0.000000000000000000 -0.000000000000000000
connection 65 71 5.946569466366747214 0 0.000000000000000000 -0.000000000000000000
connection 65 73 4.020034069838236412 0 0.000000000000000000 -0.000000000000000000
connection 65 72 1.841876470643615704 0 0.000000000000000000 -0.000000000000000000
connection 65 74 0.225537887985917979 0 0.000000000000000000 -0.000000000000000000
connection 65 75 2.446619723527662327 0 0.000000000000000000 -0.000000000000000000
connection 65 76 -0.295385500218691699 0 0.000000000000000000 -0.000000000000000000
connection 65 77 -1.732734321422034540 0 0.000000000000000000 -0.000000000000000000
connection 65 27 -2.158658493578968329 0 0.000000000000000000 -0.000000000000000000
connection 65 28 -0.982619746343634248 0 0.000000000000000000 -0.000000000000000000
connection 65 56 -1.859092521858880964 0 0.000000000000000000 -0.000000000000000000
connection 65 41 1.481258654695411847 0 0.000000000000000000 -0.000000000000000000
connection 65 57 2.085787421700713296 0 0.000000000000000000 -0.000000000000000000
connection 65 82 0.337784673474313568 0 0.000000000000000000 -0.000000000000000000
connection 65 88 0.893932737553262635 0 0.000000000000000000 -0.000000000000000000
connection 65 89 3.291093727506771316 0 0.000000000000000000 -0.000000000000000000
connection 68 54 -7.543076556390948539 0 0.000000000000000000 -0.000000000000000000
connection 68 27 -6.798178779424899787 0 0.000000000000000000 -0.000000000000000000
connection 68 56 -7.123938297749822901 0 0.000000000000000000 -0.000000000000000000
connection 68 31 -7.661759146997903613 0 0.000000000000000000 -0.000000000000000000
connection 68 32 -7.667814440594710845 0 0.000000000000000000 -0.000000000000000000
connection 71 26 -6.329386523137399578 0 0.000000000000000000 -0.000000000000000000
connection 71 62 -5.098775384076451367 0 0.000000000000000000 -0.000000000000000000
connection 71 63 -6.838987149441033253 0 0.000000000000000000 -0.000000000000000000
connection 71 90 -4.255479310554721728 0 0.000000000000000000 -0.000000000000000000
connection 71 67 -0.978823199585341475 0 0.000000000000000000 -0.000000000000000000
connection 73 26 -7.612760030132182720 0 0.000000000000000000 -0.000000000000000000
connection 73 62 -5.810559783750298024 0 0.000000000000000000 -0.000000000000000000
connection 73 63 -7.295096434815540043 0 0.000000000000000000 -0.000000000000000000
connection 73 90 -5.141356977312950605 0 0.000000000000000000 -0.000000000000000000
connection 73 67 -2.253219160297424750 0 0.000000000000000000 -0.000000000000000000
connection 76 69 -2.786137427925940102 0 0.000000000000000000 -0.000000000000000000
connection 80 54 -4.061305032062738185 0 0.000000000000000000 -0.000000000000000000
connection 80 27 -3.104310631037792589 0 0.000000000000000000 -0.000000000000000000
connection 80 56 -3.559283060354653472 0 0.000000000000000000 -0.000000000000000000
connection 80 31 -3.465935943535014996 0 0.000000000000000000 -0.000000000000000000
connection 80 63 -3.871748070417861065 0 0.000000000000000000 -0.000000000000000000
connection 80 64 -0.470009596615489189 0 0.000000000000000000 -0.000000000000000000
connection 80 65 -2.417171232317210539 0 0.000000000000000000 -0.000000000000000000
connection 80 66 2.460444595777706134 0 0.000000000000000000 -0.000000000000000000
connection 82 44 0.535163413571057900 0 0.000000000000000000 -0.000000000000000000
connection 82 45 2.820591917543770144 0 0.000000000000000000 -0.000000000000000000
connection 82 51 -2.054127369367877431 0 0.000000000000000000 -0.000000000000000000
connection 82 58 4.431208452683358168 0 0.000000000000000000 -0.000000000000000000
connection 82 93 -0.701591456754782627 0 0.000000000000000000 -0.000000000000000000
connection 82 18 1.581797311431403674 0 0.000000000000000000 -0.000000000000000000
connection 82 19 -1.269106594765667895 0 0.000000000000000000 -0.000000000000000000
connection 82 20 -2.833782278111122821 0 0.000000000000000000 -0.000000000000000000
connection 82 54 -3.483865579794481082 0 0.000000000000000000 -0.000000000000000000
connection 82 38 6.222099945401577514 0 0.000000000000000000 -0.000000000000000000
connection 82 27 -2.029532701864230404 0 0.000000000000000000 -0.000000000000000000
connection 82 48 4.461726041787606789 0 0.000000000000000000 -0.000000000000000000
connection 82 55 1.973227278657642358 0 0.000000000000000000 -0.000000000000000000
connection 82 49 -0.336823224310441816 0 0.000000000000000000 -0.000000000000000000
connection 82 56 -2.846243034654923676 0 0.000000000000000000 -0.000000000000000000
connection 83 54 -7.248734524454548023 0 0.000000000000000000 -0.000000000000000000
connection 83 31 -7.540516083876372733 0 0.000000000000000000 -0.000000000000000000
connection 83 32 -7.696256579919955598 0 0.000000000000000000 -0.000000000000000000
connection 84 20 -5.943115692099142144 0 0.000000000000000000 -0.000000000000000000
connection 84 54 -6.732457679944569229 0 0.000000000000000000 -0.000000000000000000
connection 84 61 -6.402118122369383713 0 0.000000000000000000 -0.000000000000000000
connection 84 56 -5.660225573768482121 0 0.000000000000000000 -0.000000000000000000
connection 84 31 -7.050137760715503354 0 0.000000000000000000 -0.000000000000000000
connection 84 32 -7.101688786875582693 0 0.000000000000000000 -0.000000000000000000
connection 85 53 -1.237636620404910959 0 0.000000000000000000 -0.000000000000000000
connection 85 83 0.983208088809090941 0 0.000000000000000000 -0.000000000000000000
connection 85 84 2.680466494682550049 0 0.000000000000000000 -0.000000000000000000
connection 85 23 0.532810047929719421 0 0.000000000000000000 -0.000000000000000000
connection 85 85 -1.790474453613158934 0 0.000000000000000000 -0.000000000000000000
connection 85 71 2.028049033300402204 0 0.000000000000000000 -0.000000000000000000
connection 85 73 -0.467243061460665354 0 0.000000000000000000 -0.000000000000000000
connection 85 75 -2.353299795276035056 0 0.000000000000000000 -0.000000000000000000
connection 85 32 -7.808767254825145443 0 0.000000000000000000 -0.000000000000000000
connection 86 33 -5.152175306921642495 0 0.000000000000000000 -0.000000000000000000
connection 86 35 -5.539708957037743353 0 0.000000000000000000 -0.000000000000000000
connection 86 54 -5.884929000339498728 0 0.000000000000000000 -0.000000000000000000
connection 86 85 1.940090866635927780 0 0.000000000000000000 -0.000000000000000000
connection 86 75 1.200806246859144055 0 0.000000000000000000 -0.000000000000000000
connection 86 77 -4.574379820460844570 0 0.000000000000000000 -0.000000000000000000
connection 86 63 -5.586098755856751197 0 0.000000000000000000 -0.000000000000000000
connection 86 64 -2.335826459832090141 0 0.000000000000000000 -0.000000000000000000
connection 86 65 -4.117415935061744747 0 0.000000000000000000 -0.000000000000000000
connection 86 81 -1.728776212889812980 0 0.000000000000000000 -0.000000000000000000
connection 86 66 0.419637185488429987 0 0.000000000000000000 -0.000000000000000000
connection 86 67 2.015098305620255381 0 0.000000000000000000 -0.000000000000000000
connection 88 33 -2.736304449722869236 0 0.000000000000000000 -0.000000000000000000
connection 88 52 1.341799279066508088 0 0.000000000000000000 -0.000000000000000000
connection 88 53 3.528298084462701656 0 0.000000000000000000 -0.000000000000000000
connection 88 34 0.697716672626094936 0 0.000000000000000000 -0.000000000000000000
connection 88 46 -1.446642156260008694 0 0.000000000000000000 -0.000000000000000000
connection 88 35 -3.266109351177271414 0 0.000000000000000000 -0.000000000000000000
connection 88 54 -2.872217258747213009 0 0.000000000000000000 -0.000000000000000000
connection 88 68 4.946414634395464915 0 0.000000000000000000 -0.000000000000000000
connection 88 69 6.565134550425933746 0 0.000000000000000000 -0.000000000000000000
connection 88 70 4.322062178089886686 0 0.000000000000000000 -0.000000000000000000
connection 88 71 5.613573444236514831 0 0.000000000000000000 -0.000000000000000000
connection 88 73 3.842678963510238077 0 0.000000000000000000 -0.000000000000000000
connection 88 72 1.744157048163352153 0 0.000000000000000000 -0.000000000000000000
connection 88 75 2.371148767732619955 0 0.000000000000000000 -0.000000000000000000
connection 88 76 -0.550620660046254096 0 0.000000000000000000 -0.000000000000000000
connection 88 77 -2.370509254887805284 0 0.000000000000000000 -0.000000000000000000
connection 88 63 -2.243179882794397617 0 0.000000000000000000 -0.000000000000000000
connection 89 44 0.645485650593415006 0 0.000000000000000000 -0.000000000000000000
connection 89 45 2.895751981208608328 0 0.000000000000000000 -0.000000000000000000
connection 89 51 -1.514735117709262280 0 0.000000000000000000 -0.000000000000000000
connection 89 52 4.859856891146164592 0 0.000000000000000000 -0.000000000000000000
connection 89 53 6.153605584794308747 0 0.000000000000000000 -0.000000000000000000
connection 89 34 4.399031233862028323 0 0.000000000000000000 -0.000000000000000000
connection 89 46 2.299236812780212968 0 0.000000000000000000 -0.000000000000000000
connection 89 35 -0.653035673027699493 0 0.000000000000000000 -0.000000000000000000
connection 89 54 -2.207919923655476069 0 0.000000000000000000 -0.000000000000000000
connection 89 68 6.799705110746297798 0 0.000000000000000000 -0.000000000000000000
connection 89 69 7.412080781289193787 0 0.000000000000000000 -0.000000000000000000
connection 89 25 6.439798879189252645 0 0.000000000000000000 -0.000000000000000000
connection 89 74 3.891567635872186681 0 0.000000000000000000 -0.000000000000000000
connection 89 75 5.548681199873567671 0 0.000000000000000000 -0.000000000000000000
connection 89 76 3.343094583854780755 0 0.000000000000000000 -0.000000000000000000
connection 89 77 1.092631067993034000 0 0.000000000000000000 -0.000000000000000000
connection 89 27 -1.455834777081583375 0 0.000000000000000000 -0.000000000000000000
connection 89 48 4.754423877415653088 0 0.000000000000000000 -0.000000000000000000
connection 89 55 2.160926444486350295 0 0.000000000000000000 -0.000000000000000000
connection 89 31 -1.546113173918396200 0 0.000000000000000000 -0.000000000000000000
connection 89 63 -2.008626878286029704 0 0.000000000000000000 -0.000000000000000000
connection 89 64 2.226029722588872328 0 0.000000000000000000 -0.000000000000000000
connection 89 81 2.831161397040670824 0 0.000000000000000000 -0.000000000000000000
connection 90 33 -1.305888689860301488 0 0.000000000000000000 -0.000000000000000000
connection 90 52 2.267592642248342560 0 0.000000000000000000 -0.000000000000000000
connection 90 53 4.399158606465301879 0 0.000000000000000000 -0.000000000000000000
connection 90 34 1.690406546104678442 0 0.000000000000000000 -0.000000000000000000
connection 90 46 -0.270206185201891103 0 0.000000000000000000 -0.000000000000000000
connection 90 35 -1.570286914131894029 0 0.000000000000000000 -0.000000000000000000
connection 90 68 5.791059330494311652 0 0.000000000000000000 -0.000000000000000000
connection 90 25 5.029366154350134899 0 0.000000000000000000 -0.000000000000000000
connection 90 74 1.129301197614363428 0 0.000000000000000000 -0.000000000000000000
connection 90 75 3.341803108374773235 0 0.000000000000000000 -0.000000000000000000
connection 90 76 0.597705896050320984 0 0.000000000000000000 -0.000000000000000000
connection 90 77 -0.982794617443301433 0 0.000000000000000000 -0.000000000000000000
connection 90 27 -1.564655750697020675 0 0.000000000000000000 -0.000000000000000000
connection 90 56 -1.288497774744339353 0 0.000000000000000000 -0.000000000000000000
connection 90 95 -0.899708446715973942 0 0.000000000000000000 -0.000000000000000000
connection 52 12 3.816181882148239612 0 0.000000000000000000 -0.000000000000000000
connection 34 12 2.957824383771551435 0 0.000000000000000000 -0.000000000000000000
connection 46 12 1.328538733661312365 0 0.000000000000000000 -0.000000000000000000
connection 18 12 0.972200590059944414 0 0.000000000000000000 -0.000000000000000000
connection 19 12 2.456265046942326613 0 0.000000000000000000 -0.000000000000000000
connection 20 12 5.140670398257170426 0 0.000000000000000000 -0.000000000000000000
connection 72 12 2.082504469475064290 0 0.000000000000000000 -0.000000000000000000
connection 74 12 1.908047462497918900 0 0.000000000000000000 -0.000000000000000000
connection 75 12 4.143143560625923705 0 0.000000000000000000 -0.000000000000000000
connection 76 12 0.398104920949351015 0 0.000000000000000000 -0.000000000000000000
connection 60 12 -0.627804389410996810 0 0.000000000000000000 -0.000000000000000000
connection 78 12 1.586573600064919543 0 0.000000000000000000 -0.000000000000000000
connection 61 12 5.368012450767184696 0 0.000000000000000000 -0.000000000000000000
connection 28 12 -3.298747209971618410 0 0.000000000000000000 -0.000000000000000000
connection 29 12 -0.490764709714832159 0 0.000000000000000000 -0.000000000000000000
connection 39 12 -4.993787031341994087 0 0.000000000000000000 -0.000000000000000000
connection 30 12 -3.470247419849704862 0 0.000000000000000000 -0.000000000000000000
connection 40 12 2.389007144690894702 0 0.000000000000000000 -0.000000000000000000
connection 31 12 6.511618190929920225 0 0.000000000000000000 -0.000000000000000000
connection 52 13 2.954510474170145340 0 0.000000000000000000 -0.000000000000000000
connection 34 13 1.822832793139109731 0 0.000000000000000000 -0.000000000000000000
connection 46 13 0.897028073894088229 0 0.000000000000000000 -0.000000000000000000
connection 93 13 2.307107777066419008 0 0.000000000000000000 -0.000000000000000000
connection 20 13 5.322995592835571443 0 0.000000000000000000 -0.000000000000000000
connection 73 13 -0.492643555278104883 0 0.000000000000000000 -0.000000000000000000
connection 72 13 -1.960134395633049476 0 0.000000000000000000 -0.000000000000000000
connection 75 13 1.764641849818621377 0 0.000000000000000000 -0.000000000000000000
connection 76 13 -2.356544497391573678 0 0.000000000000000000 -0.000000000000000000
connection 77 13 -1.025398580897062706 0 0.000000000000000000 -0.000000000000000000
connection 59 13 1.046510016018644018 0 0.000000000000000000 -0.000000000000000000
connection 60 13 -3.157583296952993113 0 0.000000000000000000 -0.000000000000000000
connection 78 13 -1.293932804968502381 0 0.000000000000000000 -0.000000000000000000
connection 61 13 4.062772364892602184 0 0.000000000000000000 -0.000000000000000000
connection 29 13 -4.211347404942608286 0 0.000000000000000000 -0.000000000000000000
connection 40 13 -2.049824673552698151 0 0.000000000000000000 -0.000000000000000000
connection 41 13 5.629327392910425942 0 0.000000000000000000 -0.000000000000000000
connection 42 13 1.537006035186237574 0 0.000000000000000000 -0.000000000000000000
connection 57 13 3.103945865966331485 0 0.000000000000000000 -0.000000000000000000
connection 43 13 5.917388234449696860 0 0.000000000000000000 -0.000000000000000000
connection 32 13 7.632537497750705668 0 0.000000000000000000 -0.000000000000000000
connection 45 14 0.806881801245780683 0 0.000000000000000000 -0.000000000000000000
connection 50 14 2.136114808826170108 0 0.000000000000000000 -0.000000000000000000
connection 51 14 4.970603891320224399 0 0.000000000000000000 -0.000000000000000000
connection 52 14 1.716140260970029363 0 0.000000000000000000 -0.000000000000000000
connection 53 14 3.915653810271311208 0 0.000000000000000000 -0.000000000000000000
connection 18 14 -1.461378443023971574 0 0.000000000000000000 -0.000000000000000000
connection 19 14 0.447406524396885608 0 0.000000000000000000 -0.000000000000000000
connection 20 14 4.826372285336149481 0 0.000000000000000000 -0.000000000000000000
connection 85 14 1.396663821343419487 0 0.000000000000000000 -0.000000000000000000
connection 70 14 -1.234198658770672141 0 0.000000000000000000 -0.000000000000000000
connection 73 14 -5.657138629519765871 0 0.000000000000000000 -0.000000000000000000
connection 72 14 -6.002136668119067764 0 0.000000000000000000 -0.000000000000000000
connection 26 14 -4.307850399064933278 0 0.000000000000000000 -0.000000000000000000
connection 59 14 -2.109614198334019086 0 0.000000000000000000 -0.000000000000000000
connection 78 14 -4.866275200402065515 0 0.000000000000000000 -0.000000000000000000
connection 61 14 0.620534592337123492 0 0.000000000000000000 -0.000000000000000000
connection 41 14 2.265739226236846537 0 0.000000000000000000 -0.000000000000000000
connection 42 14 -2.882426588378057541 0 0.000000000000000000 -0.000000000000000000
connection 57 14 -1.398714634523054334 0 0.000000000000000000 -0.000000000000000000
connection 43 14 2.319649246507245799 0 0.000000000000000000 -0.000000000000000000
connection 32 14 7.225989631946229785 0 0.000000000000000000 -0.000000000000000000
connection 44 15 1.939956067322154087 0 0.000000000000000000 -0.000000000000000000
connection 51 15 4.983928736445742302 0 0.000000000000000000 -0.000000000000000000
connection 52 15 -0.473450313845182102 0 0.000000000000000000 -0.000000000000000000
connection 53 15 0.975679300409750483 0 0.000000000000000000 -0.000000000000000000
connection 34 15 -3.345563942257192114 0 0.000000000000000000 -0.000000000000000000
connection 46 15 -1.932851489883681717 0 0.000000000000000000 -0.000000000000000000
connection 93 15 -0.206517814570914726 0 0.000000000000000000 -0.000000000000000000
connection 18 15 -4.307026047055616758 0 0.000000000000000000 -0.000000000000000000
connection 19 15 -2.912310470497454506 0 0.000000000000000000 -0.000000000000000000
connection 20 15 2.831455208409433766 0 0.000000000000000000 -0.000000000000000000
connection 54 15 6.565515311892569983 0 0.000000000000000000 -0.000000000000000000
connection 23 15 -1.987000515202007822 0 0.000000000000000000 -0.000000000000000000
connection 85 15 -3.159657629915399113 0 0.000000000000000000 -0.000000000000000000
connection 61 15 -3.620738753367631180 0 0.000000000000000000 -0.000000000000000000
connection 41 15 -2.086994531684452703 0 0.000000000000000000 -0.000000000000000000
connection 57 15 -3.481145232716315263 0 0.000000000000000000 -0.000000000000000000
connection 43 15 -1.534646546729688366 0 0.000000000000000000 -0.000000000000000000
connection 62 15 7.081097328197490270 0 0.000000000000000000 -0.000000000000000000
connection 82 15 4.634895888700937050 0 0.000000000000000000 -0.000000000000000000
connection 95 15 -0.331619077442341870 0 0.000000000000000000 -0.000000000000000000
connection 88 15 1.374638371753903909 0 0.000000000000000000 -0.000000000000000000
connection 89 15 4.950742842026157220 0 0.000000000000000000 -0.000000000000000000
connection 90 15 2.466941872176979800 0 0.000000000000000000 -0.000000000000000000
connection 67 15 6.024419325641575007 0 0.000000000000000000 -0.000000000000000000
connection 44 16 0.970617451291772793 0 0.000000000000000000 -0.000000000000000000
connection 45 16 -2.434554085202882856 0 0.000000000000000000 -0.000000000000000000
connection 50 16 -0.906467616232914386 0 0.000000000000000000 -0.000000000000000000
connection 51 16 4.066905856843717970 0 0.000000000000000000 -0.000000000000000000
connection 93 16 -3.676582788880583763 0 0.000000000000000000 -0.000000000000000000
connection 20 16 -1.284387666881300794 0 0.000000000000000000 -0.000000000000000000
connection 21 16 5.921173046097141679 0 0.000000000000000000 -0.000000000000000000
connection 36 16 2.082877354111096757 0 0.000000000000000000 -0.000000000000000000
connection 22 16 3.996089676487315501 0 0.000000000000000000 -0.000000000000000000
connection 37 16 6.441500874481277172 0 0.000000000000000000 -0.000000000000000000
connection 83 16 -2.728835665663923216 0 0.000000000000000000 -0.000000000000000000
connection 23 16 -6.369612376918384555 0 0.000000000000000000 -0.000000000000000000
connection 24 16 -5.650737642197382726 0 0.000000000000000000 -0.000000000000000000
connection 30 16 -3.066180001610301797 0 0.000000000000000000 -0.000000000000000000
connection 40 16 -2.288096989681109861 0 0.000000000000000000 -0.000000000000000000
connection 31 16 -3.118001681902820899 0 0.000000000000000000 -0.000000000000000000
connection 62 16 5.153907672412048946 0 0.000000000000000000 -0.000000000000000000
connection 82 16 0.462815280528146022 0 0.000000000000000000 -0.000000000000000000
connection 95 16 -4.255168071545416097 0 0.000000000000000000 -0.000000000000000000
connection 88 16 -2.677337308614405664 0 0.000000000000000000 -0.000000000000000000
connection 89 16 0.714787961063525157 0 0.000000000000000000 -0.000000000000000000
connection 67 16 2.305653943712854481 0 0.000000000000000000 -0.000000000000000000
connection 44 17 -1.638719042002770410 0 0.000000000000000000 -0.000000000000000000
connection 50 17 -4.380475762213627000 0 0.000000000000000000 -0.000000000000000000
connection 51 17 1.253804145353409227 0 0.000000000000000000 -0.000000000000000000
connection 21 17 3.260628081093514652 0 0.000000000000000000 -0.000000000000000000
connection 36 17 -2.201580212002647308 0 0.000000000000000000 -0.000000000000000000
connection 22 17 -0.434084032850493351 0 0.000000000000000000 -0.000000000000000000
connection 37 17 3.638044595222577282 0 0.000000000000000000 -0.000000000000000000
connection 28 17 -7.429430926388135958 0 0.000000000000000000 -0.000000000000000000
connection 29 17 -2.340147556757183001 0 0.000000000000000000 -0.000000000000000000
connection 30 17 3.148167175013463659 0 0.000000000000000000 -0.000000000000000000
connection 40 17 3.447525817500360024 0 0.000000000000000000 -0.000000000000000000
connection 41 17 -1.466572277029124960 0 0.000000000000000000 -0.000000000000000000
connection 42 17 -1.612316644265265220 0 0.000000000000000000 -0.000000000000000000
connection 57 17 2.865974315273775552 0 0.000000000000000000 -0.000000000000000000
connection 43 17 1.643235628285872885 0 0.000000000000000000 -0.000000000000000000
connection 62 17 0.987058961481118935 0 0.000000000000000000 -0.000000000000000000
connection 63 17 -3.668904670663009959 0 0.000000000000000000 -0.000000000000000000
connection 90 17 -1.049452837120192994 0 0.000000000000000000 -0.000000000000000000
connection 67 17 -1.031838524921164346 0 0.000000000000000000 -0.000000000000000000
NNend

