NNstart
12 6
neuron 1 1.000000000000000000 0.000000000000000000 0.000000000000000000 0.000000000000000000 11 0.000000000000000000
neuron 1 1.000000000000000000 0.000000000000000000 0.000000000000000000 0.000000000000000000 11 0.000000000000000000
neuron 1 1.000000000000000000 0.000000000000000000 0.000000000000000000 0.000000000000000000 11 0.000000000000000000
neuron 1 1.000000000000000000 0.000000000000000000 0.000000000000000000 0.000000000000000000 11 0.000000000000000000
neuron 1 1.000000000000000000 0.000000000000000000 0.000000000000000000 0.000000000000000000 11 0.000000000000000000
neuron 1 1.000000000000000000 0.000000000000000000 0.000000000000000000 0.000000000000000000 11 0.000000000000000000
neuron 1 1.000000000000000000 0.000000000000000000 0.000000000000000000 0.000000000000000000 11 0.000000000000000000
neuron 1 1.000000000000000000 0.000000000000000000 0.000000000000000000 0.000000000000000000 11 0.000000000000000000
neuron 1 1.000000000000000000 0.000000000000000000 0.000000000000000000 0.000000000000000000 11 0.000000000000000000
neuron 1 1.000000000000000000 0.000000000000000000 0.000000000000000000 0.000000000000000000 11 0.000000000000000000
neuron 1 1.000000000000000000 0.000000000000000000 0.000000000000000000 0.000000000000000000 11 0.000000000000000000
neuron 2 1.000000000000000000 0.000000000000000000 0.000000000000000000 0.000000000000000000 11 0.000000000000000000
neuron 4 1.000000000000000000 0.000000000000000000 0.000000000000000000 0.000000000000000000 1 0.000000000000000000
neuron 4 1.000000000000000000 0.000000000000000000 0.000000000000000000 0.000000000000000000 1 0.000000000000000000
neuron 4 1.000000000000000000 0.000000000000000000 0.000000000000000000 0.000000000000000000 1 0.000000000000000000
neuron 4 1.000000000000000000 0.000000000000000000 0.000000000000000000 0.000000000000000000 1 0.000000000000000000
neuron 4 1.000000000000000000 0.000000000000000000 0.000000000000000000 0.000000000000000000 1 0.000000000000000000
neuron 4 1.000000000000000000 0.000000000000000000 0.000000000000000000 0.000000000000000000 1 0.000000000000000000
neuron 3 1.000000000000000000 0.000000000000000000 0.000000000000000000 0.000000000000000000 0 0.000000000000000000
neuron 3 1.000000000000000000 0.000000000000000000 0.000000000000000000 0.000000000000000000 0 0.000000000000000000
neuron 3 1.000000000000000000 0.000000000000000000 0.000000000000000000 0.000000000000000000 0 0.000000000000000000
neuron 3 1.000000000000000000 0.000000000000000000 0.000000000000000000 0.000000000000000000 0 0.000000000000000000
neuron 3 1.000000000000000000 0.000000000000000000 0.000000000000000000 0.000000000000000000 0 0.000000000000000000
neuron 3 1.000000000000000000 0.000000000000000000 0.000000000000000000 0.000000000000000000 0 0.000000000000000000
neuron 3 1.000000000000000000 0.000000000000000000 0.000000000000000000 0.000000000000000000 0 0.000000000000000000
neuron 3 1.000000000000000000 0.000000000000000000 0.000000000000000000 0.000000000000000000 0 0.000000000000000000
neuron 3 1.000000000000000000 0.000000000000000000 0.000000000000000000 0.000000000000000000 0 0.000000000000000000
neuron 3 1.000000000000000000 0.000000000000000000 0.000000000000000000 0.000000000000000000 0 0.000000000000000000
neuron 3 1.000000000000000000 0.000000000000000000 0.000000000000000000 0.000000000000000000 0 0.000000000000000000
neuron 3 1.000000000000000000 0.000000000000000000 0.000000000000000000 0.000000000000000000 0 0.000000000000000000
neuron 3 1.000000000000000000 0.000000000000000000 0.000000000000000000 0.000000000000000000 0 0.000000000000000000
neuron 3 1.000000000000000000 0.000000000000000000 0.000000000000000000 0.000000000000000000 0 0.000000000000000000
neuron 3 1.000000000000000000 0.000000000000000000 0.000000000000000000 0.000000000000000000 0 0.000000000000000000
neuron 3 1.000000000000000000 0.000000000000000000 0.000000000000000000 0.000000000000000000 0 0.000000000000000000
neuron 3 1.000000000000000000 0.000000000000000000 0.000000000000000000 0.000000000000000000 0 0.000000000000000000
neuron 3 1.000000000000000000 0.000000000000000000 0.000000000000000000 0.000000000000000000 0 0.000000000000000000
neuron 3 1.000000000000000000 0.000000000000000000 0.000000000000000000 0.000000000000000000 0 0.000000000000000000
neuron 3 1.000000000000000000 0.000000000000000000 0.000000000000000000 0.000000000000000000 0 0.000000000000000000
neuron 3 1.000000000000000000 0.000000000000000000 0.000000000000000000 0.000000000000000000 0 0.000000000000000000
neuron 3 1.000000000000000000 0.000000000000000000 0.000000000000000000 0.000000000000000000 0 0.000000000000000000
neuron 3 1.000000000000000000 0.000000000000000000 0.000000000000000000 0.000000000000000000 0 0.000000000000000000
neuron 3 1.000000000000000000 0.000000000000000000 0.000000000000000000 0.000000000000000000 0 0.000000000000000000
neuron 3 1.000000000000000000 0.000000000000000000 0.000000000000000000 0.000000000000000000 0 0.000000000000000000
neuron 3 1.000000000000000000 0.000000000000000000 0.000000000000000000 0.000000000000000000 0 0.000000000000000000
neuron 3 1.000000000000000000 0.000000000000000000 0.000000000000000000 0.000000000000000000 0 0.000000000000000000
neuron 3 1.000000000000000000 0.000000000000000000 0.000000000000000000 0.000000000000000000 0 0.000000000000000000
neuron 3 1.000000000000000000 0.000000000000000000 0.000000000000000000 0.000000000000000000 0 0.000000000000000000
neuron 3 1.000000000000000000 0.000000000000000000 0.000000000000000000 0.000000000000000000 0 0.000000000000000000
neuron 3 1.000000000000000000 0.000000000000000000 0.000000000000000000 0.000000000000000000 0 0.000000000000000000
neuron 3 1.000000000000000000 0.000000000000000000 0.000000000000000000 0.000000000000000000 0 0.000000000000000000
neuron 3 1.000000000000000000 0.000000000000000000 0.000000000000000000 0.000000000000000000 0 0.000000000000000000
neuron 3 1.000000000000000000 0.000000000000000000 0.000000000000000000 0.000000000000000000 0 0.000000000000000000
neuron 3 1.000000000000000000 0.000000000000000000 0.000000000000000000 0.000000000000000000 0 0.000000000000000000
neuron 3 1.000000000000000000 0.000000000000000000 0.000000000000000000 0.000000000000000000 0 0.000000000000000000
neuron 3 1.000000000000000000 0.000000000000000000 0.000000000000000000 0.000000000000000000 0 0.000000000000000000
neuron 3 1.000000000000000000 0.000000000000000000 0.000000000000000000 0.000000000000000000 0 0.000000000000000000
neuron 3 1.000000000000000000 0.000000000000000000 0.000000000000000000 0.000000000000000000 0 0.000000000000000000
neuron 3 1.000000000000000000 0.000000000000000000 0.000000000000000000 0.000000000000000000 0 0.000000000000000000
neuron 3 1.000000000000000000 0.000000000000000000 0.000000000000000000 0.000000000000000000 0 0.000000000000000000
neuron 3 1.000000000000000000 0.000000000000000000 0.000000000000000000 0.000000000000000000 0 0.000000000000000000
neuron 3 1.000000000000000000 0.000000000000000000 0.000000000000000000 0.000000000000000000 0 0.000000000000000000
neuron 3 1.000000000000000000 0.000000000000000000 0.000000000000000000 0.000000000000000000 0 0.000000000000000000
neuron 3 1.000000000000000000 0.000000000000000000 0.000000000000000000 0.000000000000000000 0 0.000000000000000000
neuron 3 1.000000000000000000 0.000000000000000000 0.000000000000000000 0.000000000000000000 0 0.000000000000000000
neuron 3 1.000000000000000000 0.000000000000000000 0.000000000000000000 0.000000000000000000 0 0.000000000000000000
neuron 3 1.000000000000000000 0.000000000000000000 0.000000000000000000 0.000000000000000000 0 0.000000000000000000
neuron 3 1.000000000000000000 0.000000000000000000 0.000000000000000000 0.000000000000000000 0 0.000000000000000000
neuron 3 1.000000000000000000 0.000000000000000000 0.000000000000000000 0.000000000000000000 0 0.000000000000000000
neuron 3 1.000000000000000000 0.000000000000000000 0.000000000000000000 0.000000000000000000 0 0.000000000000000000
neuron 3 1.000000000000000000 0.000000000000000000 0.000000000000000000 0.000000000000000000 0 0.000000000000000000
neuron 3 1.000000000000000000 0.000000000000000000 0.000000000000000000 0.000000000000000000 0 0.000000000000000000
neuron 3 1.000000000000000000 0.000000000000000000 0.000000000000000000 0.000000000000000000 0 0.000000000000000000
neuron 3 1.000000000000000000 0.000000000000000000 0.000000000000000000 0.000000000000000000 0 0.000000000000000000
neuron 3 1.000000000000000000 0.000000000000000000 0.000000000000000000 0.000000000000000000 0 0.000000000000000000
neuron 3 1.000000000000000000 0.000000000000000000 0.000000000000000000 0.000000000000000000 0 0.000000000000000000
neuron 3 1.000000000000000000 0.000000000000000000 0.000000000000000000 0.000000000000000000 0 0.000000000000000000
neuron 3 1.000000000000000000 0.000000000000000000 0.000000000000000000 0.000000000000000000 0 0.000000000000000000
neuron 3 1.000000000000000000 0.000000000000000000 0.000000000000000000 0.000000000000000000 0 0.000000000000000000
neuron 3 1.000000000000000000 0.000000000000000000 0.000000000000000000 0.000000000000000000 0 0.000000000000000000
neuron 3 1.000000000000000000 0.000000000000000000 0.000000000000000000 0.000000000000000000 0 0.000000000000000000
neuron 3 1.000000000000000000 0.000000000000000000 0.000000000000000000 0.000000000000000000 0 0.000000000000000000
neuron 3 1.000000000000000000 0.000000000000000000 0.000000000000000000 0.000000000000000000 0 0.000000000000000000
neuron 3 1.000000000000000000 0.000000000000000000 0.000000000000000000 0.000000000000000000 0 0.000000000000000000
neuron 3 1.000000000000000000 0.000000000000000000 0.000000000000000000 0.000000000000000000 0 0.000000000000000000
neuron 3 1.000000000000000000 0.000000000000000000 0.000000000000000000 0.000000000000000000 0 0.000000000000000000
neuron 3 1.000000000000000000 0.000000000000000000 0.000000000000000000 0.000000000000000000 0 0.000000000000000000
neuron 3 1.000000000000000000 0.000000000000000000 0.000000000000000000 0.000000000000000000 0 0.000000000000000000
neuron 3 1.000000000000000000 0.000000000000000000 0.000000000000000000 0.000000000000000000 0 0.000000000000000000
neuron 3 1.000000000000000000 0.000000000000000000 0.000000000000000000 0.000000000000000000 0 0.000000000000000000
neuron 3 1.000000000000000000 0.000000000000000000 0.000000000000000000 0.000000000000000000 0 0.000000000000000000
neuron 3 1.000000000000000000 0.000000000000000000 0.000000000000000000 0.000000000000000000 0 0.000000000000000000
neuron 3 1.000000000000000000 0.000000000000000000 0.000000000000000000 0.000000000000000000 0 0.000000000000000000
neuron 3 1.000000000000000000 0.000000000000000000 0.000000000000000000 0.000000000000000000 0 0.000000000000000000
neuron 3 1.000000000000000000 0.000000000000000000 0.000000000000000000 0.000000000000000000 0 0.000000000000000000
neuron 3 1.000000000000000000 0.000000000000000000 0.000000000000000000 0.000000000000000000 0 0.000000000000000000
neuron 3 1.000000000000000000 0.000000000000000000 0.000000000000000000 0.000000000000000000 0 0.000000000000000000
neuron 3 1.000000000000000000 0.000000000000000000 0.000000000000000000 0.000000000000000000 0 0.000000000000000000
neuron 3 1.000000000000000000 0.000000000000000000 0.000000000000000000 0.000000000000000000 0 0.000000000000000000
neuron 3 1.000000000000000000 0.000000000000000000 0.000000000000000000 0.000000000000000000 0 0.000000000000000000
neuron 3 1.000000000000000000 0.000000000000000000 0.000000000000000000 0.000000000000000000 0 0.000000000000000000
neuron 3 1.000000000000000000 0.000000000000000000 0.000000000000000000 0.000000000000000000 0 0.000000000000000000
connection 0 18 3.008673220881212806 0 0.000000000000000000 0.000000000000000000
connection 0 19 5.101106746004597348 0 0.000000000000000000 0.000000000000000000
connection 0 20 7.999479899606289912 0 0.000000000000000000 0.000000000000000000
connection 0 21 5.290358247071294429 0 0.000000000000000000 0.000000000000000000
connection 0 22 7.047738075761876608 0 0.000000000000000000 0.000000000000000000
connection 0 23 7.747442273859395101 0 0.000000000000000000 0.000000000000000000
connection 0 24 5.108789862300877616 0 0.000000000000000000 0.000000000000000000
connection 0 25 -1.060779362213321475 0 0.000000000000000000 0.000000000000000000
connection 0 26 3.552357930327630253 0 0.000000000000000000 0.000000000000000000
connection 0 27 0.631019438071855565 0 0.000000000000000000 0.000000000000000000
connection 0 28 -2.656269938407216369 0 0.000000000000000000 0.000000000000000000
connection 0 29 7.999666303909942933 0 0.000000000000000000 0.000000000000000000
connection 0 30 7.955445219157542880 0 0.000000000000000000 0.000000000000000000
connection 0 31 6.136724427294450557 0 0.000000000000000000 0.000000000000000000
connection 0 32 1.812523513794868535 0 0.000000000000000000 0.000000000000000000
connection 0 33 7.751123848046341358 0 0.000000000000000000 0.000000000000000000
connection 1 18 2.776786221233235263 0 0.000000000000000000 0.000000000000000000
connection 1 19 4.562401782578012543 0 0.000000000000000000 0.000000000000000000
connection 1 20 7.918023416446774654 0 0.000000000000000000 0.000000000000000000
connection 1 21 4.539724733636115950 0 0.000000000000000000 0.000000000000000000
connection 1 22 7.412409554252344712 0 0.000000000000000000 0.000000000000000000
connection 1 23 7.578521956525037240 0 0.000000000000000000 0.000000000000000000
connection 1 24 4.691441232003174200 0 0.000000000000000000 0.000000000000000000
connection 1 25 -1.696336170384288522 0 0.000000000000000000 0.000000000000000000
connection 1 26 3.057008538847375334 0 0.000000000000000000 0.000000000000000000
connection 1 34 -7.800835969545759419 0 0.000000000000000000 0.000000000000000000
connection 1 29 7.902758192511359248 0 0.000000000000000000 0.000000000000000000
connection 1 30 7.999935778837235389 0 0.000000000000000000 0.000000000000000000
connection 1 31 5.758663366934536398 0 0.000000000000000000 0.000000000000000000
connection 1 32 1.268682911328043783 0 0.000000000000000000 0.000000000000000000
connection 1 35 -0.553084268548555968 0 0.000000000000000000 0.000000000000000000
connection 1 36 7.992074863402054419 0 0.000000000000000000 0.000000000000000000
connection 1 37 7.751642205728556334 0 0.000000000000000000 0.000000000000000000
connection 1 38 4.345276199521977745 0 0.000000000000000000 0.000000000000000000
connection 1 39 7.248198941826899500 0 0.000000000000000000 0.000000000000000000
connection 2 18 2.429810762919661471 0 0.000000000000000000 0.000000000000000000
connection 2 19 3.906339400933060535 0 0.000000000000000000 0.000000000000000000
connection 2 20 7.622388186312753611 0 0.000000000000000000 0.000000000000000000
connection 2 21 3.654811394645742340 0 0.000000000000000000 0.000000000000000000
connection 2 22 7.719805509724257497 0 0.000000000000000000 0.000000000000000000
connection 2 23 7.351116557420109388 0 0.000000000000000000 0.000000000000000000
connection 2 24 4.244795235742689243 0 0.000000000000000000 0.000000000000000000
connection 2 25 -2.295169925614389594 0 0.000000000000000000 0.000000000000000000
connection 2 26 2.552545968458113546 0 0.000000000000000000 0.000000000000000000
connection 2 27 -0.589076804904844153 0 0.000000000000000000 0.000000000000000000
connection 2 34 -7.943737089284270247 0 0.000000000000000000 0.000000000000000000
connection 2 40 -7.807560608153631954 0 0.000000000000000000 0.000000000000000000
connection 2 29 7.569185343899639484 0 0.000000000000000000 0.000000000000000000
connection 2 30 7.955632117401590264 0 0.000000000000000000 0.000000000000000000
connection 2 31 5.344537624586881641 0 0.000000000000000000 0.000000000000000000
connection 2 32 0.738405911926540703 0 0.000000000000000000 0.000000000000000000
connection 2 35 -1.076646945891629459 0 0.000000000000000000 0.000000000000000000
connection 2 36 7.864218935322187853 0 0.000000000000000000 0.000000000000000000
connection 2 37 7.516757741677090543 0 0.000000000000000000 0.000000000000000000
connection 2 38 3.881579646399401451 0 0.000000000000000000 0.000000000000000000
connection 2 39 6.907060757872489631 0 0.000000000000000000 0.000000000000000000
connection 3 18 1.967998995712202381 0 0.000000000000000000 0.000000000000000000
connection 3 19 3.131939777658994561 0 0.000000000000000000 0.000000000000000000
connection 3 20 7.087648150007822778 0 0.000000000000000000 0.000000000000000000
connection 3 21 2.645790426768035886 0 0.000000000000000000 0.000000000000000000
connection 3 22 7.928301912383941108 0 0.000000000000000000 0.000000000000000000
connection 3 23 7.062064493227100392 0 0.000000000000000000 0.000000000000000000
connection 3 24 3.778508335781623817 0 0.000000000000000000 0.000000000000000000
connection 3 25 -2.846208241467959699 0 0.000000000000000000 0.000000000000000000
connection 3 26 2.050595954777423735 0 0.000000000000000000 0.000000000000000000
connection 3 27 -1.164283442533274204 0 0.000000000000000000 0.000000000000000000
connection 3 34 -7.998307205306029566 0 0.000000000000000000 0.000000000000000000
connection 3 29 6.983308012733642656 0 0.000000000000000000 0.000000000000000000
connection 3 30 7.805406961268886334 0 0.000000000000000000 0.000000000000000000
connection 3 31 4.901902213555022314 0 0.000000000000000000 0.000000000000000000
connection 3 32 0.232976141677006088 0 0.000000000000000000 0.000000000000000000
connection 3 35 -1.556232488983626316 0 0.000000000000000000 0.000000000000000000
connection 3 36 7.568866911640949269 0 0.000000000000000000 0.000000000000000000
connection 3 37 7.194732044656422687 0 0.000000000000000000 0.000000000000000000
connection 3 38 3.412147625240304905 0 0.000000000000000000 0.000000000000000000
connection 3 39 6.498595240977725673 0 0.000000000000000000 0.000000000000000000
connection 4 18 1.394284108202826111 0 0.000000000000000000 0.000000000000000000
connection 4 19 2.245144100089755845 0 0.000000000000000000 0.000000000000000000
connection 4 20 6.307054504366725212 0 0.000000000000000000 0.000000000000000000
connection 4 21 1.533121108143844724 0 0.000000000000000000 0.000000000000000000
connection 4 22 7.999806851692911280 0 0.000000000000000000 0.000000000000000000
connection 4 23 6.711452562709131264 0 0.000000000000000000 0.000000000000000000
connection 4 24 3.302819127877919314 0 0.000000000000000000 0.000000000000000000
connection 4 26 1.562028577867186074 0 0.000000000000000000 0.000000000000000000
connection 4 27 -1.700280449528221771 0 0.000000000000000000 0.000000000000000000
connection 4 34 -7.980311136919360671 0 0.000000000000000000 0.000000000000000000
connection 4 41 3.547893267895579239 0 0.000000000000000000 0.000000000000000000
connection 4 42 6.198912385201532871 0 0.000000000000000000 0.000000000000000000
connection 4 43 7.357593828426820082 0 0.000000000000000000 0.000000000000000000
connection 4 44 6.092462373353628280 0 0.000000000000000000 0.000000000000000000
connection 4 30 7.538127299247151747 0 0.000000000000000000 0.000000000000000000
connection 4 31 4.439216494763906340 0 0.000000000000000000 0.000000000000000000
connection 4 32 -0.238212989586775920 0 0.000000000000000000 0.000000000000000000
connection 4 35 -1.985461556925070870 0 0.000000000000000000 0.000000000000000000
connection 4 36 7.100417315439244703 0 0.000000000000000000 0.000000000000000000
connection 4 37 6.785853047351900535 0 0.000000000000000000 0.000000000000000000
connection 4 38 2.946100072433501804 0 0.000000000000000000 0.000000000000000000
connection 4 39 6.028148755257797475 0 0.000000000000000000 0.000000000000000000
connection 5 18 0.715579503718872800 0 0.000000000000000000 0.000000000000000000
connection 5 19 1.259919936014630037 0 0.000000000000000000 0.000000000000000000
connection 5 45 2.606128959460938699 0 0.000000000000000000 0.000000000000000000
connection 5 46 5.334811905380780317 0 0.000000000000000000 0.000000000000000000
connection 5 47 7.158374232046802454 0 0.000000000000000000 0.000000000000000000
connection 5 48 5.249647313925097869 0 0.000000000000000000 0.000000000000000000
connection 5 21 0.346820244801404720 0 0.000000000000000000 0.000000000000000000
connection 5 22 7.903410891300282515 0 0.000000000000000000 0.000000000000000000
connection 5 23 6.302449107509062287 0 0.000000000000000000 0.000000000000000000
connection 5 24 2.827847097901334816 0 0.000000000000000000 0.000000000000000000
connection 5 26 1.096361624817370206 0 0.000000000000000000 0.000000000000000000
connection 5 27 -2.188290005271238847 0 0.000000000000000000 0.000000000000000000
connection 5 49 -7.818053430368535395 0 0.000000000000000000 0.000000000000000000
connection 5 34 -7.906288359871784799 0 0.000000000000000000 0.000000000000000000
connection 5 41 2.188313777435623830 0 0.000000000000000000 0.000000000000000000
connection 5 42 5.148658489602144783 0 0.000000000000000000 0.000000000000000000
connection 5 43 6.760388678017011266 0 0.000000000000000000 0.000000000000000000
connection 5 44 5.029976385161092800 0 0.000000000000000000 0.000000000000000000
connection 5 30 7.149397903177552749 0 0.000000000000000000 0.000000000000000000
connection 5 31 3.965169710573610118 0 0.000000000000000000 0.000000000000000000
connection 5 32 -0.667957824020905422 0 0.000000000000000000 0.000000000000000000
connection 5 35 -2.360438484751652410 0 0.000000000000000000 0.000000000000000000
connection 5 36 6.464275211481088412 0 0.000000000000000000 0.000000000000000000
connection 5 37 6.294731937089152574 0 0.000000000000000000 0.000000000000000000
connection 5 38 2.491538152554505725 0 0.000000000000000000 0.000000000000000000
connection 5 39 5.503510652294972161 0 0.000000000000000000 0.000000000000000000
connection 6 45 1.277776963580775638 0 0.000000000000000000 0.000000000000000000
connection 6 46 4.138792123117545962 0 0.000000000000000000 0.000000000000000000
connection 6 47 6.418449231356529339 0 0.000000000000000000 0.000000000000000000
connection 6 48 4.025272011309124487 0 0.000000000000000000 0.000000000000000000
connection 6 21 -0.875621151030051448 0 0.000000000000000000 0.000000000000000000
connection 6 50 1.893172605276651987 0 0.000000000000000000 0.000000000000000000
connection 6 51 4.360389755178179172 0 0.000000000000000000 0.000000000000000000
connection 6 52 6.679560813312507506 0 0.000000000000000000 0.000000000000000000
connection 6 53 4.251047581250686491 0 0.000000000000000000 0.000000000000000000
connection 6 54 7.765967393976778155 0 0.000000000000000000 0.000000000000000000
connection 6 55 7.304183773508335697 0 0.000000000000000000 0.000000000000000000
connection 6 56 5.342737792385871209 0 0.000000000000000000 0.000000000000000000
connection 6 57 -0.911229597705622840 0 0.000000000000000000 0.000000000000000000
connection 6 58 3.953640142643052524 0 0.000000000000000000 0.000000000000000000
connection 6 59 7.396206183777856324 0 0.000000000000000000 0.000000000000000000
connection 6 23 5.840839244333347224 0 0.000000000000000000 0.000000000000000000
connection 6 24 2.362949025887303822 0 0.000000000000000000 0.000000000000000000
connection 6 26 0.661343761898702698 0 0.000000000000000000 0.000000000000000000
connection 6 27 -2.622293581319237177 0 0.000000000000000000 0.000000000000000000
connection 6 49 -7.925581073261382059 0 0.000000000000000000 0.000000000000000000
connection 6 34 -7.792358168537398377 0 0.000000000000000000 0.000000000000000000
connection 6 41 0.753605094608867265 0 0.000000000000000000 0.000000000000000000
connection 6 42 3.910512846854766078 0 0.000000000000000000 0.000000000000000000
connection 6 43 5.980389135766722042 0 0.000000000000000000 0.000000000000000000
connection 6 44 3.792847191730039036 0 0.000000000000000000 0.000000000000000000
connection 6 30 6.641635664452068433 0 0.000000000000000000 0.000000000000000000
connection 6 31 3.488052216229275082 0 0.000000000000000000 0.000000000000000000
connection 6 32 -1.051322031356118014 0 0.000000000000000000 0.000000000000000000
connection 6 35 -2.679487579814924914 0 0.000000000000000000 0.000000000000000000
connection 6 36 5.676033461192501406 0 0.000000000000000000 0.000000000000000000
connection 6 37 5.729606676819133604 0 0.000000000000000000 0.000000000000000000
connection 6 38 2.055144667851223517 0 0.000000000000000000 0.000000000000000000
connection 6 39 4.934095193793065270 0 0.000000000000000000 0.000000000000000000
connection 7 18 -0.903248757899793309 0 0.000000000000000000 0.000000000000000000
connection 7 46 2.789449882726771968 0 0.000000000000000000 0.000000000000000000
connection 7 47 5.468385916129356872 0 0.000000000000000000 0.000000000000000000
connection 7 48 2.656115983510369816 0 0.000000000000000000 0.000000000000000000
connection 7 50 0.653385768127144662 0 0.000000000000000000 0.000000000000000000
connection 7 51 3.100945015541150873 0 0.000000000000000000 0.000000000000000000
connection 7 52 5.752644494727554125 0 0.000000000000000000 0.000000000000000000
connection 7 53 2.938546002291843262 0 0.000000000000000000 0.000000000000000000
connection 7 54 7.343139533736429136 0 0.000000000000000000 0.000000000000000000
connection 7 55 6.896080258266325202 0 0.000000000000000000 0.000000000000000000
connection 7 56 4.883713589094010210 0 0.000000000000000000 0.000000000000000000
connection 7 57 -1.343902745281814859 0 0.000000000000000000 0.000000000000000000
connection 7 58 3.484393049591919755 0 0.000000000000000000 0.000000000000000000
connection 7 59 6.858606888202530172 0 0.000000000000000000 0.000000000000000000
connection 7 23 5.334354305874538404 0 0.000000000000000000 0.000000000000000000
connection 7 24 1.916203948418664815 0 0.000000000000000000 0.000000000000000000
connection 7 26 0.262734354011038007 0 0.000000000000000000 0.000000000000000000
connection 7 27 -2.998878141286715149 0 0.000000000000000000 0.000000000000000000
connection 7 49 -7.981498672499129476 0 0.000000000000000000 0.000000000000000000
connection 7 41 -0.695110683301728538 0 0.000000000000000000 0.000000000000000000
connection 7 42 2.538846586826494889 0 0.000000000000000000 0.000000000000000000
connection 7 43 5.042051179596342969 0 0.000000000000000000 0.000000000000000000
connection 7 44 2.435740083932861122 0 0.000000000000000000 0.000000000000000000
connection 7 30 6.023499569749817262 0 0.000000000000000000 0.000000000000000000
connection 7 31 3.015238509383642906 0 0.000000000000000000 0.000000000000000000
connection 7 32 -1.385531165424784827 0 0.000000000000000000 0.000000000000000000
connection 7 35 -2.942783487450506108 0 0.000000000000000000 0.000000000000000000
connection 7 33 4.731642512836997660 0 0.000000000000000000 0.000000000000000000
connection 8 18 -1.802632073398521939 0 0.000000000000000000 0.000000000000000000
connection 8 46 1.345689014855796950 0 0.000000000000000000 0.000000000000000000
connection 8 47 4.344105088210384658 0 0.000000000000000000 0.000000000000000000
connection 8 48 1.203943996487547130 0 0.000000000000000000 0.000000000000000000
connection 8 51 1.727266891159671136 0 0.000000000000000000 0.000000000000000000
connection 8 52 4.617049594498593201 0 0.000000000000000000 0.000000000000000000
connection 8 53 1.521031983346263106 0 0.000000000000000000 0.000000000000000000
connection 8 54 6.704076989578266144 0 0.000000000000000000 0.000000000000000000
connection 8 55 6.395076739244612618 0 0.000000000000000000 0.000000000000000000
connection 8 56 4.405353255732961770 0 0.000000000000000000 0.000000000000000000
connection 8 57 -1.725998680698525689 0 0.000000000000000000 0.000000000000000000
connection 8 58 3.019384268485982403 0 0.000000000000000000 0.000000000000000000
connection 8 59 6.159299901423761270 0 0.000000000000000000 0.000000000000000000
connection 8 23 4.791902931566005108 0 0.000000000000000000 0.000000000000000000
connection 8 24 1.494065023106549317 0 0.000000000000000000 0.000000000000000000
connection 8 49 -7.999710904153489288 0 0.000000000000000000 0.000000000000000000
connection 8 42 1.095885743110957877 0 0.000000000000000000 0.000000000000000000
connection 8 43 3.978645987183199839 0 0.000000000000000000 0.000000000000000000
connection 8 44 1.019003785804062368 0 0.000000000000000000 0.000000000000000000
connection 8 30 5.308795832854671382 0 0.000000000000000000 0.000000000000000000
connection 8 31 2.552819654090358714 0 0.000000000000000000 0.000000000000000000
connection 8 32 -1.669740743023891971 0 0.000000000000000000 0.000000000000000000
connection 8 35 -3.151948773286699090 0 0.000000000000000000 0.000000000000000000
connection 8 33 4.075463994697317460 0 0.000000000000000000 0.000000000000000000
connection 9 18 -2.726642429154567004 0 0.000000000000000000 0.000000000000000000
connection 9 47 3.092378918380302100 0 0.000000000000000000 0.000000000000000000
connection 9 48 -0.266249724807553767 0 0.000000000000000000 0.000000000000000000
connection 9 51 0.295620669078776765 0 0.000000000000000000 0.000000000000000000
connection 9 52 3.320507698983166112 0 0.000000000000000000 0.000000000000000000
connection 9 54 5.863734054796221784 0 0.000000000000000000 0.000000000000000000
connection 9 55 5.809719768969470621 0 0.000000000000000000 0.000000000000000000
connection 9 56 3.916058372909985597 0 0.000000000000000000 0.000000000000000000
connection 9 57 -2.055147723886984856 0 0.000000000000000000 0.000000000000000000
connection 9 58 2.565715576926378638 0 0.000000000000000000 0.000000000000000000
connection 9 59 5.317468345472740943 0 0.000000000000000000 0.000000000000000000
connection 9 23 4.222807336463346495 0 0.000000000000000000 0.000000000000000000
connection 9 24 1.101184979163802424 0 0.000000000000000000 0.000000000000000000
connection 9 26 -0.412258944176126796 0 0.000000000000000000 0.000000000000000000
connection 9 49 -7.992965719870261943 0 0.000000000000000000 0.000000000000000000
connection 9 42 -0.354924205659569170 0 0.000000000000000000 0.000000000000000000
connection 9 43 2.828837039875559345 0 0.000000000000000000 0.000000000000000000
connection 9 44 -0.397480908683434553 0 0.000000000000000000 0.000000000000000000
connection 9 30 4.515042567437290266 0 0.000000000000000000 0.000000000000000000
connection 9 31 2.105395083027603143 0 0.000000000000000000 0.000000000000000000
connection 9 32 -1.904737302169365210 0 0.000000000000000000 0.000000000000000000
connection 9 33 3.393879669397337207 0 0.000000000000000000 0.000000000000000000
connection 10 52 1.921249672076992487 0 0.000000000000000000 0.000000000000000000
connection 10 60 2.024670208915709591 0 0.000000000000000000 0.000000000000000000
connection 10 61 4.948193483658285707 0 0.000000000000000000 0.000000000000000000
connection 10 62 5.735505285395902320 0 0.000000000000000000 0.000000000000000000
connection 10 63 4.743980962508943300 0 0.000000000000000000 0.000000000000000000
connection 10 55 5.151871919507635234 0 0.000000000000000000 0.000000000000000000
connection 10 56 3.423624136435551080 0 0.000000000000000000 0.000000000000000000
connection 10 57 -2.330901874433984222 0 0.000000000000000000 0.000000000000000000
connection 10 58 2.129014536076302644 0 0.000000000000000000 0.000000000000000000
connection 10 59 4.359638866510455735 0 0.000000000000000000 0.000000000000000000
connection 10 23 3.636128924349093960 0 0.000000000000000000 0.000000000000000000
connection 10 24 0.740397044744111277 0 0.000000000000000000 0.000000000000000000
connection 10 26 -0.686749317854951968 0 0.000000000000000000 0.000000000000000000
connection 10 49 -7.972256568313874858 0 0.000000000000000000 0.000000000000000000
connection 10 43 1.633093978595047568 0 0.000000000000000000 0.000000000000000000
connection 10 30 3.661902807914786173 0 0.000000000000000000 0.000000000000000000
connection 10 31 1.676011783932218391 0 0.000000000000000000 0.000000000000000000
connection 10 32 -2.092623613661680704 0 0.000000000000000000 0.000000000000000000
connection 10 33 2.697632696495228188 0 0.000000000000000000 0.000000000000000000
connection 11 52 0.481642830000490352 0 0.000000000000000000 0.000000000000000000
connection 11 60 0.562736129560095888 0 0.000000000000000000 0.000000000000000000
connection 11 61 3.783263653282887606 0 0.000000000000000000 0.000000000000000000
connection 11 62 4.987974606504018027 0 0.000000000000000000 0.000000000000000000
connection 11 63 3.618682408198845568 0 0.000000000000000000 0.000000000000000000
connection 11 55 4.435558210324477280 0 0.000000000000000000 0.000000000000000000
connection 11 56 2.934794753116027444 0 0.000000000000000000 0.000000000000000000
connection 11 57 -2.554383951062016767 0 0.000000000000000000 0.000000000000000000
connection 11 58 1.713286928975162882 0 0.000000000000000000 0.000000000000000000
connection 11 59 3.317027569315247781 0 0.000000000000000000 0.000000000000000000
connection 11 23 3.040139133087046641 0 0.000000000000000000 0.000000000000000000
connection 11 24 0.412818190690513454 0 0.000000000000000000 0.000000000000000000
connection 11 26 -0.920586789926755911 0 0.000000000000000000 0.000000000000000000
connection 11 49 -7.946490942728006601 0 0.000000000000000000 0.000000000000000000
connection 11 43 0.430422980219900164 0 0.000000000000000000 0.000000000000000000
connection 11 30 2.769679717257061302 0 0.000000000000000000 0.000000000000000000
connection 11 31 1.266224792053212145 0 0.000000000000000000 0.000000000000000000
connection 11 32 -2.236524632615964681 0 0.000000000000000000 0.000000000000000000
connection 11 33 1.996297152361884208 0 0.000000000000000000 0.000000000000000000
connection 18 19 -1.225620057129079843 0 0.000000000000000000 0.000000000000000000
connection 18 46 -1.574550126465372069 0 0.000000000000000000 0.000000000000000000
connection 18 47 -4.797611556708499592 0 0.000000000000000000 0.000000000000000000
connection 18 48 -2.121553159202847372 0 0.000000000000000000 0.000000000000000000
connection 18 21 1.842106153597185880 0 0.000000000000000000 0.000000000000000000
connection 18 68 -1.370711544849793961 0 0.000000000000000000 0.000000000000000000
connection 18 60 -2.342511576804030327 0 0.000000000000000000 0.000000000000000000
connection 18 61 -3.889791442672444255 0 0.000000000000000000 0.000000000000000000
connection 18 62 -6.720046219693767142 0 0.000000000000000000 0.000000000000000000
connection 18 63 -4.936033450244618592 0 0.000000000000000000 0.000000000000000000
connection 18 69 -3.817781480833435825 0 0.000000000000000000 0.000000000000000000
connection 18 70 -5.983731685434655390 0 0.000000000000000000 0.000000000000000000
connection 18 71 -7.878352363271943659 0 0.000000000000000000 0.000000000000000000
connection 18 72 -6.863502575957244112 0 0.000000000000000000 0.000000000000000000
connection 18 41 0.379333254115498397 0 0.000000000000000000 0.000000000000000000
connection 18 42 -2.862952065275719882 0 0.000000000000000000 0.000000000000000000
connection 18 43 -6.477294226974393609 0 0.000000000000000000 0.000000000000000000
connection 18 44 -3.658997121535613850 0 0.000000000000000000 0.000000000000000000
connection 18 30 -7.681865558811523442 0 0.000000000000000000 0.000000000000000000
connection 18 33 -7.991188148243941747 0 0.000000000000000000 0.000000000000000000
connection 19 18 3.838919096936427078 0 0.000000000000000000 0.000000000000000000
connection 19 73 2.423244638297736397 0 0.000000000000000000 0.000000000000000000
connection 19 68 3.681279483425833998 0 0.000000000000000000 0.000000000000000000
connection 19 54 1.413588957341679331 0 0.000000000000000000 0.000000000000000000
connection 19 55 -1.561195553163250205 0 0.000000000000000000 0.000000000000000000
connection 19 56 -4.833811887995375756 0 0.000000000000000000 0.000000000000000000
connection 19 57 -7.529958895428553234 0 0.000000000000000000 0.000000000000000000
connection 19 58 -5.610102752291817652 0 0.000000000000000000 0.000000000000000000
connection 19 70 1.840642586198292685 0 0.000000000000000000 0.000000000000000000
connection 19 71 -2.212585265748707286 0 0.000000000000000000 0.000000000000000000
connection 19 72 1.780278187118901734 0 0.000000000000000000 0.000000000000000000
connection 19 74 -7.865603926535038148 0 0.000000000000000000 0.000000000000000000
connection 19 31 -3.642740346010456154 0 0.000000000000000000 0.000000000000000000
connection 19 32 -6.711871218292571051 0 0.000000000000000000 0.000000000000000000
connection 19 35 -6.675705805340739651 0 0.000000000000000000 0.000000000000000000
connection 19 37 0.971110374507518581 0 0.000000000000000000 0.000000000000000000
connection 19 38 -3.704639374274292685 0 0.000000000000000000 0.000000000000000000
connection 19 39 0.798392125156350829 0 0.000000000000000000 0.000000000000000000
connection 20 79 -1.646189855293614279 0 0.000000000000000000 0.000000000000000000
connection 20 73 -1.510025844555905383 0 0.000000000000000000 0.000000000000000000
connection 20 80 1.920624762380847672 0 0.000000000000000000 0.000000000000000000
connection 20 81 1.706986755807382128 0 0.000000000000000000 0.000000000000000000
connection 20 68 0.798984089005283948 0 0.000000000000000000 0.000000000000000000
connection 20 55 -1.871174736240427183 0 0.000000000000000000 0.000000000000000000
connection 20 56 -4.636018365089372928 0 0.000000000000000000 0.000000000000000000
connection 20 57 -7.412179274561170317 0 0.000000000000000000 0.000000000000000000
connection 20 58 -5.552843046959401008 0 0.000000000000000000 0.000000000000000000
connection 20 69 2.747154184002532418 0 0.000000000000000000 0.000000000000000000
connection 20 70 0.768486935580342201 0 0.000000000000000000 0.000000000000000000
connection 20 71 -2.572126100151172157 0 0.000000000000000000 0.000000000000000000
connection 20 72 0.759122747881857296 0 0.000000000000000000 0.000000000000000000
connection 20 82 -7.253796221118432364 0 0.000000000000000000 0.000000000000000000
connection 20 37 -0.305712434836483637 0 0.000000000000000000 0.000000000000000000
connection 20 38 -4.880240338538245126 0 0.000000000000000000 0.000000000000000000
connection 20 39 -0.649527394935335844 0 0.000000000000000000 0.000000000000000000
connection 21 79 -5.321262198187797665 0 0.000000000000000000 0.000000000000000000
connection 21 73 -4.025048813145073012 0 0.000000000000000000 0.000000000000000000
connection 21 80 -1.643532244746433779 0 0.000000000000000000 0.000000000000000000
connection 21 81 -2.285106645080266841 0 0.000000000000000000 0.000000000000000000
connection 21 20 -1.918484757808106789 0 0.000000000000000000 0.000000000000000000
connection 21 68 -1.880526842666271348 0 0.000000000000000000 0.000000000000000000
connection 21 69 -3.396660694699069616 0 0.000000000000000000 0.000000000000000000
connection 21 70 -5.343676789472135091 0 0.000000000000000000 0.000000000000000000
connection 21 71 -7.646292564744030962 0 0.000000000000000000 0.000000000000000000
connection 21 72 -6.372926406738474547 0 0.000000000000000000 0.000000000000000000
connection 21 41 -0.345571941675220484 0 0.000000000000000000 0.000000000000000000
connection 21 42 -2.869238505190162325 0 0.000000000000000000 0.000000000000000000
connection 21 43 -6.283805480847447278 0 0.000000000000000000 0.000000000000000000
connection 21 44 -3.724446880421333095 0 0.000000000000000000 0.000000000000000000
connection 21 33 -7.989988977681470317 0 0.000000000000000000 0.000000000000000000
connection 22 19 6.022795794787704438 0 0.000000000000000000 0.000000000000000000
connection 22 49 0.961009952990233507 0 0.000000000000000000 0.000000000000000000
connection 22 88 1.092606395725844060 0 0.000000000000000000 0.000000000000000000
connection 22 89 -2.928760293197340658 0 0.000000000000000000 0.000000000000000000
connection 22 90 -5.209032785843318969 0 0.000000000000000000 0.000000000000000000
connection 22 91 -2.270592586552525827 0 0.000000000000000000 0.000000000000000000
connection 22 92 5.570640880744536005 0 0.000000000000000000 0.000000000000000000
connection 34 18 0.629208402284814783 0 0.000000000000000000 0.000000000000000000
connection 34 19 3.906676529497366435 0 0.000000000000000000 0.000000000000000000
connection 34 20 7.494204593660684033 0 0.000000000000000000 0.000000000000000000
connection 34 88 4.937037961757952509 0 0.000000000000000000 0.000000000000000000
connection 34 89 0.378552495966415048 0 0.000000000000000000 0.000000000000000000
connection 34 90 -3.791166861629339024 0 0.000000000000000000 0.000000000000000000
connection 34 91 0.396323817003216783 0 0.000000000000000000 0.000000000000000000
connection 34 92 5.691007130700810102 0 0.000000000000000000 0.000000000000000000
connection 23 19 2.843338536735723565 0 0.000000000000000000 0.000000000000000000
connection 23 51 1.243830471133188231 0 0.000000000000000000 0.000000000000000000
connection 23 52 4.301948993929162413 0 0.000000000000000000 0.000000000000000000
connection 23 54 2.882791955848653664 0 0.000000000000000000 0.000000000000000000
connection 23 56 1.809031468789861208 0 0.000000000000000000 0.000000000000000000
connection 23 57 -1.961581092585511721 0 0.000000000000000000 0.000000000000000000
connection 23 58 1.836526042483117571 0 0.000000000000000000 0.000000000000000000
connection 23 24 1.657752463255622200 0 0.000000000000000000 0.000000000000000000
connection 23 25 -3.169138702389588058 0 0.000000000000000000 0.000000000000000000
connection 23 26 1.371177412854979183 0 0.000000000000000000 0.000000000000000000
connection 23 27 -2.611771120506866772 0 0.000000000000000000 0.000000000000000000
connection 23 49 -7.856792206221908437 0 0.000000000000000000 0.000000000000000000
connection 23 93 -6.440630885669706096 0 0.000000000000000000 0.000000000000000000
connection 23 34 -7.871465770281744767 0 0.000000000000000000 0.000000000000000000
connection 23 28 -3.548880678623437479 0 0.000000000000000000 0.000000000000000000
connection 23 94 -6.671822764397250083 0 0.000000000000000000 0.000000000000000000
connection 23 40 -7.900605239991160822 0 0.000000000000000000 0.000000000000000000
connection 23 95 -6.705831659661381394 0 0.000000000000000000 0.000000000000000000
connection 23 32 1.075971526933442668 0 0.000000000000000000 0.000000000000000000
connection 23 35 0.858223768674142296 0 0.000000000000000000 0.000000000000000000
connection 24 18 4.011062901820706017 0 0.000000000000000000 0.000000000000000000
connection 24 21 7.470726632842406900 0 0.000000000000000000 0.000000000000000000
connection 24 25 4.429536323264050779 0 0.000000000000000000 0.000000000000000000
connection 24 49 -4.600801819344931154 0 0.000000000000000000 0.000000000000000000
connection 24 93 -0.262514547087568828 0 0.000000000000000000 0.000000000000000000
connection 24 34 -7.090493524541828130 0 0.000000000000000000 0.000000000000000000
connection 24 28 4.265844470268606692 0 0.000000000000000000 0.000000000000000000
connection 24 94 -0.442835755252617091 0 0.000000000000000000 0.000000000000000000
connection 24 40 -4.485304776473177490 0 0.000000000000000000 0.000000000000000000
connection 24 95 -0.432918263111323309 0 0.000000000000000000 0.000000000000000000
connection 24 92 6.785026757661134056 0 0.000000000000000000 0.000000000000000000
connection 62 73 -2.076908066194257607 0 0.000000000000000000 0.000000000000000000
connection 62 80 1.315615354346220789 0 0.000000000000000000 0.000000000000000000
connection 62 81 -2.727622096006590446 0 0.000000000000000000 0.000000000000000000
connection 62 45 1.200388123062479773 0 0.000000000000000000 0.000000000000000000
connection 62 46 5.423119510680272093 0 0.000000000000000000 0.000000000000000000
connection 62 47 7.852686990174993831 0 0.000000000000000000 0.000000000000000000
connection 62 48 5.610373642788957227 0 0.000000000000000000 0.000000000000000000
connection 62 22 7.800204976597870044 0 0.000000000000000000 0.000000000000000000
connection 62 74 7.962713275868715357 0 0.000000000000000000 0.000000000000000000
connection 62 92 7.929316470814252504 0 0.000000000000000000 0.000000000000000000
connection 25 18 3.836658345244234880 0 0.000000000000000000 0.000000000000000000
connection 25 25 3.792743195348906138 0 0.000000000000000000 0.000000000000000000
connection 25 49 -5.037916647010983517 0 0.000000000000000000 0.000000000000000000
connection 25 93 -0.897453571972821385 0 0.000000000000000000 0.000000000000000000
connection 25 34 -7.415904158696814186 0 0.000000000000000000 0.000000000000000000
connection 25 28 3.621652209927567423 0 0.000000000000000000 0.000000000000000000
connection 25 94 -1.178620379067051083 0 0.000000000000000000 0.000000000000000000
connection 25 40 -5.188904943990706009 0 0.000000000000000000 0.000000000000000000
connection 25 95 -1.267037593623114633 0 0.000000000000000000 0.000000000000000000
connection 25 92 7.194120140414120179 0 0.000000000000000000 0.000000000000000000
connection 26 19 0.995791974684974712 0 0.000000000000000000 0.000000000000000000
connection 26 50 -0.825047500438071069 0 0.000000000000000000 0.000000000000000000
connection 26 51 -0.747801649401731217 0 0.000000000000000000 0.000000000000000000
connection 26 52 2.628312075025733385 0 0.000000000000000000 0.000000000000000000
connection 26 53 2.492927864684164163 0 0.000000000000000000 0.000000000000000000
connection 26 54 1.393505313287500380 0 0.000000000000000000 0.000000000000000000
connection 26 55 3.291844784753540143 0 0.000000000000000000 0.000000000000000000
connection 26 56 1.236092365146058913 0 0.000000000000000000 0.000000000000000000
connection 26 57 -2.164587810658886280 0 0.000000000000000000 0.000000000000000000
connection 26 58 1.295864607899674281 0 0.000000000000000000 0.000000000000000000
connection 26 24 1.113887391774910363 0 0.000000000000000000 0.000000000000000000
connection 26 25 -3.527261907926163786 0 0.000000000000000000 0.000000000000000000
connection 26 26 0.790170264626512076 0 0.000000000000000000 0.000000000000000000
connection 26 27 -2.875868208462943443 0 0.000000000000000000 0.000000000000000000
connection 26 49 -7.888325789429857515 0 0.000000000000000000 0.000000000000000000
connection 26 93 -6.591706376163565473 0 0.000000000000000000 0.000000000000000000
connection 26 34 -7.787099889286155374 0 0.000000000000000000 0.000000000000000000
connection 26 28 -4.022317181548348053 0 0.000000000000000000 0.000000000000000000
connection 26 94 -6.909846166720550187 0 0.000000000000000000 0.000000000000000000
connection 26 40 -7.971507463615246536 0 0.000000000000000000 0.000000000000000000
connection 26 95 -7.037746304502424444 0 0.000000000000000000 0.000000000000000000
connection 26 29 7.985053628078133237 0 0.000000000000000000 0.000000000000000000
connection 26 32 0.431151182315843040 0 0.000000000000000000 0.000000000000000000
connection 30 18 -3.525270454598112391 0 0.000000000000000000 0.000000000000000000
connection 30 79 -5.013335717933684599 0 0.000000000000000000 0.000000000000000000
connection 30 73 -4.797476143611359767 0 0.000000000000000000 0.000000000000000000
connection 30 80 -1.490624085571207624 0 0.000000000000000000 0.000000000000000000
connection 30 81 -2.110852447473167803 0 0.000000000000000000 0.000000000000000000
connection 30 20 2.364650641528069919 0 0.000000000000000000 0.000000000000000000
connection 30 50 -4.106498462275132155 0 0.000000000000000000 0.000000000000000000
connection 30 51 -3.100883559147498136 0 0.000000000000000000 0.000000000000000000
connection 30 52 -0.419593398816983210 0 0.000000000000000000 0.000000000000000000
connection 30 53 -0.809421241026058613 0 0.000000000000000000 0.000000000000000000
connection 30 54 -1.020957604249000061 0 0.000000000000000000 0.000000000000000000
connection 30 55 -1.991596137800965671 0 0.000000000000000000 0.000000000000000000
connection 30 56 -4.241053466102357561 0 0.000000000000000000 0.000000000000000000
connection 30 57 -7.127564027311907857 0 0.000000000000000000 0.000000000000000000
connection 30 58 -5.245858248074180885 0 0.000000000000000000 0.000000000000000000
connection 30 82 -7.472036151625270683 0 0.000000000000000000 0.000000000000000000
connection 30 37 -1.259813649251945611 0 0.000000000000000000 0.000000000000000000
connection 30 38 -5.580594580529949944 0 0.000000000000000000 0.000000000000000000
connection 30 39 -1.784974553908430517 0 0.000000000000000000 0.000000000000000000
connection 27 19 4.832974006631346242 0 0.000000000000000000 0.000000000000000000
connection 27 22 7.952191811608491534 0 0.000000000000000000 0.000000000000000000
connection 27 49 3.066209199153198561 0 0.000000000000000000 0.000000000000000000
connection 27 88 2.948418519143756633 0 0.000000000000000000 0.000000000000000000
connection 27 89 -1.566799031860572233 0 0.000000000000000000 0.000000000000000000
connection 27 90 -4.737849769186684767 0 0.000000000000000000 0.000000000000000000
connection 27 91 -1.227212528449267204 0 0.000000000000000000 0.000000000000000000
connection 27 40 2.919761241796954732 0 0.000000000000000000 0.000000000000000000
connection 27 92 5.159617271807253935 0 0.000000000000000000 0.000000000000000000
connection 28 18 0.804377240594245313 0 0.000000000000000000 0.000000000000000000
connection 28 21 4.879870236781489012 0 0.000000000000000000 0.000000000000000000
connection 28 50 -2.729614754845731905 0 0.000000000000000000 0.000000000000000000
connection 28 51 -2.617739662582021065 0 0.000000000000000000 0.000000000000000000
connection 28 52 0.863453468746739228 0 0.000000000000000000 0.000000000000000000
connection 28 53 0.528076005601118670 0 0.000000000000000000 0.000000000000000000
connection 28 60 -2.077444804361819219 0 0.000000000000000000 0.000000000000000000
connection 28 61 -1.334034719507309008 0 0.000000000000000000 0.000000000000000000
connection 28 62 0.997591137806107087 0 0.000000000000000000 0.000000000000000000
connection 28 63 1.120438455803914435 0 0.000000000000000000 0.000000000000000000
connection 28 55 2.357027941093059908 0 0.000000000000000000 0.000000000000000000
connection 28 56 0.699230324749365639 0 0.000000000000000000 0.000000000000000000
connection 28 57 -2.294137735689730562 0 0.000000000000000000 0.000000000000000000
connection 28 58 0.803266802534887359 0 0.000000000000000000 0.000000000000000000
connection 28 59 4.176280550667995861 0 0.000000000000000000 0.000000000000000000
connection 28 24 0.629581359389358219 0 0.000000000000000000 0.000000000000000000
connection 28 25 -3.781195871134749531 0 0.000000000000000000 0.000000000000000000
connection 28 26 0.276587148957239126 0 0.000000000000000000 0.000000000000000000
connection 28 27 -3.048899815331406415 0 0.000000000000000000 0.000000000000000000
connection 28 49 -7.896254376847378076 0 0.000000000000000000 0.000000000000000000
connection 28 93 -6.666008221288143965 0 0.000000000000000000 0.000000000000000000
connection 28 34 -7.716490099796830648 0 0.000000000000000000 0.000000000000000000
connection 28 97 -7.187091758258302931 0 0.000000000000000000 0.000000000000000000
connection 28 29 7.905500118360593298 0 0.000000000000000000 0.000000000000000000
connection 28 35 -0.526160094505642384 0 0.000000000000000000 0.000000000000000000
connection 28 38 4.150426272751223777 0 0.000000000000000000 0.000000000000000000
connection 29 18 -7.052224724145611745 0 0.000000000000000000 0.000000000000000000
connection 29 79 -6.764108358955503775 0 0.000000000000000000 0.000000000000000000
connection 29 73 -5.511870185618301221 0 0.000000000000000000 0.000000000000000000
connection 29 80 -2.773765299772934956 0 0.000000000000000000 0.000000000000000000
connection 29 81 -3.966699011583123546 0 0.000000000000000000 0.000000000000000000
connection 29 20 -1.997289433256833169 0 0.000000000000000000 0.000000000000000000
connection 29 21 -1.620675717858282905 0 0.000000000000000000 0.000000000000000000
connection 29 68 -2.467982589718354713 0 0.000000000000000000 0.000000000000000000
connection 29 69 -2.976319254351002197 0 0.000000000000000000 0.000000000000000000
connection 29 70 -4.615094266998761796 0 0.000000000000000000 0.000000000000000000
connection 29 72 -5.718277305189142012 0 0.000000000000000000 0.000000000000000000
connection 29 41 -0.923505444327343050 0 0.000000000000000000 0.000000000000000000
connection 29 42 -2.718859406297967407 0 0.000000000000000000 0.000000000000000000
connection 29 43 -5.876006291487473554 0 0.000000000000000000 0.000000000000000000
connection 29 44 -3.548201237370472771 0 0.000000000000000000 0.000000000000000000
connection 31 18 -6.840861101867326433 0 0.000000000000000000 0.000000000000000000
connection 31 19 -6.102233516865116947 0 0.000000000000000000 0.000000000000000000
connection 31 20 -0.460511428069524942 0 0.000000000000000000 0.000000000000000000
connection 31 50 -5.934927350002926261 0 0.000000000000000000 0.000000000000000000
connection 31 51 -4.645132304442946669 0 0.000000000000000000 0.000000000000000000
connection 31 52 -2.036743928163925244 0 0.000000000000000000 0.000000000000000000
connection 31 53 -2.920441893617512275 0 0.000000000000000000 0.000000000000000000
connection 31 54 -2.057269106276795156 0 0.000000000000000000 0.000000000000000000
connection 31 55 -3.089964914941254914 0 0.000000000000000000 0.000000000000000000
connection 31 56 -4.939630503419689234 0 0.000000000000000000 0.000000000000000000
connection 31 57 -7.445637046246393886 0 0.000000000000000000 0.000000000000000000
connection 31 58 -6.011288333151682650 0 0.000000000000000000 0.000000000000000000
connection 31 59 -1.787310140569928096 0 0.000000000000000000 0.000000000000000000
connection 31 29 1.728332063423362541 0 0.000000000000000000 0.000000000000000000
connection 31 82 -7.961401637448773272 0 0.000000000000000000 0.000000000000000000
connection 31 36 -0.905918713506609241 0 0.000000000000000000 0.000000000000000000
connection 31 37 -4.271633620780048268 0 0.000000000000000000 0.000000000000000000
connection 31 38 -7.289648355972884630 0 0.000000000000000000 0.000000000000000000
connection 31 39 -5.068433887232875357 0 0.000000000000000000 0.000000000000000000
connection 63 79 1.195667136195159186 0 0.000000000000000000 0.000000000000000000
connection 63 73 4.088910055762298157 0 0.000000000000000000 0.000000000000000000
connection 63 80 6.764832753170476387 0 0.000000000000000000 0.000000000000000000
connection 63 81 4.164818640636776870 0 0.000000000000000000 0.000000000000000000
connection 63 20 7.975090149846924881 0 0.000000000000000000 0.000000000000000000
connection 63 98 6.668588469670559959 0 0.000000000000000000 0.000000000000000000
connection 63 89 1.169540918673942276 0 0.000000000000000000 0.000000000000000000
connection 63 90 -1.656551358171621802 0 0.000000000000000000 0.000000000000000000
connection 63 97 6.986522670039232885 0 0.000000000000000000 0.000000000000000000
connection 63 92 6.137464345474456628 0 0.000000000000000000 0.000000000000000000
connection 32 18 -3.859107088067966096 0 0.000000000000000000 0.000000000000000000
connection 32 19 -4.591648761183463989 0 0.000000000000000000 0.000000000000000000
connection 32 20 1.805186535181607654 0 0.000000000000000000 0.000000000000000000
connection 32 50 -5.310359450669899672 0 0.000000000000000000 0.000000000000000000
connection 32 51 -4.484049675960788406 0 0.000000000000000000 0.000000000000000000
connection 32 52 -1.280108872945047382 0 0.000000000000000000 0.000000000000000000
connection 32 53 -2.071043466466629734 0 0.000000000000000000 0.000000000000000000
connection 32 54 -1.542032147370809625 0 0.000000000000000000 0.000000000000000000
connection 32 55 -0.794226648076432840 0 0.000000000000000000 0.000000000000000000
connection 32 56 -2.605372504463542072 0 0.000000000000000000 0.000000000000000000
connection 32 57 -5.785401441526329513 0 0.000000000000000000 0.000000000000000000
connection 32 58 -3.411001273097707731 0 0.000000000000000000 0.000000000000000000
connection 32 59 0.756414296216263993 0 0.000000000000000000 0.000000000000000000
connection 32 31 -2.646757029457838861 0 0.000000000000000000 0.000000000000000000
connection 32 32 -5.942416717025701622 0 0.000000000000000000 0.000000000000000000
connection 32 35 -6.462193052271135940 0 0.000000000000000000 0.000000000000000000
connection 32 37 1.430038934056250266 0 0.000000000000000000 0.000000000000000000
connection 32 38 -3.269235909701271758 0 0.000000000000000000 0.000000000000000000
connection 32 39 1.137369732021734636 0 0.000000000000000000 0.000000000000000000
connection 33 18 -7.815516458482885120 0 0.000000000000000000 0.000000000000000000
connection 33 79 -7.590409522799673958 0 0.000000000000000000 0.000000000000000000
connection 33 73 -6.620889974262096800 0 0.000000000000000000 0.000000000000000000
connection 33 80 -3.869795113651339324 0 0.000000000000000000 0.000000000000000000
connection 33 81 -5.353480430381641675 0 0.000000000000000000 0.000000000000000000
connection 33 20 -2.145816162501958946 0 0.000000000000000000 0.000000000000000000
connection 33 21 -3.132063296495676941 0 0.000000000000000000 0.000000000000000000
connection 33 68 -3.167954984517717509 0 0.000000000000000000 0.000000000000000000
connection 33 69 -2.652997085134536803 0 0.000000000000000000 0.000000000000000000
connection 33 72 -4.959576964426780421 0 0.000000000000000000 0.000000000000000000
connection 33 41 -1.441537452768598682 0 0.000000000000000000 0.000000000000000000
connection 33 42 -2.521469959412565576 0 0.000000000000000000 0.000000000000000000
connection 33 43 -5.295884126246352075 0 0.000000000000000000 0.000000000000000000
connection 33 44 -3.231847693218436124 0 0.000000000000000000 0.000000000000000000
connection 35 18 -7.497307636564942257 0 0.000000000000000000 0.000000000000000000
connection 35 19 -6.872783277775590172 0 0.000000000000000000 0.000000000000000000
connection 35 20 -1.333543143804281961 0 0.000000000000000000 0.000000000000000000
connection 35 50 -6.629672617075660135 0 0.000000000000000000 0.000000000000000000
connection 35 51 -5.383940118695122123 0 0.000000000000000000 0.000000000000000000
connection 35 52 -2.633201956710979008 0 0.000000000000000000 0.000000000000000000
connection 35 53 -3.776949021442668197 0 0.000000000000000000 0.000000000000000000
connection 35 54 -2.385950126908218838 0 0.000000000000000000 0.000000000000000000
connection 35 55 -2.905615648983187693 0 0.000000000000000000 0.000000000000000000
connection 35 56 -4.580166673081885520 0 0.000000000000000000 0.000000000000000000
connection 35 58 -5.676638920244251985 0 0.000000000000000000 0.000000000000000000
connection 35 59 -1.862704632152611062 0 0.000000000000000000 0.000000000000000000
connection 35 29 1.002351842522724246 0 0.000000000000000000 0.000000000000000000
connection 35 36 -1.155369186670986537 0 0.000000000000000000 0.000000000000000000
connection 35 37 -4.232857687080130660 0 0.000000000000000000 0.000000000000000000
connection 35 38 -7.247358108301696689 0 0.000000000000000000 0.000000000000000000
connection 35 39 -5.098821967769724850 0 0.000000000000000000 0.000000000000000000
connection 36 18 -7.597367443567907941 0 0.000000000000000000 0.000000000000000000
connection 36 79 -7.160900700521325213 0 0.000000000000000000 0.000000000000000000
connection 36 73 -5.865061311825990664 0 0.000000000000000000 0.000000000000000000
connection 36 80 -3.211083290501753229 0 0.000000000000000000 0.000000000000000000
connection 36 81 -4.568137402347227649 0 0.000000000000000000 0.000000000000000000
connection 36 21 -2.696687281136352254 0 0.000000000000000000 0.000000000000000000
connection 36 41 -2.121805438464198001 0 0.000000000000000000 0.000000000000000000
connection 36 42 -3.548982656699888327 0 0.000000000000000000 0.000000000000000000
connection 36 43 -6.414758340820379878 0 0.000000000000000000 0.000000000000000000
connection 36 44 -4.544553435046377210 0 0.000000000000000000 0.000000000000000000
connection 37 18 -7.650430041630175815 0 0.000000000000000000 0.000000000000000000
connection 37 19 -6.095578935358540562 0 0.000000000000000000 0.000000000000000000
connection 37 20 -1.657026032278334782 0 0.000000000000000000 0.000000000000000000
connection 37 68 -3.311943729075017107 0 0.000000000000000000 0.000000000000000000
connection 37 69 -2.184170654969699310 0 0.000000000000000000 0.000000000000000000
connection 37 70 -3.284452763054120261 0 0.000000000000000000 0.000000000000000000
connection 37 71 -6.048133824711611872 0 0.000000000000000000 0.000000000000000000
connection 37 72 -4.221610406209629573 0 0.000000000000000000 0.000000000000000000
connection 37 41 -0.369003457865582862 0 0.000000000000000000 0.000000000000000000
connection 37 42 -1.472809217636564361 0 0.000000000000000000 0.000000000000000000
connection 37 43 -4.183821374274766747 0 0.000000000000000000 0.000000000000000000
connection 37 44 -1.832222638889666078 0 0.000000000000000000 0.000000000000000000
connection 37 33 -7.411399073631771195 0 0.000000000000000000 0.000000000000000000
connection 52 19 6.907990238911242642 0 0.000000000000000000 0.000000000000000000
connection 52 21 7.840207494773542507 0 0.000000000000000000 0.000000000000000000
connection 52 49 -2.574089025253845531 0 0.000000000000000000 0.000000000000000000
connection 52 93 1.971338478630104252 0 0.000000000000000000 0.000000000000000000
connection 52 88 -2.254011139255712504 0 0.000000000000000000 0.000000000000000000
connection 52 89 -5.536683826698380884 0 0.000000000000000000 0.000000000000000000
connection 52 90 -6.927938626048762316 0 0.000000000000000000 0.000000000000000000
connection 52 91 -4.890705429999462339 0 0.000000000000000000 0.000000000000000000
connection 52 94 1.981957259439536490 0 0.000000000000000000 0.000000000000000000
connection 52 40 -1.710693448821974716 0 0.000000000000000000 0.000000000000000000
connection 52 92 6.208269998633036302 0 0.000000000000000000 0.000000000000000000
connection 58 79 2.641917194922256407 0 0.000000000000000000 0.000000000000000000
connection 58 73 4.597556090570972920 0 0.000000000000000000 0.000000000000000000
connection 58 80 6.730132252984621921 0 0.000000000000000000 0.000000000000000000
connection 58 81 4.888597603464251762 0 0.000000000000000000 0.000000000000000000
connection 58 20 7.992294471679469936 0 0.000000000000000000 0.000000000000000000
connection 58 49 3.744047927880565396 0 0.000000000000000000 0.000000000000000000
connection 58 88 3.631065522872916951 0 0.000000000000000000 0.000000000000000000
connection 58 89 -0.657112446282674512 0 0.000000000000000000 0.000000000000000000
connection 58 90 -3.791975021052908623 0 0.000000000000000000 0.000000000000000000
connection 58 91 -0.255478627500340838 0 0.000000000000000000 0.000000000000000000
connection 58 92 5.278446406143793013 0 0.000000000000000000 0.000000000000000000
connection 38 18 -7.906639835028949292 0 0.000000000000000000 0.000000000000000000
connection 38 19 -6.677948079830715145 0 0.000000000000000000 0.000000000000000000
connection 38 20 -1.975582942570378586 0 0.000000000000000000 0.000000000000000000
connection 38 68 -3.823548299632521630 0 0.000000000000000000 0.000000000000000000
connection 38 29 -1.702289427828989732 0 0.000000000000000000 0.000000000000000000
connection 39 18 -7.829107322953743342 0 0.000000000000000000 0.000000000000000000
connection 39 79 -7.485749484115024721 0 0.000000000000000000 0.000000000000000000
connection 39 81 -5.117403325142958259 0 0.000000000000000000 0.000000000000000000
connection 39 21 -3.219673160350132068 0 0.000000000000000000 0.000000000000000000
connection 39 41 -2.144225267417467773 0 0.000000000000000000 0.000000000000000000
connection 39 42 -3.290233440025060574 0 0.000000000000000000 0.000000000000000000
connection 39 43 -6.074784263756728642 0 0.000000000000000000 0.000000000000000000
connection 39 44 -4.229770555854099001 0 0.000000000000000000 0.000000000000000000
connection 50 57 -0.267613503922256024 0 0.000000000000000000 0.000000000000000000
connection 50 24 4.185134273165297181 0 0.000000000000000000 0.000000000000000000
connection 50 25 -0.685911934399408452 0 0.000000000000000000 0.000000000000000000
connection 50 26 4.013950184548094491 0 0.000000000000000000 0.000000000000000000
connection 50 27 -0.561056651187481936 0 0.000000000000000000 0.000000000000000000
connection 50 49 -7.200151622630419190 0 0.000000000000000000 0.000000000000000000
connection 50 93 -4.803661917146266447 0 0.000000000000000000 0.000000000000000000
connection 50 34 -7.852926335362592880 0 0.000000000000000000 0.000000000000000000
connection 50 28 -0.607357000191083407 0 0.000000000000000000 0.000000000000000000
connection 50 94 -4.545936371278849641 0 0.000000000000000000 0.000000000000000000
connection 50 40 -6.545151935356503969 0 0.000000000000000000 0.000000000000000000
connection 50 95 -4.039311325803238262 0 0.000000000000000000 0.000000000000000000
connection 50 32 3.863577027492722138 0 0.000000000000000000 0.000000000000000000
connection 40 18 2.883598526268004392 0 0.000000000000000000 0.000000000000000000
connection 40 19 1.681594348301564068 0 0.000000000000000000 0.000000000000000000
connection 40 51 -0.847524616731967662 0 0.000000000000000000 0.000000000000000000
connection 40 52 2.323922235651040502 0 0.000000000000000000 0.000000000000000000
connection 40 60 -0.940949022403384516 0 0.000000000000000000 0.000000000000000000
connection 40 61 -0.640717378422240524 0 0.000000000000000000 0.000000000000000000
connection 40 62 2.540297277853640789 0 0.000000000000000000 0.000000000000000000
connection 40 63 2.477997941690428974 0 0.000000000000000000 0.000000000000000000
connection 40 99 4.434220011778013948 0 0.000000000000000000 0.000000000000000000
connection 40 25 2.514559820786491873 0 0.000000000000000000 0.000000000000000000
connection 40 27 2.616438543645878578 0 0.000000000000000000 0.000000000000000000
connection 40 49 -5.580078452832407443 0 0.000000000000000000 0.000000000000000000
connection 40 93 -1.892786651191874947 0 0.000000000000000000 0.000000000000000000
connection 40 34 -7.768177537737767757 0 0.000000000000000000 0.000000000000000000
connection 40 28 2.299139806816387299 0 0.000000000000000000 0.000000000000000000
connection 40 94 -2.383805095575889155 0 0.000000000000000000 0.000000000000000000
connection 40 40 -6.198049063205230524 0 0.000000000000000000 0.000000000000000000
connection 40 95 -2.703841058532409747 0 0.000000000000000000 0.000000000000000000
connection 41 18 -6.734621622437487076 0 0.000000000000000000 0.000000000000000000
connection 41 79 -6.214240722423072683 0 0.000000000000000000 0.000000000000000000
connection 41 73 -4.762080102832336514 0 0.000000000000000000 0.000000000000000000
connection 41 80 -2.444872251067927493 0 0.000000000000000000 0.000000000000000000
connection 41 81 -3.380223778607859497 0 0.000000000000000000 0.000000000000000000
connection 41 21 -1.642659081650916786 0 0.000000000000000000 0.000000000000000000
connection 41 69 -3.930879787433881667 0 0.000000000000000000 0.000000000000000000
connection 42 18 -6.456516824237643171 0 0.000000000000000000 0.000000000000000000
connection 42 79 -6.488962232348483461 0 0.000000000000000000 0.000000000000000000
connection 42 73 -5.402842436083326483 0 0.000000000000000000 0.000000000000000000
connection 42 80 -2.459014729743894900 0 0.000000000000000000 0.000000000000000000
connection 42 81 -3.561698201313730383 0 0.000000000000000000 0.000000000000000000
connection 42 20 -1.046514217614420428 0 0.000000000000000000 0.000000000000000000
connection 42 21 -0.549154978762959267 0 0.000000000000000000 0.000000000000000000
connection 42 68 -2.287775038143684547 0 0.000000000000000000 0.000000000000000000
connection 42 69 -2.175620762926250951 0 0.000000000000000000 0.000000000000000000
connection 42 70 -3.824102635553606078 0 0.000000000000000000 0.000000000000000000
connection 42 71 -6.702982528653702587 0 0.000000000000000000 0.000000000000000000
connection 42 72 -4.853872126683696386 0 0.000000000000000000 0.000000000000000000
connection 42 41 0.789356869489482360 0 0.000000000000000000 0.000000000000000000
connection 42 42 -1.160449961737274327 0 0.000000000000000000 0.000000000000000000
connection 42 43 -4.525173976863589687 0 0.000000000000000000 0.000000000000000000
connection 42 44 -1.635950257678939312 0 0.000000000000000000 0.000000000000000000
connection 42 33 -7.582911446742954809 0 0.000000000000000000 0.000000000000000000
connection 43 18 -7.182014528271845499 0 0.000000000000000000 0.000000000000000000
connection 43 79 -7.120942947416522451 0 0.000000000000000000 0.000000000000000000
connection 43 73 -6.139725618285683417 0 0.000000000000000000 0.000000000000000000
connection 43 80 -3.227163871568482278 0 0.000000000000000000 0.000000000000000000
connection 43 81 -4.519553782411469989 0 0.000000000000000000 0.000000000000000000
connection 43 20 -1.350070591178018420 0 0.000000000000000000 0.000000000000000000
connection 43 21 -1.650832870935749153 0 0.000000000000000000 0.000000000000000000
connection 43 68 -2.799790882345694509 0 0.000000000000000000 0.000000000000000000
connection 43 69 -2.168786054278815101 0 0.000000000000000000 0.000000000000000000
connection 43 70 -3.547189811285943684 0 0.000000000000000000 0.000000000000000000
connection 43 71 -6.394694165258019147 0 0.000000000000000000 0.000000000000000000
connection 43 72 -4.543830662881100046 0 0.000000000000000000 0.000000000000000000
connection 43 42 -1.325904448058524920 0 0.000000000000000000 0.000000000000000000
connection 43 43 -4.375865361578712864 0 0.000000000000000000 0.000000000000000000
connection 43 44 -1.753864427001310622 0 0.000000000000000000 0.000000000000000000
connection 43 33 -7.516589470542165863 0 0.000000000000000000 0.000000000000000000
connection 48 18 -2.865726236064021215 0 0.000000000000000000 0.000000000000000000
connection 48 79 -4.148488714342111194 0 0.000000000000000000 0.000000000000000000
connection 48 73 -3.610236814641146097 0 0.000000000000000000 0.000000000000000000
connection 48 80 -0.233656715103515711 0 0.000000000000000000 0.000000000000000000
connection 48 81 -0.791479590420185453 0 0.000000000000000000 0.000000000000000000
connection 48 20 2.350118002867433109 0 0.000000000000000000 0.000000000000000000
connection 48 21 3.513449741865602327 0 0.000000000000000000 0.000000000000000000
connection 48 68 -0.838107274659057211 0 0.000000000000000000 0.000000000000000000
connection 48 54 -1.169045738269164358 0 0.000000000000000000 0.000000000000000000
connection 48 55 -3.646006947879905535 0 0.000000000000000000 0.000000000000000000
connection 48 56 -5.897226766182803281 0 0.000000000000000000 0.000000000000000000
connection 48 57 -7.858329275652436330 0 0.000000000000000000 0.000000000000000000
connection 48 58 -6.775889894160068039 0 0.000000000000000000 0.000000000000000000
connection 48 69 0.560290449903878551 0 0.000000000000000000 0.000000000000000000
connection 48 70 -1.301184591001006252 0 0.000000000000000000 0.000000000000000000
connection 48 71 -4.601239927288014897 0 0.000000000000000000 0.000000000000000000
connection 48 72 -1.795720845643026919 0 0.000000000000000000 0.000000000000000000
connection 48 42 3.718025889423922425 0 0.000000000000000000 0.000000000000000000
connection 48 43 0.653291358287716117 0 0.000000000000000000 0.000000000000000000
connection 48 82 -7.966068507203921456 0 0.000000000000000000 0.000000000000000000
connection 48 36 0.277217726423999222 0 0.000000000000000000 0.000000000000000000
connection 48 37 -3.916734479853798856 0 0.000000000000000000 0.000000000000000000
connection 48 38 -7.106103739541427267 0 0.000000000000000000 0.000000000000000000
connection 48 39 -4.437010646297827599 0 0.000000000000000000 0.000000000000000000
connection 54 79 -2.563858545185824678 0 0.000000000000000000 0.000000000000000000
connection 54 73 0.887073779565519582 0 0.000000000000000000 0.000000000000000000
connection 54 80 4.415511540666117618 0 0.000000000000000000 0.000000000000000000
connection 54 81 0.488851829553851924 0 0.000000000000000000 0.000000000000000000
connection 54 20 7.506810403776412954 0 0.000000000000000000 0.000000000000000000
connection 54 22 7.038649809565755255 0 0.000000000000000000 0.000000000000000000
connection 54 98 6.272191828670968583 0 0.000000000000000000 0.000000000000000000
connection 54 100 7.987138212960547712 0 0.000000000000000000 0.000000000000000000
connection 54 88 6.723944105976058516 0 0.000000000000000000 0.000000000000000000
connection 54 89 4.457660861582215084 0 0.000000000000000000 0.000000000000000000
connection 54 91 4.312545459898643685 0 0.000000000000000000 0.000000000000000000
connection 54 97 7.641003131511035384 0 0.000000000000000000 0.000000000000000000
connection 54 92 7.385734230608044015 0 0.000000000000000000 0.000000000000000000
connection 44 18 -7.239929899790183754 0 0.000000000000000000 0.000000000000000000
connection 44 79 -6.739817677293491904 0 0.000000000000000000 0.000000000000000000
connection 44 73 -5.338739088483360540 0 0.000000000000000000 0.000000000000000000
connection 44 80 -2.816055092815662686 0 0.000000000000000000 0.000000000000000000
connection 44 81 -3.987976730963685768 0 0.000000000000000000 0.000000000000000000
connection 44 21 -2.171585302727602418 0 0.000000000000000000 0.000000000000000000
connection 44 69 -3.610344874245180691 0 0.000000000000000000 0.000000000000000000
connection 44 41 -2.118535165116030239 0 0.000000000000000000 0.000000000000000000
connection 44 42 -3.819414522359187103 0 0.000000000000000000 0.000000000000000000
connection 44 43 -6.715624607530071621 0 0.000000000000000000 0.000000000000000000
connection 44 44 -4.844872090611850979 0 0.000000000000000000 0.000000000000000000
connection 45 79 -2.471714578733286150 0 0.000000000000000000 0.000000000000000000
connection 45 73 -2.013150647635925328 0 0.000000000000000000 0.000000000000000000
connection 45 80 1.265129184211927882 0 0.000000000000000000 0.000000000000000000
connection 45 81 1.004176564606829025 0 0.000000000000000000 0.000000000000000000
connection 45 20 3.306444684822861912 0 0.000000000000000000 0.000000000000000000
connection 45 68 0.292675956401030724 0 0.000000000000000000 0.000000000000000000
connection 45 54 -0.879559821598956293 0 0.000000000000000000 0.000000000000000000
connection 45 55 -3.788697702929502586 0 0.000000000000000000 0.000000000000000000
connection 45 56 -6.144542676922911895 0 0.000000000000000000 0.000000000000000000
connection 45 57 -7.919860447378130885 0 0.000000000000000000 0.000000000000000000
connection 45 58 -6.937488488130710174 0 0.000000000000000000 0.000000000000000000
connection 45 69 1.152683769454791340 0 0.000000000000000000 0.000000000000000000
connection 45 70 -1.130993029560143581 0 0.000000000000000000 0.000000000000000000
connection 45 71 -4.719231096112352475 0 0.000000000000000000 0.000000000000000000
connection 45 72 -1.655914932295459385 0 0.000000000000000000 0.000000000000000000
connection 45 43 1.158331274145900203 0 0.000000000000000000 0.000000000000000000
connection 45 82 -7.940977799546525162 0 0.000000000000000000 0.000000000000000000
connection 45 36 0.824109158409533471 0 0.000000000000000000 0.000000000000000000
connection 45 37 -3.607635190859569629 0 0.000000000000000000 0.000000000000000000
connection 45 38 -6.910235581203330035 0 0.000000000000000000 0.000000000000000000
connection 45 39 -4.014591823418847127 0 0.000000000000000000 0.000000000000000000
connection 47 18 1.375318049603859505 0 0.000000000000000000 0.000000000000000000
connection 47 79 -0.553827140880093549 0 0.000000000000000000 0.000000000000000000
connection 47 73 -0.729134364568315374 0 0.000000000000000000 0.000000000000000000
connection 47 80 2.662541399393144381 0 0.000000000000000000 0.000000000000000000
connection 47 81 2.529080176399400859 0 0.000000000000000000 0.000000000000000000
connection 47 50 -0.503917792098168671 0 0.000000000000000000 0.000000000000000000
connection 47 52 2.496676027053996272 0 0.000000000000000000 0.000000000000000000
connection 47 53 2.734373262168825924 0 0.000000000000000000 0.000000000000000000
connection 47 54 1.102116897667746231 0 0.000000000000000000 0.000000000000000000
connection 47 55 0.212556310768118956 0 0.000000000000000000 0.000000000000000000
connection 47 56 -2.711309687601611174 0 0.000000000000000000 0.000000000000000000
connection 47 57 -6.294114798242654629 0 0.000000000000000000 0.000000000000000000
connection 47 58 -3.524752013757974645 0 0.000000000000000000 0.000000000000000000
connection 47 70 2.610209427851473585 0 0.000000000000000000 0.000000000000000000
connection 47 72 3.148474216222437061 0 0.000000000000000000 0.000000000000000000
connection 47 74 -7.999078183909441364 0 0.000000000000000000 0.000000000000000000
connection 47 31 -1.440906316589881664 0 0.000000000000000000 0.000000000000000000
connection 47 32 -5.399928776236111894 0 0.000000000000000000 0.000000000000000000
connection 47 35 -5.616908003346390288 0 0.000000000000000000 0.000000000000000000
connection 47 37 3.255866998798760736 0 0.000000000000000000 0.000000000000000000
connection 47 38 -1.751899520035018920 0 0.000000000000000000 0.000000000000000000
connection 47 39 3.062313288839694891 0 0.000000000000000000 0.000000000000000000
connection 46 18 3.059354815562709717 0 0.000000000000000000 0.000000000000000000
connection 46 73 1.291913265492557583 0 0.000000000000000000 0.000000000000000000
connection 46 80 4.442107800337022461 0 0.000000000000000000 0.000000000000000000
connection 46 68 3.060619205389428110 0 0.000000000000000000 0.000000000000000000
connection 46 54 2.038787110108509992 0 0.000000000000000000 0.000000000000000000
connection 46 55 0.629467423555968963 0 0.000000000000000000 0.000000000000000000
connection 46 56 -2.655691985755188167 0 0.000000000000000000 0.000000000000000000
connection 46 57 -6.350556144044446683 0 0.000000000000000000 0.000000000000000000
connection 46 58 -3.430085326062456641 0 0.000000000000000000 0.000000000000000000
connection 46 70 3.399802808775866936 0 0.000000000000000000 0.000000000000000000
connection 46 71 0.361578544269034796 0 0.000000000000000000 0.000000000000000000
connection 46 24 -4.137957276787135541 0 0.000000000000000000 0.000000000000000000
connection 46 25 -7.215078151483711899 0 0.000000000000000000 0.000000000000000000
connection 46 26 -4.684086244078797812 0 0.000000000000000000 0.000000000000000000
connection 46 100 -7.979751284232099451 0 0.000000000000000000 0.000000000000000000
connection 46 97 -7.999683638355155502 0 0.000000000000000000 0.000000000000000000
connection 46 31 -0.841808026934495413 0 0.000000000000000000 0.000000000000000000
connection 46 32 -5.015046256579910100 0 0.000000000000000000 0.000000000000000000
connection 46 35 -5.108671658659515558 0 0.000000000000000000 0.000000000000000000
connection 46 37 3.905445181000564592 0 0.000000000000000000 0.000000000000000000
connection 46 38 -1.044501582416704544 0 0.000000000000000000 0.000000000000000000
connection 46 39 3.730942069770646352 0 0.000000000000000000 0.000000000000000000
connection 49 79 -0.685718065348617789 0 0.000000000000000000 0.000000000000000000
connection 49 73 1.770465740371642616 0 0.000000000000000000 0.000000000000000000
connection 49 80 3.949552433675174612 0 0.000000000000000000 0.000000000000000000
connection 49 81 1.207728218647628360 0 0.000000000000000000 0.000000000000000000
connection 49 45 3.996681260176651040 0 0.000000000000000000 0.000000000000000000
connection 49 46 6.558342058053797885 0 0.000000000000000000 0.000000000000000000
connection 49 47 7.992334823468101312 0 0.000000000000000000 0.000000000000000000
connection 49 48 6.930150093412031254 0 0.000000000000000000 0.000000000000000000
connection 49 74 7.770618227451287829 0 0.000000000000000000 0.000000000000000000
connection 49 92 6.636681984559184677 0 0.000000000000000000 0.000000000000000000
connection 51 19 7.112469503763425571 0 0.000000000000000000 0.000000000000000000
connection 51 21 7.841534886274055260 0 0.000000000000000000 0.000000000000000000
connection 51 49 -1.695095741792492783 0 0.000000000000000000 0.000000000000000000
connection 51 93 2.723810320863514711 0 0.000000000000000000 0.000000000000000000
connection 51 88 -1.281622118872435268 0 0.000000000000000000 0.000000000000000000
connection 51 89 -4.693186796863213495 0 0.000000000000000000 0.000000000000000000
connection 51 90 -6.235571651113546388 0 0.000000000000000000 0.000000000000000000
connection 51 91 -3.896513493456575272 0 0.000000000000000000 0.000000000000000000
connection 51 40 -0.682869521260701329 0 0.000000000000000000 0.000000000000000000
connection 51 92 6.356090681360812233 0 0.000000000000000000 0.000000000000000000
connection 53 57 -0.827939644237968286 0 0.000000000000000000 0.000000000000000000
connection 53 24 3.539475136469967698 0 0.000000000000000000 0.000000000000000000
connection 53 25 -1.448082239116851078 0 0.000000000000000000 0.000000000000000000
connection 53 26 3.354985883592019213 0 0.000000000000000000 0.000000000000000000
connection 53 27 -1.218237620788276798 0 0.000000000000000000 0.000000000000000000
connection 53 49 -7.487948126304821983 0 0.000000000000000000 0.000000000000000000
connection 53 93 -5.393893937764526747 0 0.000000000000000000 0.000000000000000000
connection 53 34 -7.977567195555885782 0 0.000000000000000000 0.000000000000000000
connection 53 28 -1.468154930221921450 0 0.000000000000000000 0.000000000000000000
connection 53 94 -5.277233091853975822 0 0.000000000000000000 0.000000000000000000
connection 53 40 -7.105214172435817765 0 0.000000000000000000 0.000000000000000000
connection 53 95 -4.916432763626557012 0 0.000000000000000000 0.000000000000000000
connection 53 32 3.195303389430788066 0 0.000000000000000000 0.000000000000000000
connection 53 35 3.104489114748749667 0 0.000000000000000000 0.000000000000000000
connection 55 79 1.994045565464149128 0 0.000000000000000000 0.000000000000000000
connection 55 73 4.421441383196976105 0 0.000000000000000000 0.000000000000000000
connection 55 80 6.799749983232139527 0 0.000000000000000000 0.000000000000000000
connection 55 81 4.595643651185867817 0 0.000000000000000000 0.000000000000000000
connection 55 20 7.976958541926204127 0 0.000000000000000000 0.000000000000000000
connection 55 49 4.365926674475171687 0 0.000000000000000000 0.000000000000000000
connection 55 89 0.270190975945260536 0 0.000000000000000000 0.000000000000000000
connection 55 90 -2.748094680761356656 0 0.000000000000000000 0.000000000000000000
connection 55 28 7.999899177430492614 0 0.000000000000000000 0.000000000000000000
connection 55 95 6.727136833363320356 0 0.000000000000000000 0.000000000000000000
connection 55 92 5.620255397807842890 0 0.000000000000000000 0.000000000000000000
connection 56 73 -1.018251052101473375 0 0.000000000000000000 0.000000000000000000
connection 56 80 2.130317484056074129 0 0.000000000000000000 0.000000000000000000
connection 56 81 -1.726253727075844013 0 0.000000000000000000 0.000000000000000000
connection 56 45 2.006205997252346940 0 0.000000000000000000 0.000000000000000000
connection 56 46 5.858434390835646433 0 0.000000000000000000 0.000000000000000000
connection 56 47 7.940272210706821099 0 0.000000000000000000 0.000000000000000000
connection 56 48 6.076907476483206949 0 0.000000000000000000 0.000000000000000000
connection 56 22 7.810822221803579879 0 0.000000000000000000 0.000000000000000000
connection 56 74 7.871621413806580314 0 0.000000000000000000 0.000000000000000000
connection 56 92 7.678390343829752496 0 0.000000000000000000 0.000000000000000000
connection 57 79 -2.952388726775792005 0 0.000000000000000000 0.000000000000000000
connection 57 80 2.860461531323752471 0 0.000000000000000000 0.000000000000000000
connection 57 81 -0.701345144818916855 0 0.000000000000000000 0.000000000000000000
connection 57 45 2.763037050456051524 0 0.000000000000000000 0.000000000000000000
connection 57 46 6.195017125654257661 0 0.000000000000000000 0.000000000000000000
connection 57 47 7.979145809185185456 0 0.000000000000000000 0.000000000000000000
connection 57 48 6.454634512806059377 0 0.000000000000000000 0.000000000000000000
connection 57 22 7.869078394099579654 0 0.000000000000000000 0.000000000000000000
connection 57 74 7.788220133676960977 0 0.000000000000000000 0.000000000000000000
connection 57 92 7.323565308256136497 0 0.000000000000000000 0.000000000000000000
connection 59 25 1.568297104698594513 0 0.000000000000000000 0.000000000000000000
connection 59 27 1.815344075824542713 0 0.000000000000000000 0.000000000000000000
connection 59 49 -6.434945535997147914 0 0.000000000000000000 0.000000000000000000
connection 59 93 -3.137997568836093709 0 0.000000000000000000 0.000000000000000000
connection 59 34 -7.736033653230684592 0 0.000000000000000000 0.000000000000000000
connection 59 28 1.408671909125889243 0 0.000000000000000000 0.000000000000000000
connection 59 94 -3.174902241339122355 0 0.000000000000000000 0.000000000000000000
connection 59 40 -6.093045521617320937 0 0.000000000000000000 0.000000000000000000
connection 59 95 -2.960806763382802131 0 0.000000000000000000 0.000000000000000000
connection 59 92 7.540158646590422009 0 0.000000000000000000 0.000000000000000000
connection 60 79 0.280629397686493587 0 0.000000000000000000 0.000000000000000000
connection 60 73 3.609225167189268113 0 0.000000000000000000 0.000000000000000000
connection 60 80 6.631420486686823601 0 0.000000000000000000 0.000000000000000000
connection 60 81 3.608356830117801728 0 0.000000000000000000 0.000000000000000000
connection 60 20 7.988030618151801932 0 0.000000000000000000 0.000000000000000000
connection 60 22 6.327854504293026316 0 0.000000000000000000 0.000000000000000000
connection 60 98 6.809252395179050232 0 0.000000000000000000 0.000000000000000000
connection 60 88 5.109522595168546566 0 0.000000000000000000 0.000000000000000000
connection 60 97 6.963764643679935418 0 0.000000000000000000 0.000000000000000000
connection 60 92 6.750481364527640693 0 0.000000000000000000 0.000000000000000000
connection 61 73 -3.108728542794368277 0 0.000000000000000000 0.000000000000000000
connection 61 80 0.455169312506271684 0 0.000000000000000000 0.000000000000000000
connection 61 81 -3.658077439170458245 0 0.000000000000000000 0.000000000000000000
connection 61 45 0.384123222408057186 0 0.000000000000000000 0.000000000000000000
connection 61 46 4.899371469424918857 0 0.000000000000000000 0.000000000000000000
connection 61 47 7.691621958729026431 0 0.000000000000000000 0.000000000000000000
connection 61 48 5.067064463743651714 0 0.000000000000000000 0.000000000000000000
connection 61 50 0.699917119032150814 0 0.000000000000000000 0.000000000000000000
connection 61 51 4.561483727574854541 0 0.000000000000000000 0.000000000000000000
connection 61 52 7.475729021048413969 0 0.000000000000000000 0.000000000000000000
connection 61 53 4.721557974358559839 0 0.000000000000000000 0.000000000000000000
connection 61 54 7.959493265155423103 0 0.000000000000000000 0.000000000000000000
connection 61 59 7.761520145775423707 0 0.000000000000000000 0.000000000000000000
connection 61 74 7.998837311466253652 0 0.000000000000000000 0.000000000000000000
connection 61 92 7.994812648250153586 0 0.000000000000000000 0.000000000000000000
connection 18 12 -3.427287624654136167 0 0.000000000000000000 0.000000000000000000
connection 79 12 -0.376546362315543615 0 0.000000000000000000 0.000000000000000000
connection 73 12 2.733227744661443470 0 0.000000000000000000 0.000000000000000000
connection 80 12 1.678984195414345182 0 0.000000000000000000 0.000000000000000000
connection 81 12 -0.786573159412487843 0 0.000000000000000000 0.000000000000000000
connection 20 12 -0.742611938535112648 0 0.000000000000000000 0.000000000000000000
connection 21 12 -2.952073099697145153 0 0.000000000000000000 0.000000000000000000
connection 54 12 7.968692865729742003 0 0.000000000000000000 0.000000000000000000
connection 99 12 7.848686349465983092 0 0.000000000000000000 0.000000000000000000
connection 69 12 3.539297460152556862 0 0.000000000000000000 0.000000000000000000
connection 71 12 5.207937373364011968 0 0.000000000000000000 0.000000000000000000
connection 72 12 1.977867658266250217 0 0.000000000000000000 0.000000000000000000
connection 23 12 0.387862120723351078 0 0.000000000000000000 0.000000000000000000
connection 24 12 3.510225458650250374 0 0.000000000000000000 0.000000000000000000
connection 25 12 1.613403866741819570 0 0.000000000000000000 0.000000000000000000
connection 26 12 -1.148883288166635985 0 0.000000000000000000 0.000000000000000000
connection 100 12 6.696865139025996783 0 0.000000000000000000 0.000000000000000000
connection 88 12 3.290954847390454852 0 0.000000000000000000 0.000000000000000000
connection 89 12 5.926157389499609351 0 0.000000000000000000 0.000000000000000000
connection 90 12 4.755468622925258515 0 0.000000000000000000 0.000000000000000000
connection 91 12 1.341869052954505870 0 0.000000000000000000 0.000000000000000000
connection 97 12 -2.494876477148300520 0 0.000000000000000000 0.000000000000000000
connection 18 13 -7.520075496544304627 0 0.000000000000000000 0.000000000000000000
connection 79 13 -4.780859034962579024 0 0.000000000000000000 0.000000000000000000
connection 73 13 -0.321370016859168661 0 0.000000000000000000 0.000000000000000000
connection 80 13 -0.634034242139572490 0 0.000000000000000000 0.000000000000000000
connection 81 13 -4.598939452337401868 0 0.000000000000000000 0.000000000000000000
connection 45 13 -4.377242866559277523 0 0.000000000000000000 0.000000000000000000
connection 46 13 -0.889512407193537191 0 0.000000000000000000 0.000000000000000000
connection 47 13 -1.098592230965062422 0 0.000000000000000000 0.000000000000000000
connection 48 13 -4.127230568382382003 0 0.000000000000000000 0.000000000000000000
connection 21 13 -7.024098551525931100 0 0.000000000000000000 0.000000000000000000
connection 22 13 7.916527189429093170 0 0.000000000000000000 0.000000000000000000
connection 23 13 2.306029815015380180 0 0.000000000000000000 0.000000000000000000
connection 26 13 1.509533344023570534 0 0.000000000000000000 0.000000000000000000
connection 28 13 0.732326102970603632 0 0.000000000000000000 0.000000000000000000
connection 94 13 3.951624888501006350 0 0.000000000000000000 0.000000000000000000
connection 40 13 2.634664425171662216 0 0.000000000000000000 0.000000000000000000
connection 29 13 -6.345742808930158851 0 0.000000000000000000 0.000000000000000000
connection 30 13 -2.624656879291580758 0 0.000000000000000000 0.000000000000000000
connection 82 13 -2.443065300617521807 0 0.000000000000000000 0.000000000000000000
connection 33 13 -5.540439904094274226 0 0.000000000000000000 0.000000000000000000
connection 50 14 -1.094866006160863048 0 0.000000000000000000 0.000000000000000000
connection 53 14 -1.587106729113999082 0 0.000000000000000000 0.000000000000000000
connection 69 14 -1.982045084181156547 0 0.000000000000000000 0.000000000000000000
connection 70 14 5.076936636242536771 0 0.000000000000000000 0.000000000000000000
connection 71 14 4.441645268861053708 0 0.000000000000000000 0.000000000000000000
connection 72 14 -2.281484441045764644 0 0.000000000000000000 0.000000000000000000
connection 23 14 -2.491754398249487856 0 0.000000000000000000 0.000000000000000000
connection 24 14 3.784948764710901692 0 0.000000000000000000 0.000000000000000000
connection 25 14 3.127593942524423465 0 0.000000000000000000 0.000000000000000000
connection 26 14 -2.622299948833214600 0 0.000000000000000000 0.000000000000000000
connection 28 14 -2.684606570066187192 0 0.000000000000000000 0.000000000000000000
connection 94 14 2.486495901984220769 0 0.000000000000000000 0.000000000000000000
connection 40 14 1.873450733401324175 0 0.000000000000000000 0.000000000000000000
connection 95 14 -2.691449913917034475 0 0.000000000000000000 0.000000000000000000
connection 92 14 -7.881077524568636861 0 0.000000000000000000 0.000000000000000000
connection 50 15 -6.929266189713231938 0 0.000000000000000000 0.000000000000000000
connection 51 15 -0.959104698546074164 0 0.000000000000000000 0.000000000000000000
connection 52 15 -1.771786922906357198 0 0.000000000000000000 0.000000000000000000
connection 53 15 -7.209776462897930394 0 0.000000000000000000 0.000000000000000000
connection 58 15 4.699112443910416381 0 0.000000000000000000 0.000000000000000000
connection 69 15 -7.398316909504775829 0 0.000000000000000000 0.000000000000000000
connection 70 15 -2.501294192380267845 0 0.000000000000000000 0.000000000000000000
connection 71 15 -3.127859807421187188 0 0.000000000000000000 0.000000000000000000
connection 72 15 -7.515584403090652899 0 0.000000000000000000 0.000000000000000000
connection 23 15 -7.578019625299161177 0 0.000000000000000000 0.000000000000000000
connection 24 15 -3.641821372745833063 0 0.000000000000000000 0.000000000000000000
connection 25 15 -4.041892293198790398 0 0.000000000000000000 0.000000000000000000
connection 26 15 -7.596642931518704955 0 0.000000000000000000 0.000000000000000000
connection 27 15 4.082234595109957453 0 0.000000000000000000 0.000000000000000000
connection 93 15 3.431303913439081033 0 0.000000000000000000 0.000000000000000000
connection 88 15 2.773319684504734539 0 0.000000000000000000 0.000000000000000000
connection 91 15 2.133659291830020788 0 0.000000000000000000 0.000000000000000000
connection 28 15 -7.577133135216904236 0 0.000000000000000000 0.000000000000000000
connection 94 15 -4.332684082333233988 0 0.000000000000000000 0.000000000000000000
connection 40 15 -4.522271604415923463 0 0.000000000000000000 0.000000000000000000
connection 95 15 -7.520767606467304134 0 0.000000000000000000 0.000000000000000000
connection 68 16 -7.661826847085803749 0 0.000000000000000000 0.000000000000000000
connection 61 16 5.517680534169405959 0 0.000000000000000000 0.000000000000000000
connection 62 16 5.386285888050585058 0 0.000000000000000000 0.000000000000000000
connection 63 16 -0.393174365910502033 0 0.000000000000000000 0.000000000000000000
connection 55 16 -1.379044843777895046 0 0.000000000000000000 0.000000000000000000
connection 58 16 -2.340776365995026698 0 0.000000000000000000 0.000000000000000000
connection 59 16 -7.975276540536138548 0 0.000000000000000000 0.000000000000000000
connection 98 16 -7.981704856960065264 0 0.000000000000000000 0.000000000000000000
connection 27 16 -3.234507062579458303 0 0.000000000000000000 0.000000000000000000
connection 93 16 -4.027326905224613895 0 0.000000000000000000 0.000000000000000000
connection 88 16 -4.699711172408151505 0 0.000000000000000000 0.000000000000000000
connection 89 16 2.926280277783203765 0 0.000000000000000000 0.000000000000000000
connection 90 16 2.194383884470268775 0 0.000000000000000000 0.000000000000000000
connection 91 16 -5.245060577410098901 0 0.000000000000000000 0.000000000000000000
connection 97 16 -7.914654796283362437 0 0.000000000000000000 0.000000000000000000
connection 68 17 -7.999997587219500161 0 0.000000000000000000 0.000000000000000000
connection 61 17 2.374078424094538953 0 0.000000000000000000 0.000000000000000000
connection 62 17 1.719861751508521719 0 0.000000000000000000 0.000000000000000000
connection 63 17 -3.957069336579149166 0 0.000000000000000000 0.000000000000000000
connection 55 17 -5.017697090978325392 0 0.000000000000000000 0.000000000000000000
connection 58 17 -5.935395787512725896 0 0.000000000000000000 0.000000000000000000
connection 59 17 -7.788071614559862965 0 0.000000000000000000 0.000000000000000000
connection 74 17 -7.997785963564203016 0 0.000000000000000000 0.000000000000000000
NNend

