NNstart
14 8
neuron 1 1.000000000000000000 0.000000000000000000 0.000000000000000000 -89924307912941418906407313000118249786691384622217991801620378002192188248190964274811115813665535505206149766714306019443127494775510367831484302322629793483086719577469222327996054152997382889362471132149277455764656444154089179109405507115616795804024180552312553472.000000000000000000 11 0.000000000000000000
neuron 1 1.000000000000000000 0.000000000000000000 0.000000000000000000 -89924307912941418906407313000118249786691384622217991801620378002192188248190964274811115813665535505206149766714306019443127494775510367831484302322629793483086719577469222327996054152997382889362471132149277455764656444154089179109405507115616795804024180552312553472.000000000000000000 11 0.000000000000000000
neuron 1 1.000000000000000000 0.000000000000000000 0.000000000000000000 -89924307912941418906407313000118249786691384622217991801620378002192188248190964274811115813665535505206149766714306019443127494775510367831484302322629793483086719577469222327996054152997382889362471132149277455764656444154089179109405507115616795804024180552312553472.000000000000000000 11 0.000000000000000000
neuron 1 1.000000000000000000 0.000000000000000000 0.000000000000000000 -89924307912941418906407313000118249786691384622217991801620378002192188248190964274811115813665535505206149766714306019443127494775510367831484302322629793483086719577469222327996054152997382889362471132149277455764656444154089179109405507115616795804024180552312553472.000000000000000000 11 0.000000000000000000
neuron 1 1.000000000000000000 0.000000000000000000 0.000000000000000000 -89924307912941418906407313000118249786691384622217991801620378002192188248190964274811115813665535505206149766714306019443127494775510367831484302322629793483086719577469222327996054152997382889362471132149277455764656444154089179109405507115616795804024180552312553472.000000000000000000 11 0.000000000000000000
neuron 1 1.000000000000000000 0.000000000000000000 0.000000000000000000 -89924307912941418906407313000118249786691384622217991801620378002192188248190964274811115813665535505206149766714306019443127494775510367831484302322629793483086719577469222327996054152997382889362471132149277455764656444154089179109405507115616795804024180552312553472.000000000000000000 11 0.000000000000000000
neuron 1 1.000000000000000000 0.000000000000000000 0.000000000000000000 -89924307912941418906407313000118249786691384622217991801620378002192188248190964274811115813665535505206149766714306019443127494775510367831484302322629793483086719577469222327996054152997382889362471132149277455764656444154089179109405507115616795804024180552312553472.000000000000000000 11 0.000000000000000000
neuron 1 1.000000000000000000 0.000000000000000000 0.000000000000000000 -89924307912941418906407313000118249786691384622217991801620378002192188248190964274811115813665535505206149766714306019443127494775510367831484302322629793483086719577469222327996054152997382889362471132149277455764656444154089179109405507115616795804024180552312553472.000000000000000000 11 0.000000000000000000
neuron 1 1.000000000000000000 0.000000000000000000 0.000000000000000000 -89924307912941418906407313000118249786691384622217991801620378002192188248190964274811115813665535505206149766714306019443127494775510367831484302322629793483086719577469222327996054152997382889362471132149277455764656444154089179109405507115616795804024180552312553472.000000000000000000 11 0.000000000000000000
neuron 1 1.000000000000000000 0.000000000000000000 0.000000000000000000 -89924307912941418906407313000118249786691384622217991801620378002192188248190964274811115813665535505206149766714306019443127494775510367831484302322629793483086719577469222327996054152997382889362471132149277455764656444154089179109405507115616795804024180552312553472.000000000000000000 11 0.000000000000000000
neuron 1 1.000000000000000000 0.000000000000000000 0.000000000000000000 -89924307912941418906407313000118249786691384622217991801620378002192188248190964274811115813665535505206149766714306019443127494775510367831484302322629793483086719577469222327996054152997382889362471132149277455764656444154089179109405507115616795804024180552312553472.000000000000000000 11 0.000000000000000000
neuron 1 1.000000000000000000 0.000000000000000000 0.000000000000000000 -89924307912941418906407313000118249786691384622217991801620378002192188248190964274811115813665535505206149766714306019443127494775510367831484302322629793483086719577469222327996054152997382889362471132149277455764656444154089179109405507115616795804024180552312553472.000000000000000000 11 0.000000000000000000
neuron 1 1.000000000000000000 0.000000000000000000 0.000000000000000000 -89924307912941418906407313000118249786691384622217991801620378002192188248190964274811115813665535505206149766714306019443127494775510367831484302322629793483086719577469222327996054152997382889362471132149277455764656444154089179109405507115616795804024180552312553472.000000000000000000 11 0.000000000000000000
neuron 2 1.000000000000000000 0.000000000000000000 0.000000000000000000 0.000000000000000000 11 0.000000000000000000
neuron 4 1.000000000000000000 0.000000000000000000 0.000000000000000000 -89924307912941418906407313000118249786691384622217991801620378002192188248190964274811115813665535505206149766714306019443127494775510367831484302322629793483086719577469222327996054152997382889362471132149277455764656444154089179109405507115616795804024180552312553472.000000000000000000 1 0.000000000000000000
neuron 4 1.000000000000000000 0.000000000000000000 0.000000000000000000 -89924307912941418906407313000118249786691384622217991801620378002192188248190964274811115813665535505206149766714306019443127494775510367831484302322629793483086719577469222327996054152997382889362471132149277455764656444154089179109405507115616795804024180552312553472.000000000000000000 1 0.000000000000000000
neuron 4 1.000000000000000000 0.000000000000000000 0.000000000000000000 -89924307912941418906407313000118249786691384622217991801620378002192188248190964274811115813665535505206149766714306019443127494775510367831484302322629793483086719577469222327996054152997382889362471132149277455764656444154089179109405507115616795804024180552312553472.000000000000000000 1 0.000000000000000000
neuron 4 1.000000000000000000 0.000000000000000000 0.000000000000000000 -89924307912941418906407313000118249786691384622217991801620378002192188248190964274811115813665535505206149766714306019443127494775510367831484302322629793483086719577469222327996054152997382889362471132149277455764656444154089179109405507115616795804024180552312553472.000000000000000000 1 0.000000000000000000
neuron 4 1.000000000000000000 0.000000000000000000 0.000000000000000000 -89924307912941418906407313000118249786691384622217991801620378002192188248190964274811115813665535505206149766714306019443127494775510367831484302322629793483086719577469222327996054152997382889362471132149277455764656444154089179109405507115616795804024180552312553472.000000000000000000 1 0.000000000000000000
neuron 4 1.000000000000000000 0.000000000000000000 0.000000000000000000 -89924307912941418906407313000118249786691384622217991801620378002192188248190964274811115813665535505206149766714306019443127494775510367831484302322629793483086719577469222327996054152997382889362471132149277455764656444154089179109405507115616795804024180552312553472.000000000000000000 1 0.000000000000000000
neuron 4 1.000000000000000000 0.000000000000000000 0.000000000000000000 -89924307912941418906407313000118249786691384622217991801620378002192188248190964274811115813665535505206149766714306019443127494775510367831484302322629793483086719577469222327996054152997382889362471132149277455764656444154089179109405507115616795804024180552312553472.000000000000000000 1 0.000000000000000000
neuron 4 1.000000000000000000 0.000000000000000000 0.000000000000000000 -89924307912941418906407313000118249786691384622217991801620378002192188248190964274811115813665535505206149766714306019443127494775510367831484302322629793483086719577469222327996054152997382889362471132149277455764656444154089179109405507115616795804024180552312553472.000000000000000000 1 0.000000000000000000
neuron 3 1.000000000000000000 0.000000000000000000 0.000000000000000000 -89924307912941418906407313000118249786691384622217991801620378002192188248190964274811115813665535505206149766714306019443127494775510367831484302322629793483086719577469222327996054152997382889362471132149277455764656444154089179109405507115616795804024180552312553472.000000000000000000 0 0.000000000000000000
neuron 3 1.000000000000000000 0.000000000000000000 0.000000000000000000 -89924307912941418906407313000118249786691384622217991801620378002192188248190964274811115813665535505206149766714306019443127494775510367831484302322629793483086719577469222327996054152997382889362471132149277455764656444154089179109405507115616795804024180552312553472.000000000000000000 0 0.000000000000000000
neuron 3 1.000000000000000000 0.000000000000000000 0.000000000000000000 -89924307912941418906407313000118249786691384622217991801620378002192188248190964274811115813665535505206149766714306019443127494775510367831484302322629793483086719577469222327996054152997382889362471132149277455764656444154089179109405507115616795804024180552312553472.000000000000000000 0 0.000000000000000000
neuron 3 1.000000000000000000 0.000000000000000000 0.000000000000000000 -89924307912941418906407313000118249786691384622217991801620378002192188248190964274811115813665535505206149766714306019443127494775510367831484302322629793483086719577469222327996054152997382889362471132149277455764656444154089179109405507115616795804024180552312553472.000000000000000000 0 0.000000000000000000
connection 0 22 -0.385709620722336555 0 0.000000000000000000 -89924307912941418906407313000118249786691384622217991801620378002192188248190964274811115813665535505206149766714306019443127494775510367831484302322629793483086719577469222327996054152997382889362471132149277455764656444154089179109405507115616795804024180552312553472.000000000000000000
connection 0 23 -0.628087719926264998 0 0.000000000000000000 -89924307912941418906407313000118249786691384622217991801620378002192188248190964274811115813665535505206149766714306019443127494775510367831484302322629793483086719577469222327996054152997382889362471132149277455764656444154089179109405507115616795804024180552312553472.000000000000000000
connection 0 24 -1.101622599856661777 0 0.000000000000000000 -89924307912941418906407313000118249786691384622217991801620378002192188248190964274811115813665535505206149766714306019443127494775510367831484302322629793483086719577469222327996054152997382889362471132149277455764656444154089179109405507115616795804024180552312553472.000000000000000000
connection 1 22 -0.262055941772850132 0 0.000000000000000000 -89924307912941418906407313000118249786691384622217991801620378002192188248190964274811115813665535505206149766714306019443127494775510367831484302322629793483086719577469222327996054152997382889362471132149277455764656444154089179109405507115616795804024180552312553472.000000000000000000
connection 1 25 0.217079868883273935 0 0.000000000000000000 -89924307912941418906407313000118249786691384622217991801620378002192188248190964274811115813665535505206149766714306019443127494775510367831484302322629793483086719577469222327996054152997382889362471132149277455764656444154089179109405507115616795804024180552312553472.000000000000000000
connection 1 23 -0.504852059153332644 0 0.000000000000000000 -89924307912941418906407313000118249786691384622217991801620378002192188248190964274811115813665535505206149766714306019443127494775510367831484302322629793483086719577469222327996054152997382889362471132149277455764656444154089179109405507115616795804024180552312553472.000000000000000000
connection 1 24 -0.979862190965954394 0 0.000000000000000000 -89924307912941418906407313000118249786691384622217991801620378002192188248190964274811115813665535505206149766714306019443127494775510367831484302322629793483086719577469222327996054152997382889362471132149277455764656444154089179109405507115616795804024180552312553472.000000000000000000
connection 2 25 0.317447294127715107 0 0.000000000000000000 -89924307912941418906407313000118249786691384622217991801620378002192188248190964274811115813665535505206149766714306019443127494775510367831484302322629793483086719577469222327996054152997382889362471132149277455764656444154089179109405507115616795804024180552312553472.000000000000000000
connection 2 23 -0.404697203879866685 0 0.000000000000000000 -89924307912941418906407313000118249786691384622217991801620378002192188248190964274811115813665535505206149766714306019443127494775510367831484302322629793483086719577469222327996054152997382889362471132149277455764656444154089179109405507115616795804024180552312553472.000000000000000000
connection 2 24 -0.880741438564881962 0 0.000000000000000000 -89924307912941418906407313000118249786691384622217991801620378002192188248190964274811115813665535505206149766714306019443127494775510367831484302322629793483086719577469222327996054152997382889362471132149277455764656444154089179109405507115616795804024180552312553472.000000000000000000
connection 3 25 0.369768747730517156 0 0.000000000000000000 -89924307912941418906407313000118249786691384622217991801620378002192188248190964274811115813665535505206149766714306019443127494775510367831484302322629793483086719577469222327996054152997382889362471132149277455764656444154089179109405507115616795804024180552312553472.000000000000000000
connection 3 23 -0.352396415712782407 0 0.000000000000000000 -89924307912941418906407313000118249786691384622217991801620378002192188248190964274811115813665535505206149766714306019443127494775510367831484302322629793483086719577469222327996054152997382889362471132149277455764656444154089179109405507115616795804024180552312553472.000000000000000000
connection 3 24 -0.828921788140626670 0 0.000000000000000000 -89924307912941418906407313000118249786691384622217991801620378002192188248190964274811115813665535505206149766714306019443127494775510367831484302322629793483086719577469222327996054152997382889362471132149277455764656444154089179109405507115616795804024180552312553472.000000000000000000
connection 4 25 0.361265166244972125 0 0.000000000000000000 -89924307912941418906407313000118249786691384622217991801620378002192188248190964274811115813665535505206149766714306019443127494775510367831484302322629793483086719577469222327996054152997382889362471132149277455764656444154089179109405507115616795804024180552312553472.000000000000000000
connection 4 23 -0.360900849921240552 0 0.000000000000000000 -89924307912941418906407313000118249786691384622217991801620378002192188248190964274811115813665535505206149766714306019443127494775510367831484302322629793483086719577469222327996054152997382889362471132149277455764656444154089179109405507115616795804024180552312553472.000000000000000000
connection 4 24 -0.837350739260223964 0 0.000000000000000000 -89924307912941418906407313000118249786691384622217991801620378002192188248190964274811115813665535505206149766714306019443127494775510367831484302322629793483086719577469222327996054152997382889362471132149277455764656444154089179109405507115616795804024180552312553472.000000000000000000
connection 5 25 0.294010847944644882 0 0.000000000000000000 -89924307912941418906407313000118249786691384622217991801620378002192188248190964274811115813665535505206149766714306019443127494775510367831484302322629793483086719577469222327996054152997382889362471132149277455764656444154089179109405507115616795804024180552312553472.000000000000000000
connection 5 23 -0.428104341175367609 0 0.000000000000000000 -89924307912941418906407313000118249786691384622217991801620378002192188248190964274811115813665535505206149766714306019443127494775510367831484302322629793483086719577469222327996054152997382889362471132149277455764656444154089179109405507115616795804024180552312553472.000000000000000000
connection 5 24 -0.903920152180129555 0 0.000000000000000000 -89924307912941418906407313000118249786691384622217991801620378002192188248190964274811115813665535505206149766714306019443127494775510367831484302322629793483086719577469222327996054152997382889362471132149277455764656444154089179109405507115616795804024180552312553472.000000000000000000
connection 6 22 -0.294670618806191498 0 0.000000000000000000 -89924307912941418906407313000118249786691384622217991801620378002192188248190964274811115813665535505206149766714306019443127494775510367831484302322629793483086719577469222327996054152997382889362471132149277455764656444154089179109405507115616795804024180552312553472.000000000000000000
connection 6 23 -0.537367717286077573 0 0.000000000000000000 -89924307912941418906407313000118249786691384622217991801620378002192188248190964274811115813665535505206149766714306019443127494775510367831484302322629793483086719577469222327996054152997382889362471132149277455764656444154089179109405507115616795804024180552312553472.000000000000000000
connection 6 24 -1.012010317546822025 0 0.000000000000000000 -89924307912941418906407313000118249786691384622217991801620378002192188248190964274811115813665535505206149766714306019443127494775510367831484302322629793483086719577469222327996054152997382889362471132149277455764656444154089179109405507115616795804024180552312553472.000000000000000000
connection 7 25 -0.419439823151632474 0 0.000000000000000000 -89924307912941418906407313000118249786691384622217991801620378002192188248190964274811115813665535505206149766714306019443127494775510367831484302322629793483086719577469222327996054152997382889362471132149277455764656444154089179109405507115616795804024180552312553472.000000000000000000
connection 7 23 -1.134777769308582318 0 0.000000000000000000 -89924307912941418906407313000118249786691384622217991801620378002192188248190964274811115813665535505206149766714306019443127494775510367831484302322629793483086719577469222327996054152997382889362471132149277455764656444154089179109405507115616795804024180552312553472.000000000000000000
connection 7 24 -0.661683814902101708 0 0.000000000000000000 -89924307912941418906407313000118249786691384622217991801620378002192188248190964274811115813665535505206149766714306019443127494775510367831484302322629793483086719577469222327996054152997382889362471132149277455764656444154089179109405507115616795804024180552312553472.000000000000000000
connection 8 25 -0.528717393613094444 0 0.000000000000000000 -89924307912941418906407313000118249786691384622217991801620378002192188248190964274811115813665535505206149766714306019443127494775510367831484302322629793483086719577469222327996054152997382889362471132149277455764656444154089179109405507115616795804024180552312553472.000000000000000000
connection 8 23 -1.242020417847834901 0 0.000000000000000000 -89924307912941418906407313000118249786691384622217991801620378002192188248190964274811115813665535505206149766714306019443127494775510367831484302322629793483086719577469222327996054152997382889362471132149277455764656444154089179109405507115616795804024180552312553472.000000000000000000
connection 8 24 -0.770467856206124901 0 0.000000000000000000 -89924307912941418906407313000118249786691384622217991801620378002192188248190964274811115813665535505206149766714306019443127494775510367831484302322629793483086719577469222327996054152997382889362471132149277455764656444154089179109405507115616795804024180552312553472.000000000000000000
connection 9 25 -0.595751963051727951 0 0.000000000000000000 -89924307912941418906407313000118249786691384622217991801620378002192188248190964274811115813665535505206149766714306019443127494775510367831484302322629793483086719577469222327996054152997382889362471132149277455764656444154089179109405507115616795804024180552312553472.000000000000000000
connection 9 23 -1.307676953236824868 0 0.000000000000000000 -89924307912941418906407313000118249786691384622217991801620378002192188248190964274811115813665535505206149766714306019443127494775510367831484302322629793483086719577469222327996054152997382889362471132149277455764656444154089179109405507115616795804024180552312553472.000000000000000000
connection 9 24 -0.837155051577488041 0 0.000000000000000000 -89924307912941418906407313000118249786691384622217991801620378002192188248190964274811115813665535505206149766714306019443127494775510367831484302322629793483086719577469222327996054152997382889362471132149277455764656444154089179109405507115616795804024180552312553472.000000000000000000
connection 10 25 -0.604225402342193241 0 0.000000000000000000 -89924307912941418906407313000118249786691384622217991801620378002192188248190964274811115813665535505206149766714306019443127494775510367831484302322629793483086719577469222327996054152997382889362471132149277455764656444154089179109405507115616795804024180552312553472.000000000000000000
connection 10 23 -1.315969194413383336 0 0.000000000000000000 -89924307912941418906407313000118249786691384622217991801620378002192188248190964274811115813665535505206149766714306019443127494775510367831484302322629793483086719577469222327996054152997382889362471132149277455764656444154089179109405507115616795804024180552312553472.000000000000000000
connection 10 24 -0.845582167259605000 0 0.000000000000000000 -89924307912941418906407313000118249786691384622217991801620378002192188248190964274811115813665535505206149766714306019443127494775510367831484302322629793483086719577469222327996054152997382889362471132149277455764656444154089179109405507115616795804024180552312553472.000000000000000000
connection 11 25 -0.552081021336427558 0 0.000000000000000000 -89924307912941418906407313000118249786691384622217991801620378002192188248190964274811115813665535505206149766714306019443127494775510367831484302322629793483086719577469222327996054152997382889362471132149277455764656444154089179109405507115616795804024180552312553472.000000000000000000
connection 11 23 -1.264914941848377605 0 0.000000000000000000 -89924307912941418906407313000118249786691384622217991801620378002192188248190964274811115813665535505206149766714306019443127494775510367831484302322629793483086719577469222327996054152997382889362471132149277455764656444154089179109405507115616795804024180552312553472.000000000000000000
connection 11 24 -0.793714263869170211 0 0.000000000000000000 -89924307912941418906407313000118249786691384622217991801620378002192188248190964274811115813665535505206149766714306019443127494775510367831484302322629793483086719577469222327996054152997382889362471132149277455764656444154089179109405507115616795804024180552312553472.000000000000000000
connection 12 25 -0.451997169103718011 0 0.000000000000000000 -89924307912941418906407313000118249786691384622217991801620378002192188248190964274811115813665535505206149766714306019443127494775510367831484302322629793483086719577469222327996054152997382889362471132149277455764656444154089179109405507115616795804024180552312553472.000000000000000000
connection 12 23 -1.166756309762837285 0 0.000000000000000000 -89924307912941418906407313000118249786691384622217991801620378002192188248190964274811115813665535505206149766714306019443127494775510367831484302322629793483086719577469222327996054152997382889362471132149277455764656444154089179109405507115616795804024180552312553472.000000000000000000
connection 12 24 -0.694103558883767402 0 0.000000000000000000 -89924307912941418906407313000118249786691384622217991801620378002192188248190964274811115813665535505206149766714306019443127494775510367831484302322629793483086719577469222327996054152997382889362471132149277455764656444154089179109405507115616795804024180552312553472.000000000000000000
connection 13 25 -0.328435166229972486 0 0.000000000000000000 -89924307912941418906407313000118249786691384622217991801620378002192188248190964274811115813665535505206149766714306019443127494775510367831484302322629793483086719577469222327996054152997382889362471132149277455764656444154089179109405507115616795804024180552312553472.000000000000000000
connection 13 23 -1.045267079755399786 0 0.000000000000000000 -89924307912941418906407313000118249786691384622217991801620378002192188248190964274811115813665535505206149766714306019443127494775510367831484302322629793483086719577469222327996054152997382889362471132149277455764656444154089179109405507115616795804024180552312553472.000000000000000000
connection 13 24 -0.571021270962882466 0 0.000000000000000000 -89924307912941418906407313000118249786691384622217991801620378002192188248190964274811115813665535505206149766714306019443127494775510367831484302322629793483086719577469222327996054152997382889362471132149277455764656444154089179109405507115616795804024180552312553472.000000000000000000
connection 22 22 -0.339628957531912301 0 0.000000000000000000 -89924307912941418906407313000118249786691384622217991801620378002192188248190964274811115813665535505206149766714306019443127494775510367831484302322629793483086719577469222327996054152997382889362471132149277455764656444154089179109405507115616795804024180552312553472.000000000000000000
connection 22 25 2.928386168326265526 0 0.000000000000000000 -89924307912941418906407313000118249786691384622217991801620378002192188248190964274811115813665535505206149766714306019443127494775510367831484302322629793483086719577469222327996054152997382889362471132149277455764656444154089179109405507115616795804024180552312553472.000000000000000000
connection 23 23 -0.353081952593356674 0 0.000000000000000000 -89924307912941418906407313000118249786691384622217991801620378002192188248190964274811115813665535505206149766714306019443127494775510367831484302322629793483086719577469222327996054152997382889362471132149277455764656444154089179109405507115616795804024180552312553472.000000000000000000
connection 24 22 -0.363959386279852970 0 0.000000000000000000 -89924307912941418906407313000118249786691384622217991801620378002192188248190964274811115813665535505206149766714306019443127494775510367831484302322629793483086719577469222327996054152997382889362471132149277455764656444154089179109405507115616795804024180552312553472.000000000000000000
connection 24 25 2.907251457647567428 0 0.000000000000000000 -89924307912941418906407313000118249786691384622217991801620378002192188248190964274811115813665535505206149766714306019443127494775510367831484302322629793483086719577469222327996054152997382889362471132149277455764656444154089179109405507115616795804024180552312553472.000000000000000000
connection 24 23 2.482525661306386411 0 0.000000000000000000 -89924307912941418906407313000118249786691384622217991801620378002192188248190964274811115813665535505206149766714306019443127494775510367831484302322629793483086719577469222327996054152997382889362471132149277455764656444154089179109405507115616795804024180552312553472.000000000000000000
connection 24 24 -0.840381867395352922 0 0.000000000000000000 -89924307912941418906407313000118249786691384622217991801620378002192188248190964274811115813665535505206149766714306019443127494775510367831484302322629793483086719577469222327996054152997382889362471132149277455764656444154089179109405507115616795804024180552312553472.000000000000000000
connection 25 23 0.628335082975723824 0 0.000000000000000000 -89924307912941418906407313000118249786691384622217991801620378002192188248190964274811115813665535505206149766714306019443127494775510367831484302322629793483086719577469222327996054152997382889362471132149277455764656444154089179109405507115616795804024180552312553472.000000000000000000
connection 25 24 -2.674158102955245919 0 0.000000000000000000 -89924307912941418906407313000118249786691384622217991801620378002192188248190964274811115813665535505206149766714306019443127494775510367831484302322629793483086719577469222327996054152997382889362471132149277455764656444154089179109405507115616795804024180552312553472.000000000000000000
connection 25 14 1.781459811361502998 0 0.000000000000000000 -89924307912941418906407313000118249786691384622217991801620378002192188248190964274811115813665535505206149766714306019443127494775510367831484302322629793483086719577469222327996054152997382889362471132149277455764656444154089179109405507115616795804024180552312553472.000000000000000000
connection 23 14 1.724027353282394870 0 0.000000000000000000 -89924307912941418906407313000118249786691384622217991801620378002192188248190964274811115813665535505206149766714306019443127494775510367831484302322629793483086719577469222327996054152997382889362471132149277455764656444154089179109405507115616795804024180552312553472.000000000000000000
connection 25 15 1.794773862192570846 0 0.000000000000000000 -89924307912941418906407313000118249786691384622217991801620378002192188248190964274811115813665535505206149766714306019443127494775510367831484302322629793483086719577469222327996054152997382889362471132149277455764656444154089179109405507115616795804024180552312553472.000000000000000000
connection 23 15 1.820993806543310223 0 0.000000000000000000 -89924307912941418906407313000118249786691384622217991801620378002192188248190964274811115813665535505206149766714306019443127494775510367831484302322629793483086719577469222327996054152997382889362471132149277455764656444154089179109405507115616795804024180552312553472.000000000000000000
connection 25 16 1.838403944971224391 0 0.000000000000000000 -89924307912941418906407313000118249786691384622217991801620378002192188248190964274811115813665535505206149766714306019443127494775510367831484302322629793483086719577469222327996054152997382889362471132149277455764656444154089179109405507115616795804024180552312553472.000000000000000000
connection 23 16 1.775108559460324198 0 0.000000000000000000 -89924307912941418906407313000118249786691384622217991801620378002192188248190964274811115813665535505206149766714306019443127494775510367831484302322629793483086719577469222327996054152997382889362471132149277455764656444154089179109405507115616795804024180552312553472.000000000000000000
connection 25 17 1.939263947538262034 0 0.000000000000000000 -89924307912941418906407313000118249786691384622217991801620378002192188248190964274811115813665535505206149766714306019443127494775510367831484302322629793483086719577469222327996054152997382889362471132149277455764656444154089179109405507115616795804024180552312553472.000000000000000000
connection 23 17 1.620787078049341856 0 0.000000000000000000 -89924307912941418906407313000118249786691384622217991801620378002192188248190964274811115813665535505206149766714306019443127494775510367831484302322629793483086719577469222327996054152997382889362471132149277455764656444154089179109405507115616795804024180552312553472.000000000000000000
connection 22 18 4.483423704081000771 0 0.000000000000000000 -89924307912941418906407313000118249786691384622217991801620378002192188248190964274811115813665535505206149766714306019443127494775510367831484302322629793483086719577469222327996054152997382889362471132149277455764656444154089179109405507115616795804024180552312553472.000000000000000000
connection 25 18 2.097070122533150283 0 0.000000000000000000 -89924307912941418906407313000118249786691384622217991801620378002192188248190964274811115813665535505206149766714306019443127494775510367831484302322629793483086719577469222327996054152997382889362471132149277455764656444154089179109405507115616795804024180552312553472.000000000000000000
connection 23 18 1.458497218751617863 0 0.000000000000000000 -89924307912941418906407313000118249786691384622217991801620378002192188248190964274811115813665535505206149766714306019443127494775510367831484302322629793483086719577469222327996054152997382889362471132149277455764656444154089179109405507115616795804024180552312553472.000000000000000000
connection 24 18 4.000754791327776339 0 0.000000000000000000 -89924307912941418906407313000118249786691384622217991801620378002192188248190964274811115813665535505206149766714306019443127494775510367831484302322629793483086719577469222327996054152997382889362471132149277455764656444154089179109405507115616795804024180552312553472.000000000000000000
connection 22 19 4.593017901724458341 0 0.000000000000000000 -89924307912941418906407313000118249786691384622217991801620378002192188248190964274811115813665535505206149766714306019443127494775510367831484302322629793483086719577469222327996054152997382889362471132149277455764656444154089179109405507115616795804024180552312553472.000000000000000000
connection 25 19 2.246759808290590854 0 0.000000000000000000 -89924307912941418906407313000118249786691384622217991801620378002192188248190964274811115813665535505206149766714306019443127494775510367831484302322629793483086719577469222327996054152997382889362471132149277455764656444154089179109405507115616795804024180552312553472.000000000000000000
connection 23 19 1.354985480308516843 0 0.000000000000000000 -89924307912941418906407313000118249786691384622217991801620378002192188248190964274811115813665535505206149766714306019443127494775510367831484302322629793483086719577469222327996054152997382889362471132149277455764656444154089179109405507115616795804024180552312553472.000000000000000000
connection 24 19 3.920119050490884938 0 0.000000000000000000 -89924307912941418906407313000118249786691384622217991801620378002192188248190964274811115813665535505206149766714306019443127494775510367831484302322629793483086719577469222327996054152997382889362471132149277455764656444154089179109405507115616795804024180552312553472.000000000000000000
connection 25 20 2.291198813618358976 0 0.000000000000000000 -89924307912941418906407313000118249786691384622217991801620378002192188248190964274811115813665535505206149766714306019443127494775510367831484302322629793483086719577469222327996054152997382889362471132149277455764656444154089179109405507115616795804024180552312553472.000000000000000000
connection 23 20 1.310259884130725139 0 0.000000000000000000 -89924307912941418906407313000118249786691384622217991801620378002192188248190964274811115813665535505206149766714306019443127494775510367831484302322629793483086719577469222327996054152997382889362471132149277455764656444154089179109405507115616795804024180552312553472.000000000000000000
connection 25 21 2.197251416084971432 0 0.000000000000000000 -89924307912941418906407313000118249786691384622217991801620378002192188248190964274811115813665535505206149766714306019443127494775510367831484302322629793483086719577469222327996054152997382889362471132149277455764656444154089179109405507115616795804024180552312553472.000000000000000000
connection 23 21 1.296617724018552797 0 0.000000000000000000 -89924307912941418906407313000118249786691384622217991801620378002192188248190964274811115813665535505206149766714306019443127494775510367831484302322629793483086719577469222327996054152997382889362471132149277455764656444154089179109405507115616795804024180552312553472.000000000000000000
NNend

