NNstart
11 2
neuron 1 1.000000000000000000 0.000000000000000000 0.000000000000000000 0.000000000000000000 11 0.000000000000000000
neuron 1 1.000000000000000000 0.000000000000000000 0.000000000000000000 0.000000000000000000 11 0.000000000000000000
neuron 1 1.000000000000000000 0.000000000000000000 0.000000000000000000 0.000000000000000000 11 0.000000000000000000
neuron 1 1.000000000000000000 0.000000000000000000 0.000000000000000000 0.000000000000000000 11 0.000000000000000000
neuron 1 1.000000000000000000 0.000000000000000000 0.000000000000000000 0.000000000000000000 11 0.000000000000000000
neuron 1 1.000000000000000000 0.000000000000000000 0.000000000000000000 0.000000000000000000 11 0.000000000000000000
neuron 1 1.000000000000000000 0.000000000000000000 0.000000000000000000 0.000000000000000000 11 0.000000000000000000
neuron 1 1.000000000000000000 0.000000000000000000 0.000000000000000000 0.000000000000000000 11 0.000000000000000000
neuron 1 1.000000000000000000 0.000000000000000000 0.000000000000000000 0.000000000000000000 11 0.000000000000000000
neuron 1 1.000000000000000000 0.000000000000000000 0.000000000000000000 0.000000000000000000 11 0.000000000000000000
neuron 2 1.000000000000000000 0.000000000000000000 0.000000000000000000 0.000000000000000000 11 0.000000000000000000
neuron 4 1.000000000000000000 0.000000000000000000 0.000000000000000000 0.000000000000000000 1 0.000000000000000000
neuron 4 1.000000000000000000 0.000000000000000000 0.000000000000000000 0.000000000000000000 1 0.000000000000000000
neuron 3 1.000000000000000000 0.000000000000000000 0.000000000000000000 0.000000000000000000 0 0.000000000000000000
neuron 3 1.000000000000000000 0.000000000000000000 0.000000000000000000 0.000000000000000000 0 0.000000000000000000
neuron 3 1.000000000000000000 0.000000000000000000 0.000000000000000000 0.000000000000000000 0 0.000000000000000000
neuron 3 1.000000000000000000 0.000000000000000000 0.000000000000000000 0.000000000000000000 0 0.000000000000000000
neuron 3 1.000000000000000000 0.000000000000000000 0.000000000000000000 0.000000000000000000 0 0.000000000000000000
neuron 3 1.000000000000000000 0.000000000000000000 0.000000000000000000 0.000000000000000000 0 0.000000000000000000
neuron 3 1.000000000000000000 0.000000000000000000 0.000000000000000000 0.000000000000000000 0 0.000000000000000000
neuron 3 1.000000000000000000 0.000000000000000000 0.000000000000000000 0.000000000000000000 0 0.000000000000000000
neuron 3 1.000000000000000000 0.000000000000000000 0.000000000000000000 0.000000000000000000 0 0.000000000000000000
neuron 3 1.000000000000000000 0.000000000000000000 0.000000000000000000 0.000000000000000000 0 0.000000000000000000
neuron 3 1.000000000000000000 0.000000000000000000 0.000000000000000000 0.000000000000000000 0 0.000000000000000000
neuron 3 1.000000000000000000 0.000000000000000000 0.000000000000000000 0.000000000000000000 0 0.000000000000000000
neuron 3 1.000000000000000000 0.000000000000000000 0.000000000000000000 0.000000000000000000 0 0.000000000000000000
neuron 3 1.000000000000000000 0.000000000000000000 0.000000000000000000 0.000000000000000000 0 0.000000000000000000
neuron 3 1.000000000000000000 0.000000000000000000 0.000000000000000000 0.000000000000000000 0 0.000000000000000000
neuron 3 1.000000000000000000 0.000000000000000000 0.000000000000000000 0.000000000000000000 0 0.000000000000000000
neuron 3 1.000000000000000000 0.000000000000000000 0.000000000000000000 0.000000000000000000 0 0.000000000000000000
neuron 3 1.000000000000000000 0.000000000000000000 0.000000000000000000 0.000000000000000000 0 0.000000000000000000
neuron 3 1.000000000000000000 0.000000000000000000 0.000000000000000000 0.000000000000000000 0 0.000000000000000000
neuron 3 1.000000000000000000 0.000000000000000000 0.000000000000000000 0.000000000000000000 0 0.000000000000000000
neuron 3 1.000000000000000000 0.000000000000000000 0.000000000000000000 0.000000000000000000 0 0.000000000000000000
neuron 3 1.000000000000000000 0.000000000000000000 0.000000000000000000 0.000000000000000000 0 0.000000000000000000
neuron 3 1.000000000000000000 0.000000000000000000 0.000000000000000000 0.000000000000000000 0 0.000000000000000000
neuron 3 1.000000000000000000 0.000000000000000000 0.000000000000000000 0.000000000000000000 0 0.000000000000000000
neuron 3 1.000000000000000000 0.000000000000000000 0.000000000000000000 0.000000000000000000 0 0.000000000000000000
neuron 3 1.000000000000000000 0.000000000000000000 0.000000000000000000 0.000000000000000000 0 0.000000000000000000
neuron 3 1.000000000000000000 0.000000000000000000 0.000000000000000000 0.000000000000000000 0 0.000000000000000000
neuron 3 1.000000000000000000 0.000000000000000000 0.000000000000000000 0.000000000000000000 0 0.000000000000000000
neuron 3 1.000000000000000000 0.000000000000000000 0.000000000000000000 0.000000000000000000 0 0.000000000000000000
neuron 3 1.000000000000000000 0.000000000000000000 0.000000000000000000 0.000000000000000000 0 0.000000000000000000
neuron 3 1.000000000000000000 0.000000000000000000 0.000000000000000000 0.000000000000000000 0 0.000000000000000000
neuron 3 1.000000000000000000 0.000000000000000000 0.000000000000000000 0.000000000000000000 0 0.000000000000000000
neuron 3 1.000000000000000000 0.000000000000000000 0.000000000000000000 0.000000000000000000 0 0.000000000000000000
neuron 3 1.000000000000000000 0.000000000000000000 0.000000000000000000 0.000000000000000000 0 0.000000000000000000
neuron 3 1.000000000000000000 0.000000000000000000 0.000000000000000000 0.000000000000000000 0 0.000000000000000000
neuron 3 1.000000000000000000 0.000000000000000000 0.000000000000000000 0.000000000000000000 0 0.000000000000000000
neuron 3 1.000000000000000000 0.000000000000000000 0.000000000000000000 0.000000000000000000 0 0.000000000000000000
neuron 3 1.000000000000000000 0.000000000000000000 0.000000000000000000 0.000000000000000000 0 0.000000000000000000
neuron 3 1.000000000000000000 0.000000000000000000 0.000000000000000000 0.000000000000000000 0 0.000000000000000000
neuron 3 1.000000000000000000 0.000000000000000000 0.000000000000000000 0.000000000000000000 0 0.000000000000000000
neuron 3 1.000000000000000000 0.000000000000000000 0.000000000000000000 0.000000000000000000 0 0.000000000000000000
neuron 3 1.000000000000000000 0.000000000000000000 0.000000000000000000 0.000000000000000000 0 0.000000000000000000
neuron 3 1.000000000000000000 0.000000000000000000 0.000000000000000000 0.000000000000000000 0 0.000000000000000000
neuron 3 1.000000000000000000 0.000000000000000000 0.000000000000000000 0.000000000000000000 0 0.000000000000000000
neuron 3 1.000000000000000000 0.000000000000000000 0.000000000000000000 0.000000000000000000 0 0.000000000000000000
neuron 3 1.000000000000000000 0.000000000000000000 0.000000000000000000 0.000000000000000000 0 0.000000000000000000
neuron 3 1.000000000000000000 0.000000000000000000 0.000000000000000000 0.000000000000000000 0 0.000000000000000000
neuron 3 1.000000000000000000 0.000000000000000000 0.000000000000000000 0.000000000000000000 0 0.000000000000000000
neuron 3 1.000000000000000000 0.000000000000000000 0.000000000000000000 0.000000000000000000 0 0.000000000000000000
neuron 3 1.000000000000000000 0.000000000000000000 0.000000000000000000 0.000000000000000000 0 0.000000000000000000
neuron 3 1.000000000000000000 0.000000000000000000 0.000000000000000000 0.000000000000000000 0 0.000000000000000000
neuron 3 1.000000000000000000 0.000000000000000000 0.000000000000000000 0.000000000000000000 0 0.000000000000000000
neuron 3 1.000000000000000000 0.000000000000000000 0.000000000000000000 0.000000000000000000 0 0.000000000000000000
neuron 3 1.000000000000000000 0.000000000000000000 0.000000000000000000 0.000000000000000000 0 0.000000000000000000
neuron 3 1.000000000000000000 0.000000000000000000 0.000000000000000000 0.000000000000000000 0 0.000000000000000000
neuron 3 1.000000000000000000 0.000000000000000000 0.000000000000000000 0.000000000000000000 0 0.000000000000000000
neuron 3 1.000000000000000000 0.000000000000000000 0.000000000000000000 0.000000000000000000 0 0.000000000000000000
neuron 3 1.000000000000000000 0.000000000000000000 0.000000000000000000 0.000000000000000000 0 0.000000000000000000
neuron 3 1.000000000000000000 0.000000000000000000 0.000000000000000000 0.000000000000000000 0 0.000000000000000000
neuron 3 1.000000000000000000 0.000000000000000000 0.000000000000000000 0.000000000000000000 0 0.000000000000000000
neuron 3 1.000000000000000000 0.000000000000000000 0.000000000000000000 0.000000000000000000 0 0.000000000000000000
neuron 3 1.000000000000000000 0.000000000000000000 0.000000000000000000 0.000000000000000000 0 0.000000000000000000
neuron 3 1.000000000000000000 0.000000000000000000 0.000000000000000000 0.000000000000000000 0 0.000000000000000000
neuron 3 1.000000000000000000 0.000000000000000000 0.000000000000000000 0.000000000000000000 0 0.000000000000000000
neuron 3 1.000000000000000000 0.000000000000000000 0.000000000000000000 0.000000000000000000 0 0.000000000000000000
neuron 3 1.000000000000000000 0.000000000000000000 0.000000000000000000 0.000000000000000000 0 0.000000000000000000
neuron 3 1.000000000000000000 0.000000000000000000 0.000000000000000000 0.000000000000000000 0 0.000000000000000000
neuron 3 1.000000000000000000 0.000000000000000000 0.000000000000000000 0.000000000000000000 0 0.000000000000000000
neuron 3 1.000000000000000000 0.000000000000000000 0.000000000000000000 0.000000000000000000 0 0.000000000000000000
neuron 3 1.000000000000000000 0.000000000000000000 0.000000000000000000 0.000000000000000000 0 0.000000000000000000
neuron 3 1.000000000000000000 0.000000000000000000 0.000000000000000000 0.000000000000000000 0 0.000000000000000000
neuron 3 1.000000000000000000 0.000000000000000000 0.000000000000000000 0.000000000000000000 0 0.000000000000000000
neuron 3 1.000000000000000000 0.000000000000000000 0.000000000000000000 0.000000000000000000 0 0.000000000000000000
neuron 3 1.000000000000000000 0.000000000000000000 0.000000000000000000 0.000000000000000000 0 0.000000000000000000
neuron 3 1.000000000000000000 0.000000000000000000 0.000000000000000000 0.000000000000000000 0 0.000000000000000000
neuron 3 1.000000000000000000 0.000000000000000000 0.000000000000000000 0.000000000000000000 0 0.000000000000000000
neuron 3 1.000000000000000000 0.000000000000000000 0.000000000000000000 0.000000000000000000 0 0.000000000000000000
neuron 3 1.000000000000000000 0.000000000000000000 0.000000000000000000 0.000000000000000000 0 0.000000000000000000
neuron 3 1.000000000000000000 0.000000000000000000 0.000000000000000000 0.000000000000000000 0 0.000000000000000000
neuron 3 1.000000000000000000 0.000000000000000000 0.000000000000000000 0.000000000000000000 0 0.000000000000000000
neuron 3 1.000000000000000000 0.000000000000000000 0.000000000000000000 0.000000000000000000 0 0.000000000000000000
neuron 3 1.000000000000000000 0.000000000000000000 0.000000000000000000 0.000000000000000000 0 0.000000000000000000
neuron 3 1.000000000000000000 0.000000000000000000 0.000000000000000000 0.000000000000000000 0 0.000000000000000000
neuron 3 1.000000000000000000 0.000000000000000000 0.000000000000000000 0.000000000000000000 0 0.000000000000000000
connection 0 13 -0.220365719614200373 0 0.000000000000000000 0.000000000000000000
connection 0 14 0.237144513134026624 0 0.000000000000000000 0.000000000000000000
connection 0 15 7.616712392063559989 0 0.000000000000000000 0.000000000000000000
connection 0 16 7.980886715845459278 0 0.000000000000000000 0.000000000000000000
connection 0 17 5.453854733680282507 0 0.000000000000000000 0.000000000000000000
connection 0 18 6.542991354194786169 0 0.000000000000000000 0.000000000000000000
connection 0 19 6.051491037356058200 0 0.000000000000000000 0.000000000000000000
connection 0 20 7.817654551727400758 0 0.000000000000000000 0.000000000000000000
connection 0 21 7.043966110795112812 0 0.000000000000000000 0.000000000000000000
connection 0 22 4.520738176897271643 0 0.000000000000000000 0.000000000000000000
connection 0 23 -2.663420185101654347 0 0.000000000000000000 0.000000000000000000
connection 0 24 -1.243225127051978518 0 0.000000000000000000 0.000000000000000000
connection 0 25 -2.809669399920702304 0 0.000000000000000000 0.000000000000000000
connection 0 26 -1.205098035582925498 0 0.000000000000000000 0.000000000000000000
connection 0 27 -3.878678555249144289 0 0.000000000000000000 0.000000000000000000
connection 0 28 7.841622610565080365 0 0.000000000000000000 0.000000000000000000
connection 0 29 -0.802961476542072283 0 0.000000000000000000 0.000000000000000000
connection 0 30 -3.010727180944551051 0 0.000000000000000000 0.000000000000000000
connection 0 31 -4.395845429040146968 0 0.000000000000000000 0.000000000000000000
connection 0 32 1.293211985909618278 0 0.000000000000000000 0.000000000000000000
connection 0 33 -1.861376932697341502 0 0.000000000000000000 0.000000000000000000
connection 1 13 0.295518709488305831 0 0.000000000000000000 0.000000000000000000
connection 1 35 7.586982644731827818 0 0.000000000000000000 0.000000000000000000
connection 1 36 7.999564330193559059 0 0.000000000000000000 0.000000000000000000
connection 1 37 1.703548497607531687 0 0.000000000000000000 0.000000000000000000
connection 1 17 -1.483193541766334000 0 0.000000000000000000 0.000000000000000000
connection 1 38 -3.706519790709167594 0 0.000000000000000000 0.000000000000000000
connection 1 18 -0.304127738026394923 0 0.000000000000000000 0.000000000000000000
connection 1 39 -4.648476258091086777 0 0.000000000000000000 0.000000000000000000
connection 1 27 -4.562341305917380296 0 0.000000000000000000 0.000000000000000000
connection 1 40 1.355911498794480252 0 0.000000000000000000 0.000000000000000000
connection 1 41 -1.974298096271226655 0 0.000000000000000000 0.000000000000000000
connection 1 42 3.403689299701378346 0 0.000000000000000000 0.000000000000000000
connection 1 43 -4.946082574478275262 0 0.000000000000000000 0.000000000000000000
connection 1 31 -6.217245323038018689 0 0.000000000000000000 0.000000000000000000
connection 1 44 -0.389297377742159334 0 0.000000000000000000 0.000000000000000000
connection 1 32 -4.216837467194869404 0 0.000000000000000000 0.000000000000000000
connection 1 33 -5.523592611719029932 0 0.000000000000000000 0.000000000000000000
connection 2 36 3.609211845268761820 0 0.000000000000000000 0.000000000000000000
connection 2 45 -1.714347519999360081 0 0.000000000000000000 0.000000000000000000
connection 2 37 -4.020228746674729514 0 0.000000000000000000 0.000000000000000000
connection 2 46 -5.185744675883326771 0 0.000000000000000000 0.000000000000000000
connection 2 19 1.835274121989007412 0 0.000000000000000000 0.000000000000000000
connection 2 20 -1.691445389554338874 0 0.000000000000000000 0.000000000000000000
connection 2 47 4.133577199503093880 0 0.000000000000000000 0.000000000000000000
connection 2 39 -5.883510787960901212 0 0.000000000000000000 0.000000000000000000
connection 2 48 -6.137294405723032753 0 0.000000000000000000 0.000000000000000000
connection 2 49 -3.636561395927131457 0 0.000000000000000000 0.000000000000000000
connection 2 50 -2.161277280953571633 0 0.000000000000000000 0.000000000000000000
connection 2 51 -5.540886033322521165 0 0.000000000000000000 0.000000000000000000
connection 2 52 -6.414293746764858639 0 0.000000000000000000 0.000000000000000000
connection 3 53 2.653378333440038261 0 0.000000000000000000 0.000000000000000000
connection 3 35 -1.044057426254053844 0 0.000000000000000000 0.000000000000000000
connection 3 15 -5.158183837048410325 0 0.000000000000000000 0.000000000000000000
connection 3 46 -6.612674248002163857 0 0.000000000000000000 0.000000000000000000
connection 3 54 1.183958731435147627 0 0.000000000000000000 0.000000000000000000
connection 3 19 -3.698611905887824847 0 0.000000000000000000 0.000000000000000000
connection 3 20 -5.304982200176546314 0 0.000000000000000000 0.000000000000000000
connection 3 47 -2.129678909743311088 0 0.000000000000000000 0.000000000000000000
connection 3 39 -6.254233387702246461 0 0.000000000000000000 0.000000000000000000
connection 3 48 -6.251776562572404217 0 0.000000000000000000 0.000000000000000000
connection 3 49 -3.529147710057899623 0 0.000000000000000000 0.000000000000000000
connection 3 51 -5.501217458966795704 0 0.000000000000000000 0.000000000000000000
connection 3 52 -6.987652752606240192 0 0.000000000000000000 0.000000000000000000
connection 4 53 -2.982813509422759246 0 0.000000000000000000 0.000000000000000000
connection 4 35 -4.833991083700926339 0 0.000000000000000000 0.000000000000000000
connection 4 15 -6.565165805838196533 0 0.000000000000000000 0.000000000000000000
connection 4 46 -7.049577092419829327 0 0.000000000000000000 0.000000000000000000
connection 4 55 -5.564636320089292987 0 0.000000000000000000 0.000000000000000000
connection 4 39 -6.320722856632036368 0 0.000000000000000000 0.000000000000000000
connection 4 48 -6.224513268302264812 0 0.000000000000000000 0.000000000000000000
connection 4 50 -1.767206124547618273 0 0.000000000000000000 0.000000000000000000
connection 4 52 -7.163345245140575912 0 0.000000000000000000 0.000000000000000000
connection 5 56 -6.801338169724889582 0 0.000000000000000000 0.000000000000000000
connection 5 48 -6.148332454102354738 0 0.000000000000000000 0.000000000000000000
connection 5 49 -3.159505801534653102 0 0.000000000000000000 0.000000000000000000
connection 5 50 -1.553808773907135787 0 0.000000000000000000 0.000000000000000000
connection 5 52 -7.212373995331801346 0 0.000000000000000000 0.000000000000000000
connection 6 56 -7.008093099895225109 0 0.000000000000000000 0.000000000000000000
connection 6 50 -1.339518160207077813 0 0.000000000000000000 0.000000000000000000
connection 6 52 -7.220547982384080576 0 0.000000000000000000 0.000000000000000000
connection 7 49 -2.752311256929577787 0 0.000000000000000000 0.000000000000000000
connection 7 50 -1.125468191963372888 0 0.000000000000000000 0.000000000000000000
connection 8 49 -2.544240345390372582 0 0.000000000000000000 0.000000000000000000
connection 8 50 -0.912193220527672821 0 0.000000000000000000 0.000000000000000000
connection 9 56 -7.146061989903684797 0 0.000000000000000000 0.000000000000000000
connection 9 49 -2.334004821345923020 0 0.000000000000000000 0.000000000000000000
connection 9 50 -0.700124605950708911 0 0.000000000000000000 0.000000000000000000
connection 10 56 -7.165411417164037289 0 0.000000000000000000 0.000000000000000000
connection 10 49 -2.122052402988773956 0 0.000000000000000000 0.000000000000000000
connection 10 50 -0.489667410461367858 0 0.000000000000000000 0.000000000000000000
connection 10 51 -4.495267831285335802 0 0.000000000000000000 0.000000000000000000
connection 13 13 2.697722373590689671 0 0.000000000000000000 0.000000000000000000
connection 13 53 6.520263204616927766 0 0.000000000000000000 0.000000000000000000
connection 13 45 4.333998036009052868 0 0.000000000000000000 0.000000000000000000
connection 13 55 5.299955064231538060 0 0.000000000000000000 0.000000000000000000
connection 13 58 3.179107512419726334 0 0.000000000000000000 0.000000000000000000
connection 13 60 -0.483868233695072369 0 0.000000000000000000 0.000000000000000000
connection 13 49 -0.840386225947081122 0 0.000000000000000000 0.000000000000000000
connection 13 50 -3.455729648046337310 0 0.000000000000000000 0.000000000000000000
connection 13 52 6.501747512732418244 0 0.000000000000000000 0.000000000000000000
connection 14 53 0.401269325258970966 0 0.000000000000000000 0.000000000000000000
connection 14 36 4.858413440757351154 0 0.000000000000000000 0.000000000000000000
connection 14 45 7.967425353901546714 0 0.000000000000000000 0.000000000000000000
connection 14 37 7.826470656745064147 0 0.000000000000000000 0.000000000000000000
connection 14 16 2.911625037061744692 0 0.000000000000000000 0.000000000000000000
connection 14 17 6.984702366442734345 0 0.000000000000000000 0.000000000000000000
connection 14 54 7.530811207154419762 0 0.000000000000000000 0.000000000000000000
connection 14 47 4.061743775240326926 0 0.000000000000000000 0.000000000000000000
connection 14 49 0.908899507112792548 0 0.000000000000000000 0.000000000000000000
connection 14 63 2.560849300876078871 0 0.000000000000000000 0.000000000000000000
connection 14 64 -0.653850590909212492 0 0.000000000000000000 0.000000000000000000
connection 14 40 7.639251132675125788 0 0.000000000000000000 0.000000000000000000
connection 14 41 5.163843646400897214 0 0.000000000000000000 0.000000000000000000
connection 14 42 -1.676500500951307870 0 0.000000000000000000 0.000000000000000000
connection 14 31 7.852870278142262350 0 0.000000000000000000 0.000000000000000000
connection 14 32 2.368222621890337720 0 0.000000000000000000 0.000000000000000000
connection 14 33 0.657616668223621303 0 0.000000000000000000 0.000000000000000000
connection 39 13 2.221688983344323631 0 0.000000000000000000 0.000000000000000000
connection 39 53 -5.149053453113772605 0 0.000000000000000000 0.000000000000000000
connection 39 35 -2.309232155032142408 0 0.000000000000000000 0.000000000000000000
connection 39 18 -1.391119969878290341 0 0.000000000000000000 0.000000000000000000
connection 39 69 -5.948074631436829129 0 0.000000000000000000 0.000000000000000000
connection 50 23 -4.596952188643832926 0 0.000000000000000000 0.000000000000000000
connection 50 24 2.607054111728871248 0 0.000000000000000000 0.000000000000000000
connection 50 64 1.745749143018231919 0 0.000000000000000000 0.000000000000000000
connection 50 51 -0.673660395225794240 0 0.000000000000000000 0.000000000000000000
connection 15 53 1.425282005845604161 0 0.000000000000000000 0.000000000000000000
connection 15 15 -3.668532260215939367 0 0.000000000000000000 0.000000000000000000
connection 15 16 -0.436799897647718538 0 0.000000000000000000 0.000000000000000000
connection 15 17 -4.510766222656981128 0 0.000000000000000000 0.000000000000000000
connection 15 38 -3.806896606370866465 0 0.000000000000000000 0.000000000000000000
connection 15 18 3.272579856129841147 0 0.000000000000000000 0.000000000000000000
connection 15 27 -6.503571408641049878 0 0.000000000000000000 0.000000000000000000
connection 15 28 1.654138990246103447 0 0.000000000000000000 0.000000000000000000
connection 15 29 -1.512435474648281541 0 0.000000000000000000 0.000000000000000000
connection 15 44 3.897473372864769914 0 0.000000000000000000 0.000000000000000000
connection 15 33 -0.243149811596808263 0 0.000000000000000000 0.000000000000000000
connection 16 56 5.652329570288921801 0 0.000000000000000000 0.000000000000000000
connection 16 60 1.478422378591696784 0 0.000000000000000000 0.000000000000000000
connection 16 49 -3.455781706823034760 0 0.000000000000000000 0.000000000000000000
connection 16 63 -2.468248510975376675 0 0.000000000000000000 0.000000000000000000
connection 16 64 -4.641035775828893151 0 0.000000000000000000 0.000000000000000000
connection 38 56 5.429949579302018492 0 0.000000000000000000 0.000000000000000000
connection 38 39 -1.350394189001147716 0 0.000000000000000000 0.000000000000000000
connection 38 49 -4.153262851235308695 0 0.000000000000000000 0.000000000000000000
connection 38 63 -0.900615286829951067 0 0.000000000000000000 0.000000000000000000
connection 38 64 -4.874637420664308607 0 0.000000000000000000 0.000000000000000000
connection 38 80 2.997480615595486952 0 0.000000000000000000 0.000000000000000000
connection 17 36 3.784917397648218440 0 0.000000000000000000 0.000000000000000000
connection 17 45 -0.995120950777574897 0 0.000000000000000000 0.000000000000000000
connection 17 37 -0.404180584995477155 0 0.000000000000000000 0.000000000000000000
connection 17 17 1.533890035482450287 0 0.000000000000000000 0.000000000000000000
connection 17 23 -2.450263258604708838 0 0.000000000000000000 0.000000000000000000
connection 17 60 -3.689259225389677432 0 0.000000000000000000 0.000000000000000000
connection 17 49 -5.420660927626789416 0 0.000000000000000000 0.000000000000000000
connection 17 40 4.157821337026174291 0 0.000000000000000000 0.000000000000000000
connection 17 42 7.994403600259319731 0 0.000000000000000000 0.000000000000000000
connection 17 31 0.979167134520851690 0 0.000000000000000000 0.000000000000000000
connection 18 56 5.656828061296220511 0 0.000000000000000000 0.000000000000000000
connection 18 23 0.842226772865149798 0 0.000000000000000000 0.000000000000000000
connection 18 24 4.302155663227933857 0 0.000000000000000000 0.000000000000000000
connection 18 26 7.831245758588652350 0 0.000000000000000000 0.000000000000000000
connection 18 64 -0.981795153827898837 0 0.000000000000000000 0.000000000000000000
connection 18 51 5.464180525234043628 0 0.000000000000000000 0.000000000000000000
connection 18 40 3.828105308714910393 0 0.000000000000000000 0.000000000000000000
connection 18 41 1.704461012913625950 0 0.000000000000000000 0.000000000000000000
connection 18 43 7.388653276218299482 0 0.000000000000000000 0.000000000000000000
connection 41 38 3.482299196206394498 0 0.000000000000000000 0.000000000000000000
connection 41 64 1.678723318510947138 0 0.000000000000000000 0.000000000000000000
connection 41 52 -6.275644611101629522 0 0.000000000000000000 0.000000000000000000
connection 19 56 3.647719184851496266 0 0.000000000000000000 0.000000000000000000
connection 19 23 1.867319243900443126 0 0.000000000000000000 0.000000000000000000
connection 19 24 4.034020217291844901 0 0.000000000000000000 0.000000000000000000
connection 19 26 7.999289442648388260 0 0.000000000000000000 0.000000000000000000
connection 19 49 0.215984122495674669 0 0.000000000000000000 0.000000000000000000
connection 19 63 3.651530403302162497 0 0.000000000000000000 0.000000000000000000
connection 19 64 -1.129407922971759071 0 0.000000000000000000 0.000000000000000000
connection 19 40 5.892215139529335843 0 0.000000000000000000 0.000000000000000000
connection 19 41 3.089283759232419158 0 0.000000000000000000 0.000000000000000000
connection 31 36 3.284368671060537537 0 0.000000000000000000 0.000000000000000000
connection 31 17 2.235587169648820094 0 0.000000000000000000 0.000000000000000000
connection 31 26 6.836013058568591205 0 0.000000000000000000 0.000000000000000000
connection 31 58 1.845560130573645097 0 0.000000000000000000 0.000000000000000000
connection 31 60 6.550590942342360279 0 0.000000000000000000 0.000000000000000000
connection 31 80 6.751562182691944969 0 0.000000000000000000 0.000000000000000000
connection 40 35 2.326875049829860487 0 0.000000000000000000 0.000000000000000000
connection 40 16 6.892607803944777345 0 0.000000000000000000 0.000000000000000000
connection 40 18 1.758723612990785057 0 0.000000000000000000 0.000000000000000000
connection 40 22 -1.329587401865818919 0 0.000000000000000000 0.000000000000000000
connection 40 50 4.765594447191293881 0 0.000000000000000000 0.000000000000000000
connection 40 29 6.502373466639262745 0 0.000000000000000000 0.000000000000000000
connection 40 30 1.964553957906241877 0 0.000000000000000000 0.000000000000000000
connection 40 69 -3.881410000065939947 0 0.000000000000000000 0.000000000000000000
connection 20 13 6.081329454378575861 0 0.000000000000000000 0.000000000000000000
connection 20 14 0.686756452803731321 0 0.000000000000000000 0.000000000000000000
connection 20 15 -0.247572142452758825 0 0.000000000000000000 0.000000000000000000
connection 20 19 5.664266003660829440 0 0.000000000000000000 0.000000000000000000
connection 20 20 0.967475631368641231 0 0.000000000000000000 0.000000000000000000
connection 20 24 7.999858759748390113 0 0.000000000000000000 0.000000000000000000
connection 20 25 7.655420157912155688 0 0.000000000000000000 0.000000000000000000
connection 20 27 6.954059583031536818 0 0.000000000000000000 0.000000000000000000
connection 20 69 -3.310058638400431796 0 0.000000000000000000 0.000000000000000000
connection 21 13 -3.166359042202219420 0 0.000000000000000000 0.000000000000000000
connection 21 35 -5.419782698093955631 0 0.000000000000000000 0.000000000000000000
connection 21 14 1.069952733107321308 0 0.000000000000000000 0.000000000000000000
connection 21 19 -3.103497812913006193 0 0.000000000000000000 0.000000000000000000
connection 21 20 1.883272911678510297 0 0.000000000000000000 0.000000000000000000
connection 21 23 -3.624529629794435159 0 0.000000000000000000 0.000000000000000000
connection 21 27 -7.171774184662887741 0 0.000000000000000000 0.000000000000000000
connection 26 45 -0.853425880994445052 0 0.000000000000000000 0.000000000000000000
connection 26 37 0.807678004363024726 0 0.000000000000000000 0.000000000000000000
connection 26 20 3.944936015041289323 0 0.000000000000000000 0.000000000000000000
connection 26 23 -4.037860888646244817 0 0.000000000000000000 0.000000000000000000
connection 26 24 -4.627128422098392591 0 0.000000000000000000 0.000000000000000000
connection 26 25 -4.843120013777914679 0 0.000000000000000000 0.000000000000000000
connection 26 26 -0.864943915901259075 0 0.000000000000000000 0.000000000000000000
connection 26 58 3.012905939066698124 0 0.000000000000000000 0.000000000000000000
connection 26 60 -1.741130028207007463 0 0.000000000000000000 0.000000000000000000
connection 26 49 -6.027466944010373417 0 0.000000000000000000 0.000000000000000000
connection 26 63 -4.703294676025945975 0 0.000000000000000000 0.000000000000000000
connection 26 80 -1.860431483064685310 0 0.000000000000000000 0.000000000000000000
connection 26 42 7.809863920729442910 0 0.000000000000000000 0.000000000000000000
connection 26 69 7.885195075752967853 0 0.000000000000000000 0.000000000000000000
connection 36 53 0.732513138818758236 0 0.000000000000000000 0.000000000000000000
connection 36 35 3.154917356689782793 0 0.000000000000000000 0.000000000000000000
connection 36 15 -3.353177438649979081 0 0.000000000000000000 0.000000000000000000
connection 36 16 -1.329648057639547964 0 0.000000000000000000 0.000000000000000000
connection 36 17 -4.431935318332872242 0 0.000000000000000000 0.000000000000000000
connection 36 38 -4.174074714644466333 0 0.000000000000000000 0.000000000000000000
connection 36 18 1.669859887597761272 0 0.000000000000000000 0.000000000000000000
connection 36 27 -6.369736989644759539 0 0.000000000000000000 0.000000000000000000
connection 36 42 2.371714843651750115 0 0.000000000000000000 0.000000000000000000
connection 36 29 -2.624332685138945465 0 0.000000000000000000 0.000000000000000000
connection 36 30 0.973448504879472765 0 0.000000000000000000 0.000000000000000000
connection 36 44 3.357326721018754512 0 0.000000000000000000 0.000000000000000000
connection 36 32 0.431692520734504370 0 0.000000000000000000 0.000000000000000000
connection 36 33 -0.299150860975090360 0 0.000000000000000000 0.000000000000000000
connection 22 53 -3.156149665959108397 0 0.000000000000000000 0.000000000000000000
connection 22 15 -5.969803458310788180 0 0.000000000000000000 0.000000000000000000
connection 22 16 -3.759724454785174252 0 0.000000000000000000 0.000000000000000000
connection 22 23 -3.854348038499892048 0 0.000000000000000000 0.000000000000000000
connection 22 27 -7.026628610052488177 0 0.000000000000000000 0.000000000000000000
connection 22 42 -2.746667711583461013 0 0.000000000000000000 0.000000000000000000
connection 22 29 -3.748413068925001035 0 0.000000000000000000 0.000000000000000000
connection 22 30 0.754617781886240735 0 0.000000000000000000 0.000000000000000000
connection 22 44 -2.184029378616545891 0 0.000000000000000000 0.000000000000000000
connection 22 32 -3.491952484307903504 0 0.000000000000000000 0.000000000000000000
connection 22 33 -4.435233767155729367 0 0.000000000000000000 0.000000000000000000
connection 23 53 -3.075953480398176509 0 0.000000000000000000 0.000000000000000000
connection 23 16 -2.274625098522271571 0 0.000000000000000000 0.000000000000000000
connection 23 39 -6.573030564084570315 0 0.000000000000000000 0.000000000000000000
connection 23 42 -5.631396142914960379 0 0.000000000000000000 0.000000000000000000
connection 23 44 -4.854835554636041550 0 0.000000000000000000 0.000000000000000000
connection 29 13 6.563462416355557494 0 0.000000000000000000 0.000000000000000000
connection 29 14 2.906411304681641994 0 0.000000000000000000 0.000000000000000000
connection 29 15 4.657893658230367606 0 0.000000000000000000 0.000000000000000000
connection 29 19 7.091686967418867837 0 0.000000000000000000 0.000000000000000000
connection 29 20 4.566503910758633822 0 0.000000000000000000 0.000000000000000000
connection 29 22 7.801036189292913647 0 0.000000000000000000 0.000000000000000000
connection 29 51 4.734782358921370005 0 0.000000000000000000 0.000000000000000000
connection 29 40 2.297304565048646552 0 0.000000000000000000 0.000000000000000000
connection 29 41 1.107767949174482069 0 0.000000000000000000 0.000000000000000000
connection 35 36 7.838649381127410720 0 0.000000000000000000 0.000000000000000000
connection 35 45 4.424875557842735674 0 0.000000000000000000 0.000000000000000000
connection 35 55 6.654918336939545043 0 0.000000000000000000 0.000000000000000000
connection 35 39 1.257388284471899098 0 0.000000000000000000 0.000000000000000000
connection 35 49 -2.299194720408075376 0 0.000000000000000000 0.000000000000000000
connection 35 50 -3.933387030015112806 0 0.000000000000000000 0.000000000000000000
connection 35 52 7.260716697975247769 0 0.000000000000000000 0.000000000000000000
connection 43 13 -0.212541803932522200 0 0.000000000000000000 0.000000000000000000
connection 43 35 4.806679519843878978 0 0.000000000000000000 0.000000000000000000
connection 43 45 1.251764647772242611 0 0.000000000000000000 0.000000000000000000
connection 43 46 7.882582894569457821 0 0.000000000000000000 0.000000000000000000
connection 43 19 0.331785488442937648 0 0.000000000000000000 0.000000000000000000
connection 43 20 -2.429757149437858921 0 0.000000000000000000 0.000000000000000000
connection 43 39 7.515831318087519364 0 0.000000000000000000 0.000000000000000000
connection 43 27 5.963770765784854433 0 0.000000000000000000 0.000000000000000000
connection 43 29 7.939637001889423118 0 0.000000000000000000 0.000000000000000000
connection 43 30 6.261725211614667330 0 0.000000000000000000 0.000000000000000000
connection 43 69 -1.151133036216783090 0 0.000000000000000000 0.000000000000000000
connection 24 53 -0.895641948696747292 0 0.000000000000000000 0.000000000000000000
connection 24 16 -0.977579818215786212 0 0.000000000000000000 0.000000000000000000
connection 24 38 -4.307221324996856282 0 0.000000000000000000 0.000000000000000000
connection 24 47 -1.297571673359869671 0 0.000000000000000000 0.000000000000000000
connection 24 41 -3.215039800414485782 0 0.000000000000000000 0.000000000000000000
connection 24 42 -2.618481129259620843 0 0.000000000000000000 0.000000000000000000
connection 24 29 -0.333650524689645067 0 0.000000000000000000 0.000000000000000000
connection 24 44 -0.828130602161054163 0 0.000000000000000000 0.000000000000000000
connection 24 32 -4.507039376757223437 0 0.000000000000000000 0.000000000000000000
connection 24 33 -4.230468280493036914 0 0.000000000000000000 0.000000000000000000
connection 25 36 -0.828672725148344114 0 0.000000000000000000 0.000000000000000000
connection 25 45 -4.811137613760330112 0 0.000000000000000000 0.000000000000000000
connection 25 37 -4.074304912108421384 0 0.000000000000000000 0.000000000000000000
connection 25 17 -1.726321509772807516 0 0.000000000000000000 0.000000000000000000
connection 25 54 1.728602636979784890 0 0.000000000000000000 0.000000000000000000
connection 25 20 1.196961047905963582 0 0.000000000000000000 0.000000000000000000
connection 25 47 1.807256520414926015 0 0.000000000000000000 0.000000000000000000
connection 25 58 -1.865257449600591144 0 0.000000000000000000 0.000000000000000000
connection 25 60 -4.776582448194380603 0 0.000000000000000000 0.000000000000000000
connection 25 40 -0.745398077043171625 0 0.000000000000000000 0.000000000000000000
connection 25 41 -0.861754421771763646 0 0.000000000000000000 0.000000000000000000
connection 25 32 0.611840601041574672 0 0.000000000000000000 0.000000000000000000
connection 25 33 3.247378992564293299 0 0.000000000000000000 0.000000000000000000
connection 27 56 6.310883899589196488 0 0.000000000000000000 0.000000000000000000
connection 27 21 2.430188617463938883 0 0.000000000000000000 0.000000000000000000
connection 27 23 -4.507645499245642284 0 0.000000000000000000 0.000000000000000000
connection 27 24 0.233442904564650888 0 0.000000000000000000 0.000000000000000000
connection 27 25 3.519761768449118478 0 0.000000000000000000 0.000000000000000000
connection 27 64 -1.922302412564771856 0 0.000000000000000000 0.000000000000000000
connection 27 52 7.299625575059721427 0 0.000000000000000000 0.000000000000000000
connection 46 56 5.498639889844518791 0 0.000000000000000000 0.000000000000000000
connection 46 39 -0.739529903479022366 0 0.000000000000000000 0.000000000000000000
connection 46 60 2.575477354207738045 0 0.000000000000000000 0.000000000000000000
connection 46 49 -3.868586791421319226 0 0.000000000000000000 0.000000000000000000
connection 46 63 -1.837534432793018979 0 0.000000000000000000 0.000000000000000000
connection 46 64 -4.827384463691034355 0 0.000000000000000000 0.000000000000000000
connection 46 80 1.289312479477535689 0 0.000000000000000000 0.000000000000000000
connection 28 38 5.801512464174196637 0 0.000000000000000000 0.000000000000000000
connection 28 64 1.396133514655357288 0 0.000000000000000000 0.000000000000000000
connection 28 52 -6.493977366084092928 0 0.000000000000000000 0.000000000000000000
connection 30 13 -1.788127740286203249 0 0.000000000000000000 0.000000000000000000
connection 30 53 7.186731292309410435 0 0.000000000000000000 0.000000000000000000
connection 30 35 2.956696751745075957 0 0.000000000000000000 0.000000000000000000
connection 30 45 1.543860917858880910 0 0.000000000000000000 0.000000000000000000
connection 30 16 7.178309588633906557 0 0.000000000000000000 0.000000000000000000
connection 30 18 3.828976376574960483 0 0.000000000000000000 0.000000000000000000
connection 30 19 -0.947119581654805032 0 0.000000000000000000 0.000000000000000000
connection 30 39 7.716378771024578143 0 0.000000000000000000 0.000000000000000000
connection 30 27 5.705958682098192014 0 0.000000000000000000 0.000000000000000000
connection 30 28 -3.452322855944674806 0 0.000000000000000000 0.000000000000000000
connection 30 29 7.532991150645779399 0 0.000000000000000000 0.000000000000000000
connection 30 30 5.330379725693219939 0 0.000000000000000000 0.000000000000000000
connection 30 69 -0.347265209620052140 0 0.000000000000000000 0.000000000000000000
connection 32 23 -3.852910032967344023 0 0.000000000000000000 0.000000000000000000
connection 32 26 5.694250465607591849 0 0.000000000000000000 0.000000000000000000
connection 32 60 4.607883563407925820 0 0.000000000000000000 0.000000000000000000
connection 32 80 3.962636402961265958 0 0.000000000000000000 0.000000000000000000
connection 32 52 -6.403180969540581913 0 0.000000000000000000 0.000000000000000000
connection 33 21 4.815475503942042934 0 0.000000000000000000 0.000000000000000000
connection 37 53 2.357948286422894668 0 0.000000000000000000 0.000000000000000000
connection 37 15 -3.843911943237523943 0 0.000000000000000000 0.000000000000000000
connection 37 16 0.776064297020381488 0 0.000000000000000000 0.000000000000000000
connection 37 17 -4.430171324564671664 0 0.000000000000000000 0.000000000000000000
connection 37 38 -3.182402450137901795 0 0.000000000000000000 0.000000000000000000
connection 37 47 2.785560238639780195 0 0.000000000000000000 0.000000000000000000
connection 37 49 -5.650235017991311892 0 0.000000000000000000 0.000000000000000000
connection 37 28 1.033377998780023788 0 0.000000000000000000 0.000000000000000000
connection 37 32 -0.531379462166554184 0 0.000000000000000000 0.000000000000000000
connection 42 58 4.606199869895721832 0 0.000000000000000000 0.000000000000000000
connection 42 52 -6.868899073068087446 0 0.000000000000000000 0.000000000000000000
connection 44 21 -0.469533440768923782 0 0.000000000000000000 0.000000000000000000
connection 44 24 0.893075843473395636 0 0.000000000000000000 0.000000000000000000
connection 44 63 5.663644660960748922 0 0.000000000000000000 0.000000000000000000
connection 44 52 -6.882409234122764730 0 0.000000000000000000 0.000000000000000000
connection 45 13 1.701904137626565117 0 0.000000000000000000 0.000000000000000000
connection 45 53 -4.140404235014399248 0 0.000000000000000000 0.000000000000000000
connection 45 35 -2.598249177851356784 0 0.000000000000000000 0.000000000000000000
connection 45 15 -5.489506242368965339 0 0.000000000000000000 0.000000000000000000
connection 45 19 0.983083853914619610 0 0.000000000000000000 0.000000000000000000
connection 45 27 -6.945926295189616795 0 0.000000000000000000 0.000000000000000000
connection 45 42 -1.792440135683163405 0 0.000000000000000000 0.000000000000000000
connection 45 29 -5.424366527656163228 0 0.000000000000000000 0.000000000000000000
connection 45 30 -3.094260986608260211 0 0.000000000000000000 0.000000000000000000
connection 45 69 -3.376112774018396046 0 0.000000000000000000 0.000000000000000000
connection 47 35 6.834460494577932366 0 0.000000000000000000 0.000000000000000000
connection 47 18 6.065225742913574081 0 0.000000000000000000 0.000000000000000000
connection 47 19 1.166455685421210475 0 0.000000000000000000 0.000000000000000000
connection 47 21 1.502243449492450367 0 0.000000000000000000 0.000000000000000000
connection 47 24 3.840073751235699717 0 0.000000000000000000 0.000000000000000000
connection 47 49 7.546206894348591376 0 0.000000000000000000 0.000000000000000000
connection 47 64 7.682267833392334211 0 0.000000000000000000 0.000000000000000000
connection 47 30 5.662083041229344360 0 0.000000000000000000 0.000000000000000000
connection 48 56 5.748016378754176259 0 0.000000000000000000 0.000000000000000000
connection 48 21 1.455575124575972268 0 0.000000000000000000 0.000000000000000000
connection 48 22 3.102752044972866940 0 0.000000000000000000 0.000000000000000000
connection 48 23 -3.863635861935223126 0 0.000000000000000000 0.000000000000000000
connection 48 24 -1.037948435046039286 0 0.000000000000000000 0.000000000000000000
connection 48 25 0.966025011576086001 0 0.000000000000000000 0.000000000000000000
connection 48 64 -3.945269372197609314 0 0.000000000000000000 0.000000000000000000
connection 49 13 2.516550343336694695 0 0.000000000000000000 0.000000000000000000
connection 49 14 1.262073070607836911 0 0.000000000000000000 0.000000000000000000
connection 49 45 -3.902592751671288163 0 0.000000000000000000 0.000000000000000000
connection 49 37 -1.080122584879218195 0 0.000000000000000000 0.000000000000000000
connection 49 54 1.583057674423876904 0 0.000000000000000000 0.000000000000000000
connection 49 19 0.370118568505718670 0 0.000000000000000000 0.000000000000000000
connection 49 20 -1.240347873936732626 0 0.000000000000000000 0.000000000000000000
connection 49 47 3.216909898201690154 0 0.000000000000000000 0.000000000000000000
connection 49 39 -6.454654008686229183 0 0.000000000000000000 0.000000000000000000
connection 49 58 4.756589633111016013 0 0.000000000000000000 0.000000000000000000
connection 49 80 1.225251459749413740 0 0.000000000000000000 0.000000000000000000
connection 49 40 -1.047665233810183061 0 0.000000000000000000 0.000000000000000000
connection 49 41 0.699323493912217486 0 0.000000000000000000 0.000000000000000000
connection 49 31 -4.225410484067853467 0 0.000000000000000000 0.000000000000000000
connection 49 32 3.520317842961429022 0 0.000000000000000000 0.000000000000000000
connection 51 53 2.203680391869417221 0 0.000000000000000000 0.000000000000000000
connection 51 35 -1.263339582380953452 0 0.000000000000000000 0.000000000000000000
connection 51 16 3.365877512213323541 0 0.000000000000000000 0.000000000000000000
connection 51 38 7.315518706689374540 0 0.000000000000000000 0.000000000000000000
connection 51 18 0.569624020496471317 0 0.000000000000000000 0.000000000000000000
connection 51 39 7.997645168020570239 0 0.000000000000000000 0.000000000000000000
connection 51 27 5.394557702304698665 0 0.000000000000000000 0.000000000000000000
connection 51 52 -0.842941487806043277 0 0.000000000000000000 0.000000000000000000
connection 52 45 1.678576965964353462 0 0.000000000000000000 0.000000000000000000
connection 52 17 6.707935790437181467 0 0.000000000000000000 0.000000000000000000
connection 52 38 1.090356269137611633 0 0.000000000000000000 0.000000000000000000
connection 52 58 6.010150779653578468 0 0.000000000000000000 0.000000000000000000
connection 52 49 0.468907299852524773 0 0.000000000000000000 0.000000000000000000
connection 52 52 -5.962712285612473906 0 0.000000000000000000 0.000000000000000000
connection 53 36 2.273544142713692651 0 0.000000000000000000 0.000000000000000000
connection 53 45 0.356928207670888398 0 0.000000000000000000 0.000000000000000000
connection 53 37 -0.394480333300868402 0 0.000000000000000000 0.000000000000000000
connection 53 17 -0.414201277763369902 0 0.000000000000000000 0.000000000000000000
connection 53 38 0.666318428410022534 0 0.000000000000000000 0.000000000000000000
connection 53 23 1.021396473154396745 0 0.000000000000000000 0.000000000000000000
connection 53 48 -3.724320167500196455 0 0.000000000000000000 0.000000000000000000
connection 53 49 -2.889669501528698170 0 0.000000000000000000 0.000000000000000000
connection 53 50 -5.548972864536093397 0 0.000000000000000000 0.000000000000000000
connection 53 52 4.160042277897989749 0 0.000000000000000000 0.000000000000000000
connection 54 14 5.094609296917729679 0 0.000000000000000000 0.000000000000000000
connection 54 36 -1.838324260002883292 0 0.000000000000000000 0.000000000000000000
connection 54 45 3.049190393465828208 0 0.000000000000000000 0.000000000000000000
connection 54 17 0.630001929634598667 0 0.000000000000000000 0.000000000000000000
connection 54 54 -0.323482105598455583 0 0.000000000000000000 0.000000000000000000
connection 54 20 4.702878954570083536 0 0.000000000000000000 0.000000000000000000
connection 54 25 7.964223803550511960 0 0.000000000000000000 0.000000000000000000
connection 54 27 7.557742402445455809 0 0.000000000000000000 0.000000000000000000
connection 54 41 -2.790719995107052931 0 0.000000000000000000 0.000000000000000000
connection 55 14 2.848882879136592550 0 0.000000000000000000 0.000000000000000000
connection 55 15 -0.555226288129293977 0 0.000000000000000000 0.000000000000000000
connection 55 17 0.969706213056808153 0 0.000000000000000000 0.000000000000000000
connection 55 54 -1.952038821239500344 0 0.000000000000000000 0.000000000000000000
connection 55 19 7.181300806005713966 0 0.000000000000000000 0.000000000000000000
connection 55 20 2.761073466056352288 0 0.000000000000000000 0.000000000000000000
connection 55 24 7.959489457902860110 0 0.000000000000000000 0.000000000000000000
connection 55 25 7.848482079945000578 0 0.000000000000000000 0.000000000000000000
connection 55 26 3.656361529044055203 0 0.000000000000000000 0.000000000000000000
connection 55 27 7.277154833963857428 0 0.000000000000000000 0.000000000000000000
connection 55 40 -1.284032202143032819 0 0.000000000000000000 0.000000000000000000
connection 56 56 5.880879368323807199 0 0.000000000000000000 0.000000000000000000
connection 56 39 0.592070009833605582 0 0.000000000000000000 0.000000000000000000
connection 56 60 0.631788374641438111 0 0.000000000000000000 0.000000000000000000
connection 56 49 -2.927123466488283476 0 0.000000000000000000 0.000000000000000000
connection 56 50 -3.945923630395478554 0 0.000000000000000000 0.000000000000000000
connection 56 52 7.568332486190161745 0 0.000000000000000000 0.000000000000000000
connection 39 11 1.914612084840820572 0 0.000000000000000000 0.000000000000000000
connection 48 11 2.517013453692806380 0 0.000000000000000000 0.000000000000000000
connection 50 11 -0.533664782036814778 0 0.000000000000000000 0.000000000000000000
connection 51 11 3.176859725861033823 0 0.000000000000000000 0.000000000000000000
connection 52 11 6.880530753716641357 0 0.000000000000000000 0.000000000000000000
connection 58 12 -4.004199540416262693 0 0.000000000000000000 0.000000000000000000
connection 60 12 -1.563051555342223509 0 0.000000000000000000 0.000000000000000000
connection 63 12 2.606342550236231403 0 0.000000000000000000 0.000000000000000000
connection 64 12 -1.065859841018069964 0 0.000000000000000000 0.000000000000000000
connection 80 12 7.955578937847771925 0 0.000000000000000000 0.000000000000000000
connection 42 12 1.922235609182878946 0 0.000000000000000000 0.000000000000000000
connection 29 12 0.509555454376236838 0 0.000000000000000000 0.000000000000000000
connection 69 12 7.999990277239200864 0 0.000000000000000000 0.000000000000000000
NNend

