NNstart
14 8
neuron 1 1.000000000000000000 0.000000000000000000 0.000000000000000000 0.000000000000000000 11 0.000000000000000000
neuron 1 1.000000000000000000 0.000000000000000000 0.000000000000000000 0.000000000000000000 11 0.000000000000000000
neuron 1 1.000000000000000000 0.000000000000000000 0.000000000000000000 0.000000000000000000 11 0.000000000000000000
neuron 1 1.000000000000000000 0.000000000000000000 0.000000000000000000 0.000000000000000000 11 0.000000000000000000
neuron 1 1.000000000000000000 0.000000000000000000 0.000000000000000000 0.000000000000000000 11 0.000000000000000000
neuron 1 1.000000000000000000 0.000000000000000000 0.000000000000000000 0.000000000000000000 11 0.000000000000000000
neuron 1 1.000000000000000000 0.000000000000000000 0.000000000000000000 0.000000000000000000 11 0.000000000000000000
neuron 1 1.000000000000000000 0.000000000000000000 0.000000000000000000 0.000000000000000000 11 0.000000000000000000
neuron 1 1.000000000000000000 0.000000000000000000 0.000000000000000000 0.000000000000000000 11 0.000000000000000000
neuron 1 1.000000000000000000 0.000000000000000000 0.000000000000000000 0.000000000000000000 11 0.000000000000000000
neuron 1 1.000000000000000000 0.000000000000000000 0.000000000000000000 0.000000000000000000 11 0.000000000000000000
neuron 1 1.000000000000000000 0.000000000000000000 0.000000000000000000 0.000000000000000000 11 0.000000000000000000
neuron 1 1.000000000000000000 0.000000000000000000 0.000000000000000000 0.000000000000000000 11 0.000000000000000000
neuron 2 1.000000000000000000 0.000000000000000000 0.000000000000000000 0.000000000000000000 11 0.000000000000000000
neuron 4 1.000000000000000000 0.000000000000000000 0.000000000000000000 0.000000000000000000 1 0.000000000000000000
neuron 4 1.000000000000000000 0.000000000000000000 0.000000000000000000 0.000000000000000000 1 0.000000000000000000
neuron 4 1.000000000000000000 0.000000000000000000 0.000000000000000000 0.000000000000000000 1 0.000000000000000000
neuron 4 1.000000000000000000 0.000000000000000000 0.000000000000000000 0.000000000000000000 1 0.000000000000000000
neuron 4 1.000000000000000000 0.000000000000000000 0.000000000000000000 0.000000000000000000 1 0.000000000000000000
neuron 4 1.000000000000000000 0.000000000000000000 0.000000000000000000 0.000000000000000000 1 0.000000000000000000
neuron 4 1.000000000000000000 0.000000000000000000 0.000000000000000000 0.000000000000000000 1 0.000000000000000000
neuron 4 1.000000000000000000 0.000000000000000000 0.000000000000000000 0.000000000000000000 1 0.000000000000000000
neuron 3 1.000000000000000000 0.000000000000000000 0.000000000000000000 0.000000000000000000 0 0.000000000000000000
neuron 3 1.000000000000000000 0.000000000000000000 0.000000000000000000 0.000000000000000000 0 0.000000000000000000
neuron 3 1.000000000000000000 0.000000000000000000 0.000000000000000000 0.000000000000000000 0 0.000000000000000000
neuron 3 1.000000000000000000 0.000000000000000000 0.000000000000000000 0.000000000000000000 0 0.000000000000000000
neuron 3 1.000000000000000000 0.000000000000000000 0.000000000000000000 0.000000000000000000 0 0.000000000000000000
neuron 3 1.000000000000000000 0.000000000000000000 0.000000000000000000 0.000000000000000000 0 0.000000000000000000
neuron 3 1.000000000000000000 0.000000000000000000 0.000000000000000000 0.000000000000000000 0 0.000000000000000000
neuron 3 1.000000000000000000 0.000000000000000000 0.000000000000000000 0.000000000000000000 0 0.000000000000000000
neuron 3 1.000000000000000000 0.000000000000000000 0.000000000000000000 0.000000000000000000 0 0.000000000000000000
neuron 3 1.000000000000000000 0.000000000000000000 0.000000000000000000 0.000000000000000000 0 0.000000000000000000
neuron 3 1.000000000000000000 0.000000000000000000 0.000000000000000000 0.000000000000000000 0 0.000000000000000000
neuron 3 1.000000000000000000 0.000000000000000000 0.000000000000000000 0.000000000000000000 0 0.000000000000000000
neuron 3 1.000000000000000000 0.000000000000000000 0.000000000000000000 0.000000000000000000 0 0.000000000000000000
neuron 3 1.000000000000000000 0.000000000000000000 0.000000000000000000 0.000000000000000000 0 0.000000000000000000
neuron 3 1.000000000000000000 0.000000000000000000 0.000000000000000000 0.000000000000000000 0 0.000000000000000000
neuron 3 1.000000000000000000 0.000000000000000000 0.000000000000000000 0.000000000000000000 0 0.000000000000000000
neuron 3 1.000000000000000000 0.000000000000000000 0.000000000000000000 0.000000000000000000 0 0.000000000000000000
neuron 3 1.000000000000000000 0.000000000000000000 0.000000000000000000 0.000000000000000000 0 0.000000000000000000
neuron 3 1.000000000000000000 0.000000000000000000 0.000000000000000000 0.000000000000000000 0 0.000000000000000000
neuron 3 1.000000000000000000 0.000000000000000000 0.000000000000000000 0.000000000000000000 0 0.000000000000000000
neuron 3 1.000000000000000000 0.000000000000000000 0.000000000000000000 0.000000000000000000 0 0.000000000000000000
neuron 3 1.000000000000000000 0.000000000000000000 0.000000000000000000 0.000000000000000000 0 0.000000000000000000
neuron 3 1.000000000000000000 0.000000000000000000 0.000000000000000000 0.000000000000000000 0 0.000000000000000000
neuron 3 1.000000000000000000 0.000000000000000000 0.000000000000000000 0.000000000000000000 0 0.000000000000000000
neuron 3 1.000000000000000000 0.000000000000000000 0.000000000000000000 0.000000000000000000 0 0.000000000000000000
neuron 3 1.000000000000000000 0.000000000000000000 0.000000000000000000 0.000000000000000000 0 0.000000000000000000
neuron 3 1.000000000000000000 0.000000000000000000 0.000000000000000000 0.000000000000000000 0 0.000000000000000000
neuron 3 1.000000000000000000 0.000000000000000000 0.000000000000000000 0.000000000000000000 0 0.000000000000000000
neuron 3 1.000000000000000000 0.000000000000000000 0.000000000000000000 0.000000000000000000 0 0.000000000000000000
neuron 3 1.000000000000000000 0.000000000000000000 0.000000000000000000 0.000000000000000000 0 0.000000000000000000
neuron 3 1.000000000000000000 0.000000000000000000 0.000000000000000000 0.000000000000000000 0 0.000000000000000000
neuron 3 1.000000000000000000 0.000000000000000000 0.000000000000000000 0.000000000000000000 0 0.000000000000000000
neuron 3 1.000000000000000000 0.000000000000000000 0.000000000000000000 0.000000000000000000 0 0.000000000000000000
neuron 3 1.000000000000000000 0.000000000000000000 0.000000000000000000 0.000000000000000000 0 0.000000000000000000
neuron 3 1.000000000000000000 0.000000000000000000 0.000000000000000000 0.000000000000000000 0 0.000000000000000000
neuron 3 1.000000000000000000 0.000000000000000000 0.000000000000000000 0.000000000000000000 0 0.000000000000000000
neuron 3 1.000000000000000000 0.000000000000000000 0.000000000000000000 0.000000000000000000 0 0.000000000000000000
neuron 3 1.000000000000000000 0.000000000000000000 0.000000000000000000 0.000000000000000000 0 0.000000000000000000
neuron 3 1.000000000000000000 0.000000000000000000 0.000000000000000000 0.000000000000000000 0 0.000000000000000000
neuron 3 1.000000000000000000 0.000000000000000000 0.000000000000000000 0.000000000000000000 0 0.000000000000000000
neuron 3 1.000000000000000000 0.000000000000000000 0.000000000000000000 0.000000000000000000 0 0.000000000000000000
neuron 3 1.000000000000000000 0.000000000000000000 0.000000000000000000 0.000000000000000000 0 0.000000000000000000
neuron 3 1.000000000000000000 0.000000000000000000 0.000000000000000000 0.000000000000000000 0 0.000000000000000000
neuron 3 1.000000000000000000 0.000000000000000000 0.000000000000000000 0.000000000000000000 0 0.000000000000000000
neuron 3 1.000000000000000000 0.000000000000000000 0.000000000000000000 0.000000000000000000 0 0.000000000000000000
neuron 3 1.000000000000000000 0.000000000000000000 0.000000000000000000 0.000000000000000000 0 0.000000000000000000
neuron 3 1.000000000000000000 0.000000000000000000 0.000000000000000000 0.000000000000000000 0 0.000000000000000000
neuron 3 1.000000000000000000 0.000000000000000000 0.000000000000000000 0.000000000000000000 0 0.000000000000000000
neuron 3 1.000000000000000000 0.000000000000000000 0.000000000000000000 0.000000000000000000 0 0.000000000000000000
neuron 3 1.000000000000000000 0.000000000000000000 0.000000000000000000 0.000000000000000000 0 0.000000000000000000
neuron 3 1.000000000000000000 0.000000000000000000 0.000000000000000000 0.000000000000000000 0 0.000000000000000000
neuron 3 1.000000000000000000 0.000000000000000000 0.000000000000000000 0.000000000000000000 0 0.000000000000000000
neuron 3 1.000000000000000000 0.000000000000000000 0.000000000000000000 0.000000000000000000 0 0.000000000000000000
neuron 3 1.000000000000000000 0.000000000000000000 0.000000000000000000 0.000000000000000000 0 0.000000000000000000
neuron 3 1.000000000000000000 0.000000000000000000 0.000000000000000000 0.000000000000000000 0 0.000000000000000000
neuron 3 1.000000000000000000 0.000000000000000000 0.000000000000000000 0.000000000000000000 0 0.000000000000000000
neuron 3 1.000000000000000000 0.000000000000000000 0.000000000000000000 0.000000000000000000 0 0.000000000000000000
neuron 3 1.000000000000000000 0.000000000000000000 0.000000000000000000 0.000000000000000000 0 0.000000000000000000
neuron 3 1.000000000000000000 0.000000000000000000 0.000000000000000000 0.000000000000000000 0 0.000000000000000000
neuron 3 1.000000000000000000 0.000000000000000000 0.000000000000000000 0.000000000000000000 0 0.000000000000000000
neuron 3 1.000000000000000000 0.000000000000000000 0.000000000000000000 0.000000000000000000 0 0.000000000000000000
neuron 3 1.000000000000000000 0.000000000000000000 0.000000000000000000 0.000000000000000000 0 0.000000000000000000
neuron 3 1.000000000000000000 0.000000000000000000 0.000000000000000000 0.000000000000000000 0 0.000000000000000000
neuron 3 1.000000000000000000 0.000000000000000000 0.000000000000000000 0.000000000000000000 0 0.000000000000000000
neuron 3 1.000000000000000000 0.000000000000000000 0.000000000000000000 0.000000000000000000 0 0.000000000000000000
neuron 3 1.000000000000000000 0.000000000000000000 0.000000000000000000 0.000000000000000000 0 0.000000000000000000
neuron 3 1.000000000000000000 0.000000000000000000 0.000000000000000000 0.000000000000000000 0 0.000000000000000000
neuron 3 1.000000000000000000 0.000000000000000000 0.000000000000000000 0.000000000000000000 0 0.000000000000000000
neuron 3 1.000000000000000000 0.000000000000000000 0.000000000000000000 0.000000000000000000 0 0.000000000000000000
neuron 3 1.000000000000000000 0.000000000000000000 0.000000000000000000 0.000000000000000000 0 0.000000000000000000
neuron 3 1.000000000000000000 0.000000000000000000 0.000000000000000000 0.000000000000000000 0 0.000000000000000000
neuron 3 1.000000000000000000 0.000000000000000000 0.000000000000000000 0.000000000000000000 0 0.000000000000000000
neuron 3 1.000000000000000000 0.000000000000000000 0.000000000000000000 0.000000000000000000 0 0.000000000000000000
neuron 3 1.000000000000000000 0.000000000000000000 0.000000000000000000 0.000000000000000000 0 0.000000000000000000
neuron 3 1.000000000000000000 0.000000000000000000 0.000000000000000000 0.000000000000000000 0 0.000000000000000000
neuron 3 1.000000000000000000 0.000000000000000000 0.000000000000000000 0.000000000000000000 0 0.000000000000000000
neuron 3 1.000000000000000000 0.000000000000000000 0.000000000000000000 0.000000000000000000 0 0.000000000000000000
neuron 3 1.000000000000000000 0.000000000000000000 0.000000000000000000 0.000000000000000000 0 0.000000000000000000
neuron 3 1.000000000000000000 0.000000000000000000 0.000000000000000000 0.000000000000000000 0 0.000000000000000000
neuron 3 1.000000000000000000 0.000000000000000000 0.000000000000000000 0.000000000000000000 0 0.000000000000000000
connection 0 22 6.676854134798200668 0 0.000000000000000000 0.000000000000000000
connection 0 23 -0.665002512098392562 0 0.000000000000000000 0.000000000000000000
connection 0 24 -3.546671997491193551 0 0.000000000000000000 0.000000000000000000
connection 0 25 -2.406548690895493170 0 0.000000000000000000 0.000000000000000000
connection 0 26 0.799521118853356083 0 0.000000000000000000 0.000000000000000000
connection 0 27 -4.419765357107824144 0 0.000000000000000000 0.000000000000000000
connection 0 28 2.239897922848175238 0 0.000000000000000000 0.000000000000000000
connection 0 29 -1.076946221661672753 0 0.000000000000000000 0.000000000000000000
connection 0 30 0.372193918819979097 0 0.000000000000000000 0.000000000000000000
connection 0 31 3.543829434601619699 0 0.000000000000000000 0.000000000000000000
connection 0 32 4.636573380471487482 0 0.000000000000000000 0.000000000000000000
connection 0 33 1.832044615835991319 0 0.000000000000000000 0.000000000000000000
connection 0 34 3.185393923265696259 0 0.000000000000000000 0.000000000000000000
connection 0 35 5.494328265774814035 0 0.000000000000000000 0.000000000000000000
connection 0 36 -1.478500424806290958 0 0.000000000000000000 0.000000000000000000
connection 0 37 -4.109780156614035285 0 0.000000000000000000 0.000000000000000000
connection 0 38 -3.092774937600092144 0 0.000000000000000000 0.000000000000000000
connection 0 39 1.415123890952752372 0 0.000000000000000000 0.000000000000000000
connection 0 40 -1.867522525000827827 0 0.000000000000000000 0.000000000000000000
connection 0 41 -0.476389027871954696 0 0.000000000000000000 0.000000000000000000
connection 0 42 2.810339643822212352 0 0.000000000000000000 0.000000000000000000
connection 0 43 5.744823618534375065 0 0.000000000000000000 0.000000000000000000
connection 0 44 7.393267650321216244 0 0.000000000000000000 0.000000000000000000
connection 1 22 6.630434502450230916 0 0.000000000000000000 0.000000000000000000
connection 1 23 -0.848513791977596021 0 0.000000000000000000 0.000000000000000000
connection 1 24 -3.677468461703404135 0 0.000000000000000000 0.000000000000000000
connection 1 25 -2.564214747034895492 0 0.000000000000000000 0.000000000000000000
connection 1 26 0.610443278420042867 0 0.000000000000000000 0.000000000000000000
connection 1 27 -4.525053288797094453 0 0.000000000000000000 0.000000000000000000
connection 1 28 2.060731376152553196 0 0.000000000000000000 0.000000000000000000
connection 1 29 -1.255966244100029439 0 0.000000000000000000 0.000000000000000000
connection 1 31 3.387465508401812375 0 0.000000000000000000 0.000000000000000000
connection 1 32 4.509754611215426756 0 0.000000000000000000 0.000000000000000000
connection 1 33 1.648715564076903561 0 0.000000000000000000 0.000000000000000000
connection 1 34 3.021652252247197801 0 0.000000000000000000 0.000000000000000000
connection 1 35 5.397421903740908355 0 0.000000000000000000 0.000000000000000000
connection 1 36 -1.652026609422807324 0 0.000000000000000000 0.000000000000000000
connection 1 37 -4.224351554406375442 0 0.000000000000000000 0.000000000000000000
connection 1 38 -3.234726994675842349 0 0.000000000000000000 0.000000000000000000
connection 1 45 -0.241274193219548627 0 0.000000000000000000 0.000000000000000000
connection 1 39 1.228884793003973019 0 0.000000000000000000 0.000000000000000000
connection 1 40 -2.034701635469826186 0 0.000000000000000000 0.000000000000000000
connection 1 41 -0.660672595232763227 0 0.000000000000000000 0.000000000000000000
connection 1 42 2.640001472983035669 0 0.000000000000000000 0.000000000000000000
connection 1 43 5.657829297657729128 0 0.000000000000000000 0.000000000000000000
connection 1 44 7.385074595332015157 0 0.000000000000000000 0.000000000000000000
connection 2 22 6.582012088521437931 0 0.000000000000000000 0.000000000000000000
connection 2 23 -1.029697446580962961 0 0.000000000000000000 0.000000000000000000
connection 2 24 -3.804271362739179985 0 0.000000000000000000 0.000000000000000000
connection 2 25 -2.718071395914421373 0 0.000000000000000000 0.000000000000000000
connection 2 26 0.421824789520702181 0 0.000000000000000000 0.000000000000000000
connection 2 27 -4.626610712784341217 0 0.000000000000000000 0.000000000000000000
connection 2 28 1.880077641880162131 0 0.000000000000000000 0.000000000000000000
connection 2 29 -1.432152119603376628 0 0.000000000000000000 0.000000000000000000
connection 2 31 3.228221667014902430 0 0.000000000000000000 0.000000000000000000
connection 2 32 4.379509629436287632 0 0.000000000000000000 0.000000000000000000
connection 2 33 1.464513565365811676 0 0.000000000000000000 0.000000000000000000
connection 2 34 2.855432605356491571 0 0.000000000000000000 0.000000000000000000
connection 2 35 5.297258113721851736 0 0.000000000000000000 0.000000000000000000
connection 2 36 -1.822277712965977514 0 0.000000000000000000 0.000000000000000000
connection 2 37 -4.334997958567778475 0 0.000000000000000000 0.000000000000000000
connection 2 38 -3.372561120793269307 0 0.000000000000000000 0.000000000000000000
connection 2 45 -0.426703092725327526 0 0.000000000000000000 0.000000000000000000
connection 2 39 1.042427125507836339 0 0.000000000000000000 0.000000000000000000
connection 2 40 -2.198236198360926430 0 0.000000000000000000 0.000000000000000000
connection 2 41 -0.842605888303839867 0 0.000000000000000000 0.000000000000000000
connection 2 42 2.467667441580050358 0 0.000000000000000000 0.000000000000000000
connection 2 43 5.567775559685831155 0 0.000000000000000000 0.000000000000000000
connection 2 44 7.376346900808228746 0 0.000000000000000000 0.000000000000000000
connection 3 22 6.531583826353177358 0 0.000000000000000000 0.000000000000000000
connection 3 23 -1.208179995049231792 0 0.000000000000000000 0.000000000000000000
connection 3 24 -3.926981426865694402 0 0.000000000000000000 0.000000000000000000
connection 3 25 -2.867904462857284287 0 0.000000000000000000 0.000000000000000000
connection 3 26 0.234117036716386145 0 0.000000000000000000 0.000000000000000000
connection 3 27 -4.724396063814333857 0 0.000000000000000000 0.000000000000000000
connection 3 28 1.698368396514803313 0 0.000000000000000000 0.000000000000000000
connection 3 29 -1.605153587150581096 0 0.000000000000000000 0.000000000000000000
connection 3 31 3.066426616987525389 0 0.000000000000000000 0.000000000000000000
connection 3 32 4.246039941168620047 0 0.000000000000000000 0.000000000000000000
connection 3 33 1.279902160925639798 0 0.000000000000000000 0.000000000000000000
connection 3 34 2.687115173470974394 0 0.000000000000000000 0.000000000000000000
connection 3 35 5.193937994770263522 0 0.000000000000000000 0.000000000000000000
connection 3 36 -1.988931175762219450 0 0.000000000000000000 0.000000000000000000
connection 3 37 -4.441652497358989038 0 0.000000000000000000 0.000000000000000000
connection 3 38 -3.506117555316855317 0 0.000000000000000000 0.000000000000000000
connection 3 45 -0.609935722489337473 0 0.000000000000000000 0.000000000000000000
connection 3 39 0.856236792946809211 0 0.000000000000000000 0.000000000000000000
connection 3 40 -2.357834384538894934 0 0.000000000000000000 0.000000000000000000
connection 3 41 -1.021763600360082735 0 0.000000000000000000 0.000000000000000000
connection 3 42 2.293765142857952632 0 0.000000000000000000 0.000000000000000000
connection 3 43 5.474744297538331139 0 0.000000000000000000 0.000000000000000000
connection 3 44 7.367102650015361576 0 0.000000000000000000 0.000000000000000000
connection 4 22 6.479165764131108673 0 0.000000000000000000 0.000000000000000000
connection 4 23 -1.383575195057219487 0 0.000000000000000000 0.000000000000000000
connection 4 24 -4.045493470106580780 0 0.000000000000000000 0.000000000000000000
connection 4 25 -3.013495537039962535 0 0.000000000000000000 0.000000000000000000
connection 4 27 -4.818361103528007838 0 0.000000000000000000 0.000000000000000000
connection 4 28 1.516079255595004671 0 0.000000000000000000 0.000000000000000000
connection 4 29 -1.774612177833763127 0 0.000000000000000000 0.000000000000000000
connection 4 30 -0.374475071049672481 0 0.000000000000000000 0.000000000000000000
connection 4 31 2.902461660420718292 0 0.000000000000000000 0.000000000000000000
connection 4 32 4.109597098555677341 0 0.000000000000000000 0.000000000000000000
connection 4 33 1.095382723439950245 0 0.000000000000000000 0.000000000000000000
connection 4 34 2.517129931950306876 0 0.000000000000000000 0.000000000000000000
connection 4 35 5.087603098616805042 0 0.000000000000000000 0.000000000000000000
connection 4 36 -2.151660604734657145 0 0.000000000000000000 0.000000000000000000
connection 4 37 -4.544243802922371955 0 0.000000000000000000 0.000000000000000000
connection 4 38 -3.635235884061196465 0 0.000000000000000000 0.000000000000000000
connection 4 45 -0.790515487415559992 0 0.000000000000000000 0.000000000000000000
connection 4 39 0.670829921940813145 0 0.000000000000000000 0.000000000000000000
connection 4 40 -2.513204691524247192 0 0.000000000000000000 0.000000000000000000
connection 4 41 -1.197714096098889014 0 0.000000000000000000 0.000000000000000000
connection 4 42 2.118767018413670211 0 0.000000000000000000 0.000000000000000000
connection 4 43 5.378853606748556615 0 0.000000000000000000 0.000000000000000000
connection 4 44 7.357365549192430798 0 0.000000000000000000 0.000000000000000000
connection 5 22 6.424793993671893411 0 0.000000000000000000 0.000000000000000000
connection 5 23 -1.555490625219465795 0 0.000000000000000000 0.000000000000000000
connection 5 24 -4.159700352371007881 0 0.000000000000000000 0.000000000000000000
connection 5 25 -3.154627603351489729 0 0.000000000000000000 0.000000000000000000
connection 5 27 -4.908455431101011790 0 0.000000000000000000 0.000000000000000000
connection 5 28 1.333722521921419935 0 0.000000000000000000 0.000000000000000000
connection 5 29 -1.940169064135402577 0 0.000000000000000000 0.000000000000000000
connection 5 30 -0.556021206488490627 0 0.000000000000000000 0.000000000000000000
connection 5 31 2.736755567477854978 0 0.000000000000000000 0.000000000000000000
connection 5 32 3.970479793346872288 0 0.000000000000000000 0.000000000000000000
connection 5 33 0.911484520847434254 0 0.000000000000000000 0.000000000000000000
connection 5 34 2.345948487175686381 0 0.000000000000000000 0.000000000000000000
connection 5 35 4.978433818196426053 0 0.000000000000000000 0.000000000000000000
connection 5 36 -2.310144822549699217 0 0.000000000000000000 0.000000000000000000
connection 5 37 -4.642701620256213246 0 0.000000000000000000 0.000000000000000000
connection 5 38 -3.759762556614722584 0 0.000000000000000000 0.000000000000000000
connection 5 45 -0.967983685849872932 0 0.000000000000000000 0.000000000000000000
connection 5 39 0.486740281678642583 0 0.000000000000000000 0.000000000000000000
connection 5 40 -2.664066107238467040 0 0.000000000000000000 0.000000000000000000
connection 5 41 -1.370032545564140447 0 0.000000000000000000 0.000000000000000000
connection 5 42 1.943178971342987005 0 0.000000000000000000 0.000000000000000000
connection 5 43 5.280255581936792453 0 0.000000000000000000 0.000000000000000000
connection 5 44 7.347164130769670898 0 0.000000000000000000 0.000000000000000000
connection 6 22 6.368523544865515973 0 0.000000000000000000 0.000000000000000000
connection 6 23 -1.723538560448820478 0 0.000000000000000000 0.000000000000000000
connection 6 24 -4.269499780982100035 0 0.000000000000000000 0.000000000000000000
connection 6 25 -3.291094186088083795 0 0.000000000000000000 0.000000000000000000
connection 6 26 -0.318667716267394208 0 0.000000000000000000 0.000000000000000000
connection 6 27 -4.994633495789632782 0 0.000000000000000000 0.000000000000000000
connection 6 28 1.151834075754501807 0 0.000000000000000000 0.000000000000000000
connection 6 29 -2.101477221823202068 0 0.000000000000000000 0.000000000000000000
connection 6 30 -0.734561918935183300 0 0.000000000000000000 0.000000000000000000
connection 6 31 2.569773478948419232 0 0.000000000000000000 0.000000000000000000
connection 6 32 3.829025502084565602 0 0.000000000000000000 0.000000000000000000
connection 6 33 0.728748663008349506 0 0.000000000000000000 0.000000000000000000
connection 6 34 2.174069438173861890 0 0.000000000000000000 0.000000000000000000
connection 6 35 4.866643192031675724 0 0.000000000000000000 0.000000000000000000
connection 6 46 -3.215860168005325814 0 0.000000000000000000 0.000000000000000000
connection 6 39 0.304500506789741943 0 0.000000000000000000 0.000000000000000000
connection 6 40 -2.810162350858374403 0 0.000000000000000000 0.000000000000000000
connection 6 41 -1.538319072321247427 0 0.000000000000000000 0.000000000000000000
connection 6 42 1.767522156989531856 0 0.000000000000000000 0.000000000000000000
connection 6 43 5.179129642923188115 0 0.000000000000000000 0.000000000000000000
connection 6 44 7.336529960092098790 0 0.000000000000000000 0.000000000000000000
connection 7 47 6.812288002139994525 0 0.000000000000000000 0.000000000000000000
connection 7 48 4.327205688027037311 0 0.000000000000000000 0.000000000000000000
connection 7 49 1.391389630497390062 0 0.000000000000000000 0.000000000000000000
connection 7 50 2.789856616533618272 0 0.000000000000000000 0.000000000000000000
connection 7 51 5.257947844338945131 0 0.000000000000000000 0.000000000000000000
connection 7 52 5.533540924261544980 0 0.000000000000000000 0.000000000000000000
connection 7 53 7.239786933841325656 0 0.000000000000000000 0.000000000000000000
connection 7 23 -1.887351540937390437 0 0.000000000000000000 0.000000000000000000
connection 7 24 -4.374804111833725528 0 0.000000000000000000 0.000000000000000000
connection 7 25 -3.422712148105877539 0 0.000000000000000000 0.000000000000000000
connection 7 26 -0.497817808167420606 0 0.000000000000000000 0.000000000000000000
connection 7 28 0.970953631958700103 0 0.000000000000000000 0.000000000000000000
connection 7 29 -2.258218072365294926 0 0.000000000000000000 0.000000000000000000
connection 7 30 -0.909641913901688026 0 0.000000000000000000 0.000000000000000000
connection 7 31 2.401998836529084080 0 0.000000000000000000 0.000000000000000000
connection 7 32 3.685595575170522054 0 0.000000000000000000 0.000000000000000000
connection 7 33 0.547705483794263537 0 0.000000000000000000 0.000000000000000000
connection 7 34 2.001996556659375148 0 0.000000000000000000 0.000000000000000000
connection 7 35 4.752465077448588815 0 0.000000000000000000 0.000000000000000000
connection 7 46 -3.348162143190765327 0 0.000000000000000000 0.000000000000000000
connection 7 40 -2.951279876292372872 0 0.000000000000000000 0.000000000000000000
connection 7 41 -1.702221541829772589 0 0.000000000000000000 0.000000000000000000
connection 7 42 1.592307638045591167 0 0.000000000000000000 0.000000000000000000
connection 7 43 5.075670469159289766 0 0.000000000000000000 0.000000000000000000
connection 7 44 7.325494659318117385 0 0.000000000000000000 0.000000000000000000
connection 8 47 6.774702760061607876 0 0.000000000000000000 0.000000000000000000
connection 8 48 4.196980614191561543 0 0.000000000000000000 0.000000000000000000
connection 8 49 1.212851345293751049 0 0.000000000000000000 0.000000000000000000
connection 8 50 2.626544319279209727 0 0.000000000000000000 0.000000000000000000
connection 8 51 5.157124725018634948 0 0.000000000000000000 0.000000000000000000
connection 8 52 5.442951942499075990 0 0.000000000000000000 0.000000000000000000
connection 8 53 7.223386486782895410 0 0.000000000000000000 0.000000000000000000
connection 8 23 -2.046602476314592245 0 0.000000000000000000 0.000000000000000000
connection 8 24 -4.475552932061364508 0 0.000000000000000000 0.000000000000000000
connection 8 25 -3.549337812041902573 0 0.000000000000000000 0.000000000000000000
connection 8 26 -0.673624581260090949 0 0.000000000000000000 0.000000000000000000
connection 8 28 0.791598296902754850 0 0.000000000000000000 0.000000000000000000
connection 8 29 -2.410122167012168859 0 0.000000000000000000 0.000000000000000000
connection 8 30 -1.080855885799857585 0 0.000000000000000000 0.000000000000000000
connection 8 31 2.233908013438182127 0 0.000000000000000000 0.000000000000000000
connection 8 32 3.540553238038632866 0 0.000000000000000000 0.000000000000000000
connection 8 33 0.368845735600387581 0 0.000000000000000000 0.000000000000000000
connection 8 34 1.830209919268149799 0 0.000000000000000000 0.000000000000000000
connection 8 35 4.636136105058275447 0 0.000000000000000000 0.000000000000000000
connection 8 46 -3.475376797639811333 0 0.000000000000000000 0.000000000000000000
connection 8 40 -3.087268676266735845 0 0.000000000000000000 0.000000000000000000
connection 8 41 -1.861461804020623889 0 0.000000000000000000 0.000000000000000000
connection 8 42 1.418004556497525659 0 0.000000000000000000 0.000000000000000000
connection 8 43 4.970070099281299392 0 0.000000000000000000 0.000000000000000000
connection 8 44 7.314085666454926304 0 0.000000000000000000 0.000000000000000000
connection 9 47 6.735974470585031959 0 0.000000000000000000 0.000000000000000000
connection 9 48 4.064838261575695277 0 0.000000000000000000 0.000000000000000000
connection 9 49 1.035656617047808092 0 0.000000000000000000 0.000000000000000000
connection 9 50 2.462791994237069737 0 0.000000000000000000 0.000000000000000000
connection 9 51 5.054147015537468590 0 0.000000000000000000 0.000000000000000000
connection 9 52 5.350289756032345245 0 0.000000000000000000 0.000000000000000000
connection 9 53 7.206482321191973739 0 0.000000000000000000 0.000000000000000000
connection 9 23 -2.201028401605295226 0 0.000000000000000000 0.000000000000000000
connection 9 24 -4.571727760022865183 0 0.000000000000000000 0.000000000000000000
connection 9 25 -3.670885492351128487 0 0.000000000000000000 0.000000000000000000
connection 9 26 -0.845696578401472165 0 0.000000000000000000 0.000000000000000000
connection 9 28 0.614230340499168803 0 0.000000000000000000 0.000000000000000000
connection 9 29 -2.556992738372739549 0 0.000000000000000000 0.000000000000000000
connection 9 30 -1.247877696768578293 0 0.000000000000000000 0.000000000000000000
connection 9 31 2.065938309995676736 0 0.000000000000000000 0.000000000000000000
connection 9 32 3.394234871620074756 0 0.000000000000000000 0.000000000000000000
connection 9 34 1.659131237458743691 0 0.000000000000000000 0.000000000000000000
connection 9 35 4.517871577813332706 0 0.000000000000000000 0.000000000000000000
connection 9 46 -3.597454698572720044 0 0.000000000000000000 0.000000000000000000
connection 9 39 -0.226372419280335052 0 0.000000000000000000 0.000000000000000000
connection 9 40 -3.218064230713082452 0 0.000000000000000000 0.000000000000000000
connection 9 41 -2.015863329487854738 0 0.000000000000000000 0.000000000000000000
connection 9 42 1.245003666181718538 0 0.000000000000000000 0.000000000000000000
connection 9 43 4.862494500599400915 0 0.000000000000000000 0.000000000000000000
connection 9 44 7.302320807344529818 0 0.000000000000000000 0.000000000000000000
connection 10 47 6.696133454416230535 0 0.000000000000000000 0.000000000000000000
connection 10 48 3.931052139972586623 0 0.000000000000000000 0.000000000000000000
connection 10 49 0.860225720566133112 0 0.000000000000000000 0.000000000000000000
connection 10 50 2.298982237977785115 0 0.000000000000000000 0.000000000000000000
connection 10 51 4.949175488934088207 0 0.000000000000000000 0.000000000000000000
connection 10 52 5.255671905902826957 0 0.000000000000000000 0.000000000000000000
connection 10 53 7.189086574152506515 0 0.000000000000000000 0.000000000000000000
connection 10 23 -2.350456188843365712 0 0.000000000000000000 0.000000000000000000
connection 10 24 -4.663367715084194565 0 0.000000000000000000 0.000000000000000000
connection 10 25 -3.787346915685503301 0 0.000000000000000000 0.000000000000000000
connection 10 26 -1.013739263231469900 0 0.000000000000000000 0.000000000000000000
connection 10 28 0.439221259801562569 0 0.000000000000000000 0.000000000000000000
connection 10 29 -2.698730171563443303 0 0.000000000000000000 0.000000000000000000
connection 10 30 -1.410490852981092447 0 0.000000000000000000 0.000000000000000000
connection 10 31 1.898451203535283849 0 0.000000000000000000 0.000000000000000000
connection 10 32 3.246916097913402410 0 0.000000000000000000 0.000000000000000000
connection 10 34 1.489085900603727586 0 0.000000000000000000 0.000000000000000000
connection 10 35 4.397836476055045907 0 0.000000000000000000 0.000000000000000000
connection 10 46 -3.714439479282358292 0 0.000000000000000000 0.000000000000000000
connection 10 39 -0.396885292016306734 0 0.000000000000000000 0.000000000000000000
connection 10 40 -3.343708304463348657 0 0.000000000000000000 0.000000000000000000
connection 10 41 -2.165377375881680777 0 0.000000000000000000 0.000000000000000000
connection 10 42 1.073579328829578960 0 0.000000000000000000 0.000000000000000000
connection 10 43 4.753055877718986189 0 0.000000000000000000 0.000000000000000000
connection 10 44 7.290201961956244148 0 0.000000000000000000 0.000000000000000000
connection 11 47 6.655184441314259125 0 0.000000000000000000 0.000000000000000000
connection 11 48 3.795836090758138326 0 0.000000000000000000 0.000000000000000000
connection 11 49 0.686869986948942524 0 0.000000000000000000 0.000000000000000000
connection 11 50 2.135404007628320500 0 0.000000000000000000 0.000000000000000000
connection 11 51 4.842320297346301317 0 0.000000000000000000 0.000000000000000000
connection 11 52 5.159162173993169453 0 0.000000000000000000 0.000000000000000000
connection 11 53 7.171190335412140016 0 0.000000000000000000 0.000000000000000000
connection 11 54 -3.240782540487875174 0 0.000000000000000000 0.000000000000000000
connection 11 28 0.266815385921772175 0 0.000000000000000000 0.000000000000000000
connection 11 29 -2.835354754841401537 0 0.000000000000000000 0.000000000000000000
connection 11 30 -1.568617057104949808 0 0.000000000000000000 0.000000000000000000
connection 11 31 1.731694035199965231 0 0.000000000000000000 0.000000000000000000
connection 11 32 3.098775469442884845 0 0.000000000000000000 0.000000000000000000
connection 11 34 1.320265480255873092 0 0.000000000000000000 0.000000000000000000
connection 11 35 4.276113856775504374 0 0.000000000000000000 0.000000000000000000
connection 11 46 -3.826484453994201118 0 0.000000000000000000 0.000000000000000000
connection 11 39 -0.563921072280208158 0 0.000000000000000000 0.000000000000000000
connection 11 40 -3.464365832276812274 0 0.000000000000000000 0.000000000000000000
connection 11 41 -2.310104243354639930 0 0.000000000000000000 0.000000000000000000
connection 11 42 0.903854185078725170 0 0.000000000000000000 0.000000000000000000
connection 11 43 4.641783046406471769 0 0.000000000000000000 0.000000000000000000
connection 11 44 7.277708326521499238 0 0.000000000000000000 0.000000000000000000
connection 12 47 6.613092516747594907 0 0.000000000000000000 0.000000000000000000
connection 12 48 3.659309869593113884 0 0.000000000000000000 0.000000000000000000
connection 12 49 0.515756057477579244 0 0.000000000000000000 0.000000000000000000
connection 12 50 1.972215255976912829 0 0.000000000000000000 0.000000000000000000
connection 12 51 4.733611881651668796 0 0.000000000000000000 0.000000000000000000
connection 12 52 5.060743617986521059 0 0.000000000000000000 0.000000000000000000
connection 12 53 7.152755454453018302 0 0.000000000000000000 0.000000000000000000
connection 12 54 -3.364001941378205185 0 0.000000000000000000 0.000000000000000000
connection 12 29 -2.967024592181972675 0 0.000000000000000000 0.000000000000000000
connection 12 30 -1.722339013771266192 0 0.000000000000000000 0.000000000000000000
connection 12 31 1.565764449792403923 0 0.000000000000000000 0.000000000000000000
connection 12 32 2.949859731973229593 0 0.000000000000000000 0.000000000000000000
connection 12 33 -0.318239664040383341 0 0.000000000000000000 0.000000000000000000
connection 12 34 1.152695395997308525 0 0.000000000000000000 0.000000000000000000
connection 12 35 4.152674004082674841 0 0.000000000000000000 0.000000000000000000
connection 12 46 -3.933863624235846235 0 0.000000000000000000 0.000000000000000000
connection 12 39 -0.727581138043470688 0 0.000000000000000000 0.000000000000000000
connection 12 40 -3.580334946682303787 0 0.000000000000000000 0.000000000000000000
connection 12 41 -2.450305972662137233 0 0.000000000000000000 0.000000000000000000
connection 12 42 0.735771426038227427 0 0.000000000000000000 0.000000000000000000
connection 12 43 4.528593163686563727 0 0.000000000000000000 0.000000000000000000
connection 12 44 7.264789969603963726 0 0.000000000000000000 0.000000000000000000
connection 13 47 6.569768923942663541 0 0.000000000000000000 0.000000000000000000
connection 13 48 3.521466409775286799 0 0.000000000000000000 0.000000000000000000
connection 13 49 0.346876444104203596 0 0.000000000000000000 0.000000000000000000
connection 13 50 1.809410817250298731 0 0.000000000000000000 0.000000000000000000
connection 13 51 4.622972882120427229 0 0.000000000000000000 0.000000000000000000
connection 13 52 4.960293198589447172 0 0.000000000000000000 0.000000000000000000
connection 13 53 7.133706908905160127 0 0.000000000000000000 0.000000000000000000
connection 13 54 -3.482490301360205986 0 0.000000000000000000 0.000000000000000000
connection 13 29 -3.094045423080844515 0 0.000000000000000000 0.000000000000000000
connection 13 30 -1.871913495683210193 0 0.000000000000000000 0.000000000000000000
connection 13 31 1.400582624647699115 0 0.000000000000000000 0.000000000000000000
connection 13 32 2.800055444202556920 0 0.000000000000000000 0.000000000000000000
connection 13 33 -0.482569452404432830 0 0.000000000000000000 0.000000000000000000
connection 13 34 0.986212871285181425 0 0.000000000000000000 0.000000000000000000
connection 13 35 4.027348472285789960 0 0.000000000000000000 0.000000000000000000
connection 13 46 -4.036974460058585734 0 0.000000000000000000 0.000000000000000000
connection 13 39 -0.888156766739099934 0 0.000000000000000000 0.000000000000000000
connection 13 40 -3.692047398161920846 0 0.000000000000000000 0.000000000000000000
connection 13 41 -2.586407122427502703 0 0.000000000000000000 0.000000000000000000
connection 13 42 0.569079689428058311 0 0.000000000000000000 0.000000000000000000
connection 13 43 4.413268763808223305 0 0.000000000000000000 0.000000000000000000
connection 13 44 7.251362506850217216 0 0.000000000000000000 0.000000000000000000
connection 22 49 3.561931792154902077 0 0.000000000000000000 0.000000000000000000
connection 22 50 0.397335155873900780 0 0.000000000000000000 0.000000000000000000
connection 22 51 2.839214193289541388 0 0.000000000000000000 0.000000000000000000
connection 22 55 -0.440733709460684908 0 0.000000000000000000 0.000000000000000000
connection 22 56 -2.723195666938444059 0 0.000000000000000000 0.000000000000000000
connection 22 57 -4.879119155579270561 0 0.000000000000000000 0.000000000000000000
connection 22 58 -3.373455727269760285 0 0.000000000000000000 0.000000000000000000
connection 22 23 1.234459444567232556 0 0.000000000000000000 0.000000000000000000
connection 22 24 -1.274700949774690839 0 0.000000000000000000 0.000000000000000000
connection 22 25 -3.945009752642781642 0 0.000000000000000000 0.000000000000000000
connection 22 26 -2.012095096103993175 0 0.000000000000000000 0.000000000000000000
connection 22 63 -5.135355632379493329 0 0.000000000000000000 0.000000000000000000
connection 22 27 -6.788810976864025903 0 0.000000000000000000 0.000000000000000000
connection 22 64 -5.712221844630667178 0 0.000000000000000000 0.000000000000000000
connection 22 44 -6.395003602324664804 0 0.000000000000000000 0.000000000000000000
connection 23 65 4.413887050360184361 0 0.000000000000000000 0.000000000000000000
connection 23 66 2.209038786935378695 0 0.000000000000000000 0.000000000000000000
connection 23 67 -1.095025486885844890 0 0.000000000000000000 0.000000000000000000
connection 23 68 1.509873551181587503 0 0.000000000000000000 0.000000000000000000
connection 23 32 3.170519102399814937 0 0.000000000000000000 0.000000000000000000
connection 23 33 0.747945709620324028 0 0.000000000000000000 0.000000000000000000
connection 23 34 -2.427143879725921050 0 0.000000000000000000 0.000000000000000000
connection 23 46 -4.050545317668674095 0 0.000000000000000000 0.000000000000000000
connection 23 69 -6.481947042113581858 0 0.000000000000000000 0.000000000000000000
connection 23 43 -4.890249161786043075 0 0.000000000000000000 0.000000000000000000
connection 23 70 1.611232790886114596 0 0.000000000000000000 0.000000000000000000
connection 23 71 -0.888747513250110255 0 0.000000000000000000 0.000000000000000000
connection 23 72 -3.689712729654095469 0 0.000000000000000000 0.000000000000000000
connection 23 73 -1.680512868724779230 0 0.000000000000000000 0.000000000000000000
connection 31 65 3.646284138556092902 0 0.000000000000000000 0.000000000000000000
connection 31 66 1.198390640293595544 0 0.000000000000000000 0.000000000000000000
connection 31 67 -2.052742749572459058 0 0.000000000000000000 0.000000000000000000
connection 31 68 0.501627445686488760 0 0.000000000000000000 0.000000000000000000
connection 31 32 2.378497124894522141 0 0.000000000000000000 0.000000000000000000
connection 31 33 -0.200726182689461269 0 0.000000000000000000 0.000000000000000000
connection 31 34 -3.180914892718722964 0 0.000000000000000000 0.000000000000000000
connection 31 35 -0.920548686292746221 0 0.000000000000000000 0.000000000000000000
connection 31 46 -4.654003811969257498 0 0.000000000000000000 0.000000000000000000
connection 31 69 -6.666919804985630194 0 0.000000000000000000 0.000000000000000000
connection 31 43 -5.291291870280844911 0 0.000000000000000000 0.000000000000000000
connection 31 77 4.495807295304972584 0 0.000000000000000000 0.000000000000000000
connection 31 78 1.624918569241327937 0 0.000000000000000000 0.000000000000000000
connection 31 79 3.888232251237090598 0 0.000000000000000000 0.000000000000000000
connection 31 70 0.806092140710501948 0 0.000000000000000000 0.000000000000000000
connection 31 71 -1.656399296170584234 0 0.000000000000000000 0.000000000000000000
connection 31 72 -4.200764039104980974 0 0.000000000000000000 0.000000000000000000
connection 31 73 -2.384084120126126027 0 0.000000000000000000 0.000000000000000000
connection 48 55 2.904110703849772435 0 0.000000000000000000 0.000000000000000000
connection 48 56 0.459859942177540559 0 0.000000000000000000 0.000000000000000000
connection 48 57 -2.676729066246637423 0 0.000000000000000000 0.000000000000000000
connection 48 58 -0.370559976782464162 0 0.000000000000000000 0.000000000000000000
connection 48 23 4.262717305269910995 0 0.000000000000000000 0.000000000000000000
connection 48 24 2.110153892022911482 0 0.000000000000000000 0.000000000000000000
connection 48 25 -1.192124366362848908 0 0.000000000000000000 0.000000000000000000
connection 48 26 1.301380825180378453 0 0.000000000000000000 0.000000000000000000
connection 48 80 -0.425534674986888961 0 0.000000000000000000 0.000000000000000000
connection 48 81 -2.781298310810339736 0 0.000000000000000000 0.000000000000000000
connection 48 82 -4.905050131697576532 0 0.000000000000000000 0.000000000000000000
connection 48 83 -3.345438916158279596 0 0.000000000000000000 0.000000000000000000
connection 48 27 -6.184192207347926740 0 0.000000000000000000 0.000000000000000000
connection 48 64 -4.151960052619743990 0 0.000000000000000000 0.000000000000000000
connection 48 90 -5.709162225400072010 0 0.000000000000000000 0.000000000000000000
connection 24 36 3.884802169139476291 0 0.000000000000000000 0.000000000000000000
connection 24 37 1.511211183327332730 0 0.000000000000000000 0.000000000000000000
connection 24 38 -1.764723553368279907 0 0.000000000000000000 0.000000000000000000
connection 24 45 0.802651319112463013 0 0.000000000000000000 0.000000000000000000
connection 24 69 -4.472570400510169186 0 0.000000000000000000 0.000000000000000000
connection 24 91 2.555471586936531203 0 0.000000000000000000 0.000000000000000000
connection 24 92 -2.987106840968928090 0 0.000000000000000000 0.000000000000000000
connection 24 93 -0.738754291526873219 0 0.000000000000000000 0.000000000000000000
connection 25 36 3.618119625203333634 0 0.000000000000000000 0.000000000000000000
connection 25 37 1.168379347181780492 0 0.000000000000000000 0.000000000000000000
connection 25 38 -2.075034219225761589 0 0.000000000000000000 0.000000000000000000
connection 25 45 0.467859288008581897 0 0.000000000000000000 0.000000000000000000
connection 25 69 -4.661030109540835298 0 0.000000000000000000 0.000000000000000000
connection 25 91 2.288621046746984966 0 0.000000000000000000 0.000000000000000000
connection 25 94 -0.258176377232331777 0 0.000000000000000000 0.000000000000000000
connection 25 92 -3.221568274761341666 0 0.000000000000000000 0.000000000000000000
connection 25 93 -1.012687894064743244 0 0.000000000000000000 0.000000000000000000
connection 26 65 4.176643965356177546 0 0.000000000000000000 0.000000000000000000
connection 26 66 1.879362137614989159 0 0.000000000000000000 0.000000000000000000
connection 26 67 -1.420597285511885577 0 0.000000000000000000 0.000000000000000000
connection 26 68 1.185218148867857035 0 0.000000000000000000 0.000000000000000000
connection 26 32 2.924030179582546740 0 0.000000000000000000 0.000000000000000000
connection 26 33 0.444670218992889277 0 0.000000000000000000 0.000000000000000000
connection 26 34 -2.675513920775754340 0 0.000000000000000000 0.000000000000000000
connection 26 35 -0.340863513324537293 0 0.000000000000000000 0.000000000000000000
connection 26 46 -4.258618658407200108 0 0.000000000000000000 0.000000000000000000
connection 26 69 -6.545626981592576499 0 0.000000000000000000 0.000000000000000000
connection 26 43 -5.023027937334473059 0 0.000000000000000000 0.000000000000000000
connection 26 78 2.161345160151487477 0 0.000000000000000000 0.000000000000000000
connection 26 79 4.292855643897642182 0 0.000000000000000000 0.000000000000000000
connection 26 70 1.342927883469059225 0 0.000000000000000000 0.000000000000000000
connection 26 71 -1.144490049024864176 0 0.000000000000000000 0.000000000000000000
connection 26 72 -3.863655566719497614 0 0.000000000000000000 0.000000000000000000
connection 26 73 -1.923267546974951170 0 0.000000000000000000 0.000000000000000000
connection 27 48 1.545837416101014661 0 0.000000000000000000 0.000000000000000000
connection 27 49 3.899765967326191518 0 0.000000000000000000 0.000000000000000000
connection 27 50 5.909585710883823673 0 0.000000000000000000 0.000000000000000000
connection 27 51 4.439319831278451645 0 0.000000000000000000 0.000000000000000000
connection 27 52 6.971420783630788875 0 0.000000000000000000 0.000000000000000000
connection 27 53 5.111267685808290828 0 0.000000000000000000 0.000000000000000000
connection 27 40 2.847305718116602602 0 0.000000000000000000 0.000000000000000000
connection 27 41 -0.432028711574242830 0 0.000000000000000000 0.000000000000000000
connection 27 42 2.198774672451922374 0 0.000000000000000000 0.000000000000000000
connection 35 65 3.061429349133867994 0 0.000000000000000000 0.000000000000000000
connection 35 66 0.518700482990752998 0 0.000000000000000000 0.000000000000000000
connection 35 67 -2.634379808912870491 0 0.000000000000000000 0.000000000000000000
connection 35 30 2.429109758417017151 0 0.000000000000000000 0.000000000000000000
connection 35 31 4.588145983867063293 0 0.000000000000000000 0.000000000000000000
connection 35 32 1.757200212198127609 0 0.000000000000000000 0.000000000000000000
connection 35 33 -0.873456540773518531 0 0.000000000000000000 0.000000000000000000
connection 35 34 -3.676964267297224254 0 0.000000000000000000 0.000000000000000000
connection 35 35 -1.533451346133436033 0 0.000000000000000000 0.000000000000000000
connection 35 46 -5.004952089125899839 0 0.000000000000000000 0.000000000000000000
connection 35 69 -6.773104448444858150 0 0.000000000000000000 0.000000000000000000
connection 35 43 -5.556464523209243112 0 0.000000000000000000 0.000000000000000000
connection 35 77 4.061082470191093030 0 0.000000000000000000 0.000000000000000000
connection 35 78 1.031564286720120682 0 0.000000000000000000 0.000000000000000000
connection 35 79 3.437206662718500727 0 0.000000000000000000 0.000000000000000000
connection 35 70 0.249121371656693236 0 0.000000000000000000 0.000000000000000000
connection 35 71 -2.186025586173063751 0 0.000000000000000000 0.000000000000000000
connection 35 72 -4.538360636052152230 0 0.000000000000000000 0.000000000000000000
connection 35 73 -2.832924629746011558 0 0.000000000000000000 0.000000000000000000
connection 28 65 3.919978134950410809 0 0.000000000000000000 0.000000000000000000
connection 28 66 1.540795557473589872 0 0.000000000000000000 0.000000000000000000
connection 28 67 -1.741424131237973238 0 0.000000000000000000 0.000000000000000000
connection 28 68 0.847471996031897823 0 0.000000000000000000 0.000000000000000000
connection 28 32 2.660755008099030317 0 0.000000000000000000 0.000000000000000000
connection 28 34 -2.927533875538588237 0 0.000000000000000000 0.000000000000000000
connection 28 35 -0.625912641446498719 0 0.000000000000000000 0.000000000000000000
connection 28 46 -4.460814852056376623 0 0.000000000000000000 0.000000000000000000
connection 28 69 -6.607720965843282279 0 0.000000000000000000 0.000000000000000000
connection 28 43 -5.156785393614199187 0 0.000000000000000000 0.000000000000000000
connection 28 77 4.685956988282369728 0 0.000000000000000000 0.000000000000000000
connection 28 78 1.898953690708315989 0 0.000000000000000000 0.000000000000000000
connection 28 79 4.094759402088446798 0 0.000000000000000000 0.000000000000000000
connection 28 70 1.075370967498298524 0 0.000000000000000000 0.000000000000000000
connection 28 71 -1.399265044357287158 0 0.000000000000000000 0.000000000000000000
connection 28 72 -4.033036275680383476 0 0.000000000000000000 0.000000000000000000
connection 28 73 -2.156831792781867652 0 0.000000000000000000 0.000000000000000000
connection 29 36 3.333398193665421338 0 0.000000000000000000 0.000000000000000000
connection 29 37 0.821674409763669011 0 0.000000000000000000 0.000000000000000000
connection 29 38 -2.376565722188372476 0 0.000000000000000000 0.000000000000000000
connection 29 69 -4.842163616862622533 0 0.000000000000000000 0.000000000000000000
connection 29 91 2.004505735854594572 0 0.000000000000000000 0.000000000000000000
connection 29 94 -0.577144802684297131 0 0.000000000000000000 0.000000000000000000
connection 29 92 -3.457800639714565527 0 0.000000000000000000 0.000000000000000000
connection 29 93 -1.294207075891813608 0 0.000000000000000000 0.000000000000000000
connection 33 33 4.802822191938621366 0 0.000000000000000000 0.000000000000000000
connection 33 34 2.073037539942873764 0 0.000000000000000000 0.000000000000000000
connection 33 35 4.321527843919103162 0 0.000000000000000000 0.000000000000000000
connection 33 36 2.724174790446324046 0 0.000000000000000000 0.000000000000000000
connection 33 38 -2.939508198258744098 0 0.000000000000000000 0.000000000000000000
connection 33 45 -0.564405369913391297 0 0.000000000000000000 0.000000000000000000
connection 33 69 -5.173217201306847812 0 0.000000000000000000 0.000000000000000000
connection 33 91 1.382052667203687246 0 0.000000000000000000 0.000000000000000000
connection 33 94 -1.231770914026321773 0 0.000000000000000000 0.000000000000000000
connection 33 92 -3.923306386771749477 0 0.000000000000000000 0.000000000000000000
connection 33 93 -1.878567905129158389 0 0.000000000000000000 0.000000000000000000
connection 33 71 3.755126151487652386 0 0.000000000000000000 0.000000000000000000
connection 33 72 0.638478016962631845 0 0.000000000000000000 0.000000000000000000
connection 33 73 3.090586249418411313 0 0.000000000000000000 0.000000000000000000
connection 30 34 2.397514283400791868 0 0.000000000000000000 0.000000000000000000
connection 30 35 4.549984235786303621 0 0.000000000000000000 0.000000000000000000
connection 30 36 3.034072537004091075 0 0.000000000000000000 0.000000000000000000
connection 30 37 0.476032172366359640 0 0.000000000000000000 0.000000000000000000
connection 30 38 -2.665513026656165518 0 0.000000000000000000 0.000000000000000000
connection 30 45 -0.221228689602389506 0 0.000000000000000000 0.000000000000000000
connection 30 69 -5.013438652571656995 0 0.000000000000000000 0.000000000000000000
connection 30 91 1.702005674313200156 0 0.000000000000000000 0.000000000000000000
connection 30 94 -0.903334449044863153 0 0.000000000000000000 0.000000000000000000
connection 30 92 -3.692937914255710830 0 0.000000000000000000 0.000000000000000000
connection 30 93 -1.583468594835610421 0 0.000000000000000000 0.000000000000000000
connection 30 71 3.990215097488073681 0 0.000000000000000000 0.000000000000000000
connection 30 72 0.938624395498876773 0 0.000000000000000000 0.000000000000000000
connection 30 73 3.330728489957462291 0 0.000000000000000000 0.000000000000000000
connection 32 65 3.358885667898663385 0 0.000000000000000000 0.000000000000000000
connection 32 66 0.856578929860065452 0 0.000000000000000000 0.000000000000000000
connection 32 67 -2.351060677521686237 0 0.000000000000000000 0.000000000000000000
connection 32 32 2.076782040096685655 0 0.000000000000000000 0.000000000000000000
connection 32 33 -0.536230150682856621 0 0.000000000000000000 0.000000000000000000
connection 32 34 -3.432082973153649075 0 0.000000000000000000 0.000000000000000000
connection 32 35 -1.224005890037882294 0 0.000000000000000000 0.000000000000000000
connection 32 46 -4.835823623395302029 0 0.000000000000000000 0.000000000000000000
connection 32 69 -6.722232987633561585 0 0.000000000000000000 0.000000000000000000
connection 32 43 -5.425205944898770838 0 0.000000000000000000 0.000000000000000000
connection 32 77 4.288327623444087244 0 0.000000000000000000 0.000000000000000000
connection 32 78 1.336302810718506207 0 0.000000000000000000 0.000000000000000000
connection 32 79 3.670195984834183633 0 0.000000000000000000 0.000000000000000000
connection 32 70 0.531799323534846380 0 0.000000000000000000 0.000000000000000000
connection 32 71 -1.918358932681628382 0 0.000000000000000000 0.000000000000000000
connection 32 72 -4.368932992668288051 0 0.000000000000000000 0.000000000000000000
connection 32 73 -2.608397277368827538 0 0.000000000000000000 0.000000000000000000
connection 34 33 4.573966199593942683 0 0.000000000000000000 0.000000000000000000
connection 34 34 1.738152726952963745 0 0.000000000000000000 0.000000000000000000
connection 34 35 4.073386053631470993 0 0.000000000000000000 0.000000000000000000
connection 34 36 2.407655446966135759 0 0.000000000000000000 0.000000000000000000
connection 34 38 -3.197600316681919352 0 0.000000000000000000 0.000000000000000000
connection 34 45 -0.900137676845568446 0 0.000000000000000000 0.000000000000000000
connection 34 69 -5.320852903018619351 0 0.000000000000000000 0.000000000000000000
connection 34 91 1.047678244406391235 0 0.000000000000000000 0.000000000000000000
connection 34 94 -1.556976659106253047 0 0.000000000000000000 0.000000000000000000
connection 34 92 -4.145221188900233500 0 0.000000000000000000 0.000000000000000000
connection 34 93 -2.175829657216433954 0 0.000000000000000000 0.000000000000000000
connection 34 71 3.499253906434321326 0 0.000000000000000000 0.000000000000000000
connection 34 72 0.323940065143584255 0 0.000000000000000000 0.000000000000000000
connection 34 73 2.834122620990364716 0 0.000000000000000000 0.000000000000000000
connection 40 48 -0.340988691076918093 0 0.000000000000000000 0.000000000000000000
connection 40 49 2.168821177530976030 0 0.000000000000000000 0.000000000000000000
connection 40 50 4.867176910240442744 0 0.000000000000000000 0.000000000000000000
connection 40 51 2.923518432519820021 0 0.000000000000000000 0.000000000000000000
connection 40 52 6.534879240939154066 0 0.000000000000000000 0.000000000000000000
connection 36 52 7.365431255456551085 0 0.000000000000000000 0.000000000000000000
connection 36 53 6.572363759042256781 0 0.000000000000000000 0.000000000000000000
connection 36 39 2.049109788386453967 0 0.000000000000000000 0.000000000000000000
connection 36 40 -0.576900520713685583 0 0.000000000000000000 0.000000000000000000
connection 36 41 -3.477182332038902146 0 0.000000000000000000 0.000000000000000000
connection 36 42 -1.260652806662949210 0 0.000000000000000000 0.000000000000000000
connection 36 94 4.311269558216939579 0 0.000000000000000000 0.000000000000000000
connection 36 92 1.368397011038456013 0 0.000000000000000000 0.000000000000000000
connection 36 93 3.778857527157746254 0 0.000000000000000000 0.000000000000000000
connection 37 48 -0.934514486368406838 0 0.000000000000000000 0.000000000000000000
connection 37 49 1.623632091497290819 0 0.000000000000000000 0.000000000000000000
connection 37 50 4.494937695611743500 0 0.000000000000000000 0.000000000000000000
connection 37 51 2.365018529490763743 0 0.000000000000000000 0.000000000000000000
connection 37 52 6.358777533398081161 0 0.000000000000000000 0.000000000000000000
connection 38 48 -0.632775745873655926 0 0.000000000000000000 0.000000000000000000
connection 38 49 1.903037396514642543 0 0.000000000000000000 0.000000000000000000
connection 38 50 4.688911319103184816 0 0.000000000000000000 0.000000000000000000
connection 38 51 2.654124290430441402 0 0.000000000000000000 0.000000000000000000
connection 38 52 6.452230534541050666 0 0.000000000000000000 0.000000000000000000
connection 44 48 4.631865073033354818 0 0.000000000000000000 0.000000000000000000
connection 44 49 2.579933931355594900 0 0.000000000000000000 0.000000000000000000
connection 44 50 -0.711390418094798305 0 0.000000000000000000 0.000000000000000000
connection 44 51 1.820021584894763178 0 0.000000000000000000 0.000000000000000000
connection 44 55 -1.474208912479101574 0 0.000000000000000000 0.000000000000000000
connection 44 56 -3.552810941760509600 0 0.000000000000000000 0.000000000000000000
connection 44 57 -5.353109071400598218 0 0.000000000000000000 0.000000000000000000
connection 44 58 -4.082205148979233478 0 0.000000000000000000 0.000000000000000000
connection 44 24 -2.433460622002747709 0 0.000000000000000000 0.000000000000000000
connection 44 25 -4.698524968207073549 0 0.000000000000000000 0.000000000000000000
connection 44 26 -3.002048803832289892 0 0.000000000000000000 0.000000000000000000
connection 44 63 -5.689102058239074999 0 0.000000000000000000 0.000000000000000000
connection 44 27 -6.958189167653102025 0 0.000000000000000000 0.000000000000000000
connection 44 64 -6.079767435595942793 0 0.000000000000000000 0.000000000000000000
connection 39 52 7.399340294128260886 0 0.000000000000000000 0.000000000000000000
connection 39 53 6.748263357743036650 0 0.000000000000000000 0.000000000000000000
connection 39 38 2.105690757928386780 0 0.000000000000000000 0.000000000000000000
connection 39 45 4.326018920282909797 0 0.000000000000000000 0.000000000000000000
connection 39 39 1.389649458686925021 0 0.000000000000000000 0.000000000000000000
connection 39 40 -1.210098834919698607 0 0.000000000000000000 0.000000000000000000
connection 39 41 -3.926397081649752430 0 0.000000000000000000 0.000000000000000000
connection 39 42 -1.886585410972914767 0 0.000000000000000000 0.000000000000000000
connection 39 94 3.787842416542018142 0 0.000000000000000000 0.000000000000000000
connection 39 92 0.677457539983374768 0 0.000000000000000000 0.000000000000000000
connection 39 93 3.209563984079359500 0 0.000000000000000000 0.000000000000000000
connection 46 48 2.180969982516185901 0 0.000000000000000000 0.000000000000000000
connection 46 49 4.353583527515455742 0 0.000000000000000000 0.000000000000000000
connection 46 50 6.151630748283895223 0 0.000000000000000000 0.000000000000000000
connection 46 51 4.876021894022613878 0 0.000000000000000000 0.000000000000000000
connection 46 52 7.074403274949483844 0 0.000000000000000000 0.000000000000000000
connection 46 53 5.492399811184526470 0 0.000000000000000000 0.000000000000000000
connection 46 39 4.428866474168758671 0 0.000000000000000000 0.000000000000000000
connection 46 40 2.230262835774768249 0 0.000000000000000000 0.000000000000000000
connection 46 41 -1.084261084042168255 0 0.000000000000000000 0.000000000000000000
connection 46 42 1.532809896393460658 0 0.000000000000000000 0.000000000000000000
connection 41 49 2.424308225951913087 0 0.000000000000000000 0.000000000000000000
connection 41 50 5.032960521402868537 0 0.000000000000000000 0.000000000000000000
connection 41 51 3.174642895110607377 0 0.000000000000000000 0.000000000000000000
connection 41 52 6.608634693381703507 0 0.000000000000000000 0.000000000000000000
connection 42 52 7.411005942296509552 0 0.000000000000000000 0.000000000000000000
connection 42 53 6.822597656422926704 0 0.000000000000000000 0.000000000000000000
connection 42 37 4.613454657407421777 0 0.000000000000000000 0.000000000000000000
connection 42 38 1.798104901085280094 0 0.000000000000000000 0.000000000000000000
connection 42 45 4.084755894432416490 0 0.000000000000000000 0.000000000000000000
connection 42 39 1.062345918911613785 0 0.000000000000000000 0.000000000000000000
connection 42 40 -1.510104838306387309 0 0.000000000000000000 0.000000000000000000
connection 42 41 -4.129507350404804988 0 0.000000000000000000 0.000000000000000000
connection 42 42 -2.178459538490557623 0 0.000000000000000000 0.000000000000000000
connection 42 94 3.512326573504880312 0 0.000000000000000000 0.000000000000000000
connection 42 92 0.335424227965612831 0 0.000000000000000000 0.000000000000000000
connection 42 93 2.905415492377946496 0 0.000000000000000000 0.000000000000000000
connection 43 66 2.941170546999900104 0 0.000000000000000000 0.000000000000000000
connection 43 67 -0.330672712093613819 0 0.000000000000000000 0.000000000000000000
connection 43 68 2.269532653064245231 0 0.000000000000000000 0.000000000000000000
connection 43 32 3.954658699952433132 0 0.000000000000000000 0.000000000000000000
connection 43 33 1.583912163356660185 0 0.000000000000000000 0.000000000000000000
connection 43 34 -1.704244103056582249 0 0.000000000000000000 0.000000000000000000
connection 43 35 0.892020530354735941 0 0.000000000000000000 0.000000000000000000
connection 43 36 -1.043389328263576665 0 0.000000000000000000 0.000000000000000000
connection 43 37 -3.299220180105939981 0 0.000000000000000000 0.000000000000000000
connection 43 38 -5.233050758381367906 0 0.000000000000000000 0.000000000000000000
connection 43 45 -3.807703439673612689 0 0.000000000000000000 0.000000000000000000
connection 43 69 -6.368033712928709456 0 0.000000000000000000 0.000000000000000000
connection 43 43 -4.442912755765958011 0 0.000000000000000000 0.000000000000000000
connection 43 70 2.738787293276752077 0 0.000000000000000000 0.000000000000000000
connection 43 72 -2.882822262017628034 0 0.000000000000000000 0.000000000000000000
connection 43 73 -0.542105938982308522 0 0.000000000000000000 0.000000000000000000
connection 45 52 7.384323559327297559 0 0.000000000000000000 0.000000000000000000
connection 45 53 6.664748985513515578 0 0.000000000000000000 0.000000000000000000
connection 45 38 2.411699133450828203 0 0.000000000000000000 0.000000000000000000
connection 45 45 4.559838771818972347 0 0.000000000000000000 0.000000000000000000
connection 45 39 1.719226732834196136 0 0.000000000000000000 0.000000000000000000
connection 45 40 -0.899055632821381012 0 0.000000000000000000 0.000000000000000000
connection 45 41 -3.709358040201511386 0 0.000000000000000000 0.000000000000000000
connection 45 42 -1.580351202334495442 0 0.000000000000000000 0.000000000000000000
connection 45 94 4.055042884430149819 0 0.000000000000000000 0.000000000000000000
connection 45 92 1.023161923787221150 0 0.000000000000000000 0.000000000000000000
connection 45 93 3.501995899632967646 0 0.000000000000000000 0.000000000000000000
connection 47 48 0.520926984186605768 0 0.000000000000000000 0.000000000000000000
connection 47 49 -1.919473014865821447 0 0.000000000000000000 0.000000000000000000
connection 47 50 -4.386196782404605088 0 0.000000000000000000 0.000000000000000000
connection 47 51 -2.632681959427182861 0 0.000000000000000000 0.000000000000000000
connection 47 52 -5.960936353223854844 0 0.000000000000000000 0.000000000000000000
connection 49 81 2.872864013559148777 0 0.000000000000000000 0.000000000000000000
connection 49 82 -0.397667920468535274 0 0.000000000000000000 0.000000000000000000
connection 49 83 2.195068277160886705 0 0.000000000000000000 0.000000000000000000
connection 49 65 -1.106193119262178781 0 0.000000000000000000 0.000000000000000000
connection 49 66 -3.328195014980533273 0 0.000000000000000000 0.000000000000000000
connection 49 67 -5.227786991836594233 0 0.000000000000000000 0.000000000000000000
connection 49 68 -3.829688331368080512 0 0.000000000000000000 0.000000000000000000
connection 49 28 3.741211851143177114 0 0.000000000000000000 0.000000000000000000
connection 49 29 1.438754168223969510 0 0.000000000000000000 0.000000000000000000
connection 49 30 -1.826891322054314148 0 0.000000000000000000 0.000000000000000000
connection 49 31 0.619790273376059742 0 0.000000000000000000 0.000000000000000000
connection 49 101 2.272194075902677302 0 0.000000000000000000 0.000000000000000000
connection 49 77 -0.221673051866021820 0 0.000000000000000000 0.000000000000000000
connection 49 78 -3.206672215186570529 0 0.000000000000000000 0.000000000000000000
connection 49 79 -1.039837974573347923 0 0.000000000000000000 0.000000000000000000
connection 50 80 4.677959370611264767 0 0.000000000000000000 0.000000000000000000
connection 50 81 2.562986714779095454 0 0.000000000000000000 0.000000000000000000
connection 50 82 -0.732339560865619243 0 0.000000000000000000 0.000000000000000000
connection 50 83 1.887046962267298733 0 0.000000000000000000 0.000000000000000000
connection 50 65 -1.408620344573685346 0 0.000000000000000000 0.000000000000000000
connection 50 66 -3.574089888309722962 0 0.000000000000000000 0.000000000000000000
connection 50 67 -5.371693785847471148 0 0.000000000000000000 0.000000000000000000
connection 50 68 -4.036266090859074396 0 0.000000000000000000 0.000000000000000000
connection 50 28 3.516713664451057930 0 0.000000000000000000 0.000000000000000000
connection 50 29 1.145737178211884144 0 0.000000000000000000 0.000000000000000000
connection 50 30 -2.086875591393675844 0 0.000000000000000000 0.000000000000000000
connection 50 31 0.344127445399178555 0 0.000000000000000000 0.000000000000000000
connection 50 101 2.010431055915886667 0 0.000000000000000000 0.000000000000000000
connection 50 77 -0.486032767382371167 0 0.000000000000000000 0.000000000000000000
connection 50 78 -3.399178398611515384 0 0.000000000000000000 0.000000000000000000
connection 50 79 -1.298795391506148755 0 0.000000000000000000 0.000000000000000000
connection 51 55 2.653112674063160092 0 0.000000000000000000 0.000000000000000000
connection 51 57 -2.888420295419542594 0 0.000000000000000000 0.000000000000000000
connection 51 58 -0.642578920507490992 0 0.000000000000000000 0.000000000000000000
connection 51 23 4.060777839171456627 0 0.000000000000000000 0.000000000000000000
connection 51 24 1.831962689358286545 0 0.000000000000000000 0.000000000000000000
connection 51 25 -1.460875047735590515 0 0.000000000000000000 0.000000000000000000
connection 51 26 1.030671390508267837 0 0.000000000000000000 0.000000000000000000
connection 51 80 -0.732526816333102904 0 0.000000000000000000 0.000000000000000000
connection 51 81 -3.046774433285003081 0 0.000000000000000000 0.000000000000000000
connection 51 82 -5.065359078296899575 0 0.000000000000000000 0.000000000000000000
connection 51 83 -3.568302332669464949 0 0.000000000000000000 0.000000000000000000
connection 51 27 -6.262135552445667663 0 0.000000000000000000 0.000000000000000000
connection 51 64 -4.312658708354982551 0 0.000000000000000000 0.000000000000000000
connection 51 90 -5.803270340081779111 0 0.000000000000000000 0.000000000000000000
connection 52 55 4.718768814633949482 0 0.000000000000000000 0.000000000000000000
connection 52 56 2.735164951927580912 0 0.000000000000000000 0.000000000000000000
connection 52 57 -0.548586946637121931 0 0.000000000000000000 0.000000000000000000
connection 52 58 1.948714478946026896 0 0.000000000000000000 0.000000000000000000
connection 52 24 4.060977455813001846 0 0.000000000000000000 0.000000000000000000
connection 52 25 1.031436399256892678 0 0.000000000000000000 0.000000000000000000
connection 52 26 3.446493043838215975 0 0.000000000000000000 0.000000000000000000
connection 52 80 1.747909367272815873 0 0.000000000000000000 0.000000000000000000
connection 52 81 -0.887108916397353120 0 0.000000000000000000 0.000000000000000000
connection 52 82 -3.688197529683576281 0 0.000000000000000000 0.000000000000000000
connection 52 83 -1.543078578597736561 0 0.000000000000000000 0.000000000000000000
connection 52 27 -5.563566759852157873 0 0.000000000000000000 0.000000000000000000
connection 52 28 0.260438734771289648 0 0.000000000000000000 0.000000000000000000
connection 52 29 -2.186408135603231884 0 0.000000000000000000 0.000000000000000000
connection 52 30 -4.538962942734304562 0 0.000000000000000000 0.000000000000000000
connection 52 31 -2.823308821504833421 0 0.000000000000000000 0.000000000000000000
connection 52 101 -1.356164782642784283 0 0.000000000000000000 0.000000000000000000
connection 52 77 -3.440550790528100755 0 0.000000000000000000 0.000000000000000000
connection 52 78 -5.294230799466217441 0 0.000000000000000000 0.000000000000000000
connection 52 79 -4.011887577038685926 0 0.000000000000000000 0.000000000000000000
connection 52 90 -4.738772733726777098 0 0.000000000000000000 0.000000000000000000
connection 53 49 -2.381170746251050296 0 0.000000000000000000 0.000000000000000000
connection 53 50 -4.668973557628176785 0 0.000000000000000000 0.000000000000000000
connection 53 51 -3.065055190781249106 0 0.000000000000000000 0.000000000000000000
connection 53 52 -6.096487547829502418 0 0.000000000000000000 0.000000000000000000
connection 53 53 -3.945389818757083944 0 0.000000000000000000 0.000000000000000000
connection 54 33 3.435446901231444805 0 0.000000000000000000 0.000000000000000000
connection 54 34 0.247507553514961787 0 0.000000000000000000 0.000000000000000000
connection 54 35 2.741640392484058886 0 0.000000000000000000 0.000000000000000000
connection 54 36 0.994534191015303493 0 0.000000000000000000 0.000000000000000000
connection 54 37 -1.593895914705295791 0 0.000000000000000000 0.000000000000000000
connection 54 38 -4.165701773216059500 0 0.000000000000000000 0.000000000000000000
connection 54 45 -2.219429435280901419 0 0.000000000000000000 0.000000000000000000
connection 54 69 -5.810036486546657386 0 0.000000000000000000 0.000000000000000000
connection 54 91 -0.540328481140789685 0 0.000000000000000000 0.000000000000000000
connection 54 94 -2.832827609650646394 0 0.000000000000000000 0.000000000000000000
connection 54 92 -4.933715051341494018 0 0.000000000000000000 0.000000000000000000
connection 54 93 -3.431913713060299465 0 0.000000000000000000 0.000000000000000000
connection 54 70 4.141806213626242794 0 0.000000000000000000 0.000000000000000000
connection 54 71 1.964064125595758270 0 0.000000000000000000 0.000000000000000000
connection 54 72 -1.339064578179380183 0 0.000000000000000000 0.000000000000000000
connection 54 73 1.138095309996122628 0 0.000000000000000000 0.000000000000000000
connection 47 14 -6.536227879966411081 0 0.000000000000000000 0.000000000000000000
connection 48 14 -2.493034848362125633 0 0.000000000000000000 0.000000000000000000
connection 49 14 3.184469504732524658 0 0.000000000000000000 0.000000000000000000
connection 50 14 2.880374079756117034 0 0.000000000000000000 0.000000000000000000
connection 51 14 -2.776059038681052193 0 0.000000000000000000 0.000000000000000000
connection 55 14 -3.051328817527570347 0 0.000000000000000000 0.000000000000000000
connection 56 14 2.565303732646589285 0 0.000000000000000000 0.000000000000000000
connection 57 14 2.243477807990852391 0 0.000000000000000000 0.000000000000000000
connection 58 14 -3.314939135241697699 0 0.000000000000000000 0.000000000000000000
connection 53 14 -6.657310028508827138 0 0.000000000000000000 0.000000000000000000
connection 101 14 -3.564217766947813892 0 0.000000000000000000 0.000000000000000000
connection 77 14 1.918554265466454911 0 0.000000000000000000 0.000000000000000000
connection 78 14 1.593269583405733769 0 0.000000000000000000 0.000000000000000000
connection 79 14 -3.797869425861569059 0 0.000000000000000000 0.000000000000000000
connection 70 14 -4.015804270525713981 0 0.000000000000000000 0.000000000000000000
connection 71 14 1.269374950388723056 0 0.000000000000000000 0.000000000000000000
connection 72 14 0.947808721297674572 0 0.000000000000000000 0.000000000000000000
connection 73 14 -4.218785959218506854 0 0.000000000000000000 0.000000000000000000
connection 90 14 -6.855913953117193316 0 0.000000000000000000 0.000000000000000000
connection 47 15 -6.997411507675836972 0 0.000000000000000000 0.000000000000000000
connection 48 15 -4.966677200001707426 0 0.000000000000000000 0.000000000000000000
connection 49 15 -0.522406953148663367 0 0.000000000000000000 0.000000000000000000
connection 50 15 -0.860369365505872952 0 0.000000000000000000 0.000000000000000000
connection 51 15 -5.127851332936510076 0 0.000000000000000000 0.000000000000000000
connection 55 15 -5.281702889673724144 0 0.000000000000000000 0.000000000000000000
connection 56 15 -1.193989414611643207 0 0.000000000000000000 0.000000000000000000
connection 57 15 -1.518571149222086358 0 0.000000000000000000 0.000000000000000000
connection 58 15 -5.426230561626957716 0 0.000000000000000000 0.000000000000000000
connection 53 15 -7.061583141570294764 0 0.000000000000000000 0.000000000000000000
connection 44 15 -6.490019374544182540 0 0.000000000000000000 0.000000000000000000
connection 23 16 1.621800473147435362 0 0.000000000000000000 0.000000000000000000
connection 24 16 5.940555599538035025 0 0.000000000000000000 0.000000000000000000
connection 25 16 5.788856483857917290 0 0.000000000000000000 0.000000000000000000
connection 26 16 1.279531868303742437 0 0.000000000000000000 0.000000000000000000
connection 63 16 7.431741361691130976 0 0.000000000000000000 0.000000000000000000
connection 27 16 7.398627815808588082 0 0.000000000000000000 0.000000000000000000
connection 28 16 0.934349812094469656 0 0.000000000000000000 0.000000000000000000
connection 29 16 5.627325053014415879 0 0.000000000000000000 0.000000000000000000
connection 30 16 5.457000709362802127 0 0.000000000000000000 0.000000000000000000
connection 31 16 0.590799840116868147 0 0.000000000000000000 0.000000000000000000
connection 32 16 0.252290851996742171 0 0.000000000000000000 0.000000000000000000
connection 33 16 5.278580758983022037 0 0.000000000000000000 0.000000000000000000
connection 34 16 5.092344584410575692 0 0.000000000000000000 0.000000000000000000
connection 46 16 7.361514284784659523 0 0.000000000000000000 0.000000000000000000
connection 69 16 7.319536968171761693 0 0.000000000000000000 0.000000000000000000
connection 91 16 -0.402114918425281520 0 0.000000000000000000 0.000000000000000000
connection 94 16 4.898195198026590980 0 0.000000000000000000 0.000000000000000000
connection 92 16 4.695780004625296655 0 0.000000000000000000 0.000000000000000000
connection 93 16 -0.716658353037704088 0 0.000000000000000000 0.000000000000000000
connection 22 17 -7.144530603417358350 0 0.000000000000000000 0.000000000000000000
connection 23 17 -2.091465364005779648 0 0.000000000000000000 0.000000000000000000
connection 24 17 3.583232964142025967 0 0.000000000000000000 0.000000000000000000
connection 25 17 3.293359210263141268 0 0.000000000000000000 0.000000000000000000
connection 26 17 -2.392272105280861094 0 0.000000000000000000 0.000000000000000000
connection 28 17 -2.682196291265051435 0 0.000000000000000000 0.000000000000000000
connection 29 17 2.994521825037522955 0 0.000000000000000000 0.000000000000000000
connection 30 17 2.689878079847412007 0 0.000000000000000000 0.000000000000000000
connection 31 17 -2.958135011052630770 0 0.000000000000000000 0.000000000000000000
connection 32 17 -3.218440985282467359 0 0.000000000000000000 0.000000000000000000
connection 33 17 2.381821079292238963 0 0.000000000000000000 0.000000000000000000
connection 34 17 2.071904586762489231 0 0.000000000000000000 0.000000000000000000
connection 35 17 -3.462764214277413100 0 0.000000000000000000 0.000000000000000000
connection 91 17 -3.691691124065496155 0 0.000000000000000000 0.000000000000000000
connection 94 17 1.760983046384704043 0 0.000000000000000000 0.000000000000000000
connection 92 17 1.449467059818956960 0 0.000000000000000000 0.000000000000000000
connection 93 17 -3.906333121415660248 0 0.000000000000000000 0.000000000000000000
connection 44 17 -7.233489907677210340 0 0.000000000000000000 0.000000000000000000
connection 22 18 -7.302635348302656482 0 0.000000000000000000 0.000000000000000000
connection 23 18 -4.741097773764455958 0 0.000000000000000000 0.000000000000000000
connection 25 18 -0.400870120829781518 0 0.000000000000000000 0.000000000000000000
connection 26 18 -4.918098843388240660 0 0.000000000000000000 0.000000000000000000
connection 28 18 -5.084622510011866048 0 0.000000000000000000 0.000000000000000000
connection 29 18 -0.739734213005648789 0 0.000000000000000000 0.000000000000000000
connection 30 18 -1.068713951469996148 0 0.000000000000000000 0.000000000000000000
connection 31 18 -5.239376212139192468 0 0.000000000000000000 0.000000000000000000
connection 32 18 -5.382031115683242994 0 0.000000000000000000 0.000000000000000000
connection 33 18 -1.385607918716693421 0 0.000000000000000000 0.000000000000000000
connection 34 18 -1.689506787979986324 0 0.000000000000000000 0.000000000000000000
connection 35 18 -5.513035725391215891 0 0.000000000000000000 0.000000000000000000
connection 39 18 3.711024482270666613 0 0.000000000000000000 0.000000000000000000
connection 42 18 3.453170720769984214 0 0.000000000000000000 0.000000000000000000
connection 91 18 -5.633338014762781398 0 0.000000000000000000 0.000000000000000000
connection 94 18 -1.980428584684034155 0 0.000000000000000000 0.000000000000000000
connection 92 18 -2.258908982985991187 0 0.000000000000000000 0.000000000000000000
connection 93 18 -5.744110039223539133 0 0.000000000000000000 0.000000000000000000
connection 54 19 -5.217425527783556838 0 0.000000000000000000 0.000000000000000000
connection 80 19 2.079400841943392475 0 0.000000000000000000 0.000000000000000000
connection 83 19 1.745343984903356072 0 0.000000000000000000 0.000000000000000000
connection 65 19 1.409440221970563512 0 0.000000000000000000 0.000000000000000000
connection 68 19 1.074986516787153068 0 0.000000000000000000 0.000000000000000000
connection 64 19 -5.504151148021355411 0 0.000000000000000000 0.000000000000000000
connection 36 19 0.744161966454840229 0 0.000000000000000000 0.000000000000000000
connection 45 19 0.418156857904885160 0 0.000000000000000000 0.000000000000000000
connection 42 19 -0.217766065629729028 0 0.000000000000000000 0.000000000000000000
connection 43 19 -5.952787267331789423 0 0.000000000000000000 0.000000000000000000
connection 54 20 -6.372817105651335190 0 0.000000000000000000 0.000000000000000000
connection 80 20 -1.673305870303521958 0 0.000000000000000000 0.000000000000000000
connection 81 20 3.958608970319372755 0 0.000000000000000000 0.000000000000000000
connection 82 20 3.687522312589757600 0 0.000000000000000000 0.000000000000000000
connection 83 20 -1.986605864861173965 0 0.000000000000000000 0.000000000000000000
connection 65 20 -2.287058467073705081 0 0.000000000000000000 0.000000000000000000
connection 66 20 3.408706234247769196 0 0.000000000000000000 0.000000000000000000
connection 67 20 3.124123241294367137 0 0.000000000000000000 0.000000000000000000
connection 68 20 -2.572619956382194317 0 0.000000000000000000 0.000000000000000000
connection 64 20 -6.516491234366026397 0 0.000000000000000000 0.000000000000000000
connection 36 20 -2.842610960963171340 0 0.000000000000000000 0.000000000000000000
connection 37 20 2.835027412446937234 0 0.000000000000000000 0.000000000000000000
connection 38 20 2.542080155291528865 0 0.000000000000000000 0.000000000000000000
connection 45 20 -3.097360019823291122 0 0.000000000000000000 0.000000000000000000
connection 39 20 -3.337781061194178278 0 0.000000000000000000 0.000000000000000000
connection 40 20 2.245572916094833449 0 0.000000000000000000 0.000000000000000000
connection 41 20 1.945665589896981240 0 0.000000000000000000 0.000000000000000000
connection 42 20 -3.565006549647004697 0 0.000000000000000000 0.000000000000000000
connection 43 20 -6.736698670441191084 0 0.000000000000000000 0.000000000000000000
connection 54 21 -6.924354155810208411 0 0.000000000000000000 0.000000000000000000
connection 80 21 -4.497558595661133474 0 0.000000000000000000 0.000000000000000000
connection 81 21 0.415745362370864513 0 0.000000000000000000 0.000000000000000000
connection 83 21 -4.688383125561424336 0 0.000000000000000000 0.000000000000000000
connection 65 21 -4.866214509608337124 0 0.000000000000000000 0.000000000000000000
connection 66 21 -0.268398325418272354 0 0.000000000000000000 0.000000000000000000
connection 67 21 -0.597905959953495492 0 0.000000000000000000 0.000000000000000000
connection 68 21 -5.030642619723490583 0 0.000000000000000000 0.000000000000000000
connection 64 21 -6.999108705419743615 0 0.000000000000000000 0.000000000000000000
connection 36 21 -5.182121069408684555 0 0.000000000000000000 0.000000000000000000
connection 37 21 -0.916987571132632406 0 0.000000000000000000 0.000000000000000000
connection 38 21 -1.225334695598979895 0 0.000000000000000000 0.000000000000000000
connection 45 21 -5.321658344577032906 0 0.000000000000000000 0.000000000000000000
connection 39 21 -5.450512911609283861 0 0.000000000000000000 0.000000000000000000
connection 40 21 -1.523166453660933728 0 0.000000000000000000 0.000000000000000000
connection 41 21 -1.810896077014666927 0 0.000000000000000000 0.000000000000000000
connection 42 21 -5.569957475194932783 0 0.000000000000000000 0.000000000000000000
connection 43 21 -7.111963244204332568 0 0.000000000000000000 0.000000000000000000
NNend

