NNstart
14 8
neuron 1 1.000000000000000000 0.000000000000000000 0.000000000000000000 0.000000000000000000 11 0.000000000000000000
neuron 1 1.000000000000000000 0.000000000000000000 0.000000000000000000 0.000000000000000000 11 0.000000000000000000
neuron 1 1.000000000000000000 0.000000000000000000 0.000000000000000000 0.000000000000000000 11 0.000000000000000000
neuron 1 1.000000000000000000 0.000000000000000000 0.000000000000000000 0.000000000000000000 11 0.000000000000000000
neuron 1 1.000000000000000000 0.000000000000000000 0.000000000000000000 0.000000000000000000 11 0.000000000000000000
neuron 1 1.000000000000000000 0.000000000000000000 0.000000000000000000 0.000000000000000000 11 0.000000000000000000
neuron 1 1.000000000000000000 0.000000000000000000 0.000000000000000000 0.000000000000000000 11 0.000000000000000000
neuron 1 1.000000000000000000 0.000000000000000000 0.000000000000000000 0.000000000000000000 11 0.000000000000000000
neuron 1 1.000000000000000000 0.000000000000000000 0.000000000000000000 0.000000000000000000 11 0.000000000000000000
neuron 1 1.000000000000000000 0.000000000000000000 0.000000000000000000 0.000000000000000000 11 0.000000000000000000
neuron 1 1.000000000000000000 0.000000000000000000 0.000000000000000000 0.000000000000000000 11 0.000000000000000000
neuron 1 1.000000000000000000 0.000000000000000000 0.000000000000000000 0.000000000000000000 11 0.000000000000000000
neuron 1 1.000000000000000000 0.000000000000000000 0.000000000000000000 0.000000000000000000 11 0.000000000000000000
neuron 2 1.000000000000000000 0.000000000000000000 0.000000000000000000 0.000000000000000000 11 0.000000000000000000
neuron 4 1.000000000000000000 0.000000000000000000 0.000000000000000000 0.000000000000000000 1 0.000000000000000000
neuron 4 1.000000000000000000 0.000000000000000000 0.000000000000000000 0.000000000000000000 1 0.000000000000000000
neuron 4 1.000000000000000000 0.000000000000000000 0.000000000000000000 0.000000000000000000 1 0.000000000000000000
neuron 4 1.000000000000000000 0.000000000000000000 0.000000000000000000 0.000000000000000000 1 0.000000000000000000
neuron 4 1.000000000000000000 0.000000000000000000 0.000000000000000000 0.000000000000000000 1 0.000000000000000000
neuron 4 1.000000000000000000 0.000000000000000000 0.000000000000000000 0.000000000000000000 1 0.000000000000000000
neuron 4 1.000000000000000000 0.000000000000000000 0.000000000000000000 0.000000000000000000 1 0.000000000000000000
neuron 4 1.000000000000000000 0.000000000000000000 0.000000000000000000 0.000000000000000000 1 0.000000000000000000
neuron 3 1.000000000000000000 0.000000000000000000 0.000000000000000000 0.000000000000000000 0 0.000000000000000000
neuron 3 1.000000000000000000 0.000000000000000000 0.000000000000000000 0.000000000000000000 0 0.000000000000000000
neuron 3 1.000000000000000000 0.000000000000000000 0.000000000000000000 0.000000000000000000 0 0.000000000000000000
neuron 3 1.000000000000000000 0.000000000000000000 0.000000000000000000 0.000000000000000000 0 0.000000000000000000
neuron 3 1.000000000000000000 0.000000000000000000 0.000000000000000000 0.000000000000000000 0 0.000000000000000000
neuron 3 1.000000000000000000 0.000000000000000000 0.000000000000000000 0.000000000000000000 0 0.000000000000000000
neuron 3 1.000000000000000000 0.000000000000000000 0.000000000000000000 0.000000000000000000 0 0.000000000000000000
neuron 3 1.000000000000000000 0.000000000000000000 0.000000000000000000 0.000000000000000000 0 0.000000000000000000
neuron 3 1.000000000000000000 0.000000000000000000 0.000000000000000000 0.000000000000000000 0 0.000000000000000000
neuron 3 1.000000000000000000 0.000000000000000000 0.000000000000000000 0.000000000000000000 0 0.000000000000000000
neuron 3 1.000000000000000000 0.000000000000000000 0.000000000000000000 0.000000000000000000 0 0.000000000000000000
neuron 3 1.000000000000000000 0.000000000000000000 0.000000000000000000 0.000000000000000000 0 0.000000000000000000
neuron 3 1.000000000000000000 0.000000000000000000 0.000000000000000000 0.000000000000000000 0 0.000000000000000000
neuron 3 1.000000000000000000 0.000000000000000000 0.000000000000000000 0.000000000000000000 0 0.000000000000000000
neuron 3 1.000000000000000000 0.000000000000000000 0.000000000000000000 0.000000000000000000 0 0.000000000000000000
neuron 3 1.000000000000000000 0.000000000000000000 0.000000000000000000 0.000000000000000000 0 0.000000000000000000
neuron 3 1.000000000000000000 0.000000000000000000 0.000000000000000000 0.000000000000000000 0 0.000000000000000000
neuron 3 1.000000000000000000 0.000000000000000000 0.000000000000000000 0.000000000000000000 0 0.000000000000000000
neuron 3 1.000000000000000000 0.000000000000000000 0.000000000000000000 0.000000000000000000 0 0.000000000000000000
neuron 3 1.000000000000000000 0.000000000000000000 0.000000000000000000 0.000000000000000000 0 0.000000000000000000
neuron 3 1.000000000000000000 0.000000000000000000 0.000000000000000000 0.000000000000000000 0 0.000000000000000000
neuron 3 1.000000000000000000 0.000000000000000000 0.000000000000000000 0.000000000000000000 0 0.000000000000000000
neuron 3 1.000000000000000000 0.000000000000000000 0.000000000000000000 0.000000000000000000 0 0.000000000000000000
neuron 3 1.000000000000000000 0.000000000000000000 0.000000000000000000 0.000000000000000000 0 0.000000000000000000
neuron 3 1.000000000000000000 0.000000000000000000 0.000000000000000000 0.000000000000000000 0 0.000000000000000000
neuron 3 1.000000000000000000 0.000000000000000000 0.000000000000000000 0.000000000000000000 0 0.000000000000000000
neuron 3 1.000000000000000000 0.000000000000000000 0.000000000000000000 0.000000000000000000 0 0.000000000000000000
neuron 3 1.000000000000000000 0.000000000000000000 0.000000000000000000 0.000000000000000000 0 0.000000000000000000
neuron 3 1.000000000000000000 0.000000000000000000 0.000000000000000000 0.000000000000000000 0 0.000000000000000000
neuron 3 1.000000000000000000 0.000000000000000000 0.000000000000000000 0.000000000000000000 0 0.000000000000000000
neuron 3 1.000000000000000000 0.000000000000000000 0.000000000000000000 0.000000000000000000 0 0.000000000000000000
neuron 3 1.000000000000000000 0.000000000000000000 0.000000000000000000 0.000000000000000000 0 0.000000000000000000
neuron 3 1.000000000000000000 0.000000000000000000 0.000000000000000000 0.000000000000000000 0 0.000000000000000000
neuron 3 1.000000000000000000 0.000000000000000000 0.000000000000000000 0.000000000000000000 0 0.000000000000000000
neuron 3 1.000000000000000000 0.000000000000000000 0.000000000000000000 0.000000000000000000 0 0.000000000000000000
neuron 3 1.000000000000000000 0.000000000000000000 0.000000000000000000 0.000000000000000000 0 0.000000000000000000
neuron 3 1.000000000000000000 0.000000000000000000 0.000000000000000000 0.000000000000000000 0 0.000000000000000000
neuron 3 1.000000000000000000 0.000000000000000000 0.000000000000000000 0.000000000000000000 0 0.000000000000000000
neuron 3 1.000000000000000000 0.000000000000000000 0.000000000000000000 0.000000000000000000 0 0.000000000000000000
neuron 3 1.000000000000000000 0.000000000000000000 0.000000000000000000 0.000000000000000000 0 0.000000000000000000
neuron 3 1.000000000000000000 0.000000000000000000 0.000000000000000000 0.000000000000000000 0 0.000000000000000000
neuron 3 1.000000000000000000 0.000000000000000000 0.000000000000000000 0.000000000000000000 0 0.000000000000000000
neuron 3 1.000000000000000000 0.000000000000000000 0.000000000000000000 0.000000000000000000 0 0.000000000000000000
neuron 3 1.000000000000000000 0.000000000000000000 0.000000000000000000 0.000000000000000000 0 0.000000000000000000
neuron 3 1.000000000000000000 0.000000000000000000 0.000000000000000000 0.000000000000000000 0 0.000000000000000000
neuron 3 1.000000000000000000 0.000000000000000000 0.000000000000000000 0.000000000000000000 0 0.000000000000000000
neuron 3 1.000000000000000000 0.000000000000000000 0.000000000000000000 0.000000000000000000 0 0.000000000000000000
neuron 3 1.000000000000000000 0.000000000000000000 0.000000000000000000 0.000000000000000000 0 0.000000000000000000
neuron 3 1.000000000000000000 0.000000000000000000 0.000000000000000000 0.000000000000000000 0 0.000000000000000000
neuron 3 1.000000000000000000 0.000000000000000000 0.000000000000000000 0.000000000000000000 0 0.000000000000000000
neuron 3 1.000000000000000000 0.000000000000000000 0.000000000000000000 0.000000000000000000 0 0.000000000000000000
neuron 3 1.000000000000000000 0.000000000000000000 0.000000000000000000 0.000000000000000000 0 0.000000000000000000
neuron 3 1.000000000000000000 0.000000000000000000 0.000000000000000000 0.000000000000000000 0 0.000000000000000000
neuron 3 1.000000000000000000 0.000000000000000000 0.000000000000000000 0.000000000000000000 0 0.000000000000000000
neuron 3 1.000000000000000000 0.000000000000000000 0.000000000000000000 0.000000000000000000 0 0.000000000000000000
neuron 3 1.000000000000000000 0.000000000000000000 0.000000000000000000 0.000000000000000000 0 0.000000000000000000
neuron 3 1.000000000000000000 0.000000000000000000 0.000000000000000000 0.000000000000000000 0 0.000000000000000000
neuron 3 1.000000000000000000 0.000000000000000000 0.000000000000000000 0.000000000000000000 0 0.000000000000000000
neuron 3 1.000000000000000000 0.000000000000000000 0.000000000000000000 0.000000000000000000 0 0.000000000000000000
neuron 3 1.000000000000000000 0.000000000000000000 0.000000000000000000 0.000000000000000000 0 0.000000000000000000
neuron 3 1.000000000000000000 0.000000000000000000 0.000000000000000000 0.000000000000000000 0 0.000000000000000000
neuron 3 1.000000000000000000 0.000000000000000000 0.000000000000000000 0.000000000000000000 0 0.000000000000000000
neuron 3 1.000000000000000000 0.000000000000000000 0.000000000000000000 0.000000000000000000 0 0.000000000000000000
neuron 3 1.000000000000000000 0.000000000000000000 0.000000000000000000 0.000000000000000000 0 0.000000000000000000
neuron 3 1.000000000000000000 0.000000000000000000 0.000000000000000000 0.000000000000000000 0 0.000000000000000000
neuron 3 1.000000000000000000 0.000000000000000000 0.000000000000000000 0.000000000000000000 0 0.000000000000000000
neuron 3 1.000000000000000000 0.000000000000000000 0.000000000000000000 0.000000000000000000 0 0.000000000000000000
neuron 3 1.000000000000000000 0.000000000000000000 0.000000000000000000 0.000000000000000000 0 0.000000000000000000
neuron 3 1.000000000000000000 0.000000000000000000 0.000000000000000000 0.000000000000000000 0 0.000000000000000000
neuron 3 1.000000000000000000 0.000000000000000000 0.000000000000000000 0.000000000000000000 0 0.000000000000000000
neuron 3 1.000000000000000000 0.000000000000000000 0.000000000000000000 0.000000000000000000 0 0.000000000000000000
neuron 3 1.000000000000000000 0.000000000000000000 0.000000000000000000 0.000000000000000000 0 0.000000000000000000
neuron 3 1.000000000000000000 0.000000000000000000 0.000000000000000000 0.000000000000000000 0 0.000000000000000000
neuron 3 1.000000000000000000 0.000000000000000000 0.000000000000000000 0.000000000000000000 0 0.000000000000000000
neuron 3 1.000000000000000000 0.000000000000000000 0.000000000000000000 0.000000000000000000 0 0.000000000000000000
neuron 3 1.000000000000000000 0.000000000000000000 0.000000000000000000 0.000000000000000000 0 0.000000000000000000
neuron 3 1.000000000000000000 0.000000000000000000 0.000000000000000000 0.000000000000000000 0 0.000000000000000000
neuron 3 1.000000000000000000 0.000000000000000000 0.000000000000000000 0.000000000000000000 0 0.000000000000000000
neuron 3 1.000000000000000000 0.000000000000000000 0.000000000000000000 0.000000000000000000 0 0.000000000000000000
connection 0 22 7.255940889454942422 0 0.000000000000000000 0.000000000000000000
connection 0 23 6.283636749525422616 0 0.000000000000000000 0.000000000000000000
connection 0 24 -6.583312976702199393 0 0.000000000000000000 0.000000000000000000
connection 0 25 0.803314872995884111 0 0.000000000000000000 0.000000000000000000
connection 0 26 -7.634607319302379125 0 0.000000000000000000 0.000000000000000000
connection 0 27 -6.857249626232881923 0 0.000000000000000000 0.000000000000000000
connection 0 28 -7.348375555975165341 0 0.000000000000000000 0.000000000000000000
connection 0 29 -6.571505332128118049 0 0.000000000000000000 0.000000000000000000
connection 0 30 5.347487728060370316 0 0.000000000000000000 0.000000000000000000
connection 0 31 6.182544780182860578 0 0.000000000000000000 0.000000000000000000
connection 0 33 -6.254772808549347474 0 0.000000000000000000 0.000000000000000000
connection 0 34 -6.326157486125230101 0 0.000000000000000000 0.000000000000000000
connection 0 35 -6.085752153012337295 0 0.000000000000000000 0.000000000000000000
connection 0 36 -5.859575734414420367 0 0.000000000000000000 0.000000000000000000
connection 1 37 4.235573146947031908 0 0.000000000000000000 0.000000000000000000
connection 1 24 -6.695117070983708452 0 0.000000000000000000 0.000000000000000000
connection 1 26 -7.797610796669757427 0 0.000000000000000000 0.000000000000000000
connection 1 27 -7.599132572375847161 0 0.000000000000000000 0.000000000000000000
connection 1 38 -5.038792341555550003 0 0.000000000000000000 0.000000000000000000
connection 1 39 5.315680068882869591 0 0.000000000000000000 0.000000000000000000
connection 1 40 -4.847261538844464646 0 0.000000000000000000 0.000000000000000000
connection 1 28 -7.575959979496659891 0 0.000000000000000000 0.000000000000000000
connection 1 29 -7.405516501365512205 0 0.000000000000000000 0.000000000000000000
connection 1 41 -4.670876005849859958 0 0.000000000000000000 0.000000000000000000
connection 1 42 5.446474256193717167 0 0.000000000000000000 0.000000000000000000
connection 1 43 -4.512922103023901066 0 0.000000000000000000 0.000000000000000000
connection 1 30 5.440188604086270807 0 0.000000000000000000 0.000000000000000000
connection 1 31 6.288579668400496203 0 0.000000000000000000 0.000000000000000000
connection 1 44 -7.270121308842491636 0 0.000000000000000000 0.000000000000000000
connection 1 45 -7.280231940114882505 0 0.000000000000000000 0.000000000000000000
connection 1 46 -6.963500803843010623 0 0.000000000000000000 0.000000000000000000
connection 1 33 -7.132753839373663141 0 0.000000000000000000 0.000000000000000000
connection 1 47 -4.375666846895224893 0 0.000000000000000000 0.000000000000000000
connection 1 48 5.427881578135105300 0 0.000000000000000000 0.000000000000000000
connection 1 49 -4.260290794630897437 0 0.000000000000000000 0.000000000000000000
connection 1 34 -6.546887856452487497 0 0.000000000000000000 0.000000000000000000
connection 1 35 -6.960609628478648503 0 0.000000000000000000 0.000000000000000000
connection 1 36 -5.995818151740230029 0 0.000000000000000000 0.000000000000000000
connection 2 37 3.911403074109776057 0 0.000000000000000000 0.000000000000000000
connection 2 24 -6.787225402399853280 0 0.000000000000000000 0.000000000000000000
connection 2 26 -7.875328121533542003 0 0.000000000000000000 0.000000000000000000
connection 2 27 -7.852269172807655018 0 0.000000000000000000 0.000000000000000000
connection 2 38 -7.219378382255951188 0 0.000000000000000000 0.000000000000000000
connection 2 39 0.311064957496753669 0 0.000000000000000000 0.000000000000000000
connection 2 40 -7.114462719261885226 0 0.000000000000000000 0.000000000000000000
connection 2 28 -7.703807616083741650 0 0.000000000000000000 0.000000000000000000
connection 2 29 -7.742650955402258006 0 0.000000000000000000 0.000000000000000000
connection 2 41 -6.999740164723002422 0 0.000000000000000000 0.000000000000000000
connection 2 42 0.825597775723401095 0 0.000000000000000000 0.000000000000000000
connection 2 43 -6.876023734335785065 0 0.000000000000000000 0.000000000000000000
connection 2 50 0.595505097925651095 0 0.000000000000000000 0.000000000000000000
connection 2 51 0.999862107380709353 0 0.000000000000000000 0.000000000000000000
connection 2 30 5.212975369785660007 0 0.000000000000000000 0.000000000000000000
connection 2 31 6.144851583637599646 0 0.000000000000000000 0.000000000000000000
connection 2 44 -7.434586335739073348 0 0.000000000000000000 0.000000000000000000
connection 2 45 -7.660241373459362180 0 0.000000000000000000 0.000000000000000000
connection 2 46 -7.138077809728818224 0 0.000000000000000000 0.000000000000000000
connection 2 33 -7.552453831802194095 0 0.000000000000000000 0.000000000000000000
connection 2 47 -6.744369445750598047 0 0.000000000000000000 0.000000000000000000
connection 2 48 1.118193577028391728 0 0.000000000000000000 0.000000000000000000
connection 2 49 -6.605987106968456146 0 0.000000000000000000 0.000000000000000000
connection 2 52 0.240407484069444677 0 0.000000000000000000 0.000000000000000000
connection 2 34 -6.703701934059623113 0 0.000000000000000000 0.000000000000000000
connection 2 35 -7.412762087350273532 0 0.000000000000000000 0.000000000000000000
connection 2 36 -6.087771646590802277 0 0.000000000000000000 0.000000000000000000
connection 3 23 4.028473983595296737 0 0.000000000000000000 0.000000000000000000
connection 3 24 -6.849017751863595294 0 0.000000000000000000 0.000000000000000000
connection 3 26 -7.912051296051403781 0 0.000000000000000000 0.000000000000000000
connection 3 53 -7.791884703763455100 0 0.000000000000000000 0.000000000000000000
connection 3 28 -7.774650658524484115 0 0.000000000000000000 0.000000000000000000
connection 3 54 -7.698921045145374009 0 0.000000000000000000 0.000000000000000000
connection 3 50 -4.934014356906680554 0 0.000000000000000000 0.000000000000000000
connection 3 55 5.280081244292912146 0 0.000000000000000000 0.000000000000000000
connection 3 56 5.507389627166130452 0 0.000000000000000000 0.000000000000000000
connection 3 51 -4.456215947473513239 0 0.000000000000000000 0.000000000000000000
connection 3 44 -7.538521586583111223 0 0.000000000000000000 0.000000000000000000
connection 3 45 -7.826370918677151067 0 0.000000000000000000 0.000000000000000000
connection 3 46 -7.259400151854356942 0 0.000000000000000000 0.000000000000000000
connection 3 33 -7.752347128657711472 0 0.000000000000000000 0.000000000000000000
connection 3 47 -7.601928666439593307 0 0.000000000000000000 0.000000000000000000
connection 3 48 -4.236626896791574559 0 0.000000000000000000 0.000000000000000000
connection 3 49 -7.521345381034620026 0 0.000000000000000000 0.000000000000000000
connection 3 52 0.218720004960646836 0 0.000000000000000000 0.000000000000000000
connection 3 34 -6.825188316896417362 0 0.000000000000000000 0.000000000000000000
connection 3 35 -7.646993801149874592 0 0.000000000000000000 0.000000000000000000
connection 3 36 -6.172777087600709756 0 0.000000000000000000 0.000000000000000000
connection 4 57 4.916976227015126710 0 0.000000000000000000 0.000000000000000000
connection 4 58 4.933901776895480040 0 0.000000000000000000 0.000000000000000000
connection 4 22 4.854833942284241033 0 0.000000000000000000 0.000000000000000000
connection 4 59 0.608665475681610890 0 0.000000000000000000 0.000000000000000000
connection 4 60 -5.242495285243664149 0 0.000000000000000000 0.000000000000000000
connection 4 37 2.277873494446003733 0 0.000000000000000000 0.000000000000000000
connection 4 23 2.839074598673491767 0 0.000000000000000000 0.000000000000000000
connection 4 24 -6.857473863059377450 0 0.000000000000000000 0.000000000000000000
connection 4 25 -1.080044060711127463 0 0.000000000000000000 0.000000000000000000
connection 4 26 -7.926694076601321193 0 0.000000000000000000 0.000000000000000000
connection 4 53 -7.943705087551586885 0 0.000000000000000000 0.000000000000000000
connection 4 28 -7.809358232599854510 0 0.000000000000000000 0.000000000000000000
connection 4 54 -7.909908605101619194 0 0.000000000000000000 0.000000000000000000
connection 4 50 -7.285198986344556538 0 0.000000000000000000 0.000000000000000000
connection 4 56 0.476817867359756009 0 0.000000000000000000 0.000000000000000000
connection 4 51 -7.088022239758275944 0 0.000000000000000000 0.000000000000000000
connection 4 61 0.894855489492927259 0 0.000000000000000000 0.000000000000000000
connection 4 62 1.264344509416551521 0 0.000000000000000000 0.000000000000000000
connection 4 44 -7.598656328195613874 0 0.000000000000000000 0.000000000000000000
connection 4 45 -7.900534178127312401 0 0.000000000000000000 0.000000000000000000
connection 4 46 -7.339363884635496049 0 0.000000000000000000 0.000000000000000000
connection 4 34 -6.920294866231932573 0 0.000000000000000000 0.000000000000000000
connection 4 35 -7.770188073694148656 0 0.000000000000000000 0.000000000000000000
connection 4 36 -6.264765836442414582 0 0.000000000000000000 0.000000000000000000
connection 5 57 3.766753084193728007 0 0.000000000000000000 0.000000000000000000
connection 5 58 3.722760368724936431 0 0.000000000000000000 0.000000000000000000
connection 5 22 3.625411036224607475 0 0.000000000000000000 0.000000000000000000
connection 5 59 -0.206193403937313113 0 0.000000000000000000 0.000000000000000000
connection 5 60 -5.326821388273483393 0 0.000000000000000000 0.000000000000000000
connection 5 37 1.246588471865046621 0 0.000000000000000000 0.000000000000000000
connection 5 64 4.888833578870127816 0 0.000000000000000000 0.000000000000000000
connection 5 23 1.856159640632450314 0 0.000000000000000000 0.000000000000000000
connection 5 65 -2.790296281508884757 0 0.000000000000000000 0.000000000000000000
connection 5 24 -6.775256303298117899 0 0.000000000000000000 0.000000000000000000
connection 5 25 -1.578668415745277276 0 0.000000000000000000 0.000000000000000000
connection 5 26 -7.925562549762402931 0 0.000000000000000000 0.000000000000000000
connection 5 53 -7.981743302143531338 0 0.000000000000000000 0.000000000000000000
connection 5 28 -7.815950629816979855 0 0.000000000000000000 0.000000000000000000
connection 5 54 -7.968783435141137517 0 0.000000000000000000 0.000000000000000000
connection 5 50 -7.846960347984909490 0 0.000000000000000000 0.000000000000000000
connection 5 55 -5.431919289900680070 0 0.000000000000000000 0.000000000000000000
connection 5 66 4.644015465344253357 0 0.000000000000000000 0.000000000000000000
connection 5 56 -5.175417421125478867 0 0.000000000000000000 0.000000000000000000
connection 5 51 -7.791236201930458627 0 0.000000000000000000 0.000000000000000000
connection 5 61 -4.901715957873337359 0 0.000000000000000000 0.000000000000000000
connection 5 67 5.375910937585523186 0 0.000000000000000000 0.000000000000000000
connection 5 62 -4.616914046132344573 0 0.000000000000000000 0.000000000000000000
connection 5 68 5.236525675833373583 0 0.000000000000000000 0.000000000000000000
connection 5 30 2.671374886550953676 0 0.000000000000000000 0.000000000000000000
connection 5 31 3.962618193853296944 0 0.000000000000000000 0.000000000000000000
connection 5 69 -4.130834152945520366 0 0.000000000000000000 0.000000000000000000
connection 5 44 -7.620427766546684190 0 0.000000000000000000 0.000000000000000000
connection 5 45 -7.933893684931129897 0 0.000000000000000000 0.000000000000000000
connection 5 46 -7.378530262048275112 0 0.000000000000000000 0.000000000000000000
connection 5 34 -6.983093600750159169 0 0.000000000000000000 0.000000000000000000
connection 5 35 -7.834770007647190226 0 0.000000000000000000 0.000000000000000000
connection 5 36 -6.353796301670403324 0 0.000000000000000000 0.000000000000000000
connection 6 57 3.204127751009709257 0 0.000000000000000000 0.000000000000000000
connection 6 58 2.932515214340900567 0 0.000000000000000000 0.000000000000000000
connection 6 22 2.590359261105543265 0 0.000000000000000000 0.000000000000000000
connection 6 59 -0.683610881480313792 0 0.000000000000000000 0.000000000000000000
connection 6 37 0.424451171784166248 0 0.000000000000000000 0.000000000000000000
connection 6 64 3.709346631352526735 0 0.000000000000000000 0.000000000000000000
connection 6 23 1.418755703806233281 0 0.000000000000000000 0.000000000000000000
connection 6 65 -2.515416482422275557 0 0.000000000000000000 0.000000000000000000
connection 6 24 -6.535768835246750008 0 0.000000000000000000 0.000000000000000000
connection 6 25 -1.672215835807090878 0 0.000000000000000000 0.000000000000000000
connection 6 26 -7.905567649862302204 0 0.000000000000000000 0.000000000000000000
connection 6 53 -7.992279487025037987 0 0.000000000000000000 0.000000000000000000
connection 6 28 -7.791524891959761057 0 0.000000000000000000 0.000000000000000000
connection 6 54 -7.986486433625485049 0 0.000000000000000000 0.000000000000000000
connection 6 50 -7.963473100807528127 0 0.000000000000000000 0.000000000000000000
connection 6 55 -7.437276886768898088 0 0.000000000000000000 0.000000000000000000
connection 6 66 -0.812495522344170551 0 0.000000000000000000 0.000000000000000000
connection 6 56 -7.380236787083101824 0 0.000000000000000000 0.000000000000000000
connection 6 70 -0.265726445301332381 0 0.000000000000000000 0.000000000000000000
connection 6 51 -7.948455243982431639 0 0.000000000000000000 0.000000000000000000
connection 6 61 -7.311596513926243546 0 0.000000000000000000 0.000000000000000000
connection 6 67 0.277150852373788670 0 0.000000000000000000 0.000000000000000000
connection 6 62 -7.230852846270980017 0 0.000000000000000000 0.000000000000000000
connection 6 30 1.602484103646373947 0 0.000000000000000000 0.000000000000000000
connection 6 31 2.782519922548805535 0 0.000000000000000000 0.000000000000000000
connection 6 44 -7.598918046854081787 0 0.000000000000000000 0.000000000000000000
connection 6 45 -7.947223538795390674 0 0.000000000000000000 0.000000000000000000
connection 6 46 -7.367659480943754780 0 0.000000000000000000 0.000000000000000000
connection 6 34 -6.996114152721721879 0 0.000000000000000000 0.000000000000000000
connection 6 35 -7.865608462161506331 0 0.000000000000000000 0.000000000000000000
connection 6 36 -6.410305810880782218 0 0.000000000000000000 0.000000000000000000
connection 7 57 3.470133749480815322 0 0.000000000000000000 0.000000000000000000
connection 7 58 2.893545801322024325 0 0.000000000000000000 0.000000000000000000
connection 7 59 -0.610007971140550054 0 0.000000000000000000 0.000000000000000000
connection 7 23 1.733664889463918390 0 0.000000000000000000 0.000000000000000000
connection 7 65 -1.627553665155787810 0 0.000000000000000000 0.000000000000000000
connection 7 25 -1.182248898851817609 0 0.000000000000000000 0.000000000000000000
connection 7 26 -7.848263192184971260 0 0.000000000000000000 0.000000000000000000
connection 7 53 -7.995435694269710680 0 0.000000000000000000 0.000000000000000000
connection 7 28 -7.716297613073929362 0 0.000000000000000000 0.000000000000000000
connection 7 54 -7.992194934862790312 0 0.000000000000000000 0.000000000000000000
connection 7 71 -7.874728123914878530 0 0.000000000000000000 0.000000000000000000
connection 7 70 -5.442934498817692202 0 0.000000000000000000 0.000000000000000000
connection 7 72 3.398727740867955038 0 0.000000000000000000 0.000000000000000000
connection 7 73 3.957253414277704273 0 0.000000000000000000 0.000000000000000000
connection 7 74 -7.849957242090416898 0 0.000000000000000000 0.000000000000000000
connection 7 30 0.892428138441678342 0 0.000000000000000000 0.000000000000000000
connection 7 31 1.782755125550137709 0 0.000000000000000000 0.000000000000000000
connection 7 44 -7.512795943285755840 0 0.000000000000000000 0.000000000000000000
connection 7 45 -7.947712272791086718 0 0.000000000000000000 0.000000000000000000
connection 7 46 -7.282667259123423165 0 0.000000000000000000 0.000000000000000000
connection 7 52 -1.866893037832193958 0 0.000000000000000000 0.000000000000000000
connection 7 34 -6.928693411553470405 0 0.000000000000000000 0.000000000000000000
connection 7 35 -7.872863809402733892 0 0.000000000000000000 0.000000000000000000
connection 7 36 -6.389997581165052232 0 0.000000000000000000 0.000000000000000000
connection 8 57 4.455975109631954645 0 0.000000000000000000 0.000000000000000000
connection 8 58 3.652915880322494591 0 0.000000000000000000 0.000000000000000000
connection 8 37 0.426599588493752790 0 0.000000000000000000 0.000000000000000000
connection 8 23 2.817681994463819173 0 0.000000000000000000 0.000000000000000000
connection 8 26 -7.692546490363993961 0 0.000000000000000000 0.000000000000000000
connection 8 28 -7.530572132433111854 0 0.000000000000000000 0.000000000000000000
connection 8 71 -7.968768553213497974 0 0.000000000000000000 0.000000000000000000
connection 8 70 -7.383099577048771955 0 0.000000000000000000 0.000000000000000000
connection 8 72 -1.765060635047479121 0 0.000000000000000000 0.000000000000000000
connection 8 75 5.303882266347741847 0 0.000000000000000000 0.000000000000000000
connection 8 73 -1.281427056684971033 0 0.000000000000000000 0.000000000000000000
connection 8 74 -7.964891703901724185 0 0.000000000000000000 0.000000000000000000
connection 8 68 2.565678089018426977 0 0.000000000000000000 0.000000000000000000
connection 8 30 0.805442861824665624 0 0.000000000000000000 0.000000000000000000
connection 8 76 -2.844739426738171595 0 0.000000000000000000 0.000000000000000000
connection 8 31 1.301209602728123693 0 0.000000000000000000 0.000000000000000000
connection 8 69 -3.566956869430974564 0 0.000000000000000000 0.000000000000000000
connection 8 44 -7.304398110459766613 0 0.000000000000000000 0.000000000000000000
connection 8 46 -7.067240938862662247 0 0.000000000000000000 0.000000000000000000
connection 8 52 -1.962791168540799935 0 0.000000000000000000 0.000000000000000000
connection 8 34 -6.723874693670594205 0 0.000000000000000000 0.000000000000000000
connection 8 35 -7.856156295294538516 0 0.000000000000000000 0.000000000000000000
connection 8 36 -6.229215373772101216 0 0.000000000000000000 0.000000000000000000
connection 9 58 4.935324428071527159 0 0.000000000000000000 0.000000000000000000
connection 9 59 1.702863083231302976 0 0.000000000000000000 0.000000000000000000
connection 9 60 -2.638790933996340460 0 0.000000000000000000 0.000000000000000000
connection 9 37 1.534228025982890209 0 0.000000000000000000 0.000000000000000000
connection 9 23 4.401819761101191553 0 0.000000000000000000 0.000000000000000000
connection 9 65 2.355923895002781876 0 0.000000000000000000 0.000000000000000000
connection 9 24 -2.833892276817646660 0 0.000000000000000000 0.000000000000000000
connection 9 25 1.981066154800697143 0 0.000000000000000000 0.000000000000000000
connection 9 77 -2.787121080206854451 0 0.000000000000000000 0.000000000000000000
connection 9 68 2.968347267234490161 0 0.000000000000000000 0.000000000000000000
connection 9 30 1.483663407056187822 0 0.000000000000000000 0.000000000000000000
connection 9 76 -2.006105907632852681 0 0.000000000000000000 0.000000000000000000
connection 9 31 1.555611521626836247 0 0.000000000000000000 0.000000000000000000
connection 9 69 -2.381273345366155869 0 0.000000000000000000 0.000000000000000000
connection 9 52 -1.505545057541586296 0 0.000000000000000000 0.000000000000000000
connection 10 25 4.225759295110265157 0 0.000000000000000000 0.000000000000000000
connection 10 78 0.869266638532978475 0 0.000000000000000000 0.000000000000000000
connection 10 30 2.884947500787500285 0 0.000000000000000000 0.000000000000000000
connection 10 76 -0.408048569111599924 0 0.000000000000000000 0.000000000000000000
connection 10 31 2.587297639785166137 0 0.000000000000000000 0.000000000000000000
connection 10 69 -0.363028301728268610 0 0.000000000000000000 0.000000000000000000
connection 10 52 -0.334811015146517621 0 0.000000000000000000 0.000000000000000000
connection 11 78 4.472857029136569018 0 0.000000000000000000 0.000000000000000000
connection 11 79 -2.254102700830368455 0 0.000000000000000000 0.000000000000000000
connection 11 80 -2.634097802890714046 0 0.000000000000000000 0.000000000000000000
connection 11 77 3.362770618039356396 0 0.000000000000000000 0.000000000000000000
connection 11 81 -2.944851716285374899 0 0.000000000000000000 0.000000000000000000
connection 11 82 -3.181462818862549558 0 0.000000000000000000 0.000000000000000000
connection 11 83 4.404885461492914267 0 0.000000000000000000 0.000000000000000000
connection 11 69 2.335476256001090878 0 0.000000000000000000 0.000000000000000000
connection 11 52 1.582380405097579379 0 0.000000000000000000 0.000000000000000000
connection 11 34 -3.410064808841721362 0 0.000000000000000000 0.000000000000000000
connection 11 36 -3.311281479741713163 0 0.000000000000000000 0.000000000000000000
connection 12 84 7.483184135250040114 0 0.000000000000000000 0.000000000000000000
connection 12 78 6.614508505118408266 0 0.000000000000000000 0.000000000000000000
connection 12 79 2.919566359044562631 0 0.000000000000000000 0.000000000000000000
connection 12 80 2.317145705931170419 0 0.000000000000000000 0.000000000000000000
connection 12 77 5.871228620798852660 0 0.000000000000000000 0.000000000000000000
connection 12 81 1.714343717355771179 0 0.000000000000000000 0.000000000000000000
connection 12 82 1.133612024300960419 0 0.000000000000000000 0.000000000000000000
connection 12 44 0.596829754594249251 0 0.000000000000000000 0.000000000000000000
connection 12 52 3.883880292639551257 0 0.000000000000000000 0.000000000000000000
connection 12 36 -0.573290728808902861 0 0.000000000000000000 0.000000000000000000
connection 13 84 7.779218670503867727 0 0.000000000000000000 0.000000000000000000
connection 13 85 7.701592592088745803 0 0.000000000000000000 0.000000000000000000
connection 13 78 7.504058550066860178 0 0.000000000000000000 0.000000000000000000
connection 13 79 6.254434588264230044 0 0.000000000000000000 0.000000000000000000
connection 13 86 -1.408534246311689442 0 0.000000000000000000 0.000000000000000000
connection 13 80 5.901313361600067253 0 0.000000000000000000 0.000000000000000000
connection 13 27 -1.914993306233114367 0 0.000000000000000000 0.000000000000000000
connection 13 77 7.163504516845593528 0 0.000000000000000000 0.000000000000000000
connection 13 81 5.487977546753539215 0 0.000000000000000000 0.000000000000000000
connection 13 87 -2.385792563240435538 0 0.000000000000000000 0.000000000000000000
connection 13 82 5.016987872879667520 0 0.000000000000000000 0.000000000000000000
connection 13 69 6.621533827291609775 0 0.000000000000000000 0.000000000000000000
connection 13 44 4.496829180057993369 0 0.000000000000000000 0.000000000000000000
connection 13 45 -3.176997420816682016 0 0.000000000000000000 0.000000000000000000
connection 13 46 3.942380635685790669 0 0.000000000000000000 0.000000000000000000
connection 13 33 -3.482446850917830350 0 0.000000000000000000 0.000000000000000000
connection 13 34 3.374198829841070779 0 0.000000000000000000 0.000000000000000000
connection 13 35 -3.721624002023677935 0 0.000000000000000000 0.000000000000000000
connection 13 36 2.816616419275861816 0 0.000000000000000000 0.000000000000000000
connection 22 23 -1.031920144527195937 0 0.000000000000000000 0.000000000000000000
connection 22 65 -1.275464438976311232 0 0.000000000000000000 0.000000000000000000
connection 22 26 -4.536890745863296992 0 0.000000000000000000 0.000000000000000000
connection 23 36 -1.420799912384149932 0 0.000000000000000000 0.000000000000000000
connection 82 49 -2.643169096809946161 0 0.000000000000000000 0.000000000000000000
connection 82 35 -1.635657175652910800 0 0.000000000000000000 0.000000000000000000
connection 82 36 0.487722715493922043 0 0.000000000000000000 0.000000000000000000
connection 36 59 -4.748566639646032428 0 0.000000000000000000 0.000000000000000000
connection 36 27 -2.694524566514037378 0 0.000000000000000000 0.000000000000000000
connection 36 77 -3.653741760520078596 0 0.000000000000000000 0.000000000000000000
connection 36 81 -2.676627009061527840 0 0.000000000000000000 0.000000000000000000
connection 34 90 -3.966483758653013947 0 0.000000000000000000 0.000000000000000000
connection 34 24 -1.406767214290219226 0 0.000000000000000000 0.000000000000000000
connection 34 25 -3.015270260770483546 0 0.000000000000000000 0.000000000000000000
connection 34 86 -1.371641351359977445 0 0.000000000000000000 0.000000000000000000
connection 34 80 -0.675807824541155511 0 0.000000000000000000 0.000000000000000000
connection 34 53 -6.739576159224693441 0 0.000000000000000000 0.000000000000000000
connection 40 51 1.060847453663209095 0 0.000000000000000000 0.000000000000000000
connection 40 61 -0.261687082084930800 0 0.000000000000000000 0.000000000000000000
connection 40 83 -5.616614267261249793 0 0.000000000000000000 0.000000000000000000
connection 40 45 -4.506591905561286637 0 0.000000000000000000 0.000000000000000000
connection 40 46 -3.583791349899328349 0 0.000000000000000000 0.000000000000000000
connection 40 33 5.360433631141651389 0 0.000000000000000000 0.000000000000000000
connection 40 47 3.736745945021360260 0 0.000000000000000000 0.000000000000000000
connection 40 52 4.439131644385066799 0 0.000000000000000000 0.000000000000000000
connection 40 34 5.564583966990885422 0 0.000000000000000000 0.000000000000000000
connection 24 33 -3.223321590794301805 0 0.000000000000000000 0.000000000000000000
connection 24 52 -0.907852919869726827 0 0.000000000000000000 0.000000000000000000
connection 24 34 -2.729331138403301882 0 0.000000000000000000 0.000000000000000000
connection 24 35 3.049301854435543468 0 0.000000000000000000 0.000000000000000000
connection 25 36 -1.534237646325773863 0 0.000000000000000000 0.000000000000000000
connection 26 43 -2.147661908894952898 0 0.000000000000000000 0.000000000000000000
connection 26 74 2.903437681430221851 0 0.000000000000000000 0.000000000000000000
connection 26 76 1.711964895548563126 0 0.000000000000000000 0.000000000000000000
connection 26 31 2.075514905323736947 0 0.000000000000000000 0.000000000000000000
connection 26 45 -2.120347145145474066 0 0.000000000000000000 0.000000000000000000
connection 26 47 2.695545138879051894 0 0.000000000000000000 0.000000000000000000
connection 76 90 -3.859369281446715316 0 0.000000000000000000 0.000000000000000000
connection 76 24 -1.462589174929677105 0 0.000000000000000000 0.000000000000000000
connection 76 25 -2.434880406263936425 0 0.000000000000000000 0.000000000000000000
connection 76 79 5.404253225532892557 0 0.000000000000000000 0.000000000000000000
connection 76 80 -1.777916984092569930 0 0.000000000000000000 0.000000000000000000
connection 37 92 -3.721300980559571148 0 0.000000000000000000 0.000000000000000000
connection 37 93 -2.803077859645934033 0 0.000000000000000000 0.000000000000000000
connection 37 23 -1.085648287328969896 0 0.000000000000000000 0.000000000000000000
connection 37 65 -0.201661805567181995 0 0.000000000000000000 0.000000000000000000
connection 37 78 -0.835015841218842203 0 0.000000000000000000 0.000000000000000000
connection 37 79 -2.338918369591373558 0 0.000000000000000000 0.000000000000000000
connection 37 28 -7.573708387398574438 0 0.000000000000000000 0.000000000000000000
connection 27 43 -5.034224245532672448 0 0.000000000000000000 0.000000000000000000
connection 27 74 1.553304714959872879 0 0.000000000000000000 0.000000000000000000
connection 27 76 -2.833637839321982099 0 0.000000000000000000 0.000000000000000000
connection 27 45 -4.791685924240559835 0 0.000000000000000000 0.000000000000000000
connection 27 46 -3.695139564812344180 0 0.000000000000000000 0.000000000000000000
connection 27 47 2.061081683104580620 0 0.000000000000000000 0.000000000000000000
connection 28 83 -7.873050740649168766 0 0.000000000000000000 0.000000000000000000
connection 28 49 -0.262300121333219727 0 0.000000000000000000 0.000000000000000000
connection 28 52 -4.543916931930615632 0 0.000000000000000000 0.000000000000000000
connection 28 34 -5.419683320021214001 0 0.000000000000000000 0.000000000000000000
connection 28 35 2.045717717968190019 0 0.000000000000000000 0.000000000000000000
connection 28 36 4.355426670622179586 0 0.000000000000000000 0.000000000000000000
connection 29 48 -2.919033385969838079 0 0.000000000000000000 0.000000000000000000
connection 29 49 -2.537545676428286434 0 0.000000000000000000 0.000000000000000000
connection 29 35 -0.660033070323296611 0 0.000000000000000000 0.000000000000000000
connection 29 36 0.882229857599720058 0 0.000000000000000000 0.000000000000000000
connection 30 90 -3.397565183877269135 0 0.000000000000000000 0.000000000000000000
connection 30 24 -2.259671867166102022 0 0.000000000000000000 0.000000000000000000
connection 30 25 -2.298976607694603658 0 0.000000000000000000 0.000000000000000000
connection 30 78 5.356140879378726183 0 0.000000000000000000 0.000000000000000000
connection 30 79 2.945694310490517331 0 0.000000000000000000 0.000000000000000000
connection 31 59 -4.237300968274395174 0 0.000000000000000000 0.000000000000000000
connection 31 80 2.437384253619296892 0 0.000000000000000000 0.000000000000000000
connection 62 67 -4.230438036280405711 0 0.000000000000000000 0.000000000000000000
connection 62 62 -3.666350352573408244 0 0.000000000000000000 0.000000000000000000
connection 62 48 -2.181068881153662709 0 0.000000000000000000 0.000000000000000000
connection 62 49 -1.225917727874421770 0 0.000000000000000000 0.000000000000000000
connection 62 35 -1.607933454563138964 0 0.000000000000000000 0.000000000000000000
connection 43 62 -3.011072081118093102 0 0.000000000000000000 0.000000000000000000
connection 53 42 -3.264856877672705604 0 0.000000000000000000 0.000000000000000000
connection 53 43 -2.324502887567016618 0 0.000000000000000000 0.000000000000000000
connection 53 51 3.729808202976777398 0 0.000000000000000000 0.000000000000000000
connection 53 45 -0.426422851743548215 0 0.000000000000000000 0.000000000000000000
connection 53 46 0.647263394283083660 0 0.000000000000000000 0.000000000000000000
connection 33 23 -2.486819241859587137 0 0.000000000000000000 0.000000000000000000
connection 33 65 -1.690015141188159653 0 0.000000000000000000 0.000000000000000000
connection 33 78 0.453187345039066991 0 0.000000000000000000 0.000000000000000000
connection 33 79 1.931641586403963995 0 0.000000000000000000 0.000000000000000000
connection 80 76 -2.789764179365310071 0 0.000000000000000000 0.000000000000000000
connection 80 31 -2.099028693089283415 0 0.000000000000000000 0.000000000000000000
connection 80 45 -4.734661915284978484 0 0.000000000000000000 0.000000000000000000
connection 80 46 -4.090134812494530259 0 0.000000000000000000 0.000000000000000000
connection 80 33 3.085495373583433398 0 0.000000000000000000 0.000000000000000000
connection 80 47 0.643258425078515494 0 0.000000000000000000 0.000000000000000000
connection 35 24 -2.026135824192729196 0 0.000000000000000000 0.000000000000000000
connection 35 25 -3.434982971311010047 0 0.000000000000000000 0.000000000000000000
connection 35 80 -0.368307201966847964 0 0.000000000000000000 0.000000000000000000
connection 38 42 -0.725867199224668802 0 0.000000000000000000 0.000000000000000000
connection 38 43 1.537352092097954204 0 0.000000000000000000 0.000000000000000000
connection 38 74 4.948577068771746745 0 0.000000000000000000 0.000000000000000000
connection 38 30 -4.602189327651678319 0 0.000000000000000000 0.000000000000000000
connection 38 76 3.597091013001578741 0 0.000000000000000000 0.000000000000000000
connection 38 31 1.210182655792822803 0 0.000000000000000000 0.000000000000000000
connection 38 45 3.754282503247206915 0 0.000000000000000000 0.000000000000000000
connection 38 46 4.464568387522642290 0 0.000000000000000000 0.000000000000000000
connection 39 42 0.413479493295584422 0 0.000000000000000000 0.000000000000000000
connection 39 43 2.808816048375449625 0 0.000000000000000000 0.000000000000000000
connection 39 56 -1.362532257886536646 0 0.000000000000000000 0.000000000000000000
connection 39 76 1.197024612644339792 0 0.000000000000000000 0.000000000000000000
connection 39 45 3.898033759459994751 0 0.000000000000000000 0.000000000000000000
connection 39 46 3.325967391958073893 0 0.000000000000000000 0.000000000000000000
connection 81 83 -7.690989069244191789 0 0.000000000000000000 0.000000000000000000
connection 81 33 -3.482756628771159768 0 0.000000000000000000 0.000000000000000000
connection 81 47 -3.374489101499640320 0 0.000000000000000000 0.000000000000000000
connection 81 49 2.160286219857356471 0 0.000000000000000000 0.000000000000000000
connection 81 52 -0.477275068943499470 0 0.000000000000000000 0.000000000000000000
connection 81 34 -2.006453274453011026 0 0.000000000000000000 0.000000000000000000
connection 41 51 -4.489267159700064624 0 0.000000000000000000 0.000000000000000000
connection 41 62 0.695781621403707251 0 0.000000000000000000 0.000000000000000000
connection 41 83 -6.865575449187728552 0 0.000000000000000000 0.000000000000000000
connection 41 33 -2.482386389952449868 0 0.000000000000000000 0.000000000000000000
connection 41 47 -3.877455615263085686 0 0.000000000000000000 0.000000000000000000
connection 41 48 3.043844129436054757 0 0.000000000000000000 0.000000000000000000
connection 41 52 -2.094098665095013523 0 0.000000000000000000 0.000000000000000000
connection 41 34 -1.665654852444866219 0 0.000000000000000000 0.000000000000000000
connection 41 35 6.379377421617336452 0 0.000000000000000000 0.000000000000000000
connection 72 42 1.908783785487945917 0 0.000000000000000000 0.000000000000000000
connection 72 43 0.731292191252169599 0 0.000000000000000000 0.000000000000000000
connection 72 66 -0.569148786881833124 0 0.000000000000000000 0.000000000000000000
connection 72 56 1.389610236350298456 0 0.000000000000000000 0.000000000000000000
connection 42 51 -4.589914679353777949 0 0.000000000000000000 0.000000000000000000
connection 42 61 -4.764075600311624470 0 0.000000000000000000 0.000000000000000000
connection 42 67 0.215756485027621708 0 0.000000000000000000 0.000000000000000000
connection 42 62 2.040993135948947046 0 0.000000000000000000 0.000000000000000000
connection 42 33 -2.452423274011617416 0 0.000000000000000000 0.000000000000000000
connection 42 47 -3.430175894948850779 0 0.000000000000000000 0.000000000000000000
connection 42 49 5.998837615538003654 0 0.000000000000000000 0.000000000000000000
connection 42 34 -2.529347107211435741 0 0.000000000000000000 0.000000000000000000
connection 42 35 6.084627520948779456 0 0.000000000000000000 0.000000000000000000
connection 42 36 5.000480908114296241 0 0.000000000000000000 0.000000000000000000
connection 50 56 -5.252972757858704433 0 0.000000000000000000 0.000000000000000000
connection 50 51 2.710081804658749149 0 0.000000000000000000 0.000000000000000000
connection 50 83 -5.074523159054436405 0 0.000000000000000000 0.000000000000000000
connection 50 45 -4.314250924715113733 0 0.000000000000000000 0.000000000000000000
connection 50 52 1.854737789951990568 0 0.000000000000000000 0.000000000000000000
connection 50 34 4.310964849132983723 0 0.000000000000000000 0.000000000000000000
connection 46 23 -2.540161924813864491 0 0.000000000000000000 0.000000000000000000
connection 46 65 -0.701585398733819199 0 0.000000000000000000 0.000000000000000000
connection 46 78 1.006109002107721251 0 0.000000000000000000 0.000000000000000000
connection 46 79 1.185992124670713688 0 0.000000000000000000 0.000000000000000000
connection 78 76 -3.238089640797363611 0 0.000000000000000000 0.000000000000000000
connection 78 31 -1.831321797326242118 0 0.000000000000000000 0.000000000000000000
connection 78 45 -3.753456819424997093 0 0.000000000000000000 0.000000000000000000
connection 78 46 -4.292469136622239390 0 0.000000000000000000 0.000000000000000000
connection 56 70 -0.603202272216460278 0 0.000000000000000000 0.000000000000000000
connection 56 51 3.926962944790351351 0 0.000000000000000000 0.000000000000000000
connection 56 61 1.608625089857342205 0 0.000000000000000000 0.000000000000000000
connection 56 33 4.112465699184355117 0 0.000000000000000000 0.000000000000000000
connection 56 47 4.779925747529544466 0 0.000000000000000000 0.000000000000000000
connection 56 34 1.889200593770694603 0 0.000000000000000000 0.000000000000000000
connection 48 96 -7.138670665996405873 0 0.000000000000000000 0.000000000000000000
connection 55 28 -7.763522125915338634 0 0.000000000000000000 0.000000000000000000
connection 55 42 1.736599378487971634 0 0.000000000000000000 0.000000000000000000
connection 55 43 3.197766699750053565 0 0.000000000000000000 0.000000000000000000
connection 55 66 -1.807678381305020787 0 0.000000000000000000 0.000000000000000000
connection 55 56 -0.647039335376190072 0 0.000000000000000000 0.000000000000000000
connection 55 83 -3.793247417163299051 0 0.000000000000000000 0.000000000000000000
connection 55 45 2.961305105554632000 0 0.000000000000000000 0.000000000000000000
connection 55 46 1.118072953178672391 0 0.000000000000000000 0.000000000000000000
connection 49 65 -2.108148426357193017 0 0.000000000000000000 0.000000000000000000
connection 49 78 -0.687965995840343014 0 0.000000000000000000 0.000000000000000000
connection 49 79 1.586549270218199581 0 0.000000000000000000 0.000000000000000000
connection 83 90 0.973477718411343562 0 0.000000000000000000 0.000000000000000000
connection 83 24 1.491936434950779322 0 0.000000000000000000 0.000000000000000000
connection 83 25 2.099910430741859013 0 0.000000000000000000 0.000000000000000000
connection 83 79 5.162684809045810397 0 0.000000000000000000 0.000000000000000000
connection 83 80 -0.486779553398904274 0 0.000000000000000000 0.000000000000000000
connection 61 70 -4.901975025258943575 0 0.000000000000000000 0.000000000000000000
connection 61 51 -4.279745394502966427 0 0.000000000000000000 0.000000000000000000
connection 61 61 -5.149341813980832683 0 0.000000000000000000 0.000000000000000000
connection 61 67 1.077438565106100254 0 0.000000000000000000 0.000000000000000000
connection 61 62 3.770795063053563378 0 0.000000000000000000 0.000000000000000000
connection 61 33 -3.027854102653988466 0 0.000000000000000000 0.000000000000000000
connection 61 47 -3.256842979599762433 0 0.000000000000000000 0.000000000000000000
connection 61 48 5.500787766666819678 0 0.000000000000000000 0.000000000000000000
connection 61 49 5.830465944792024402 0 0.000000000000000000 0.000000000000000000
connection 61 35 4.921560780493709153 0 0.000000000000000000 0.000000000000000000
connection 61 36 2.462608873271431964 0 0.000000000000000000 0.000000000000000000
connection 51 62 -3.833577699798595528 0 0.000000000000000000 0.000000000000000000
connection 52 22 -5.277752583062747860 0 0.000000000000000000 0.000000000000000000
connection 52 59 -4.473634342217045479 0 0.000000000000000000 0.000000000000000000
connection 52 86 2.370370900250584612 0 0.000000000000000000 0.000000000000000000
connection 52 80 4.824371007311374804 0 0.000000000000000000 0.000000000000000000
connection 52 53 -4.928211717898779654 0 0.000000000000000000 0.000000000000000000
connection 52 77 -3.471165284285738561 0 0.000000000000000000 0.000000000000000000
connection 52 81 -3.197278208978199032 0 0.000000000000000000 0.000000000000000000
connection 54 62 -1.245190331434087305 0 0.000000000000000000 0.000000000000000000
connection 54 83 -7.099395523304663058 0 0.000000000000000000 0.000000000000000000
connection 54 49 2.429991989813534925 0 0.000000000000000000 0.000000000000000000
connection 54 35 4.032643579207312534 0 0.000000000000000000 0.000000000000000000
connection 54 36 4.014413725840737079 0 0.000000000000000000 0.000000000000000000
connection 57 98 -1.742116716818460365 0 0.000000000000000000 0.000000000000000000
connection 57 93 5.458206289476732032 0 0.000000000000000000 0.000000000000000000
connection 57 23 2.759791629361272314 0 0.000000000000000000 0.000000000000000000
connection 73 54 -6.765241462755427371 0 0.000000000000000000 0.000000000000000000
connection 73 70 1.908030195580317390 0 0.000000000000000000 0.000000000000000000
connection 73 72 -0.527876316003570878 0 0.000000000000000000 0.000000000000000000
connection 73 51 3.459802751139153365 0 0.000000000000000000 0.000000000000000000
connection 73 61 3.515315652566876725 0 0.000000000000000000 0.000000000000000000
connection 73 47 1.770024244446064321 0 0.000000000000000000 0.000000000000000000
connection 59 26 -6.366129855733468901 0 0.000000000000000000 0.000000000000000000
connection 64 98 -2.979961367851255982 0 0.000000000000000000 0.000000000000000000
connection 64 90 0.497077187716049917 0 0.000000000000000000 0.000000000000000000
connection 64 65 5.380556046563533812 0 0.000000000000000000 0.000000000000000000
connection 64 25 -0.815349104246641088 0 0.000000000000000000 0.000000000000000000
connection 64 78 2.313540898189919925 0 0.000000000000000000 0.000000000000000000
connection 65 52 -1.811161661295721981 0 0.000000000000000000 0.000000000000000000
connection 65 34 -2.895400715508464451 0 0.000000000000000000 0.000000000000000000
connection 66 42 2.358312269589150745 0 0.000000000000000000 0.000000000000000000
connection 66 43 2.491934090946391400 0 0.000000000000000000 0.000000000000000000
connection 66 66 -1.582714979280959833 0 0.000000000000000000 0.000000000000000000
connection 66 56 0.587630354711611291 0 0.000000000000000000 0.000000000000000000
connection 66 45 0.965418079933597961 0 0.000000000000000000 0.000000000000000000
connection 67 54 -7.843233050012569763 0 0.000000000000000000 0.000000000000000000
connection 67 72 -4.907474917567722805 0 0.000000000000000000 0.000000000000000000
connection 67 73 0.220576227504637984 0 0.000000000000000000 0.000000000000000000
connection 67 51 -4.040371838632947465 0 0.000000000000000000 0.000000000000000000
connection 67 61 -5.004065031397772145 0 0.000000000000000000 0.000000000000000000
connection 67 67 2.748256452727611432 0 0.000000000000000000 0.000000000000000000
connection 67 62 4.862710665715291647 0 0.000000000000000000 0.000000000000000000
connection 67 47 -3.575031495224039180 0 0.000000000000000000 0.000000000000000000
connection 67 48 5.493734469256866149 0 0.000000000000000000 0.000000000000000000
connection 67 49 4.784047124236615822 0 0.000000000000000000 0.000000000000000000
connection 67 35 2.537875501874796047 0 0.000000000000000000 0.000000000000000000
connection 68 98 -0.622366725765564621 0 0.000000000000000000 0.000000000000000000
connection 68 90 4.909686449745668924 0 0.000000000000000000 0.000000000000000000
connection 68 59 -4.314689564178785020 0 0.000000000000000000 0.000000000000000000
connection 68 24 2.448882584587689593 0 0.000000000000000000 0.000000000000000000
connection 68 25 4.455396569764572767 0 0.000000000000000000 0.000000000000000000
connection 68 79 4.251881371699023582 0 0.000000000000000000 0.000000000000000000
connection 68 80 -0.561814181700150184 0 0.000000000000000000 0.000000000000000000
connection 68 28 -5.476491358911466989 0 0.000000000000000000 0.000000000000000000
connection 69 93 -3.217845477075822025 0 0.000000000000000000 0.000000000000000000
connection 69 23 -1.807180146626216732 0 0.000000000000000000 0.000000000000000000
connection 69 78 0.543461473686791430 0 0.000000000000000000 0.000000000000000000
connection 69 79 -0.480232266593955959 0 0.000000000000000000 0.000000000000000000
connection 70 54 -7.043266169774737406 0 0.000000000000000000 0.000000000000000000
connection 70 70 0.504568524189921486 0 0.000000000000000000 0.000000000000000000
connection 70 72 -1.180903775540043332 0 0.000000000000000000 0.000000000000000000
connection 70 51 4.215905587218211181 0 0.000000000000000000 0.000000000000000000
connection 70 61 2.981078504684010699 0 0.000000000000000000 0.000000000000000000
connection 70 33 1.863498958578401421 0 0.000000000000000000 0.000000000000000000
connection 70 47 3.832843471465237073 0 0.000000000000000000 0.000000000000000000
connection 71 42 -2.589714739766796558 0 0.000000000000000000 0.000000000000000000
connection 71 43 -1.166887189903515143 0 0.000000000000000000 0.000000000000000000
connection 71 66 -3.710863592931468169 0 0.000000000000000000 0.000000000000000000
connection 71 56 -3.901556471617460886 0 0.000000000000000000 0.000000000000000000
connection 71 76 -3.238920837710504763 0 0.000000000000000000 0.000000000000000000
connection 71 45 -0.950485827112432236 0 0.000000000000000000 0.000000000000000000
connection 71 52 1.180691641014810944 0 0.000000000000000000 0.000000000000000000
connection 74 67 -1.766225216516716046 0 0.000000000000000000 0.000000000000000000
connection 74 48 2.300549453569234348 0 0.000000000000000000 0.000000000000000000
connection 74 49 3.009146739901464862 0 0.000000000000000000 0.000000000000000000
connection 74 34 -5.221590682813128659 0 0.000000000000000000 0.000000000000000000
connection 74 35 1.994872993732162758 0 0.000000000000000000 0.000000000000000000
connection 74 36 -0.318907271595997688 0 0.000000000000000000 0.000000000000000000
connection 75 42 0.408732153264706355 0 0.000000000000000000 0.000000000000000000
connection 75 66 0.322192105279615393 0 0.000000000000000000 0.000000000000000000
connection 75 56 1.208156930300474441 0 0.000000000000000000 0.000000000000000000
connection 77 35 -2.181665723997501694 0 0.000000000000000000 0.000000000000000000
connection 77 36 -0.592240807765054056 0 0.000000000000000000 0.000000000000000000
connection 79 64 -7.149301089380958985 0 0.000000000000000000 0.000000000000000000
connection 79 29 -5.480566564881365288 0 0.000000000000000000 0.000000000000000000
connection 79 43 -0.451245432129368462 0 0.000000000000000000 0.000000000000000000
connection 79 74 2.809382595036032271 0 0.000000000000000000 0.000000000000000000
connection 79 30 -3.897604769888323606 0 0.000000000000000000 0.000000000000000000
connection 79 76 5.191773979970494501 0 0.000000000000000000 0.000000000000000000
connection 79 31 5.256316365383618461 0 0.000000000000000000 0.000000000000000000
connection 79 69 -4.729360096713655537 0 0.000000000000000000 0.000000000000000000
connection 79 45 1.036184591441098757 0 0.000000000000000000 0.000000000000000000
connection 79 46 3.679514985238615310 0 0.000000000000000000 0.000000000000000000
connection 84 99 -2.238558726028899493 0 0.000000000000000000 0.000000000000000000
connection 84 100 -1.042749118163562194 0 0.000000000000000000 0.000000000000000000
connection 84 92 1.215590752271573871 0 0.000000000000000000 0.000000000000000000
connection 84 93 2.506700032375158926 0 0.000000000000000000 0.000000000000000000
connection 84 23 2.068046261306217826 0 0.000000000000000000 0.000000000000000000
connection 84 26 -3.771155275970772269 0 0.000000000000000000 0.000000000000000000
connection 85 52 -4.989084572818177854 0 0.000000000000000000 0.000000000000000000
connection 85 34 -4.900683393999703874 0 0.000000000000000000 0.000000000000000000
connection 85 36 1.410778182380310053 0 0.000000000000000000 0.000000000000000000
connection 86 68 -4.321365671537720665 0 0.000000000000000000 0.000000000000000000
connection 86 76 4.911545020873042233 0 0.000000000000000000 0.000000000000000000
connection 86 31 3.785845641561300212 0 0.000000000000000000 0.000000000000000000
connection 86 69 -4.575501423715895299 0 0.000000000000000000 0.000000000000000000
connection 86 44 -5.387410548664584908 0 0.000000000000000000 0.000000000000000000
connection 86 45 2.649646911662572268 0 0.000000000000000000 0.000000000000000000
connection 86 46 4.548896839374636514 0 0.000000000000000000 0.000000000000000000
connection 87 83 -7.455425344243656660 0 0.000000000000000000 0.000000000000000000
connection 87 33 -3.010228538912229190 0 0.000000000000000000 0.000000000000000000
connection 87 47 -4.066546984317369606 0 0.000000000000000000 0.000000000000000000
connection 87 48 1.356870276699847278 0 0.000000000000000000 0.000000000000000000
connection 87 49 4.012739630402824886 0 0.000000000000000000 0.000000000000000000
connection 87 52 -0.930775657810766321 0 0.000000000000000000 0.000000000000000000
connection 87 34 -1.480380348526736611 0 0.000000000000000000 0.000000000000000000
connection 58 14 -3.596376559000901807 0 0.000000000000000000 0.000000000000000000
connection 60 14 -3.024274155263289021 0 0.000000000000000000 0.000000000000000000
connection 37 14 0.498862189884646867 0 0.000000000000000000 0.000000000000000000
connection 44 14 -1.996778277188634210 0 0.000000000000000000 0.000000000000000000
connection 45 14 -1.442547800339283537 0 0.000000000000000000 0.000000000000000000
connection 46 14 5.118629229131975045 0 0.000000000000000000 0.000000000000000000
connection 47 14 -1.661878612203599781 0 0.000000000000000000 0.000000000000000000
connection 99 15 3.433939769302966294 0 0.000000000000000000 0.000000000000000000
connection 100 15 3.769860562724238751 0 0.000000000000000000 0.000000000000000000
connection 98 15 -0.287169006537074056 0 0.000000000000000000 0.000000000000000000
connection 92 15 4.035826845148527298 0 0.000000000000000000 0.000000000000000000
connection 93 15 4.061114008590442026 0 0.000000000000000000 0.000000000000000000
connection 90 15 -0.464331218762203624 0 0.000000000000000000 0.000000000000000000
connection 23 15 3.332069885810732490 0 0.000000000000000000 0.000000000000000000
connection 65 15 0.506882968513742482 0 0.000000000000000000 0.000000000000000000
connection 83 15 -1.553796637592031349 0 0.000000000000000000 0.000000000000000000
connection 33 15 -4.152683308110982630 0 0.000000000000000000 0.000000000000000000
connection 49 15 -3.960845026572517025 0 0.000000000000000000 0.000000000000000000
connection 34 15 1.190891020263922462 0 0.000000000000000000 0.000000000000000000
connection 35 15 3.242343690629189812 0 0.000000000000000000 0.000000000000000000
connection 22 16 5.319104667386207019 0 0.000000000000000000 0.000000000000000000
connection 59 16 4.690731024891602985 0 0.000000000000000000 0.000000000000000000
connection 60 16 -1.270436316623212436 0 0.000000000000000000 0.000000000000000000
connection 37 16 1.009297719184805819 0 0.000000000000000000 0.000000000000000000
connection 78 16 6.148613096774329101 0 0.000000000000000000 0.000000000000000000
connection 79 16 -0.316579393469032355 0 0.000000000000000000 0.000000000000000000
connection 80 16 -2.029251556808838952 0 0.000000000000000000 0.000000000000000000
connection 77 16 2.069387398689860103 0 0.000000000000000000 0.000000000000000000
connection 96 16 -4.318254408758800622 0 0.000000000000000000 0.000000000000000000
connection 27 17 0.740387238751148313 0 0.000000000000000000 0.000000000000000000
connection 87 17 -0.762939394541608529 0 0.000000000000000000 0.000000000000000000
connection 82 17 5.646710313823851912 0 0.000000000000000000 0.000000000000000000
connection 68 17 6.276417097824404934 0 0.000000000000000000 0.000000000000000000
connection 30 17 6.265689602604633812 0 0.000000000000000000 0.000000000000000000
connection 76 17 2.574934633064449141 0 0.000000000000000000 0.000000000000000000
connection 31 17 3.137506267572268470 0 0.000000000000000000 0.000000000000000000
connection 69 17 5.763121547133072120 0 0.000000000000000000 0.000000000000000000
connection 44 17 3.515229049406117579 0 0.000000000000000000 0.000000000000000000
connection 46 17 0.204267280959627651 0 0.000000000000000000 0.000000000000000000
connection 43 18 0.467473495360634428 0 0.000000000000000000 0.000000000000000000
connection 33 18 4.726261860371875123 0 0.000000000000000000 0.000000000000000000
connection 47 18 -1.483862714770007418 0 0.000000000000000000 0.000000000000000000
connection 52 18 6.915619073455241406 0 0.000000000000000000 0.000000000000000000
connection 34 18 6.535349756988017234 0 0.000000000000000000 0.000000000000000000
connection 35 18 1.775594533517530937 0 0.000000000000000000 0.000000000000000000
connection 36 18 4.048835390826437397 0 0.000000000000000000 0.000000000000000000
connection 55 19 -0.433058049240630627 0 0.000000000000000000 0.000000000000000000
connection 66 19 -0.955364676840807281 0 0.000000000000000000 0.000000000000000000
connection 75 19 1.280182993463894192 0 0.000000000000000000 0.000000000000000000
connection 71 20 2.173430010294877146 0 0.000000000000000000 0.000000000000000000
connection 70 20 0.356913195588822840 0 0.000000000000000000 0.000000000000000000
connection 72 20 4.580509410580130059 0 0.000000000000000000 0.000000000000000000
connection 73 20 0.496841474555420215 0 0.000000000000000000 0.000000000000000000
connection 71 21 3.344929724472712973 0 0.000000000000000000 0.000000000000000000
connection 73 21 3.385154840955687305 0 0.000000000000000000 0.000000000000000000
NNend

