NNstart
14 8
neuron 1 1.000000000000000000 0.000000000000000000 0.000000000000000000 -54399138228006.000000000000000000 11 0.000000000000000000
neuron 1 1.000000000000000000 0.000000000000000000 0.000000000000000000 -54399138228006.000000000000000000 11 0.000000000000000000
neuron 1 1.000000000000000000 0.000000000000000000 0.000000000000000000 -54399138228006.000000000000000000 11 0.000000000000000000
neuron 1 1.000000000000000000 0.000000000000000000 0.000000000000000000 -54399138228006.000000000000000000 11 0.000000000000000000
neuron 1 1.000000000000000000 0.000000000000000000 0.000000000000000000 -54399138228006.000000000000000000 11 0.000000000000000000
neuron 1 1.000000000000000000 0.000000000000000000 0.000000000000000000 -54399138228006.000000000000000000 11 0.000000000000000000
neuron 1 1.000000000000000000 0.000000000000000000 0.000000000000000000 -54399138228006.000000000000000000 11 0.000000000000000000
neuron 1 1.000000000000000000 0.000000000000000000 0.000000000000000000 -54399138228006.000000000000000000 11 0.000000000000000000
neuron 1 1.000000000000000000 0.000000000000000000 0.000000000000000000 -54399138228006.000000000000000000 11 0.000000000000000000
neuron 1 1.000000000000000000 0.000000000000000000 0.000000000000000000 -54399138228006.000000000000000000 11 0.000000000000000000
neuron 1 1.000000000000000000 0.000000000000000000 0.000000000000000000 -54399138228006.000000000000000000 11 0.000000000000000000
neuron 1 1.000000000000000000 0.000000000000000000 0.000000000000000000 -54399138228006.000000000000000000 11 0.000000000000000000
neuron 1 1.000000000000000000 0.000000000000000000 0.000000000000000000 -54399138228006.000000000000000000 11 0.000000000000000000
neuron 2 1.000000000000000000 0.000000000000000000 0.000000000000000000 0.000000000000000000 11 0.000000000000000000
neuron 4 1.000000000000000000 0.000000000000000000 0.000000000000000000 -54399138228006.000000000000000000 1 0.000000000000000000
neuron 4 1.000000000000000000 0.000000000000000000 0.000000000000000000 -54399138228006.000000000000000000 1 0.000000000000000000
neuron 4 1.000000000000000000 0.000000000000000000 0.000000000000000000 -54399138228006.000000000000000000 1 0.000000000000000000
neuron 4 1.000000000000000000 0.000000000000000000 0.000000000000000000 -54399138228006.000000000000000000 1 0.000000000000000000
neuron 4 1.000000000000000000 0.000000000000000000 0.000000000000000000 -54399138228006.000000000000000000 1 0.000000000000000000
neuron 4 1.000000000000000000 0.000000000000000000 0.000000000000000000 -54399138228006.000000000000000000 1 0.000000000000000000
neuron 4 1.000000000000000000 0.000000000000000000 0.000000000000000000 -54399138228006.000000000000000000 1 0.000000000000000000
neuron 4 1.000000000000000000 0.000000000000000000 0.000000000000000000 -54399138228006.000000000000000000 1 0.000000000000000000
neuron 3 1.000000000000000000 0.000000000000000000 0.000000000000000000 -54399138228006.000000000000000000 0 0.000000000000000000
neuron 3 1.000000000000000000 0.000000000000000000 0.000000000000000000 -54399138228006.000000000000000000 0 0.000000000000000000
neuron 3 1.000000000000000000 0.000000000000000000 0.000000000000000000 -54399138228006.000000000000000000 0 0.000000000000000000
connection 5 23 -3.892675930000195184 0 0.000000000000000000 -54399138228006.000000000000000000
connection 6 23 -3.116995928186789833 0 0.000000000000000000 -54399138228006.000000000000000000
connection 7 23 -2.205336747215048909 0 0.000000000000000000 -54399138228006.000000000000000000
connection 8 23 -1.173995034042787156 0 0.000000000000000000 -54399138228006.000000000000000000
connection 8 24 -3.545579183087995467 0 0.000000000000000000 -54399138228006.000000000000000000
connection 9 24 -2.648455392133136854 0 0.000000000000000000 -54399138228006.000000000000000000
connection 10 24 -1.623811679857131374 0 0.000000000000000000 -54399138228006.000000000000000000
connection 23 15 -4.875219651376493601 0 0.000000000000000000 -54399138228006.000000000000000000
connection 24 15 5.027201065611270892 0 0.000000000000000000 -54399138228006.000000000000000000
NNend

