NNstart
14 8
neuron 1 1.000000000000000000 0.000000000000000000 0.000000000000000000 -0.000000000000000000 11 0.000000000000000000
neuron 1 1.000000000000000000 0.000000000000000000 0.000000000000000000 -0.000000000000000000 11 0.000000000000000000
neuron 1 1.000000000000000000 0.000000000000000000 0.000000000000000000 -0.000000000000000000 11 0.000000000000000000
neuron 1 1.000000000000000000 0.000000000000000000 0.000000000000000000 -0.000000000000000000 11 0.000000000000000000
neuron 1 1.000000000000000000 0.000000000000000000 0.000000000000000000 -0.000000000000000000 11 0.000000000000000000
neuron 1 1.000000000000000000 0.000000000000000000 0.000000000000000000 -0.000000000000000000 11 0.000000000000000000
neuron 1 1.000000000000000000 0.000000000000000000 0.000000000000000000 -0.000000000000000000 11 0.000000000000000000
neuron 1 1.000000000000000000 0.000000000000000000 0.000000000000000000 -0.000000000000000000 11 0.000000000000000000
neuron 1 1.000000000000000000 0.000000000000000000 0.000000000000000000 -0.000000000000000000 11 0.000000000000000000
neuron 1 1.000000000000000000 0.000000000000000000 0.000000000000000000 -0.000000000000000000 11 0.000000000000000000
neuron 1 1.000000000000000000 0.000000000000000000 0.000000000000000000 -0.000000000000000000 11 0.000000000000000000
neuron 1 1.000000000000000000 0.000000000000000000 0.000000000000000000 -0.000000000000000000 11 0.000000000000000000
neuron 1 1.000000000000000000 0.000000000000000000 0.000000000000000000 -0.000000000000000000 11 0.000000000000000000
neuron 2 1.000000000000000000 0.000000000000000000 0.000000000000000000 0.000000000000000000 11 0.000000000000000000
neuron 4 1.000000000000000000 0.000000000000000000 0.000000000000000000 -0.000000000000000000 1 0.000000000000000000
neuron 4 1.000000000000000000 0.000000000000000000 0.000000000000000000 -0.000000000000000000 1 0.000000000000000000
neuron 4 1.000000000000000000 0.000000000000000000 0.000000000000000000 -0.000000000000000000 1 0.000000000000000000
neuron 4 1.000000000000000000 0.000000000000000000 0.000000000000000000 -0.000000000000000000 1 0.000000000000000000
neuron 4 1.000000000000000000 0.000000000000000000 0.000000000000000000 -0.000000000000000000 1 0.000000000000000000
neuron 4 1.000000000000000000 0.000000000000000000 0.000000000000000000 -0.000000000000000000 1 0.000000000000000000
neuron 4 1.000000000000000000 0.000000000000000000 0.000000000000000000 -0.000000000000000000 1 0.000000000000000000
neuron 4 1.000000000000000000 0.000000000000000000 0.000000000000000000 -0.000000000000000000 1 0.000000000000000000
neuron 3 1.000000000000000000 0.000000000000000000 0.000000000000000000 -0.000000000000000000 0 0.000000000000000000
neuron 3 1.000000000000000000 0.000000000000000000 0.000000000000000000 -0.000000000000000000 0 0.000000000000000000
neuron 3 1.000000000000000000 0.000000000000000000 0.000000000000000000 -0.000000000000000000 0 0.000000000000000000
neuron 3 1.000000000000000000 0.000000000000000000 0.000000000000000000 -0.000000000000000000 0 0.000000000000000000
neuron 3 1.000000000000000000 0.000000000000000000 0.000000000000000000 -0.000000000000000000 0 0.000000000000000000
neuron 3 1.000000000000000000 0.000000000000000000 0.000000000000000000 -0.000000000000000000 0 0.000000000000000000
neuron 3 1.000000000000000000 0.000000000000000000 0.000000000000000000 -0.000000000000000000 0 0.000000000000000000
neuron 3 1.000000000000000000 0.000000000000000000 0.000000000000000000 -0.000000000000000000 0 0.000000000000000000
neuron 3 1.000000000000000000 0.000000000000000000 0.000000000000000000 -0.000000000000000000 0 0.000000000000000000
neuron 3 1.000000000000000000 0.000000000000000000 0.000000000000000000 -0.000000000000000000 0 0.000000000000000000
neuron 3 1.000000000000000000 0.000000000000000000 0.000000000000000000 -0.000000000000000000 0 0.000000000000000000
neuron 3 1.000000000000000000 0.000000000000000000 0.000000000000000000 -0.000000000000000000 0 0.000000000000000000
neuron 3 1.000000000000000000 0.000000000000000000 0.000000000000000000 -0.000000000000000000 0 0.000000000000000000
neuron 3 1.000000000000000000 0.000000000000000000 0.000000000000000000 -0.000000000000000000 0 0.000000000000000000
neuron 3 1.000000000000000000 0.000000000000000000 0.000000000000000000 -0.000000000000000000 0 0.000000000000000000
neuron 3 1.000000000000000000 0.000000000000000000 0.000000000000000000 -0.000000000000000000 0 0.000000000000000000
neuron 3 1.000000000000000000 0.000000000000000000 0.000000000000000000 -0.000000000000000000 0 0.000000000000000000
neuron 3 1.000000000000000000 0.000000000000000000 0.000000000000000000 -0.000000000000000000 0 0.000000000000000000
neuron 3 1.000000000000000000 0.000000000000000000 0.000000000000000000 -0.000000000000000000 0 0.000000000000000000
neuron 3 1.000000000000000000 0.000000000000000000 0.000000000000000000 -0.000000000000000000 0 0.000000000000000000
neuron 3 1.000000000000000000 0.000000000000000000 0.000000000000000000 -0.000000000000000000 0 0.000000000000000000
neuron 3 1.000000000000000000 0.000000000000000000 0.000000000000000000 -0.000000000000000000 0 0.000000000000000000
neuron 3 1.000000000000000000 0.000000000000000000 0.000000000000000000 -0.000000000000000000 0 0.000000000000000000
neuron 3 1.000000000000000000 0.000000000000000000 0.000000000000000000 -0.000000000000000000 0 0.000000000000000000
neuron 3 1.000000000000000000 0.000000000000000000 0.000000000000000000 -0.000000000000000000 0 0.000000000000000000
neuron 3 1.000000000000000000 0.000000000000000000 0.000000000000000000 -0.000000000000000000 0 0.000000000000000000
neuron 3 1.000000000000000000 0.000000000000000000 0.000000000000000000 -0.000000000000000000 0 0.000000000000000000
neuron 3 1.000000000000000000 0.000000000000000000 0.000000000000000000 -0.000000000000000000 0 0.000000000000000000
neuron 3 1.000000000000000000 0.000000000000000000 0.000000000000000000 -0.000000000000000000 0 0.000000000000000000
neuron 3 1.000000000000000000 0.000000000000000000 0.000000000000000000 -0.000000000000000000 0 0.000000000000000000
neuron 3 1.000000000000000000 0.000000000000000000 0.000000000000000000 -0.000000000000000000 0 0.000000000000000000
neuron 3 1.000000000000000000 0.000000000000000000 0.000000000000000000 -0.000000000000000000 0 0.000000000000000000
neuron 3 1.000000000000000000 0.000000000000000000 0.000000000000000000 -0.000000000000000000 0 0.000000000000000000
neuron 3 1.000000000000000000 0.000000000000000000 0.000000000000000000 -0.000000000000000000 0 0.000000000000000000
neuron 3 1.000000000000000000 0.000000000000000000 0.000000000000000000 -0.000000000000000000 0 0.000000000000000000
neuron 3 1.000000000000000000 0.000000000000000000 0.000000000000000000 -0.000000000000000000 0 0.000000000000000000
neuron 3 1.000000000000000000 0.000000000000000000 0.000000000000000000 -0.000000000000000000 0 0.000000000000000000
neuron 3 1.000000000000000000 0.000000000000000000 0.000000000000000000 -0.000000000000000000 0 0.000000000000000000
neuron 3 1.000000000000000000 0.000000000000000000 0.000000000000000000 -0.000000000000000000 0 0.000000000000000000
neuron 3 1.000000000000000000 0.000000000000000000 0.000000000000000000 -0.000000000000000000 0 0.000000000000000000
neuron 3 1.000000000000000000 0.000000000000000000 0.000000000000000000 -0.000000000000000000 0 0.000000000000000000
neuron 3 1.000000000000000000 0.000000000000000000 0.000000000000000000 -0.000000000000000000 0 0.000000000000000000
neuron 3 1.000000000000000000 0.000000000000000000 0.000000000000000000 -0.000000000000000000 0 0.000000000000000000
neuron 3 1.000000000000000000 0.000000000000000000 0.000000000000000000 -0.000000000000000000 0 0.000000000000000000
neuron 3 1.000000000000000000 0.000000000000000000 0.000000000000000000 -0.000000000000000000 0 0.000000000000000000
neuron 3 1.000000000000000000 0.000000000000000000 0.000000000000000000 -0.000000000000000000 0 0.000000000000000000
neuron 3 1.000000000000000000 0.000000000000000000 0.000000000000000000 -0.000000000000000000 0 0.000000000000000000
neuron 3 1.000000000000000000 0.000000000000000000 0.000000000000000000 -0.000000000000000000 0 0.000000000000000000
neuron 3 1.000000000000000000 0.000000000000000000 0.000000000000000000 -0.000000000000000000 0 0.000000000000000000
neuron 3 1.000000000000000000 0.000000000000000000 0.000000000000000000 -0.000000000000000000 0 0.000000000000000000
neuron 3 1.000000000000000000 0.000000000000000000 0.000000000000000000 -0.000000000000000000 0 0.000000000000000000
neuron 3 1.000000000000000000 0.000000000000000000 0.000000000000000000 -0.000000000000000000 0 0.000000000000000000
neuron 3 1.000000000000000000 0.000000000000000000 0.000000000000000000 -0.000000000000000000 0 0.000000000000000000
neuron 3 1.000000000000000000 0.000000000000000000 0.000000000000000000 -0.000000000000000000 0 0.000000000000000000
neuron 3 1.000000000000000000 0.000000000000000000 0.000000000000000000 -0.000000000000000000 0 0.000000000000000000
neuron 3 1.000000000000000000 0.000000000000000000 0.000000000000000000 -0.000000000000000000 0 0.000000000000000000
neuron 3 1.000000000000000000 0.000000000000000000 0.000000000000000000 -0.000000000000000000 0 0.000000000000000000
neuron 3 1.000000000000000000 0.000000000000000000 0.000000000000000000 -0.000000000000000000 0 0.000000000000000000
neuron 3 1.000000000000000000 0.000000000000000000 0.000000000000000000 -0.000000000000000000 0 0.000000000000000000
neuron 3 1.000000000000000000 0.000000000000000000 0.000000000000000000 -0.000000000000000000 0 0.000000000000000000
neuron 3 1.000000000000000000 0.000000000000000000 0.000000000000000000 -0.000000000000000000 0 0.000000000000000000
neuron 3 1.000000000000000000 0.000000000000000000 0.000000000000000000 -0.000000000000000000 0 0.000000000000000000
neuron 3 1.000000000000000000 0.000000000000000000 0.000000000000000000 -0.000000000000000000 0 0.000000000000000000
neuron 3 1.000000000000000000 0.000000000000000000 0.000000000000000000 -0.000000000000000000 0 0.000000000000000000
neuron 3 1.000000000000000000 0.000000000000000000 0.000000000000000000 -0.000000000000000000 0 0.000000000000000000
neuron 3 1.000000000000000000 0.000000000000000000 0.000000000000000000 -0.000000000000000000 0 0.000000000000000000
neuron 3 1.000000000000000000 0.000000000000000000 0.000000000000000000 -0.000000000000000000 0 0.000000000000000000
neuron 3 1.000000000000000000 0.000000000000000000 0.000000000000000000 -0.000000000000000000 0 0.000000000000000000
neuron 3 1.000000000000000000 0.000000000000000000 0.000000000000000000 -0.000000000000000000 0 0.000000000000000000
neuron 3 1.000000000000000000 0.000000000000000000 0.000000000000000000 -0.000000000000000000 0 0.000000000000000000
neuron 3 1.000000000000000000 0.000000000000000000 0.000000000000000000 -0.000000000000000000 0 0.000000000000000000
neuron 3 1.000000000000000000 0.000000000000000000 0.000000000000000000 -0.000000000000000000 0 0.000000000000000000
neuron 3 1.000000000000000000 0.000000000000000000 0.000000000000000000 -0.000000000000000000 0 0.000000000000000000
neuron 3 1.000000000000000000 0.000000000000000000 0.000000000000000000 -0.000000000000000000 0 0.000000000000000000
neuron 3 1.000000000000000000 0.000000000000000000 0.000000000000000000 -0.000000000000000000 0 0.000000000000000000
neuron 3 1.000000000000000000 0.000000000000000000 0.000000000000000000 -0.000000000000000000 0 0.000000000000000000
neuron 3 1.000000000000000000 0.000000000000000000 0.000000000000000000 -0.000000000000000000 0 0.000000000000000000
neuron 3 1.000000000000000000 0.000000000000000000 0.000000000000000000 -0.000000000000000000 0 0.000000000000000000
neuron 3 1.000000000000000000 0.000000000000000000 0.000000000000000000 -0.000000000000000000 0 0.000000000000000000
neuron 3 1.000000000000000000 0.000000000000000000 0.000000000000000000 -0.000000000000000000 0 0.000000000000000000
neuron 3 1.000000000000000000 0.000000000000000000 0.000000000000000000 -0.000000000000000000 0 0.000000000000000000
neuron 3 1.000000000000000000 0.000000000000000000 0.000000000000000000 -0.000000000000000000 0 0.000000000000000000
neuron 3 1.000000000000000000 0.000000000000000000 0.000000000000000000 -0.000000000000000000 0 0.000000000000000000
neuron 3 1.000000000000000000 0.000000000000000000 0.000000000000000000 -0.000000000000000000 0 0.000000000000000000
connection 0 22 0.484347406403585090 0 0.000000000000000000 -0.000000000000000000
connection 0 23 -0.709997800626785303 0 0.000000000000000000 -0.000000000000000000
connection 0 24 3.342097214085361756 0 0.000000000000000000 -0.000000000000000000
connection 0 25 1.157664384725002993 0 0.000000000000000000 -0.000000000000000000
connection 0 26 0.443696662100240946 0 0.000000000000000000 -0.000000000000000000
connection 0 27 -3.256592662785416259 0 0.000000000000000000 -0.000000000000000000
connection 0 28 -5.128095688257790385 0 0.000000000000000000 -0.000000000000000000
connection 0 29 -2.807946269298112529 0 0.000000000000000000 -0.000000000000000000
connection 0 30 1.215844857283430835 0 0.000000000000000000 -0.000000000000000000
connection 0 31 -0.684455123204651628 0 0.000000000000000000 -0.000000000000000000
connection 0 32 2.953725137842649673 0 0.000000000000000000 -0.000000000000000000
connection 0 33 4.335696906329220113 0 0.000000000000000000 -0.000000000000000000
connection 1 22 0.398485939187581462 0 0.000000000000000000 -0.000000000000000000
connection 1 23 -0.409622463512389512 0 0.000000000000000000 -0.000000000000000000
connection 1 24 3.453088604644756643 0 0.000000000000000000 -0.000000000000000000
connection 1 25 1.416187048490257006 0 0.000000000000000000 -0.000000000000000000
connection 1 26 -0.755968438739429649 0 0.000000000000000000 -0.000000000000000000
connection 1 27 -4.225873568208381670 0 0.000000000000000000 -0.000000000000000000
connection 1 28 -5.277468656872965624 0 0.000000000000000000 -0.000000000000000000
connection 1 34 2.781173498939230271 0 0.000000000000000000 -0.000000000000000000
connection 1 29 -3.832207753742757905 0 0.000000000000000000 -0.000000000000000000
connection 1 31 -0.732620060087346925 0 0.000000000000000000 -0.000000000000000000
connection 1 32 3.199650145327033623 0 0.000000000000000000 -0.000000000000000000
connection 2 22 0.296556742388625505 0 0.000000000000000000 -0.000000000000000000
connection 2 24 3.586652453869034307 0 0.000000000000000000 -0.000000000000000000
connection 2 25 1.666897357965463122 0 0.000000000000000000 -0.000000000000000000
connection 2 26 -2.000758206925075111 0 0.000000000000000000 -0.000000000000000000
connection 2 27 -4.904902712452104296 0 0.000000000000000000 -0.000000000000000000
connection 2 35 -1.382531673313515785 0 0.000000000000000000 -0.000000000000000000
connection 2 28 -5.091581335425492405 0 0.000000000000000000 -0.000000000000000000
connection 2 34 2.004831334885055494 0 0.000000000000000000 -0.000000000000000000
connection 2 29 -4.571023544201683109 0 0.000000000000000000 -0.000000000000000000
connection 2 30 -1.087002117053435413 0 0.000000000000000000 -0.000000000000000000
connection 2 31 -0.825481417333060019 0 0.000000000000000000 -0.000000000000000000
connection 2 32 3.449822085238088309 0 0.000000000000000000 -0.000000000000000000
connection 3 24 3.742922039038273585 0 0.000000000000000000 -0.000000000000000000
connection 3 36 -0.302849429644073798 0 0.000000000000000000 -0.000000000000000000
connection 3 37 1.436693068464512280 0 0.000000000000000000 -0.000000000000000000
connection 3 38 3.590963115135771488 0 0.000000000000000000 -0.000000000000000000
connection 3 39 2.388421845138827937 0 0.000000000000000000 -0.000000000000000000
connection 3 26 -3.134393297439553194 0 0.000000000000000000 -0.000000000000000000
connection 3 27 -5.252579593494650645 0 0.000000000000000000 -0.000000000000000000
connection 3 28 -4.570895853008130061 0 0.000000000000000000 -0.000000000000000000
connection 3 34 1.011561914407941076 0 0.000000000000000000 -0.000000000000000000
connection 3 29 -4.991041553997158431 0 0.000000000000000000 -0.000000000000000000
connection 3 30 -2.187917997938149561 0 0.000000000000000000 -0.000000000000000000
connection 3 40 -1.046070437740471926 0 0.000000000000000000 -0.000000000000000000
connection 3 41 2.099898719773588329 0 0.000000000000000000 -0.000000000000000000
connection 3 42 -0.849823554122310698 0 0.000000000000000000 -0.000000000000000000
connection 3 32 3.703250501275473727 0 0.000000000000000000 -0.000000000000000000
connection 4 23 0.321164757722108174 0 0.000000000000000000 -0.000000000000000000
connection 4 24 3.920885685319522196 0 0.000000000000000000 -0.000000000000000000
connection 4 36 -0.228745355108019854 0 0.000000000000000000 -0.000000000000000000
connection 4 37 1.675103730040807815 0 0.000000000000000000 -0.000000000000000000
connection 4 38 3.809132007545726228 0 0.000000000000000000 -0.000000000000000000
connection 4 39 2.637402457926228294 0 0.000000000000000000 -0.000000000000000000
connection 4 43 -1.127605512720619263 0 0.000000000000000000 -0.000000000000000000
connection 4 44 2.714867902705266012 0 0.000000000000000000 -0.000000000000000000
connection 4 26 -4.029903074417579667 0 0.000000000000000000 -0.000000000000000000
connection 4 27 -5.272766762205250757 0 0.000000000000000000 -0.000000000000000000
connection 4 28 -3.716267808252442961 0 0.000000000000000000 -0.000000000000000000
connection 4 29 -5.109131477973567925 0 0.000000000000000000 -0.000000000000000000
connection 4 30 -3.091279889651810997 0 0.000000000000000000 -0.000000000000000000
connection 4 40 -1.233393789822570863 0 0.000000000000000000 -0.000000000000000000
connection 4 41 2.240239713401773081 0 0.000000000000000000 -0.000000000000000000
connection 4 42 -1.076343733715965367 0 0.000000000000000000 -0.000000000000000000
connection 4 45 1.229932919698717875 0 0.000000000000000000 -0.000000000000000000
connection 4 46 3.543960372538881742 0 0.000000000000000000 -0.000000000000000000
connection 4 47 4.873964306637726729 0 0.000000000000000000 -0.000000000000000000
connection 4 48 4.343574243473534047 0 0.000000000000000000 -0.000000000000000000
connection 4 49 1.313684180116898581 0 0.000000000000000000 -0.000000000000000000
connection 5 23 0.529528958353466805 0 0.000000000000000000 -0.000000000000000000
connection 5 37 1.909649169835987426 0 0.000000000000000000 -0.000000000000000000
connection 5 38 4.039213202638508804 0 0.000000000000000000 -0.000000000000000000
connection 5 39 2.884860975243345393 0 0.000000000000000000 -0.000000000000000000
connection 5 43 -2.325020832760809952 0 0.000000000000000000 -0.000000000000000000
connection 5 44 1.881287324268848815 0 0.000000000000000000 -0.000000000000000000
connection 5 26 -4.622800052884953992 0 0.000000000000000000 -0.000000000000000000
connection 5 27 -4.979721312434976177 0 0.000000000000000000 -0.000000000000000000
connection 5 34 -1.228196729919956542 0 0.000000000000000000 -0.000000000000000000
connection 5 29 -4.958428406191826454 0 0.000000000000000000 -0.000000000000000000
connection 5 30 -3.733067919597791828 0 0.000000000000000000 -0.000000000000000000
connection 5 40 -1.486715447838540261 0 0.000000000000000000 -0.000000000000000000
connection 5 41 2.351510715416484931 0 0.000000000000000000 -0.000000000000000000
connection 5 42 -1.371114489747446985 0 0.000000000000000000 -0.000000000000000000
connection 5 45 1.314921744833087658 0 0.000000000000000000 -0.000000000000000000
connection 5 46 3.796895443508480295 0 0.000000000000000000 -0.000000000000000000
connection 5 47 5.121281604451304759 0 0.000000000000000000 -0.000000000000000000
connection 5 48 4.596883342362999336 0 0.000000000000000000 -0.000000000000000000
connection 5 49 0.362110338636866647 0 0.000000000000000000 -0.000000000000000000
connection 6 22 -0.363563561738116103 0 0.000000000000000000 -0.000000000000000000
connection 6 23 0.727099478416351808 0 0.000000000000000000 -0.000000000000000000
connection 6 37 2.139656537252705437 0 0.000000000000000000 -0.000000000000000000
connection 6 38 4.279588734154128993 0 0.000000000000000000 -0.000000000000000000
connection 6 39 3.128746075588275666 0 0.000000000000000000 -0.000000000000000000
connection 6 43 -3.348848311747130158 0 0.000000000000000000 -0.000000000000000000
connection 6 44 0.873359613217105091 0 0.000000000000000000 -0.000000000000000000
connection 6 26 -4.909845854458659176 0 0.000000000000000000 -0.000000000000000000
connection 6 27 -4.375895756442095497 0 0.000000000000000000 -0.000000000000000000
connection 6 35 -0.205974530390790722 0 0.000000000000000000 -0.000000000000000000
connection 6 34 -2.221196287049150619 0 0.000000000000000000 -0.000000000000000000
connection 6 29 -4.560905107431665328 0 0.000000000000000000 -0.000000000000000000
connection 6 30 -4.102934383774971216 0 0.000000000000000000 -0.000000000000000000
connection 6 40 -1.810967392867737225 0 0.000000000000000000 -0.000000000000000000
connection 6 41 2.429322612001826087 0 0.000000000000000000 -0.000000000000000000
connection 6 42 -1.731636737708889484 0 0.000000000000000000 -0.000000000000000000
connection 6 45 1.363513146749029126 0 0.000000000000000000 -0.000000000000000000
connection 6 46 4.046207473665535126 0 0.000000000000000000 -0.000000000000000000
connection 6 48 4.844737873863962818 0 0.000000000000000000 -0.000000000000000000
connection 6 49 -0.533605272822485377 0 0.000000000000000000 -0.000000000000000000
connection 7 50 1.605870967538094440 0 0.000000000000000000 -0.000000000000000000
connection 7 51 -0.831230377379526875 0 0.000000000000000000 -0.000000000000000000
connection 7 52 0.495703744290771020 0 0.000000000000000000 -0.000000000000000000
connection 7 53 3.198785011217915475 0 0.000000000000000000 -0.000000000000000000
connection 7 54 1.372577389470335252 0 0.000000000000000000 -0.000000000000000000
connection 7 37 2.362987504651619552 0 0.000000000000000000 -0.000000000000000000
connection 7 38 4.527829482756790647 0 0.000000000000000000 -0.000000000000000000
connection 7 39 3.366192558998363893 0 0.000000000000000000 -0.000000000000000000
connection 7 55 2.673891669960218653 0 0.000000000000000000 -0.000000000000000000
connection 7 43 -4.104111954958574948 0 0.000000000000000000 -0.000000000000000000
connection 7 44 -0.206162703095380928 0 0.000000000000000000 -0.000000000000000000
connection 7 26 -4.922102524381180011 0 0.000000000000000000 -0.000000000000000000
connection 7 27 -3.469797565704346276 0 0.000000000000000000 -0.000000000000000000
connection 7 56 1.462993341715584261 0 0.000000000000000000 -0.000000000000000000
connection 7 34 -2.998984974926324210 0 0.000000000000000000 -0.000000000000000000
connection 7 29 -3.924735855294010811 0 0.000000000000000000 -0.000000000000000000
connection 7 30 -4.225103687745026093 0 0.000000000000000000 -0.000000000000000000
connection 7 40 -2.205443689337953650 0 0.000000000000000000 -0.000000000000000000
connection 7 41 2.471066707364500736 0 0.000000000000000000 -0.000000000000000000
connection 7 42 -2.147710010210543530 0 0.000000000000000000 -0.000000000000000000
connection 7 45 1.369843596864516178 0 0.000000000000000000 -0.000000000000000000
connection 7 46 4.288697913106283899 0 0.000000000000000000 -0.000000000000000000
connection 7 48 5.083401987078188355 0 0.000000000000000000 -0.000000000000000000
connection 7 49 -1.296699905758361915 0 0.000000000000000000 -0.000000000000000000
connection 8 50 1.500260057450331530 0 0.000000000000000000 -0.000000000000000000
connection 8 51 -0.870265105124416127 0 0.000000000000000000 -0.000000000000000000
connection 8 52 0.659210139247630611 0 0.000000000000000000 -0.000000000000000000
connection 8 53 3.444632067891947536 0 0.000000000000000000 -0.000000000000000000
connection 8 54 1.562947010129751568 0 0.000000000000000000 -0.000000000000000000
connection 8 36 -0.244445590432775361 0 0.000000000000000000 -0.000000000000000000
connection 8 37 2.576370671717496119 0 0.000000000000000000 -0.000000000000000000
connection 8 38 4.780795033544046113 0 0.000000000000000000 -0.000000000000000000
connection 8 39 3.593787175666274258 0 0.000000000000000000 -0.000000000000000000
connection 8 55 1.817592893680779698 0 0.000000000000000000 -0.000000000000000000
connection 8 43 -4.559613999554162689 0 0.000000000000000000 -0.000000000000000000
connection 8 44 -1.236429624856739462 0 0.000000000000000000 -0.000000000000000000
connection 8 26 -4.693290526272092755 0 0.000000000000000000 -0.000000000000000000
connection 8 56 0.599690755741310921 0 0.000000000000000000 -0.000000000000000000
connection 8 34 -3.523919435340499007 0 0.000000000000000000 -0.000000000000000000
connection 8 29 -3.072220506122073758 0 0.000000000000000000 -0.000000000000000000
connection 8 30 -4.134563251992783961 0 0.000000000000000000 -0.000000000000000000
connection 8 41 2.476872217304225021 0 0.000000000000000000 -0.000000000000000000
connection 8 45 1.330003336258243518 0 0.000000000000000000 -0.000000000000000000
connection 8 46 4.520918424726714235 0 0.000000000000000000 -0.000000000000000000
connection 8 48 5.309094899043512505 0 0.000000000000000000 -0.000000000000000000
connection 8 49 -1.882543369953138868 0 0.000000000000000000 -0.000000000000000000
connection 8 33 6.187350340204861077 0 0.000000000000000000 -0.000000000000000000
connection 9 50 1.375870848013609038 0 0.000000000000000000 -0.000000000000000000
connection 9 57 -2.611179723479276404 0 0.000000000000000000 -0.000000000000000000
connection 9 51 -0.948234314508050957 0 0.000000000000000000 -0.000000000000000000
connection 9 52 0.808621628355174149 0 0.000000000000000000 -0.000000000000000000
connection 9 53 3.695317167695280069 0 0.000000000000000000 -0.000000000000000000
connection 9 54 1.739427792095953773 0 0.000000000000000000 -0.000000000000000000
connection 9 36 -0.364297888002586001 0 0.000000000000000000 -0.000000000000000000
connection 9 37 2.775752300745804035 0 0.000000000000000000 -0.000000000000000000
connection 9 38 5.034718303969738962 0 0.000000000000000000 -0.000000000000000000
connection 9 39 3.807861141840459318 0 0.000000000000000000 -0.000000000000000000
connection 9 55 0.833684042548555326 0 0.000000000000000000 -0.000000000000000000
connection 9 43 -4.732682556349582903 0 0.000000000000000000 -0.000000000000000000
connection 9 44 -2.114053933530668949 0 0.000000000000000000 -0.000000000000000000
connection 9 26 -4.242428524429497472 0 0.000000000000000000 -0.000000000000000000
connection 9 35 -4.745330232694386474 0 0.000000000000000000 -0.000000000000000000
connection 9 34 -3.801007123612038185 0 0.000000000000000000 -0.000000000000000000
connection 9 29 -2.081466794750855165 0 0.000000000000000000 -0.000000000000000000
connection 9 30 -3.860983812183644837 0 0.000000000000000000 -0.000000000000000000
connection 9 41 2.450404844586165254 0 0.000000000000000000 -0.000000000000000000
connection 9 45 1.243333421494941193 0 0.000000000000000000 -0.000000000000000000
connection 9 46 4.739438885777605748 0 0.000000000000000000 -0.000000000000000000
connection 9 49 -2.278111051647370822 0 0.000000000000000000 -0.000000000000000000
connection 9 33 6.338189869412661714 0 0.000000000000000000 -0.000000000000000000
connection 10 50 1.220640097958110015 0 0.000000000000000000 -0.000000000000000000
connection 10 51 -1.073447400867412860 0 0.000000000000000000 -0.000000000000000000
connection 10 52 0.940096459933665418 0 0.000000000000000000 -0.000000000000000000
connection 10 53 3.949363196274227050 0 0.000000000000000000 -0.000000000000000000
connection 10 54 1.897183118333648277 0 0.000000000000000000 -0.000000000000000000
connection 10 36 -0.545396457694411252 0 0.000000000000000000 -0.000000000000000000
connection 10 37 2.956695037730228570 0 0.000000000000000000 -0.000000000000000000
connection 10 38 5.285294373498725662 0 0.000000000000000000 -0.000000000000000000
connection 10 39 4.004845930703667456 0 0.000000000000000000 -0.000000000000000000
connection 10 58 1.737316489678168319 0 0.000000000000000000 -0.000000000000000000
connection 10 43 -4.659724953480009368 0 0.000000000000000000 -0.000000000000000000
connection 10 44 -2.776441216500015408 0 0.000000000000000000 -0.000000000000000000
connection 10 26 -3.581117268259698339 0 0.000000000000000000 -0.000000000000000000
connection 10 35 -5.126538144997879520 0 0.000000000000000000 -0.000000000000000000
connection 10 59 -3.815281266912852409 0 0.000000000000000000 -0.000000000000000000
connection 10 45 1.113588362998429115 0 0.000000000000000000 -0.000000000000000000
connection 10 46 4.941169596838774325 0 0.000000000000000000 -0.000000000000000000
connection 10 49 -2.492936465115128009 0 0.000000000000000000 -0.000000000000000000
connection 10 33 6.456969307666238223 0 0.000000000000000000 -0.000000000000000000
connection 11 50 1.020187047018248361 0 0.000000000000000000 -0.000000000000000000
connection 11 51 -1.255027298832509963 0 0.000000000000000000 -0.000000000000000000
connection 11 52 1.048204747130307979 0 0.000000000000000000 -0.000000000000000000
connection 11 53 4.204531199890363169 0 0.000000000000000000 -0.000000000000000000
connection 11 54 2.030692611437897366 0 0.000000000000000000 -0.000000000000000000
connection 11 36 -0.790783352107831905 0 0.000000000000000000 -0.000000000000000000
connection 11 37 3.114864460857797113 0 0.000000000000000000 -0.000000000000000000
connection 11 39 4.181707828123204074 0 0.000000000000000000 -0.000000000000000000
connection 11 58 0.966951815866418984 0 0.000000000000000000 -0.000000000000000000
connection 11 55 -1.102069814347869547 0 0.000000000000000000 -0.000000000000000000
connection 11 43 -4.371512576752456525 0 0.000000000000000000 -0.000000000000000000
connection 11 44 -3.204890060209708569 0 0.000000000000000000 -0.000000000000000000
connection 11 26 -2.742850457595473301 0 0.000000000000000000 -0.000000000000000000
connection 11 35 -5.055342999431375439 0 0.000000000000000000 -0.000000000000000000
connection 11 59 -3.453529772692399469 0 0.000000000000000000 -0.000000000000000000
connection 11 45 0.949618287626484703 0 0.000000000000000000 -0.000000000000000000
connection 11 46 5.123709284437488520 0 0.000000000000000000 -0.000000000000000000
connection 11 60 6.120210486530298866 0 0.000000000000000000 -0.000000000000000000
connection 11 49 -2.548145495212864819 0 0.000000000000000000 -0.000000000000000000
connection 11 61 1.012905460917956857 0 0.000000000000000000 -0.000000000000000000
connection 11 33 6.540695464346574894 0 0.000000000000000000 -0.000000000000000000
connection 12 50 0.758788714374016848 0 0.000000000000000000 -0.000000000000000000
connection 12 62 -1.655258127907023979 0 0.000000000000000000 -0.000000000000000000
connection 12 63 -0.384214487297783958 0 0.000000000000000000 -0.000000000000000000
connection 12 51 -1.501477519714661923 0 0.000000000000000000 -0.000000000000000000
connection 12 52 1.126423311058615706 0 0.000000000000000000 -0.000000000000000000
connection 12 53 4.457964760073535260 0 0.000000000000000000 -0.000000000000000000
connection 12 54 2.134372029188141617 0 0.000000000000000000 -0.000000000000000000
connection 12 36 -1.097973227202390101 0 0.000000000000000000 -0.000000000000000000
connection 12 37 3.246630279606152136 0 0.000000000000000000 -0.000000000000000000
connection 12 39 4.336437900148204072 0 0.000000000000000000 -0.000000000000000000
connection 12 58 0.262088196559062903 0 0.000000000000000000 -0.000000000000000000
connection 12 55 -1.868843079705619692 0 0.000000000000000000 -0.000000000000000000
connection 12 43 -3.885653371263415146 0 0.000000000000000000 -0.000000000000000000
connection 12 44 -3.412403454361543353 0 0.000000000000000000 -0.000000000000000000
connection 12 26 -1.813650586996104153 0 0.000000000000000000 -0.000000000000000000
connection 12 35 -4.875261223286315726 0 0.000000000000000000 -0.000000000000000000
connection 12 59 -2.953820310160701013 0 0.000000000000000000 -0.000000000000000000
connection 12 64 -6.327987918854462990 0 0.000000000000000000 -0.000000000000000000
connection 12 47 6.363319220114943775 0 0.000000000000000000 -0.000000000000000000
connection 12 60 6.003632494497390226 0 0.000000000000000000 -0.000000000000000000
connection 12 49 -2.468151791668502959 0 0.000000000000000000 -0.000000000000000000
connection 12 61 0.549466336801947453 0 0.000000000000000000 -0.000000000000000000
connection 12 33 6.586974265836914810 0 0.000000000000000000 -0.000000000000000000
connection 13 50 0.421370744311119427 0 0.000000000000000000 -0.000000000000000000
connection 13 62 -2.220396910820227276 0 0.000000000000000000 -0.000000000000000000
connection 13 51 -1.818646156121886959 0 0.000000000000000000 -0.000000000000000000
connection 13 52 1.167839698538929660 0 0.000000000000000000 -0.000000000000000000
connection 13 53 4.706337359308590429 0 0.000000000000000000 -0.000000000000000000
connection 13 54 2.203365582617441198 0 0.000000000000000000 -0.000000000000000000
connection 13 36 -1.457466243582215881 0 0.000000000000000000 -0.000000000000000000
connection 13 37 3.349766870858381651 0 0.000000000000000000 -0.000000000000000000
connection 13 39 4.468525061341027005 0 0.000000000000000000 -0.000000000000000000
connection 13 65 6.345069952434439386 0 0.000000000000000000 -0.000000000000000000
connection 13 58 -0.333966216123180448 0 0.000000000000000000 -0.000000000000000000
connection 13 55 -2.433048420987711236 0 0.000000000000000000 -0.000000000000000000
connection 13 43 -3.219637632326769250 0 0.000000000000000000 -0.000000000000000000
connection 13 44 -3.426757615038100724 0 0.000000000000000000 -0.000000000000000000
connection 13 26 -0.933893005705310086 0 0.000000000000000000 -0.000000000000000000
connection 13 35 -4.636851854095791481 0 0.000000000000000000 -0.000000000000000000
connection 13 59 -2.347619061272387064 0 0.000000000000000000 -0.000000000000000000
connection 13 64 -6.558243788460546675 0 0.000000000000000000 -0.000000000000000000
connection 13 47 6.382874109932497042 0 0.000000000000000000 -0.000000000000000000
connection 13 48 6.138475789750917677 0 0.000000000000000000 -0.000000000000000000
connection 13 49 -2.276669701429196557 0 0.000000000000000000 -0.000000000000000000
connection 13 33 6.593907459697966544 0 0.000000000000000000 -0.000000000000000000
connection 22 66 -0.900923394862466198 0 0.000000000000000000 -0.000000000000000000
connection 22 67 -5.233193402483580670 0 0.000000000000000000 -0.000000000000000000
connection 22 68 -6.744423882663047820 0 0.000000000000000000 -0.000000000000000000
connection 22 69 -6.279511523426505093 0 0.000000000000000000 -0.000000000000000000
connection 22 70 -1.451609328795326004 0 0.000000000000000000 -0.000000000000000000
connection 22 71 -2.038904115925994631 0 0.000000000000000000 -0.000000000000000000
connection 22 24 -1.636299124619657430 0 0.000000000000000000 -0.000000000000000000
connection 22 36 -6.130994550842240542 0 0.000000000000000000 -0.000000000000000000
connection 22 38 -5.394313680072560402 0 0.000000000000000000 -0.000000000000000000
connection 22 39 -2.087387502746162138 0 0.000000000000000000 -0.000000000000000000
connection 22 72 -1.193718942276105421 0 0.000000000000000000 -0.000000000000000000
connection 22 73 -4.782288922559821742 0 0.000000000000000000 -0.000000000000000000
connection 22 43 -3.997767047400693219 0 0.000000000000000000 -0.000000000000000000
connection 22 44 0.683605257634646746 0 0.000000000000000000 -0.000000000000000000
connection 23 74 1.112741183628872754 0 0.000000000000000000 -0.000000000000000000
connection 23 68 -4.796400811461848157 0 0.000000000000000000 -0.000000000000000000
connection 23 26 2.459961283975927060 0 0.000000000000000000 -0.000000000000000000
connection 23 27 5.850713690556273328 0 0.000000000000000000 -0.000000000000000000
connection 23 35 8.285664806749116096 0 0.000000000000000000 -0.000000000000000000
connection 23 28 7.315333800748798687 0 0.000000000000000000 -0.000000000000000000
connection 23 29 5.963601885171790684 0 0.000000000000000000 -0.000000000000000000
connection 23 64 -8.238404597077719771 0 0.000000000000000000 -0.000000000000000000
connection 23 40 -6.543736165309884889 0 0.000000000000000000 -0.000000000000000000
connection 23 41 -8.722421937247688106 0 0.000000000000000000 -0.000000000000000000
connection 23 42 -3.966696229643629668 0 0.000000000000000000 -0.000000000000000000
connection 23 60 -4.988255838209854964 0 0.000000000000000000 -0.000000000000000000
connection 23 61 -2.627009811511346271 0 0.000000000000000000 -0.000000000000000000
connection 23 77 -9.248614412819657460 0 0.000000000000000000 -0.000000000000000000
connection 23 78 -7.198955969166128455 0 0.000000000000000000 -0.000000000000000000
connection 23 80 2.139194857014922846 0 0.000000000000000000 -0.000000000000000000
connection 41 50 2.277778168749579280 0 0.000000000000000000 -0.000000000000000000
connection 41 67 -1.327394489978513725 0 0.000000000000000000 -0.000000000000000000
connection 41 68 -4.817971665131292269 0 0.000000000000000000 -0.000000000000000000
connection 41 69 -2.108365980288866126 0 0.000000000000000000 -0.000000000000000000
connection 41 73 -3.356810907867996185 0 0.000000000000000000 -0.000000000000000000
connection 41 55 -4.790714345360082227 0 0.000000000000000000 -0.000000000000000000
connection 41 43 -2.052570781593019866 0 0.000000000000000000 -0.000000000000000000
connection 24 50 0.789302359689310951 0 0.000000000000000000 -0.000000000000000000
connection 24 81 -1.178784139918600982 0 0.000000000000000000 -0.000000000000000000
connection 24 71 0.281210747068930456 0 0.000000000000000000 -0.000000000000000000
connection 24 82 -9.371467015734758377 0 0.000000000000000000 -0.000000000000000000
connection 24 83 -9.968515183200235441 0 0.000000000000000000 -0.000000000000000000
connection 24 84 -6.545531478867511410 0 0.000000000000000000 -0.000000000000000000
connection 24 26 1.073914965166709701 0 0.000000000000000000 -0.000000000000000000
connection 24 27 5.777651246485612901 0 0.000000000000000000 -0.000000000000000000
connection 24 35 7.503043700702204610 0 0.000000000000000000 -0.000000000000000000
connection 24 28 6.323697924802219816 0 0.000000000000000000 -0.000000000000000000
connection 24 56 -8.588087029696465535 0 0.000000000000000000 -0.000000000000000000
connection 24 29 4.680679819065849401 0 0.000000000000000000 -0.000000000000000000
connection 24 64 -7.372671914396375037 0 0.000000000000000000 -0.000000000000000000
connection 24 40 -9.181824680427896013 0 0.000000000000000000 -0.000000000000000000
connection 24 41 -3.389053070222013631 0 0.000000000000000000 -0.000000000000000000
connection 24 42 -9.343251168295259035 0 0.000000000000000000 -0.000000000000000000
connection 24 32 -9.443912355468301101 0 0.000000000000000000 -0.000000000000000000
connection 24 60 -9.399141601648201672 0 0.000000000000000000 -0.000000000000000000
connection 24 61 0.368293457760128895 0 0.000000000000000000 -0.000000000000000000
connection 24 77 2.009542267327198761 0 0.000000000000000000 -0.000000000000000000
connection 24 78 -7.541714026511473712 0 0.000000000000000000 -0.000000000000000000
connection 24 80 3.740053559876816092 0 0.000000000000000000 -0.000000000000000000
connection 32 85 -4.512989287517518378 0 0.000000000000000000 -0.000000000000000000
connection 32 86 -3.089891099317160883 0 0.000000000000000000 -0.000000000000000000
connection 32 43 4.024442741168764215 0 0.000000000000000000 -0.000000000000000000
connection 32 59 -4.599963310530853278 0 0.000000000000000000 -0.000000000000000000
connection 32 33 -2.266799646501612031 0 0.000000000000000000 -0.000000000000000000
connection 46 85 1.576068187299437984 0 0.000000000000000000 -0.000000000000000000
connection 46 51 -5.095118657886457569 0 0.000000000000000000 -0.000000000000000000
connection 46 52 -3.982389154176873447 0 0.000000000000000000 -0.000000000000000000
connection 46 53 -4.139660399312578676 0 0.000000000000000000 -0.000000000000000000
connection 46 55 4.618623026506904594 0 0.000000000000000000 -0.000000000000000000
connection 46 87 -3.950590413737657958 0 0.000000000000000000 -0.000000000000000000
connection 46 59 -5.084718602111093944 0 0.000000000000000000 -0.000000000000000000
connection 46 88 -1.691438627950700102 0 0.000000000000000000 -0.000000000000000000
connection 25 89 -2.310882852048331770 0 0.000000000000000000 -0.000000000000000000
connection 25 86 2.284462977480253176 0 0.000000000000000000 -0.000000000000000000
connection 25 25 -4.250641052975749901 0 0.000000000000000000 -0.000000000000000000
connection 25 31 0.730744772054189973 0 0.000000000000000000 -0.000000000000000000
connection 25 60 -1.347788691656355065 0 0.000000000000000000 -0.000000000000000000
connection 25 61 -9.217102492130180735 0 0.000000000000000000 -0.000000000000000000
connection 25 77 -10.014758283374066039 0 0.000000000000000000 -0.000000000000000000
connection 26 62 -1.632759391615887345 0 0.000000000000000000 -0.000000000000000000
connection 26 71 1.285457455707532226 0 0.000000000000000000 -0.000000000000000000
connection 26 82 -10.010845301898680049 0 0.000000000000000000 -0.000000000000000000
connection 26 90 -3.841284342090505621 0 0.000000000000000000 -0.000000000000000000
connection 26 23 -4.937634530810429467 0 0.000000000000000000 -0.000000000000000000
connection 26 86 0.416403044606389439 0 0.000000000000000000 -0.000000000000000000
connection 26 91 -2.539996146879861083 0 0.000000000000000000 -0.000000000000000000
connection 26 92 -2.456853390783741098 0 0.000000000000000000 -0.000000000000000000
connection 26 38 -2.817664354486380418 0 0.000000000000000000 -0.000000000000000000
connection 26 39 -4.529053493977245992 0 0.000000000000000000 -0.000000000000000000
connection 26 93 -7.675909221495102130 0 0.000000000000000000 -0.000000000000000000
connection 26 64 -3.686348419780375529 0 0.000000000000000000 -0.000000000000000000
connection 26 40 -9.599686819820595574 0 0.000000000000000000 -0.000000000000000000
connection 26 41 -5.001486876772700541 0 0.000000000000000000 -0.000000000000000000
connection 26 60 -9.350553764111886323 0 0.000000000000000000 -0.000000000000000000
connection 26 49 -5.862569229554592809 0 0.000000000000000000 -0.000000000000000000
connection 26 61 1.230928863889420022 0 0.000000000000000000 -0.000000000000000000
connection 26 77 4.834685192682455224 0 0.000000000000000000 -0.000000000000000000
connection 26 80 5.206586135342650579 0 0.000000000000000000 -0.000000000000000000
connection 27 68 1.280601878729922483 0 0.000000000000000000 -0.000000000000000000
connection 27 70 -9.917365249507458458 0 0.000000000000000000 -0.000000000000000000
connection 27 81 -6.775504771052486497 0 0.000000000000000000 -0.000000000000000000
connection 27 63 -10.055327287040469741 0 0.000000000000000000 -0.000000000000000000
connection 27 82 -6.809785723232934629 0 0.000000000000000000 -0.000000000000000000
connection 27 83 -4.043811794093727485 0 0.000000000000000000 -0.000000000000000000
connection 27 84 1.279318061283175822 0 0.000000000000000000 -0.000000000000000000
connection 27 95 -2.492196047092403610 0 0.000000000000000000 -0.000000000000000000
connection 27 96 -4.331598447003925045 0 0.000000000000000000 -0.000000000000000000
connection 27 23 0.907625085616882821 0 0.000000000000000000 -0.000000000000000000
connection 27 65 -3.888047362527421669 0 0.000000000000000000 -0.000000000000000000
connection 27 72 -4.039991336071781625 0 0.000000000000000000 -0.000000000000000000
connection 27 97 -9.585346936747262347 0 0.000000000000000000 -0.000000000000000000
connection 27 73 -3.627880888912453194 0 0.000000000000000000 -0.000000000000000000
connection 27 55 -4.955801642382712480 0 0.000000000000000000 -0.000000000000000000
connection 27 43 2.763530533096162589 0 0.000000000000000000 -0.000000000000000000
connection 27 44 -4.068020260313032210 0 0.000000000000000000 -0.000000000000000000
connection 27 64 4.997883055006822062 0 0.000000000000000000 -0.000000000000000000
connection 27 40 1.015879395548231923 0 0.000000000000000000 -0.000000000000000000
connection 27 41 4.069217557295042198 0 0.000000000000000000 -0.000000000000000000
connection 27 42 5.331951593113324783 0 0.000000000000000000 -0.000000000000000000
connection 27 45 -9.661429085728530097 0 0.000000000000000000 -0.000000000000000000
connection 27 47 -5.630922012868769144 0 0.000000000000000000 -0.000000000000000000
connection 27 48 1.565286898724833620 0 0.000000000000000000 -0.000000000000000000
connection 27 98 3.231925080792519722 0 0.000000000000000000 -0.000000000000000000
connection 27 33 5.065133704287736904 0 0.000000000000000000 -0.000000000000000000
connection 58 24 -4.643567934702393707 0 0.000000000000000000 -0.000000000000000000
connection 58 58 -1.762012863099801097 0 0.000000000000000000 -0.000000000000000000
connection 58 97 -2.475043116409085808 0 0.000000000000000000 -0.000000000000000000
connection 58 99 0.698317559635480145 0 0.000000000000000000 -0.000000000000000000
connection 58 87 -6.489823304461510567 0 0.000000000000000000 -0.000000000000000000
connection 58 59 -6.470420651544301016 0 0.000000000000000000 -0.000000000000000000
connection 58 40 -1.181277033896930284 0 0.000000000000000000 -0.000000000000000000
connection 58 42 -6.426035278267848483 0 0.000000000000000000 -0.000000000000000000
connection 58 45 1.165743716070122282 0 0.000000000000000000 -0.000000000000000000
connection 58 47 -4.980027657888072667 0 0.000000000000000000 -0.000000000000000000
connection 58 48 -9.323518335233417886 0 0.000000000000000000 -0.000000000000000000
connection 58 77 -7.616963391643171377 0 0.000000000000000000 -0.000000000000000000
connection 58 78 -7.523210724379374881 0 0.000000000000000000 -0.000000000000000000
connection 58 80 -8.974148906234002965 0 0.000000000000000000 -0.000000000000000000
connection 28 100 1.256896701496201585 0 0.000000000000000000 -0.000000000000000000
connection 28 101 0.974925192048454736 0 0.000000000000000000 -0.000000000000000000
connection 28 62 -0.977879875351322703 0 0.000000000000000000 -0.000000000000000000
connection 28 71 0.732490929912690270 0 0.000000000000000000 -0.000000000000000000
connection 28 63 -10.194911632715786709 0 0.000000000000000000 -0.000000000000000000
connection 28 23 -4.882230722965672953 0 0.000000000000000000 -0.000000000000000000
connection 28 86 0.780371054400180952 0 0.000000000000000000 -0.000000000000000000
connection 28 91 -3.535151488220596772 0 0.000000000000000000 -0.000000000000000000
connection 28 92 -3.749672347581851639 0 0.000000000000000000 -0.000000000000000000
connection 28 38 -4.769370718539267529 0 0.000000000000000000 -0.000000000000000000
connection 28 93 -7.534976687604491019 0 0.000000000000000000 -0.000000000000000000
connection 28 64 -8.308787739812768081 0 0.000000000000000000 -0.000000000000000000
connection 28 40 -5.900883170195649896 0 0.000000000000000000 -0.000000000000000000
connection 28 41 -8.808841918948619565 0 0.000000000000000000 -0.000000000000000000
connection 28 42 4.638278931048523290 0 0.000000000000000000 -0.000000000000000000
connection 28 45 -8.473976367613127891 0 0.000000000000000000 -0.000000000000000000
connection 28 47 -9.545913782953979521 0 0.000000000000000000 -0.000000000000000000
connection 28 48 -3.515752483070346379 0 0.000000000000000000 -0.000000000000000000
connection 28 60 -6.679553113173115619 0 0.000000000000000000 -0.000000000000000000
connection 28 102 -6.313721049972215837 0 0.000000000000000000 -0.000000000000000000
connection 28 49 -1.233693901821640182 0 0.000000000000000000 -0.000000000000000000
connection 28 61 2.995971532966632545 0 0.000000000000000000 -0.000000000000000000
connection 28 33 5.003441619280900809 0 0.000000000000000000 -0.000000000000000000
connection 29 89 -1.000801920458372241 0 0.000000000000000000 -0.000000000000000000
connection 29 83 1.199706139874225919 0 0.000000000000000000 -0.000000000000000000
connection 29 54 -4.014208603207436887 0 0.000000000000000000 -0.000000000000000000
connection 29 24 -4.815056873546960325 0 0.000000000000000000 -0.000000000000000000
connection 29 55 0.812118266695674551 0 0.000000000000000000 -0.000000000000000000
connection 29 43 -3.866540275320156095 0 0.000000000000000000 -0.000000000000000000
connection 29 44 -4.124331406567523395 0 0.000000000000000000 -0.000000000000000000
connection 29 59 -6.627048907389017529 0 0.000000000000000000 -0.000000000000000000
connection 29 88 -7.058236683263334754 0 0.000000000000000000 -0.000000000000000000
connection 30 100 1.984420677504195929 0 0.000000000000000000 -0.000000000000000000
connection 30 66 2.881690258101353930 0 0.000000000000000000 -0.000000000000000000
connection 30 101 1.421581742416162975 0 0.000000000000000000 -0.000000000000000000
connection 30 92 -4.146533072414607446 0 0.000000000000000000 -0.000000000000000000
connection 30 99 -4.732181517801974380 0 0.000000000000000000 -0.000000000000000000
connection 30 27 0.829081812373517302 0 0.000000000000000000 -0.000000000000000000
connection 30 35 -4.175860236323115871 0 0.000000000000000000 -0.000000000000000000
connection 30 64 1.130463808715759022 0 0.000000000000000000 -0.000000000000000000
connection 30 41 1.152886382000994914 0 0.000000000000000000 -0.000000000000000000
connection 30 32 -1.023708072512484524 0 0.000000000000000000 -0.000000000000000000
connection 30 102 0.770121189877720713 0 0.000000000000000000 -0.000000000000000000
connection 30 49 -10.156112400214416525 0 0.000000000000000000 -0.000000000000000000
connection 42 62 -4.333922136492310173 0 0.000000000000000000 -0.000000000000000000
connection 42 81 -1.607186340923451251 0 0.000000000000000000 -0.000000000000000000
connection 42 71 -5.120913813725008978 0 0.000000000000000000 -0.000000000000000000
connection 42 63 -2.562215563482865832 0 0.000000000000000000 -0.000000000000000000
connection 42 65 -3.633367323310083385 0 0.000000000000000000 -0.000000000000000000
connection 42 72 -6.394642268677333874 0 0.000000000000000000 -0.000000000000000000
connection 42 58 -4.162892974866182705 0 0.000000000000000000 -0.000000000000000000
connection 42 99 -3.838902083273470822 0 0.000000000000000000 -0.000000000000000000
connection 42 26 -3.804404919520557371 0 0.000000000000000000 -0.000000000000000000
connection 42 27 -4.596015700066026000 0 0.000000000000000000 -0.000000000000000000
connection 42 35 -2.486637373174299892 0 0.000000000000000000 -0.000000000000000000
connection 31 67 -3.616020566509111411 0 0.000000000000000000 -0.000000000000000000
connection 31 68 -5.607158049868249172 0 0.000000000000000000 -0.000000000000000000
connection 31 69 -5.596147004069959685 0 0.000000000000000000 -0.000000000000000000
connection 31 70 -2.310714308542746842 0 0.000000000000000000 -0.000000000000000000
connection 31 71 -3.637005382666283815 0 0.000000000000000000 -0.000000000000000000
connection 31 72 -5.245592497166195578 0 0.000000000000000000 -0.000000000000000000
connection 31 27 -3.717833113745594442 0 0.000000000000000000 -0.000000000000000000
connection 34 22 -2.244601518755325653 0 0.000000000000000000 -0.000000000000000000
connection 34 24 -4.838213468298818931 0 0.000000000000000000 -0.000000000000000000
connection 34 25 -3.938389900959841761 0 0.000000000000000000 -0.000000000000000000
connection 34 58 -3.160813306550422475 0 0.000000000000000000 -0.000000000000000000
connection 34 55 0.476458764559864689 0 0.000000000000000000 -0.000000000000000000
connection 34 43 -2.850274380925991391 0 0.000000000000000000 -0.000000000000000000
connection 34 44 -2.827448499326531195 0 0.000000000000000000 -0.000000000000000000
connection 34 46 1.289698435317405689 0 0.000000000000000000 -0.000000000000000000
connection 34 48 -10.085019706289669372 0 0.000000000000000000 -0.000000000000000000
connection 34 77 -3.562494424257154346 0 0.000000000000000000 -0.000000000000000000
connection 34 78 -9.590252607561280840 0 0.000000000000000000 -0.000000000000000000
connection 34 80 -1.485501408325530015 0 0.000000000000000000 -0.000000000000000000
connection 56 57 -2.232395855089574610 0 0.000000000000000000 -0.000000000000000000
connection 56 99 -4.725789722601142273 0 0.000000000000000000 -0.000000000000000000
connection 56 27 0.522264547977006388 0 0.000000000000000000 -0.000000000000000000
connection 56 35 -3.145440212207522013 0 0.000000000000000000 -0.000000000000000000
connection 56 28 -3.197633485315629631 0 0.000000000000000000 -0.000000000000000000
connection 56 29 -3.517727346066652494 0 0.000000000000000000 -0.000000000000000000
connection 56 60 0.244071585832537963 0 0.000000000000000000 -0.000000000000000000
connection 56 102 1.293151745247280271 0 0.000000000000000000 -0.000000000000000000
connection 56 61 -10.141563304153253355 0 0.000000000000000000 -0.000000000000000000
connection 33 50 1.249002072754029857 0 0.000000000000000000 -0.000000000000000000
connection 33 68 -3.902181579689425028 0 0.000000000000000000 -0.000000000000000000
connection 33 69 -2.362369187565050765 0 0.000000000000000000 -0.000000000000000000
connection 33 73 -5.032845075208136620 0 0.000000000000000000 -0.000000000000000000
connection 33 55 -4.901120654480785710 0 0.000000000000000000 -0.000000000000000000
connection 33 43 -4.492937010686524957 0 0.000000000000000000 -0.000000000000000000
connection 35 22 -7.462159932719067967 0 0.000000000000000000 -0.000000000000000000
connection 35 104 1.343063152317803155 0 0.000000000000000000 -0.000000000000000000
connection 35 95 -4.477361367072971277 0 0.000000000000000000 -0.000000000000000000
connection 35 53 -3.187039184493864141 0 0.000000000000000000 -0.000000000000000000
connection 35 54 -3.374651197502991806 0 0.000000000000000000 -0.000000000000000000
connection 35 25 -6.535466432726407149 0 0.000000000000000000 -0.000000000000000000
connection 35 65 -3.366199528379161698 0 0.000000000000000000 -0.000000000000000000
connection 35 58 -8.381525806647783128 0 0.000000000000000000 -0.000000000000000000
connection 35 97 -7.258222953650600218 0 0.000000000000000000 -0.000000000000000000
connection 35 55 -4.872345722036093285 0 0.000000000000000000 -0.000000000000000000
connection 35 43 1.616642411675402569 0 0.000000000000000000 -0.000000000000000000
connection 35 44 -4.876706389605725889 0 0.000000000000000000 -0.000000000000000000
connection 35 31 5.136392648608772760 0 0.000000000000000000 -0.000000000000000000
connection 35 45 -5.577405154327802705 0 0.000000000000000000 -0.000000000000000000
connection 35 46 -6.635339352402054303 0 0.000000000000000000 -0.000000000000000000
connection 35 47 -0.878121082824269816 0 0.000000000000000000 -0.000000000000000000
connection 35 48 3.181326016588696515 0 0.000000000000000000 -0.000000000000000000
connection 35 98 3.582333483296836540 0 0.000000000000000000 -0.000000000000000000
connection 35 33 5.541885099984240171 0 0.000000000000000000 -0.000000000000000000
connection 36 52 -2.670060614458698467 0 0.000000000000000000 -0.000000000000000000
connection 36 105 4.949712476651323634 0 0.000000000000000000 -0.000000000000000000
connection 36 86 6.088396887334427632 0 0.000000000000000000 -0.000000000000000000
connection 36 91 3.108674320008323999 0 0.000000000000000000 -0.000000000000000000
connection 36 99 -2.817646563797046699 0 0.000000000000000000 -0.000000000000000000
connection 36 87 0.296753635615045752 0 0.000000000000000000 -0.000000000000000000
connection 36 59 0.943585608766225548 0 0.000000000000000000 -0.000000000000000000
connection 36 98 1.379898538697308386 0 0.000000000000000000 -0.000000000000000000
connection 36 77 1.217035476042849229 0 0.000000000000000000 -0.000000000000000000
connection 36 80 -9.121398731774780444 0 0.000000000000000000 -0.000000000000000000
connection 37 51 4.856573983512458170 0 0.000000000000000000 -0.000000000000000000
connection 37 52 6.083916246709868858 0 0.000000000000000000 -0.000000000000000000
connection 37 53 2.984951525248360937 0 0.000000000000000000 -0.000000000000000000
connection 37 24 -2.985188988499451579 0 0.000000000000000000 -0.000000000000000000
connection 37 25 -5.256066612380147163 0 0.000000000000000000 -0.000000000000000000
connection 37 99 0.304614567724435625 0 0.000000000000000000 -0.000000000000000000
connection 37 59 -6.891815820764541023 0 0.000000000000000000 -0.000000000000000000
connection 37 64 1.196664517338302591 0 0.000000000000000000 -0.000000000000000000
connection 37 41 -3.451595710484327562 0 0.000000000000000000 -0.000000000000000000
connection 37 42 -9.272979637558625754 0 0.000000000000000000 -0.000000000000000000
connection 37 32 1.368302651364529332 0 0.000000000000000000 -0.000000000000000000
connection 37 60 -9.640224862749215973 0 0.000000000000000000 -0.000000000000000000
connection 53 100 1.282364020859660947 0 0.000000000000000000 -0.000000000000000000
connection 53 101 -0.652602333660083023 0 0.000000000000000000 -0.000000000000000000
connection 53 62 1.076228024201104638 0 0.000000000000000000 -0.000000000000000000
connection 53 90 0.411843178561371370 0 0.000000000000000000 -0.000000000000000000
connection 53 25 -7.190876348374231952 0 0.000000000000000000 -0.000000000000000000
connection 53 73 -3.884329189626194001 0 0.000000000000000000 -0.000000000000000000
connection 53 55 -4.111111035842906603 0 0.000000000000000000 -0.000000000000000000
connection 53 43 5.663635899761793269 0 0.000000000000000000 -0.000000000000000000
connection 53 44 1.605288111928518724 0 0.000000000000000000 -0.000000000000000000
connection 53 87 7.578485358313346687 0 0.000000000000000000 -0.000000000000000000
connection 53 64 -3.380681093739075216 0 0.000000000000000000 -0.000000000000000000
connection 53 41 -8.985941374246520397 0 0.000000000000000000 -0.000000000000000000
connection 53 42 -5.777759943664928954 0 0.000000000000000000 -0.000000000000000000
connection 53 45 -9.447034191112084756 0 0.000000000000000000 -0.000000000000000000
connection 53 48 -5.614059738621730133 0 0.000000000000000000 -0.000000000000000000
connection 53 60 -2.143987952595312052 0 0.000000000000000000 -0.000000000000000000
connection 53 102 -0.632547590790982106 0 0.000000000000000000 -0.000000000000000000
connection 53 33 2.777063213169882250 0 0.000000000000000000 -0.000000000000000000
connection 38 89 -3.249110376165113223 0 0.000000000000000000 -0.000000000000000000
connection 38 57 -1.723267161913629497 0 0.000000000000000000 -0.000000000000000000
connection 38 52 5.487661058577459450 0 0.000000000000000000 -0.000000000000000000
connection 38 53 1.394318214413770241 0 0.000000000000000000 -0.000000000000000000
connection 38 24 -3.706035295421972187 0 0.000000000000000000 -0.000000000000000000
connection 38 25 -5.261443273153348699 0 0.000000000000000000 -0.000000000000000000
connection 38 99 0.493046710483423467 0 0.000000000000000000 -0.000000000000000000
connection 38 87 -6.016681496887454905 0 0.000000000000000000 -0.000000000000000000
connection 38 59 -6.786960854533607090 0 0.000000000000000000 -0.000000000000000000
connection 38 40 1.306469718528461499 0 0.000000000000000000 -0.000000000000000000
connection 38 42 -9.669261886303033293 0 0.000000000000000000 -0.000000000000000000
connection 38 32 1.318853561638590577 0 0.000000000000000000 -0.000000000000000000
connection 38 77 -6.952963301864008905 0 0.000000000000000000 -0.000000000000000000
connection 38 80 -5.602858713343435326 0 0.000000000000000000 -0.000000000000000000
connection 39 52 0.732347476705126565 0 0.000000000000000000 -0.000000000000000000
connection 39 86 5.547313632705023423 0 0.000000000000000000 -0.000000000000000000
connection 39 91 1.549354676255064511 0 0.000000000000000000 -0.000000000000000000
connection 39 92 -1.158545602160846677 0 0.000000000000000000 -0.000000000000000000
connection 39 99 -3.543442267852448424 0 0.000000000000000000 -0.000000000000000000
connection 39 87 0.452986084124939681 0 0.000000000000000000 -0.000000000000000000
connection 39 59 1.181191180194822721 0 0.000000000000000000 -0.000000000000000000
connection 39 31 -1.728899795913835469 0 0.000000000000000000 -0.000000000000000000
connection 39 32 -3.379810648821630181 0 0.000000000000000000 -0.000000000000000000
connection 39 49 -0.677000648239968195 0 0.000000000000000000 -0.000000000000000000
connection 39 61 -2.594944006392962521 0 0.000000000000000000 -0.000000000000000000
connection 39 78 1.308457745840760467 0 0.000000000000000000 -0.000000000000000000
connection 39 80 -9.815171790356631121 0 0.000000000000000000 -0.000000000000000000
connection 40 50 1.804484537256402010 0 0.000000000000000000 -0.000000000000000000
connection 40 67 -3.007314649734265988 0 0.000000000000000000 -0.000000000000000000
connection 40 68 -5.960198956345717392 0 0.000000000000000000 -0.000000000000000000
connection 40 69 -4.588296234536612062 0 0.000000000000000000 -0.000000000000000000
connection 40 72 0.334535051745869283 0 0.000000000000000000 -0.000000000000000000
connection 40 73 -5.292703599974463380 0 0.000000000000000000 -0.000000000000000000
connection 40 43 -4.444351018725694935 0 0.000000000000000000 -0.000000000000000000
connection 40 44 1.355127079075765684 0 0.000000000000000000 -0.000000000000000000
connection 43 100 -8.993054577579172815 0 0.000000000000000000 -0.000000000000000000
connection 43 66 -1.713861829467883124 0 0.000000000000000000 -0.000000000000000000
connection 43 67 1.135939373783699580 0 0.000000000000000000 -0.000000000000000000
connection 43 69 -4.806464709429415727 0 0.000000000000000000 -0.000000000000000000
connection 43 70 -9.494028501015309374 0 0.000000000000000000 -0.000000000000000000
connection 43 83 -6.117473390955550094 0 0.000000000000000000 -0.000000000000000000
connection 43 84 -8.580264324386483565 0 0.000000000000000000 -0.000000000000000000
connection 43 90 1.321896608786261584 0 0.000000000000000000 -0.000000000000000000
connection 43 23 0.885675836871249400 0 0.000000000000000000 -0.000000000000000000
connection 43 24 -6.490958432534485567 0 0.000000000000000000 -0.000000000000000000
connection 43 58 -8.689426852345754071 0 0.000000000000000000 -0.000000000000000000
connection 43 97 -9.873519151865224330 0 0.000000000000000000 -0.000000000000000000
connection 43 73 -3.708219752562305516 0 0.000000000000000000 -0.000000000000000000
connection 43 43 3.786919070109982410 0 0.000000000000000000 -0.000000000000000000
connection 43 44 -2.889602167898139840 0 0.000000000000000000 -0.000000000000000000
connection 43 64 3.944682847202930720 0 0.000000000000000000 -0.000000000000000000
connection 43 40 -7.119661605617213951 0 0.000000000000000000 -0.000000000000000000
connection 43 41 3.174753644329003865 0 0.000000000000000000 -0.000000000000000000
connection 43 42 4.793167992046072357 0 0.000000000000000000 -0.000000000000000000
connection 43 45 -4.916284924191678840 0 0.000000000000000000 -0.000000000000000000
connection 43 46 -3.791723474369502078 0 0.000000000000000000 -0.000000000000000000
connection 43 47 -9.571674153661701823 0 0.000000000000000000 -0.000000000000000000
connection 43 48 -2.254160643290973098 0 0.000000000000000000 -0.000000000000000000
connection 43 33 4.600672239295056087 0 0.000000000000000000 -0.000000000000000000
connection 44 81 1.152280335131162570 0 0.000000000000000000 -0.000000000000000000
connection 44 63 -4.880588081493616670 0 0.000000000000000000 -0.000000000000000000
connection 44 82 -9.405545181695794454 0 0.000000000000000000 -0.000000000000000000
connection 44 83 -8.859258392687754835 0 0.000000000000000000 -0.000000000000000000
connection 44 84 -6.457272839527048447 0 0.000000000000000000 -0.000000000000000000
connection 44 23 -4.768965188156817803 0 0.000000000000000000 -0.000000000000000000
connection 44 24 0.800975256738448604 0 0.000000000000000000 -0.000000000000000000
connection 44 25 1.281353166411496769 0 0.000000000000000000 -0.000000000000000000
connection 44 93 -7.522774310772569528 0 0.000000000000000000 -0.000000000000000000
connection 44 64 -6.883148134971024845 0 0.000000000000000000 -0.000000000000000000
connection 44 40 -7.719919722605477652 0 0.000000000000000000 -0.000000000000000000
connection 44 41 -4.096791732807840702 0 0.000000000000000000 -0.000000000000000000
connection 44 42 -9.035359834999436401 0 0.000000000000000000 -0.000000000000000000
connection 44 60 -4.633612403989203266 0 0.000000000000000000 -0.000000000000000000
connection 44 102 -3.764782279624804939 0 0.000000000000000000 -0.000000000000000000
connection 44 49 -9.527082143194320452 0 0.000000000000000000 -0.000000000000000000
connection 44 61 -2.772499501119579435 0 0.000000000000000000 -0.000000000000000000
connection 44 77 3.628156024722218209 0 0.000000000000000000 -0.000000000000000000
connection 44 78 -8.153016383256622035 0 0.000000000000000000 -0.000000000000000000
connection 44 80 4.662397491372155756 0 0.000000000000000000 -0.000000000000000000
connection 49 93 -4.847104418166710005 0 0.000000000000000000 -0.000000000000000000
connection 49 98 -1.046894142351313395 0 0.000000000000000000 -0.000000000000000000
connection 49 77 1.052142321165866257 0 0.000000000000000000 -0.000000000000000000
connection 51 62 -4.659214829956574988 0 0.000000000000000000 -0.000000000000000000
connection 51 57 1.322712930743596971 0 0.000000000000000000 -0.000000000000000000
connection 51 90 -4.674647855645867267 0 0.000000000000000000 -0.000000000000000000
connection 51 52 1.516538811812822241 0 0.000000000000000000 -0.000000000000000000
connection 51 53 -1.158131587615215619 0 0.000000000000000000 -0.000000000000000000
connection 51 40 -10.002187163525448454 0 0.000000000000000000 -0.000000000000000000
connection 51 42 -7.313639110467824445 0 0.000000000000000000 -0.000000000000000000
connection 51 32 -8.403835046090593508 0 0.000000000000000000 -0.000000000000000000
connection 51 61 -4.630582186904583786 0 0.000000000000000000 -0.000000000000000000
connection 51 78 -9.589924773890524889 0 0.000000000000000000 -0.000000000000000000
connection 51 80 -10.118660472366425296 0 0.000000000000000000 -0.000000000000000000
connection 45 22 3.853923228239891863 0 0.000000000000000000 -0.000000000000000000
connection 45 104 -5.401810982668799888 0 0.000000000000000000 -0.000000000000000000
connection 45 85 -6.155760511516914946 0 0.000000000000000000 -0.000000000000000000
connection 45 95 -5.693030834710791410 0 0.000000000000000000 -0.000000000000000000
connection 45 96 0.639705459033655832 0 0.000000000000000000 -0.000000000000000000
connection 45 23 -3.401141346887145200 0 0.000000000000000000 -0.000000000000000000
connection 45 105 -5.225763647857602834 0 0.000000000000000000 -0.000000000000000000
connection 45 86 -3.746124320941365049 0 0.000000000000000000 -0.000000000000000000
connection 45 91 -4.317057767858274886 0 0.000000000000000000 -0.000000000000000000
connection 45 92 1.912819446716554683 0 0.000000000000000000 -0.000000000000000000
connection 45 37 0.969440761052862254 0 0.000000000000000000 -0.000000000000000000
connection 45 27 4.714103923220303471 0 0.000000000000000000 -0.000000000000000000
connection 47 51 -2.282332701921793383 0 0.000000000000000000 -0.000000000000000000
connection 47 52 -5.120459299493379746 0 0.000000000000000000 -0.000000000000000000
connection 47 53 -1.060506644667802201 0 0.000000000000000000 -0.000000000000000000
connection 47 58 -3.699387181669449021 0 0.000000000000000000 -0.000000000000000000
connection 47 87 -4.363852990898317685 0 0.000000000000000000 -0.000000000000000000
connection 47 59 -4.695158796361242892 0 0.000000000000000000 -0.000000000000000000
connection 48 104 -2.527087085361333862 0 0.000000000000000000 -0.000000000000000000
connection 48 85 -6.445279032276683751 0 0.000000000000000000 -0.000000000000000000
connection 48 95 -3.094010156160873493 0 0.000000000000000000 -0.000000000000000000
connection 48 105 -2.846712906391751119 0 0.000000000000000000 -0.000000000000000000
connection 48 86 -4.967422160439904033 0 0.000000000000000000 -0.000000000000000000
connection 48 91 -1.575364103624591783 0 0.000000000000000000 -0.000000000000000000
connection 48 29 -3.829798042165851069 0 0.000000000000000000 -0.000000000000000000
connection 50 50 -4.049939982635252456 0 0.000000000000000000 -0.000000000000000000
connection 50 62 -6.246185407272761836 0 0.000000000000000000 -0.000000000000000000
connection 50 89 -6.716775872625483146 0 0.000000000000000000 -0.000000000000000000
connection 50 99 -1.023465028327535720 0 0.000000000000000000 -0.000000000000000000
connection 50 56 1.906068382555714535 0 0.000000000000000000 -0.000000000000000000
connection 50 34 -4.550329858892945722 0 0.000000000000000000 -0.000000000000000000
connection 50 45 0.917491257958499173 0 0.000000000000000000 -0.000000000000000000
connection 50 46 -5.567040799506691506 0 0.000000000000000000 -0.000000000000000000
connection 50 47 1.174444436778391720 0 0.000000000000000000 -0.000000000000000000
connection 52 89 -8.598702155589553087 0 0.000000000000000000 -0.000000000000000000
connection 52 83 -9.157884371299640947 0 0.000000000000000000 -0.000000000000000000
connection 52 84 -7.385718557970415432 0 0.000000000000000000 -0.000000000000000000
connection 52 73 -3.861919875551535597 0 0.000000000000000000 -0.000000000000000000
connection 52 55 -3.829444756666504635 0 0.000000000000000000 -0.000000000000000000
connection 52 43 5.241413470951533427 0 0.000000000000000000 -0.000000000000000000
connection 52 44 1.920705605599750010 0 0.000000000000000000 -0.000000000000000000
connection 52 87 7.983601094727259095 0 0.000000000000000000 -0.000000000000000000
connection 52 59 5.719925759633925466 0 0.000000000000000000 -0.000000000000000000
connection 52 40 -9.681172231202914702 0 0.000000000000000000 -0.000000000000000000
connection 52 42 -10.155506659387341983 0 0.000000000000000000 -0.000000000000000000
connection 52 48 -4.293927873110265026 0 0.000000000000000000 -0.000000000000000000
connection 52 60 -3.522446222048055464 0 0.000000000000000000 -0.000000000000000000
connection 52 102 -0.226437763209616616 0 0.000000000000000000 -0.000000000000000000
connection 52 77 1.459572459775198006 0 0.000000000000000000 -0.000000000000000000
connection 52 78 -2.338136672008379158 0 0.000000000000000000 -0.000000000000000000
connection 52 80 3.152069012484244759 0 0.000000000000000000 -0.000000000000000000
connection 54 62 -4.190536381654974107 0 0.000000000000000000 -0.000000000000000000
connection 54 89 1.113998814948167659 0 0.000000000000000000 -0.000000000000000000
connection 54 83 1.270504750624988688 0 0.000000000000000000 -0.000000000000000000
connection 54 90 -5.090941149822191925 0 0.000000000000000000 -0.000000000000000000
connection 54 23 -2.265449979307311512 0 0.000000000000000000 -0.000000000000000000
connection 54 25 0.491659467588396848 0 0.000000000000000000 -0.000000000000000000
connection 54 93 -6.086384495343888368 0 0.000000000000000000 -0.000000000000000000
connection 54 98 -3.946763120463284480 0 0.000000000000000000 -0.000000000000000000
connection 54 77 -3.367688549154149058 0 0.000000000000000000 -0.000000000000000000
connection 54 80 -6.572093151151543466 0 0.000000000000000000 -0.000000000000000000
connection 60 104 0.871346392372684520 0 0.000000000000000000 -0.000000000000000000
connection 60 85 -5.349697180993522316 0 0.000000000000000000 -0.000000000000000000
connection 60 95 1.037422171766810841 0 0.000000000000000000 -0.000000000000000000
connection 60 105 1.498358317531877537 0 0.000000000000000000 -0.000000000000000000
connection 60 86 -4.989683922434889674 0 0.000000000000000000 -0.000000000000000000
connection 60 33 -1.914343838355970773 0 0.000000000000000000 -0.000000000000000000
connection 55 66 0.721185837348699454 0 0.000000000000000000 -0.000000000000000000
connection 55 101 -10.082996669531770095 0 0.000000000000000000 -0.000000000000000000
connection 55 67 1.300294851067553825 0 0.000000000000000000 -0.000000000000000000
connection 55 69 -1.923964495778518913 0 0.000000000000000000 -0.000000000000000000
connection 55 89 -6.425889814172010439 0 0.000000000000000000 -0.000000000000000000
connection 55 83 -9.358964833032942465 0 0.000000000000000000 -0.000000000000000000
connection 55 84 -4.710975345338829001 0 0.000000000000000000 -0.000000000000000000
connection 55 90 1.345791286771655937 0 0.000000000000000000 -0.000000000000000000
connection 55 23 0.746206430764968731 0 0.000000000000000000 -0.000000000000000000
connection 55 24 -6.358388061382489020 0 0.000000000000000000 -0.000000000000000000
connection 55 65 -6.117695674587629640 0 0.000000000000000000 -0.000000000000000000
connection 55 72 -4.644826781281959249 0 0.000000000000000000 -0.000000000000000000
connection 55 58 -8.232436801278621985 0 0.000000000000000000 -0.000000000000000000
connection 55 97 -9.264828244728736450 0 0.000000000000000000 -0.000000000000000000
connection 55 73 -3.783430694989944332 0 0.000000000000000000 -0.000000000000000000
connection 55 43 4.623357734284605947 0 0.000000000000000000 -0.000000000000000000
connection 55 44 -1.543602828388564774 0 0.000000000000000000 -0.000000000000000000
connection 55 87 6.165722613653294104 0 0.000000000000000000 -0.000000000000000000
connection 55 64 0.426890940808264840 0 0.000000000000000000 -0.000000000000000000
connection 55 40 -8.492750970389138843 0 0.000000000000000000 -0.000000000000000000
connection 55 41 1.123885571552054596 0 0.000000000000000000 -0.000000000000000000
connection 55 42 4.165568423260744169 0 0.000000000000000000 -0.000000000000000000
connection 55 47 -9.922883872333850164 0 0.000000000000000000 -0.000000000000000000
connection 55 48 -7.976790919939132252 0 0.000000000000000000 -0.000000000000000000
connection 55 33 4.152993221223885811 0 0.000000000000000000 -0.000000000000000000
connection 61 85 -2.338948690307586453 0 0.000000000000000000 -0.000000000000000000
connection 61 23 -6.072182217117355840 0 0.000000000000000000 -0.000000000000000000
connection 61 86 -2.316736516586606953 0 0.000000000000000000 -0.000000000000000000
connection 57 62 -6.134415350056422689 0 0.000000000000000000 -0.000000000000000000
connection 57 81 -3.586920822697465816 0 0.000000000000000000 -0.000000000000000000
connection 57 71 -6.620981586060572077 0 0.000000000000000000 -0.000000000000000000
connection 57 63 -4.891367018848777448 0 0.000000000000000000 -0.000000000000000000
connection 57 65 -5.422487716434798877 0 0.000000000000000000 -0.000000000000000000
connection 57 72 -5.166909616405529704 0 0.000000000000000000 -0.000000000000000000
connection 57 58 -5.101355507451277305 0 0.000000000000000000 -0.000000000000000000
connection 57 99 -2.195547760114680003 0 0.000000000000000000 -0.000000000000000000
connection 57 26 -4.178264898899705315 0 0.000000000000000000 -0.000000000000000000
connection 57 27 -3.784702426526182162 0 0.000000000000000000 -0.000000000000000000
connection 57 35 -2.335705142422235259 0 0.000000000000000000 -0.000000000000000000
connection 59 66 1.749611037869837737 0 0.000000000000000000 -0.000000000000000000
connection 59 83 -3.244801828769794394 0 0.000000000000000000 -0.000000000000000000
connection 59 84 0.672776643858202572 0 0.000000000000000000 -0.000000000000000000
connection 59 24 -4.871231120495402855 0 0.000000000000000000 -0.000000000000000000
connection 59 25 -3.551770023440810942 0 0.000000000000000000 -0.000000000000000000
connection 59 43 0.667258633951609004 0 0.000000000000000000 -0.000000000000000000
connection 59 26 -3.623261330053945350 0 0.000000000000000000 -0.000000000000000000
connection 59 27 -3.490622298805635904 0 0.000000000000000000 -0.000000000000000000
connection 59 59 -9.513500708322492727 0 0.000000000000000000 -0.000000000000000000
connection 59 64 -2.111934844764790764 0 0.000000000000000000 -0.000000000000000000
connection 59 40 1.358780992127986753 0 0.000000000000000000 -0.000000000000000000
connection 59 42 -7.687307012770469683 0 0.000000000000000000 -0.000000000000000000
connection 59 77 -8.644529238826656581 0 0.000000000000000000 -0.000000000000000000
connection 59 80 -4.695338776322605767 0 0.000000000000000000 -0.000000000000000000
connection 62 22 4.891439559007992877 0 0.000000000000000000 -0.000000000000000000
connection 62 23 -1.262545315410457558 0 0.000000000000000000 -0.000000000000000000
connection 62 37 -4.117724757809847702 0 0.000000000000000000 -0.000000000000000000
connection 62 58 4.934198431987619315 0 0.000000000000000000 -0.000000000000000000
connection 62 55 0.354160493818915345 0 0.000000000000000000 -0.000000000000000000
connection 62 44 6.134062936385868525 0 0.000000000000000000 -0.000000000000000000
connection 62 26 3.080864717704246747 0 0.000000000000000000 -0.000000000000000000
connection 62 27 4.918262861029927713 0 0.000000000000000000 -0.000000000000000000
connection 62 35 1.290345579855539881 0 0.000000000000000000 -0.000000000000000000
connection 62 28 -1.050481676031960632 0 0.000000000000000000 -0.000000000000000000
connection 62 98 -3.435714775678763822 0 0.000000000000000000 -0.000000000000000000
connection 63 85 -2.774806316230114867 0 0.000000000000000000 -0.000000000000000000
connection 63 51 -5.180353466862873013 0 0.000000000000000000 -0.000000000000000000
connection 63 53 -4.649693676742263193 0 0.000000000000000000 -0.000000000000000000
connection 63 54 -1.757034267756679036 0 0.000000000000000000 -0.000000000000000000
connection 63 86 0.281330374152488627 0 0.000000000000000000 -0.000000000000000000
connection 63 55 5.600478425350733147 0 0.000000000000000000 -0.000000000000000000
connection 63 43 1.702096583624496118 0 0.000000000000000000 -0.000000000000000000
connection 63 44 -1.030346781266496814 0 0.000000000000000000 -0.000000000000000000
connection 63 87 -3.377658461168802084 0 0.000000000000000000 -0.000000000000000000
connection 63 59 -5.235042937314042355 0 0.000000000000000000 -0.000000000000000000
connection 63 98 -3.510782898916492201 0 0.000000000000000000 -0.000000000000000000
connection 63 33 -1.737735634630873438 0 0.000000000000000000 -0.000000000000000000
connection 64 62 -4.969981491155918363 0 0.000000000000000000 -0.000000000000000000
connection 64 81 -3.340549377513078788 0 0.000000000000000000 -0.000000000000000000
connection 64 71 -6.146791680567523564 0 0.000000000000000000 -0.000000000000000000
connection 64 63 -4.972256084469478310 0 0.000000000000000000 -0.000000000000000000
connection 64 57 1.762212260497747707 0 0.000000000000000000 -0.000000000000000000
connection 64 65 -5.974900914025428555 0 0.000000000000000000 -0.000000000000000000
connection 64 72 -5.811882475731660058 0 0.000000000000000000 -0.000000000000000000
connection 64 58 -5.918689947905117599 0 0.000000000000000000 -0.000000000000000000
connection 64 97 -0.582619681627589592 0 0.000000000000000000 -0.000000000000000000
connection 64 99 -3.000558857768266918 0 0.000000000000000000 -0.000000000000000000
connection 64 26 -5.302309256035266039 0 0.000000000000000000 -0.000000000000000000
connection 64 35 -4.525857269354582435 0 0.000000000000000000 -0.000000000000000000
connection 64 28 0.787654205365687643 0 0.000000000000000000 -0.000000000000000000
connection 64 34 -0.314877235177499104 0 0.000000000000000000 -0.000000000000000000
connection 64 88 3.990858432890409979 0 0.000000000000000000 -0.000000000000000000
connection 65 86 4.518785082536941111 0 0.000000000000000000 -0.000000000000000000
connection 65 99 -4.108457176139248546 0 0.000000000000000000 -0.000000000000000000
connection 65 87 0.557956832802750324 0 0.000000000000000000 -0.000000000000000000
connection 65 59 1.273004403935590778 0 0.000000000000000000 -0.000000000000000000
connection 65 31 -1.126646383679084984 0 0.000000000000000000 -0.000000000000000000
connection 65 60 1.310736682147756849 0 0.000000000000000000 -0.000000000000000000
connection 65 49 -2.417318807724576413 0 0.000000000000000000 -0.000000000000000000
connection 65 77 -3.469036291665473115 0 0.000000000000000000 -0.000000000000000000
connection 65 78 0.889865463079987151 0 0.000000000000000000 -0.000000000000000000
connection 22 14 -3.042427476080926230 0 0.000000000000000000 -0.000000000000000000
connection 104 14 -1.465755392990548245 0 0.000000000000000000 -0.000000000000000000
connection 85 14 1.191046948134488526 0 0.000000000000000000 -0.000000000000000000
connection 95 14 3.748355929768742989 0 0.000000000000000000 -0.000000000000000000
connection 96 14 -2.646464300307030282 0 0.000000000000000000 -0.000000000000000000
connection 51 14 4.348709497280403902 0 0.000000000000000000 -0.000000000000000000
connection 52 14 -0.971512213659968982 0 0.000000000000000000 -0.000000000000000000
connection 53 14 -1.370652087346595493 0 0.000000000000000000 -0.000000000000000000
connection 54 14 3.270467347570000349 0 0.000000000000000000 -0.000000000000000000
connection 105 14 1.903156704507508179 0 0.000000000000000000 -0.000000000000000000
connection 86 14 -1.660206734055196476 0 0.000000000000000000 -0.000000000000000000
connection 91 14 -1.838494019255919598 0 0.000000000000000000 -0.000000000000000000
connection 92 14 0.382714772598925057 0 0.000000000000000000 -0.000000000000000000
connection 36 14 -3.889196660334716338 0 0.000000000000000000 -0.000000000000000000
connection 37 14 5.467677113705271097 0 0.000000000000000000 -0.000000000000000000
connection 38 14 6.246441669908227468 0 0.000000000000000000 -0.000000000000000000
connection 39 14 -4.439501771421380028 0 0.000000000000000000 -0.000000000000000000
connection 65 14 -3.075731582773864492 0 0.000000000000000000 -0.000000000000000000
connection 72 14 6.292919613673396029 0 0.000000000000000000 -0.000000000000000000
connection 58 14 5.784919855313613191 0 0.000000000000000000 -0.000000000000000000
connection 97 14 0.423414621955046533 0 0.000000000000000000 -0.000000000000000000
connection 99 14 -3.423883957294933111 0 0.000000000000000000 -0.000000000000000000
connection 87 14 -4.357953860824041570 0 0.000000000000000000 -0.000000000000000000
connection 59 14 6.520653037666588325 0 0.000000000000000000 -0.000000000000000000
connection 88 14 -3.702195357964050970 0 0.000000000000000000 -0.000000000000000000
connection 62 15 -0.468657159396264955 0 0.000000000000000000 -0.000000000000000000
connection 89 15 -1.064050710333378280 0 0.000000000000000000 -0.000000000000000000
connection 104 15 -3.949585841712209611 0 0.000000000000000000 -0.000000000000000000
connection 95 15 5.727127872170756362 0 0.000000000000000000 -0.000000000000000000
connection 96 15 -2.863542332972290883 0 0.000000000000000000 -0.000000000000000000
connection 23 15 -1.078512058292450781 0 0.000000000000000000 -0.000000000000000000
connection 24 15 -1.431979518990243117 0 0.000000000000000000 -0.000000000000000000
connection 37 15 5.209410325083672078 0 0.000000000000000000 -0.000000000000000000
connection 38 15 4.215696877517987495 0 0.000000000000000000 -0.000000000000000000
connection 72 15 2.812085096006001983 0 0.000000000000000000 -0.000000000000000000
connection 58 15 1.164946161178507911 0 0.000000000000000000 -0.000000000000000000
connection 55 15 0.241019428833401439 0 0.000000000000000000 -0.000000000000000000
connection 26 15 -3.944028704822148068 0 0.000000000000000000 -0.000000000000000000
connection 35 15 -0.307973821859854557 0 0.000000000000000000 -0.000000000000000000
connection 28 15 -4.171313897121030401 0 0.000000000000000000 -0.000000000000000000
connection 34 15 -0.476715088958624245 0 0.000000000000000000 -0.000000000000000000
connection 90 16 5.666411154218053525 0 0.000000000000000000 -0.000000000000000000
connection 105 16 -1.078535583904673079 0 0.000000000000000000 -0.000000000000000000
connection 91 16 -4.669650052988147060 0 0.000000000000000000 -0.000000000000000000
connection 92 16 -1.044570154093172665 0 0.000000000000000000 -0.000000000000000000
connection 37 16 0.882424394429516479 0 0.000000000000000000 -0.000000000000000000
connection 38 16 -0.518141600590029006 0 0.000000000000000000 -0.000000000000000000
connection 39 16 6.200559649570474896 0 0.000000000000000000 -0.000000000000000000
connection 93 16 -3.488896216683197604 0 0.000000000000000000 -0.000000000000000000
connection 45 16 -2.160783055441974465 0 0.000000000000000000 -0.000000000000000000
connection 46 16 -1.226213353086013313 0 0.000000000000000000 -0.000000000000000000
connection 47 16 2.474053306910557026 0 0.000000000000000000 -0.000000000000000000
connection 48 16 -3.319349627717784745 0 0.000000000000000000 -0.000000000000000000
connection 60 16 -4.630752503090341143 0 0.000000000000000000 -0.000000000000000000
connection 61 16 -5.284535645083860089 0 0.000000000000000000 -0.000000000000000000
connection 104 17 5.595950744915700881 0 0.000000000000000000 -0.000000000000000000
connection 95 17 -0.945038378099625653 0 0.000000000000000000 -0.000000000000000000
connection 96 17 5.221091552024157423 0 0.000000000000000000 -0.000000000000000000
connection 105 17 -0.200914567816699918 0 0.000000000000000000 -0.000000000000000000
connection 92 17 -0.446942576366796906 0 0.000000000000000000 -0.000000000000000000
connection 36 17 4.396191977301051601 0 0.000000000000000000 -0.000000000000000000
connection 37 17 -1.635472068044143690 0 0.000000000000000000 -0.000000000000000000
connection 38 17 -2.212680383887795088 0 0.000000000000000000 -0.000000000000000000
connection 39 17 3.160315482762929395 0 0.000000000000000000 -0.000000000000000000
connection 65 17 1.621612075258130892 0 0.000000000000000000 -0.000000000000000000
connection 73 17 -0.815086420136405643 0 0.000000000000000000 -0.000000000000000000
connection 44 17 -1.321335701203914192 0 0.000000000000000000 -0.000000000000000000
connection 27 17 -6.690063896410402222 0 0.000000000000000000 -0.000000000000000000
connection 35 17 -7.148054468335864442 0 0.000000000000000000 -0.000000000000000000
connection 59 17 -4.245713036613446789 0 0.000000000000000000 -0.000000000000000000
connection 31 17 -2.277345584930246858 0 0.000000000000000000 -0.000000000000000000
connection 45 17 -4.463099667398507719 0 0.000000000000000000 -0.000000000000000000
connection 48 17 -4.386999649530883616 0 0.000000000000000000 -0.000000000000000000
connection 60 17 -1.845123133202037469 0 0.000000000000000000 -0.000000000000000000
connection 61 17 2.238396385852171377 0 0.000000000000000000 -0.000000000000000000
connection 33 17 -3.234949775794199844 0 0.000000000000000000 -0.000000000000000000
connection 50 18 -0.754043253590650053 0 0.000000000000000000 -0.000000000000000000
connection 67 18 -2.852807918768260453 0 0.000000000000000000 -0.000000000000000000
connection 70 18 -3.885078617611034346 0 0.000000000000000000 -0.000000000000000000
connection 81 18 -4.026554914839306498 0 0.000000000000000000 -0.000000000000000000
connection 63 18 5.889650589372816825 0 0.000000000000000000 -0.000000000000000000
connection 82 18 -2.377950722093785885 0 0.000000000000000000 -0.000000000000000000
connection 57 18 -0.994794457247348607 0 0.000000000000000000 -0.000000000000000000
connection 90 18 -0.693841499733169442 0 0.000000000000000000 -0.000000000000000000
connection 25 18 -1.837963637384019133 0 0.000000000000000000 -0.000000000000000000
connection 65 18 -2.261982305890331446 0 0.000000000000000000 -0.000000000000000000
connection 97 18 -3.178708080058514795 0 0.000000000000000000 -0.000000000000000000
connection 87 18 -6.332796266749514125 0 0.000000000000000000 -0.000000000000000000
connection 56 18 -3.914405379475394575 0 0.000000000000000000 -0.000000000000000000
connection 34 18 0.477714692894315396 0 0.000000000000000000 -0.000000000000000000
connection 29 18 0.735482805060864830 0 0.000000000000000000 -0.000000000000000000
connection 30 18 -4.470979077966346082 0 0.000000000000000000 -0.000000000000000000
connection 31 18 -1.853001534952418705 0 0.000000000000000000 -0.000000000000000000
connection 45 18 0.902055849205471105 0 0.000000000000000000 -0.000000000000000000
connection 46 18 5.238518798223772421 0 0.000000000000000000 -0.000000000000000000
connection 47 18 4.107131634528749409 0 0.000000000000000000 -0.000000000000000000
connection 102 18 2.611278694664244338 0 0.000000000000000000 -0.000000000000000000
connection 49 18 0.985384182565212652 0 0.000000000000000000 -0.000000000000000000
connection 33 18 -3.717846325760364223 0 0.000000000000000000 -0.000000000000000000
connection 67 19 -1.733948062291473580 0 0.000000000000000000 -0.000000000000000000
connection 68 19 5.172143277521553451 0 0.000000000000000000 -0.000000000000000000
connection 69 19 4.490529859871097429 0 0.000000000000000000 -0.000000000000000000
connection 70 19 0.932167480549530580 0 0.000000000000000000 -0.000000000000000000
connection 89 19 5.856882899058211578 0 0.000000000000000000 -0.000000000000000000
connection 57 19 -1.074217902456289675 0 0.000000000000000000 -0.000000000000000000
connection 90 19 -0.356530981832195337 0 0.000000000000000000 -0.000000000000000000
connection 52 19 7.835676831702830469 0 0.000000000000000000 -0.000000000000000000
connection 53 19 7.874932754478876973 0 0.000000000000000000 -0.000000000000000000
connection 105 19 -4.717278171816197130 0 0.000000000000000000 -0.000000000000000000
connection 86 19 7.679936513650011953 0 0.000000000000000000 -0.000000000000000000
connection 91 19 7.345429438769133235 0 0.000000000000000000 -0.000000000000000000
connection 92 19 -4.828950257011454639 0 0.000000000000000000 -0.000000000000000000
connection 73 19 -4.940147475229732521 0 0.000000000000000000 -0.000000000000000000
connection 55 19 6.908363502353605412 0 0.000000000000000000 -0.000000000000000000
connection 43 19 6.381446940643987986 0 0.000000000000000000 -0.000000000000000000
connection 44 19 -5.068156994765590007 0 0.000000000000000000 -0.000000000000000000
connection 26 19 -5.225071168822976730 0 0.000000000000000000 -0.000000000000000000
connection 27 19 5.767218504007709967 0 0.000000000000000000 -0.000000000000000000
connection 35 19 5.067136688991536353 0 0.000000000000000000 -0.000000000000000000
connection 28 19 -5.411799658116110301 0 0.000000000000000000 -0.000000000000000000
connection 29 19 -5.489802171575285605 0 0.000000000000000000 -0.000000000000000000
connection 31 19 -3.210911085372925911 0 0.000000000000000000 -0.000000000000000000
connection 46 19 0.502035915212559969 0 0.000000000000000000 -0.000000000000000000
connection 47 19 -1.034086520043791868 0 0.000000000000000000 -0.000000000000000000
connection 48 19 6.345495748704777839 0 0.000000000000000000 -0.000000000000000000
connection 60 19 5.871048380894002605 0 0.000000000000000000 -0.000000000000000000
connection 77 19 -3.191830807224925959 0 0.000000000000000000 -0.000000000000000000
connection 78 19 0.264537925198216284 0 0.000000000000000000 -0.000000000000000000
connection 80 19 -4.439943013287491524 0 0.000000000000000000 -0.000000000000000000
connection 66 20 -3.539957523054410249 0 0.000000000000000000 -0.000000000000000000
connection 101 20 -4.004419790034202897 0 0.000000000000000000 -0.000000000000000000
connection 74 20 -0.265816683749185767 0 0.000000000000000000 -0.000000000000000000
connection 68 20 1.585660743502922854 0 0.000000000000000000 -0.000000000000000000
connection 69 20 0.481479114516228712 0 0.000000000000000000 -0.000000000000000000
connection 81 20 5.805471726344517691 0 0.000000000000000000 -0.000000000000000000
connection 71 20 -0.591814221152115572 0 0.000000000000000000 -0.000000000000000000
connection 63 20 -1.575429937798103364 0 0.000000000000000000 -0.000000000000000000
connection 82 20 5.327957927291795848 0 0.000000000000000000 -0.000000000000000000
connection 57 20 -3.566732451785278979 0 0.000000000000000000 -0.000000000000000000
connection 104 20 -0.216864096941471463 0 0.000000000000000000 -0.000000000000000000
connection 52 20 8.775474536605862852 0 0.000000000000000000 -0.000000000000000000
connection 53 20 8.466512660586127836 0 0.000000000000000000 -0.000000000000000000
connection 54 20 -4.327760122368222717 0 0.000000000000000000 -0.000000000000000000
connection 105 20 -3.756030517986341355 0 0.000000000000000000 -0.000000000000000000
connection 86 20 8.115618709345930881 0 0.000000000000000000 -0.000000000000000000
connection 91 20 7.724284779927413247 0 0.000000000000000000 -0.000000000000000000
connection 92 20 -3.261303958318249485 0 0.000000000000000000 -0.000000000000000000
connection 65 20 0.270999369332861395 0 0.000000000000000000 -0.000000000000000000
connection 58 20 -5.929864360201304585 0 0.000000000000000000 -0.000000000000000000
connection 97 20 0.369928157956608161 0 0.000000000000000000 -0.000000000000000000
connection 73 20 -3.127071341766963997 0 0.000000000000000000 -0.000000000000000000
connection 55 20 7.295525297711503043 0 0.000000000000000000 -0.000000000000000000
connection 43 20 6.834040847433392685 0 0.000000000000000000 -0.000000000000000000
connection 44 20 -3.445311356170929429 0 0.000000000000000000 -0.000000000000000000
connection 26 20 -4.166538243064684899 0 0.000000000000000000 -0.000000000000000000
connection 27 20 6.346320282997260698 0 0.000000000000000000 -0.000000000000000000
connection 35 20 5.840815345938052516 0 0.000000000000000000 -0.000000000000000000
connection 56 20 0.406094376244650668 0 0.000000000000000000 -0.000000000000000000
connection 34 20 -6.233755715070466330 0 0.000000000000000000 -0.000000000000000000
connection 30 20 0.348710515942772581 0 0.000000000000000000 -0.000000000000000000
connection 64 20 -2.772437406387069370 0 0.000000000000000000 -0.000000000000000000
connection 42 20 -4.112955311217962873 0 0.000000000000000000 -0.000000000000000000
connection 45 20 4.364212603781429500 0 0.000000000000000000 -0.000000000000000000
connection 46 20 -2.433412136365582512 0 0.000000000000000000 -0.000000000000000000
connection 48 20 2.978722580403110776 0 0.000000000000000000 -0.000000000000000000
connection 60 20 1.337877491710599109 0 0.000000000000000000 -0.000000000000000000
connection 102 20 -3.720896693712592018 0 0.000000000000000000 -0.000000000000000000
connection 49 20 -4.140150961519208472 0 0.000000000000000000 -0.000000000000000000
connection 61 20 -0.303245021495895051 0 0.000000000000000000 -0.000000000000000000
connection 77 20 -4.911776969687871031 0 0.000000000000000000 -0.000000000000000000
connection 80 20 -3.690603610799768841 0 0.000000000000000000 -0.000000000000000000
connection 100 21 -0.988375264081937654 0 0.000000000000000000 -0.000000000000000000
connection 66 21 0.218409853219033945 0 0.000000000000000000 -0.000000000000000000
connection 74 21 -2.037892241964752493 0 0.000000000000000000 -0.000000000000000000
connection 67 21 4.515491036969206284 0 0.000000000000000000 -0.000000000000000000
connection 68 21 -0.583638193347805867 0 0.000000000000000000 -0.000000000000000000
connection 69 21 -0.923876164295102775 0 0.000000000000000000 -0.000000000000000000
connection 70 21 3.598914037074682604 0 0.000000000000000000 -0.000000000000000000
connection 81 21 2.393679115464403040 0 0.000000000000000000 -0.000000000000000000
connection 63 21 -1.273497394472122846 0 0.000000000000000000 -0.000000000000000000
connection 82 21 0.999615524627068153 0 0.000000000000000000 -0.000000000000000000
connection 83 21 -3.277735478312275852 0 0.000000000000000000 -0.000000000000000000
connection 84 21 -4.240888797335372828 0 0.000000000000000000 -0.000000000000000000
connection 23 21 8.659234568231966023 0 0.000000000000000000 -0.000000000000000000
connection 24 21 7.965627351304568116 0 0.000000000000000000 -0.000000000000000000
connection 99 21 7.118768773225099267 0 0.000000000000000000 -0.000000000000000000
connection 87 21 6.157062798378944990 0 0.000000000000000000 -0.000000000000000000
connection 59 21 -6.537888787873617602 0 0.000000000000000000 -0.000000000000000000
connection 64 21 -3.916063384177479456 0 0.000000000000000000 -0.000000000000000000
connection 40 21 6.248203299992440840 0 0.000000000000000000 -0.000000000000000000
connection 41 21 5.971793876700073334 0 0.000000000000000000 -0.000000000000000000
connection 42 21 -1.420569518384833252 0 0.000000000000000000 -0.000000000000000000
connection 32 21 -2.746729980722314224 0 0.000000000000000000 -0.000000000000000000
connection 98 21 -3.707483120767701035 0 0.000000000000000000 -0.000000000000000000
connection 33 21 6.556575134201528599 0 0.000000000000000000 -0.000000000000000000
NNend

