NNstart
21 10
neuron 1 1.000000000000000000 0.000000000000000000 0.000000000000000000 -0.000000000000000000 11 0.000000000000000000
neuron 1 1.000000000000000000 0.000000000000000000 0.000000000000000000 -0.000000000000000000 11 0.000000000000000000
neuron 1 1.000000000000000000 0.000000000000000000 0.000000000000000000 -0.000000000000000000 11 0.000000000000000000
neuron 1 1.000000000000000000 0.000000000000000000 0.000000000000000000 -0.000000000000000000 11 0.000000000000000000
neuron 1 1.000000000000000000 0.000000000000000000 0.000000000000000000 -0.000000000000000000 11 0.000000000000000000
neuron 1 1.000000000000000000 0.000000000000000000 0.000000000000000000 -0.000000000000000000 11 0.000000000000000000
neuron 1 1.000000000000000000 0.000000000000000000 0.000000000000000000 -0.000000000000000000 11 0.000000000000000000
neuron 1 1.000000000000000000 0.000000000000000000 0.000000000000000000 -0.000000000000000000 11 0.000000000000000000
neuron 1 1.000000000000000000 0.000000000000000000 0.000000000000000000 -0.000000000000000000 11 0.000000000000000000
neuron 1 1.000000000000000000 0.000000000000000000 0.000000000000000000 -0.000000000000000000 11 0.000000000000000000
neuron 1 1.000000000000000000 0.000000000000000000 0.000000000000000000 -0.000000000000000000 11 0.000000000000000000
neuron 1 1.000000000000000000 0.000000000000000000 0.000000000000000000 -0.000000000000000000 11 0.000000000000000000
neuron 1 1.000000000000000000 0.000000000000000000 0.000000000000000000 -0.000000000000000000 11 0.000000000000000000
neuron 1 1.000000000000000000 0.000000000000000000 0.000000000000000000 -0.000000000000000000 11 0.000000000000000000
neuron 1 1.000000000000000000 0.000000000000000000 0.000000000000000000 -0.000000000000000000 11 0.000000000000000000
neuron 1 1.000000000000000000 0.000000000000000000 0.000000000000000000 -0.000000000000000000 11 0.000000000000000000
neuron 1 1.000000000000000000 0.000000000000000000 0.000000000000000000 -0.000000000000000000 11 0.000000000000000000
neuron 1 1.000000000000000000 0.000000000000000000 0.000000000000000000 -0.000000000000000000 11 0.000000000000000000
neuron 1 1.000000000000000000 0.000000000000000000 0.000000000000000000 -0.000000000000000000 11 0.000000000000000000
neuron 1 1.000000000000000000 0.000000000000000000 0.000000000000000000 -0.000000000000000000 11 0.000000000000000000
neuron 2 1.000000000000000000 0.000000000000000000 0.000000000000000000 0.000000000000000000 11 0.000000000000000000
neuron 4 1.000000000000000000 0.000000000000000000 0.000000000000000000 -0.000000000000000000 1 0.000000000000000000
neuron 4 1.000000000000000000 0.000000000000000000 0.000000000000000000 -0.000000000000000000 1 0.000000000000000000
neuron 4 1.000000000000000000 0.000000000000000000 0.000000000000000000 -0.000000000000000000 1 0.000000000000000000
neuron 4 1.000000000000000000 0.000000000000000000 0.000000000000000000 -0.000000000000000000 1 0.000000000000000000
neuron 4 1.000000000000000000 0.000000000000000000 0.000000000000000000 -0.000000000000000000 1 0.000000000000000000
neuron 4 1.000000000000000000 0.000000000000000000 0.000000000000000000 -0.000000000000000000 1 0.000000000000000000
neuron 4 1.000000000000000000 0.000000000000000000 0.000000000000000000 -0.000000000000000000 1 0.000000000000000000
neuron 4 1.000000000000000000 0.000000000000000000 0.000000000000000000 -0.000000000000000000 1 0.000000000000000000
neuron 4 1.000000000000000000 0.000000000000000000 0.000000000000000000 -0.000000000000000000 1 0.000000000000000000
neuron 4 1.000000000000000000 0.000000000000000000 0.000000000000000000 -0.000000000000000000 1 0.000000000000000000
neuron 3 1.000000000000000000 0.000000000000000000 0.000000000000000000 -0.000000000000000000 0 0.000000000000000000
neuron 3 1.000000000000000000 0.000000000000000000 0.000000000000000000 -0.000000000000000000 0 0.000000000000000000
neuron 3 1.000000000000000000 0.000000000000000000 0.000000000000000000 -0.000000000000000000 0 0.000000000000000000
neuron 3 1.000000000000000000 0.000000000000000000 0.000000000000000000 -0.000000000000000000 0 0.000000000000000000
neuron 3 1.000000000000000000 0.000000000000000000 0.000000000000000000 -0.000000000000000000 0 0.000000000000000000
neuron 3 1.000000000000000000 0.000000000000000000 0.000000000000000000 -0.000000000000000000 0 0.000000000000000000
neuron 3 1.000000000000000000 0.000000000000000000 0.000000000000000000 -0.000000000000000000 0 0.000000000000000000
neuron 3 1.000000000000000000 0.000000000000000000 0.000000000000000000 -0.000000000000000000 0 0.000000000000000000
neuron 3 1.000000000000000000 0.000000000000000000 0.000000000000000000 -0.000000000000000000 0 0.000000000000000000
neuron 3 1.000000000000000000 0.000000000000000000 0.000000000000000000 -0.000000000000000000 0 0.000000000000000000
neuron 3 1.000000000000000000 0.000000000000000000 0.000000000000000000 -0.000000000000000000 0 0.000000000000000000
neuron 3 1.000000000000000000 0.000000000000000000 0.000000000000000000 -0.000000000000000000 0 0.000000000000000000
neuron 3 1.000000000000000000 0.000000000000000000 0.000000000000000000 -0.000000000000000000 0 0.000000000000000000
neuron 3 1.000000000000000000 0.000000000000000000 0.000000000000000000 -0.000000000000000000 0 0.000000000000000000
neuron 3 1.000000000000000000 0.000000000000000000 0.000000000000000000 -0.000000000000000000 0 0.000000000000000000
neuron 3 1.000000000000000000 0.000000000000000000 0.000000000000000000 -0.000000000000000000 0 0.000000000000000000
neuron 3 1.000000000000000000 0.000000000000000000 0.000000000000000000 -0.000000000000000000 0 0.000000000000000000
neuron 3 1.000000000000000000 0.000000000000000000 0.000000000000000000 -0.000000000000000000 0 0.000000000000000000
neuron 3 1.000000000000000000 0.000000000000000000 0.000000000000000000 -0.000000000000000000 0 0.000000000000000000
neuron 3 1.000000000000000000 0.000000000000000000 0.000000000000000000 -0.000000000000000000 0 0.000000000000000000
neuron 3 1.000000000000000000 0.000000000000000000 0.000000000000000000 -0.000000000000000000 0 0.000000000000000000
neuron 3 1.000000000000000000 0.000000000000000000 0.000000000000000000 -0.000000000000000000 0 0.000000000000000000
neuron 3 1.000000000000000000 0.000000000000000000 0.000000000000000000 -0.000000000000000000 0 0.000000000000000000
neuron 3 1.000000000000000000 0.000000000000000000 0.000000000000000000 -0.000000000000000000 0 0.000000000000000000
neuron 3 1.000000000000000000 0.000000000000000000 0.000000000000000000 -0.000000000000000000 0 0.000000000000000000
neuron 3 1.000000000000000000 0.000000000000000000 0.000000000000000000 -0.000000000000000000 0 0.000000000000000000
neuron 3 1.000000000000000000 0.000000000000000000 0.000000000000000000 -0.000000000000000000 0 0.000000000000000000
neuron 3 1.000000000000000000 0.000000000000000000 0.000000000000000000 -0.000000000000000000 0 0.000000000000000000
neuron 3 1.000000000000000000 0.000000000000000000 0.000000000000000000 -0.000000000000000000 0 0.000000000000000000
neuron 3 1.000000000000000000 0.000000000000000000 0.000000000000000000 -0.000000000000000000 0 0.000000000000000000
neuron 3 1.000000000000000000 0.000000000000000000 0.000000000000000000 -0.000000000000000000 0 0.000000000000000000
neuron 3 1.000000000000000000 0.000000000000000000 0.000000000000000000 -0.000000000000000000 0 0.000000000000000000
neuron 3 1.000000000000000000 0.000000000000000000 0.000000000000000000 -0.000000000000000000 0 0.000000000000000000
neuron 3 1.000000000000000000 0.000000000000000000 0.000000000000000000 -0.000000000000000000 0 0.000000000000000000
neuron 3 1.000000000000000000 0.000000000000000000 0.000000000000000000 -0.000000000000000000 0 0.000000000000000000
neuron 3 1.000000000000000000 0.000000000000000000 0.000000000000000000 -0.000000000000000000 0 0.000000000000000000
neuron 3 1.000000000000000000 0.000000000000000000 0.000000000000000000 -0.000000000000000000 0 0.000000000000000000
neuron 3 1.000000000000000000 0.000000000000000000 0.000000000000000000 -0.000000000000000000 0 0.000000000000000000
neuron 3 1.000000000000000000 0.000000000000000000 0.000000000000000000 -0.000000000000000000 0 0.000000000000000000
neuron 3 1.000000000000000000 0.000000000000000000 0.000000000000000000 -0.000000000000000000 0 0.000000000000000000
neuron 3 1.000000000000000000 0.000000000000000000 0.000000000000000000 -0.000000000000000000 0 0.000000000000000000
neuron 3 1.000000000000000000 0.000000000000000000 0.000000000000000000 -0.000000000000000000 0 0.000000000000000000
neuron 3 1.000000000000000000 0.000000000000000000 0.000000000000000000 -0.000000000000000000 0 0.000000000000000000
neuron 3 1.000000000000000000 0.000000000000000000 0.000000000000000000 -0.000000000000000000 0 0.000000000000000000
neuron 3 1.000000000000000000 0.000000000000000000 0.000000000000000000 -0.000000000000000000 0 0.000000000000000000
neuron 3 1.000000000000000000 0.000000000000000000 0.000000000000000000 -0.000000000000000000 0 0.000000000000000000
neuron 3 1.000000000000000000 0.000000000000000000 0.000000000000000000 -0.000000000000000000 0 0.000000000000000000
neuron 3 1.000000000000000000 0.000000000000000000 0.000000000000000000 -0.000000000000000000 0 0.000000000000000000
neuron 3 1.000000000000000000 0.000000000000000000 0.000000000000000000 -0.000000000000000000 0 0.000000000000000000
neuron 3 1.000000000000000000 0.000000000000000000 0.000000000000000000 -0.000000000000000000 0 0.000000000000000000
neuron 3 1.000000000000000000 0.000000000000000000 0.000000000000000000 -0.000000000000000000 0 0.000000000000000000
neuron 3 1.000000000000000000 0.000000000000000000 0.000000000000000000 -0.000000000000000000 0 0.000000000000000000
neuron 3 1.000000000000000000 0.000000000000000000 0.000000000000000000 -0.000000000000000000 0 0.000000000000000000
neuron 3 1.000000000000000000 0.000000000000000000 0.000000000000000000 -0.000000000000000000 0 0.000000000000000000
neuron 3 1.000000000000000000 0.000000000000000000 0.000000000000000000 -0.000000000000000000 0 0.000000000000000000
neuron 3 1.000000000000000000 0.000000000000000000 0.000000000000000000 -0.000000000000000000 0 0.000000000000000000
neuron 3 1.000000000000000000 0.000000000000000000 0.000000000000000000 -0.000000000000000000 0 0.000000000000000000
neuron 3 1.000000000000000000 0.000000000000000000 0.000000000000000000 -0.000000000000000000 0 0.000000000000000000
neuron 3 1.000000000000000000 0.000000000000000000 0.000000000000000000 -0.000000000000000000 0 0.000000000000000000
neuron 3 1.000000000000000000 0.000000000000000000 0.000000000000000000 -0.000000000000000000 0 0.000000000000000000
connection 0 31 -8.000000000000000000 0 0.000000000000000000 -0.000000000000000000
connection 0 32 -8.000000000000000000 0 0.000000000000000000 -0.000000000000000000
connection 0 33 -8.000000000000000000 0 0.000000000000000000 -0.000000000000000000
connection 0 34 -8.000000000000000000 0 0.000000000000000000 -0.000000000000000000
connection 0 35 -8.000000000000000000 0 0.000000000000000000 -0.000000000000000000
connection 0 36 -8.000000000000000000 0 0.000000000000000000 -0.000000000000000000
connection 0 37 8.000000000000000000 0 0.000000000000000000 -0.000000000000000000
connection 0 38 8.000000000000000000 0 0.000000000000000000 -0.000000000000000000
connection 0 39 -8.000000000000000000 0 0.000000000000000000 -0.000000000000000000
connection 0 40 -8.000000000000000000 0 0.000000000000000000 -0.000000000000000000
connection 0 41 -8.000000000000000000 0 0.000000000000000000 -0.000000000000000000
connection 0 42 -8.000000000000000000 0 0.000000000000000000 -0.000000000000000000
connection 0 43 -8.000000000000000000 0 0.000000000000000000 -0.000000000000000000
connection 0 44 -8.000000000000000000 0 0.000000000000000000 -0.000000000000000000
connection 1 31 -8.000000000000000000 0 0.000000000000000000 -0.000000000000000000
connection 1 32 -8.000000000000000000 0 0.000000000000000000 -0.000000000000000000
connection 1 33 -8.000000000000000000 0 0.000000000000000000 -0.000000000000000000
connection 1 34 -8.000000000000000000 0 0.000000000000000000 -0.000000000000000000
connection 1 35 -8.000000000000000000 0 0.000000000000000000 -0.000000000000000000
connection 1 36 -8.000000000000000000 0 0.000000000000000000 -0.000000000000000000
connection 1 37 8.000000000000000000 0 0.000000000000000000 -0.000000000000000000
connection 1 38 8.000000000000000000 0 0.000000000000000000 -0.000000000000000000
connection 1 39 -8.000000000000000000 0 0.000000000000000000 -0.000000000000000000
connection 1 40 -8.000000000000000000 0 0.000000000000000000 -0.000000000000000000
connection 1 41 -8.000000000000000000 0 0.000000000000000000 -0.000000000000000000
connection 1 42 -8.000000000000000000 0 0.000000000000000000 -0.000000000000000000
connection 1 43 -8.000000000000000000 0 0.000000000000000000 -0.000000000000000000
connection 1 44 -8.000000000000000000 0 0.000000000000000000 -0.000000000000000000
connection 2 31 -8.000000000000000000 0 0.000000000000000000 -0.000000000000000000
connection 2 32 -8.000000000000000000 0 0.000000000000000000 -0.000000000000000000
connection 2 33 -8.000000000000000000 0 0.000000000000000000 -0.000000000000000000
connection 2 34 -8.000000000000000000 0 0.000000000000000000 -0.000000000000000000
connection 2 35 -8.000000000000000000 0 0.000000000000000000 -0.000000000000000000
connection 2 36 -8.000000000000000000 0 0.000000000000000000 -0.000000000000000000
connection 2 37 8.000000000000000000 0 0.000000000000000000 -0.000000000000000000
connection 2 38 8.000000000000000000 0 0.000000000000000000 -0.000000000000000000
connection 2 39 -8.000000000000000000 0 0.000000000000000000 -0.000000000000000000
connection 2 40 -8.000000000000000000 0 0.000000000000000000 -0.000000000000000000
connection 2 41 -8.000000000000000000 0 0.000000000000000000 -0.000000000000000000
connection 2 42 -8.000000000000000000 0 0.000000000000000000 -0.000000000000000000
connection 2 43 -8.000000000000000000 0 0.000000000000000000 -0.000000000000000000
connection 2 44 -8.000000000000000000 0 0.000000000000000000 -0.000000000000000000
connection 3 31 -8.000000000000000000 0 0.000000000000000000 -0.000000000000000000
connection 3 33 -8.000000000000000000 0 0.000000000000000000 -0.000000000000000000
connection 3 34 -8.000000000000000000 0 0.000000000000000000 -0.000000000000000000
connection 3 35 -8.000000000000000000 0 0.000000000000000000 -0.000000000000000000
connection 3 36 -8.000000000000000000 0 0.000000000000000000 -0.000000000000000000
connection 3 37 8.000000000000000000 0 0.000000000000000000 -0.000000000000000000
connection 3 38 8.000000000000000000 0 0.000000000000000000 -0.000000000000000000
connection 3 39 -8.000000000000000000 0 0.000000000000000000 -0.000000000000000000
connection 3 40 -8.000000000000000000 0 0.000000000000000000 -0.000000000000000000
connection 3 41 -8.000000000000000000 0 0.000000000000000000 -0.000000000000000000
connection 3 42 -8.000000000000000000 0 0.000000000000000000 -0.000000000000000000
connection 3 43 -8.000000000000000000 0 0.000000000000000000 -0.000000000000000000
connection 3 44 -8.000000000000000000 0 0.000000000000000000 -0.000000000000000000
connection 4 31 -8.000000000000000000 0 0.000000000000000000 -0.000000000000000000
connection 4 36 -8.000000000000000000 0 0.000000000000000000 -0.000000000000000000
connection 4 37 8.000000000000000000 0 0.000000000000000000 -0.000000000000000000
connection 4 38 8.000000000000000000 0 0.000000000000000000 -0.000000000000000000
connection 4 39 -8.000000000000000000 0 0.000000000000000000 -0.000000000000000000
connection 4 44 -8.000000000000000000 0 0.000000000000000000 -0.000000000000000000
connection 5 31 -8.000000000000000000 0 0.000000000000000000 -0.000000000000000000
connection 5 36 -8.000000000000000000 0 0.000000000000000000 -0.000000000000000000
connection 5 37 8.000000000000000000 0 0.000000000000000000 -0.000000000000000000
connection 5 38 8.000000000000000000 0 0.000000000000000000 -0.000000000000000000
connection 5 39 -8.000000000000000000 0 0.000000000000000000 -0.000000000000000000
connection 5 44 -8.000000000000000000 0 0.000000000000000000 -0.000000000000000000
connection 6 31 -8.000000000000000000 0 0.000000000000000000 -0.000000000000000000
connection 6 36 -8.000000000000000000 0 0.000000000000000000 -0.000000000000000000
connection 6 37 8.000000000000000000 0 0.000000000000000000 -0.000000000000000000
connection 6 38 8.000000000000000000 0 0.000000000000000000 -0.000000000000000000
connection 6 39 -8.000000000000000000 0 0.000000000000000000 -0.000000000000000000
connection 6 44 -8.000000000000000000 0 0.000000000000000000 -0.000000000000000000
connection 7 31 -8.000000000000000000 0 0.000000000000000000 -0.000000000000000000
connection 7 36 -8.000000000000000000 0 0.000000000000000000 -0.000000000000000000
connection 7 37 8.000000000000000000 0 0.000000000000000000 -0.000000000000000000
connection 7 38 8.000000000000000000 0 0.000000000000000000 -0.000000000000000000
connection 7 39 -8.000000000000000000 0 0.000000000000000000 -0.000000000000000000
connection 7 44 -8.000000000000000000 0 0.000000000000000000 -0.000000000000000000
connection 8 31 -8.000000000000000000 0 0.000000000000000000 -0.000000000000000000
connection 8 36 -8.000000000000000000 0 0.000000000000000000 -0.000000000000000000
connection 8 37 8.000000000000000000 0 0.000000000000000000 -0.000000000000000000
connection 8 38 8.000000000000000000 0 0.000000000000000000 -0.000000000000000000
connection 8 39 -8.000000000000000000 0 0.000000000000000000 -0.000000000000000000
connection 8 44 -8.000000000000000000 0 0.000000000000000000 -0.000000000000000000
connection 9 31 -8.000000000000000000 0 0.000000000000000000 -0.000000000000000000
connection 9 36 -8.000000000000000000 0 0.000000000000000000 -0.000000000000000000
connection 9 37 8.000000000000000000 0 0.000000000000000000 -0.000000000000000000
connection 9 38 8.000000000000000000 0 0.000000000000000000 -0.000000000000000000
connection 9 39 -8.000000000000000000 0 0.000000000000000000 -0.000000000000000000
connection 9 44 -8.000000000000000000 0 0.000000000000000000 -0.000000000000000000
connection 10 31 -8.000000000000000000 0 0.000000000000000000 -0.000000000000000000
connection 10 36 -8.000000000000000000 0 0.000000000000000000 -0.000000000000000000
connection 10 37 8.000000000000000000 0 0.000000000000000000 -0.000000000000000000
connection 10 38 8.000000000000000000 0 0.000000000000000000 -0.000000000000000000
connection 10 45 -8.000000000000000000 0 0.000000000000000000 -0.000000000000000000
connection 10 46 -8.000000000000000000 0 0.000000000000000000 -0.000000000000000000
connection 10 47 -8.000000000000000000 0 0.000000000000000000 -0.000000000000000000
connection 10 48 -8.000000000000000000 0 0.000000000000000000 -0.000000000000000000
connection 10 49 -8.000000000000000000 0 0.000000000000000000 -0.000000000000000000
connection 11 50 -8.000000000000000000 0 0.000000000000000000 -0.000000000000000000
connection 11 51 -8.000000000000000000 0 0.000000000000000000 -0.000000000000000000
connection 11 52 -8.000000000000000000 0 0.000000000000000000 -0.000000000000000000
connection 11 53 -8.000000000000000000 0 0.000000000000000000 -0.000000000000000000
connection 11 37 8.000000000000000000 0 0.000000000000000000 -0.000000000000000000
connection 11 38 8.000000000000000000 0 0.000000000000000000 -0.000000000000000000
connection 11 45 -8.000000000000000000 0 0.000000000000000000 -0.000000000000000000
connection 11 47 -8.000000000000000000 0 0.000000000000000000 -0.000000000000000000
connection 11 48 -8.000000000000000000 0 0.000000000000000000 -0.000000000000000000
connection 11 49 -8.000000000000000000 0 0.000000000000000000 -0.000000000000000000
connection 12 50 -8.000000000000000000 0 0.000000000000000000 -0.000000000000000000
connection 12 51 -8.000000000000000000 0 0.000000000000000000 -0.000000000000000000
connection 12 52 -8.000000000000000000 0 0.000000000000000000 -0.000000000000000000
connection 12 53 -8.000000000000000000 0 0.000000000000000000 -0.000000000000000000
connection 12 37 8.000000000000000000 0 0.000000000000000000 -0.000000000000000000
connection 12 38 8.000000000000000000 0 0.000000000000000000 -0.000000000000000000
connection 12 45 -8.000000000000000000 0 0.000000000000000000 -0.000000000000000000
connection 12 47 -8.000000000000000000 0 0.000000000000000000 -0.000000000000000000
connection 12 48 -8.000000000000000000 0 0.000000000000000000 -0.000000000000000000
connection 12 49 -8.000000000000000000 0 0.000000000000000000 -0.000000000000000000
connection 13 37 8.000000000000000000 0 0.000000000000000000 -0.000000000000000000
connection 13 38 8.000000000000000000 0 0.000000000000000000 -0.000000000000000000
connection 13 54 8.000000000000000000 0 0.000000000000000000 -0.000000000000000000
connection 14 55 8.000000000000000000 0 0.000000000000000000 -0.000000000000000000
connection 14 56 8.000000000000000000 0 0.000000000000000000 -0.000000000000000000
connection 14 57 8.000000000000000000 0 0.000000000000000000 -0.000000000000000000
connection 14 58 8.000000000000000000 0 0.000000000000000000 -0.000000000000000000
connection 14 59 8.000000000000000000 0 0.000000000000000000 -0.000000000000000000
connection 14 60 8.000000000000000000 0 0.000000000000000000 -0.000000000000000000
connection 14 38 8.000000000000000000 0 0.000000000000000000 -0.000000000000000000
connection 14 54 8.000000000000000000 0 0.000000000000000000 -0.000000000000000000
connection 15 61 8.000000000000000000 0 0.000000000000000000 -0.000000000000000000
connection 15 55 8.000000000000000000 0 0.000000000000000000 -0.000000000000000000
connection 15 56 8.000000000000000000 0 0.000000000000000000 -0.000000000000000000
connection 15 57 8.000000000000000000 0 0.000000000000000000 -0.000000000000000000
connection 15 58 8.000000000000000000 0 0.000000000000000000 -0.000000000000000000
connection 15 59 8.000000000000000000 0 0.000000000000000000 -0.000000000000000000
connection 15 60 8.000000000000000000 0 0.000000000000000000 -0.000000000000000000
connection 15 38 8.000000000000000000 0 0.000000000000000000 -0.000000000000000000
connection 15 41 -8.000000000000000000 0 0.000000000000000000 -0.000000000000000000
connection 15 62 -8.000000000000000000 0 0.000000000000000000 -0.000000000000000000
connection 16 61 8.000000000000000000 0 0.000000000000000000 -0.000000000000000000
connection 16 55 8.000000000000000000 0 0.000000000000000000 -0.000000000000000000
connection 16 56 8.000000000000000000 0 0.000000000000000000 -0.000000000000000000
connection 16 57 8.000000000000000000 0 0.000000000000000000 -0.000000000000000000
connection 16 58 8.000000000000000000 0 0.000000000000000000 -0.000000000000000000
connection 16 59 8.000000000000000000 0 0.000000000000000000 -0.000000000000000000
connection 16 60 8.000000000000000000 0 0.000000000000000000 -0.000000000000000000
connection 16 38 8.000000000000000000 0 0.000000000000000000 -0.000000000000000000
connection 17 50 8.000000000000000000 0 0.000000000000000000 -0.000000000000000000
connection 17 63 -8.000000000000000000 0 0.000000000000000000 -0.000000000000000000
connection 17 64 -8.000000000000000000 0 0.000000000000000000 -0.000000000000000000
connection 17 32 -8.000000000000000000 0 0.000000000000000000 -0.000000000000000000
connection 17 65 8.000000000000000000 0 0.000000000000000000 -0.000000000000000000
connection 17 66 8.000000000000000000 0 0.000000000000000000 -0.000000000000000000
connection 17 33 -8.000000000000000000 0 0.000000000000000000 -0.000000000000000000
connection 17 67 -8.000000000000000000 0 0.000000000000000000 -0.000000000000000000
connection 17 55 8.000000000000000000 0 0.000000000000000000 -0.000000000000000000
connection 17 56 8.000000000000000000 0 0.000000000000000000 -0.000000000000000000
connection 17 57 8.000000000000000000 0 0.000000000000000000 -0.000000000000000000
connection 17 58 8.000000000000000000 0 0.000000000000000000 -0.000000000000000000
connection 17 59 8.000000000000000000 0 0.000000000000000000 -0.000000000000000000
connection 17 60 8.000000000000000000 0 0.000000000000000000 -0.000000000000000000
connection 17 68 8.000000000000000000 0 0.000000000000000000 -0.000000000000000000
connection 17 69 8.000000000000000000 0 0.000000000000000000 -0.000000000000000000
connection 17 70 8.000000000000000000 0 0.000000000000000000 -0.000000000000000000
connection 17 71 8.000000000000000000 0 0.000000000000000000 -0.000000000000000000
connection 17 72 8.000000000000000000 0 0.000000000000000000 -0.000000000000000000
connection 17 73 8.000000000000000000 0 0.000000000000000000 -0.000000000000000000
connection 17 74 8.000000000000000000 0 0.000000000000000000 -0.000000000000000000
connection 17 75 8.000000000000000000 0 0.000000000000000000 -0.000000000000000000
connection 17 76 8.000000000000000000 0 0.000000000000000000 -0.000000000000000000
connection 18 55 8.000000000000000000 0 0.000000000000000000 -0.000000000000000000
connection 18 56 8.000000000000000000 0 0.000000000000000000 -0.000000000000000000
connection 18 57 8.000000000000000000 0 0.000000000000000000 -0.000000000000000000
connection 18 58 8.000000000000000000 0 0.000000000000000000 -0.000000000000000000
connection 18 59 8.000000000000000000 0 0.000000000000000000 -0.000000000000000000
connection 18 77 8.000000000000000000 0 0.000000000000000000 -0.000000000000000000
connection 18 78 8.000000000000000000 0 0.000000000000000000 -0.000000000000000000
connection 18 79 8.000000000000000000 0 0.000000000000000000 -0.000000000000000000
connection 18 69 8.000000000000000000 0 0.000000000000000000 -0.000000000000000000
connection 18 70 8.000000000000000000 0 0.000000000000000000 -0.000000000000000000
connection 18 71 8.000000000000000000 0 0.000000000000000000 -0.000000000000000000
connection 18 72 8.000000000000000000 0 0.000000000000000000 -0.000000000000000000
connection 18 73 8.000000000000000000 0 0.000000000000000000 -0.000000000000000000
connection 18 74 8.000000000000000000 0 0.000000000000000000 -0.000000000000000000
connection 18 75 8.000000000000000000 0 0.000000000000000000 -0.000000000000000000
connection 18 76 8.000000000000000000 0 0.000000000000000000 -0.000000000000000000
connection 19 55 8.000000000000000000 0 0.000000000000000000 -0.000000000000000000
connection 19 56 8.000000000000000000 0 0.000000000000000000 -0.000000000000000000
connection 19 57 8.000000000000000000 0 0.000000000000000000 -0.000000000000000000
connection 19 58 8.000000000000000000 0 0.000000000000000000 -0.000000000000000000
connection 19 59 8.000000000000000000 0 0.000000000000000000 -0.000000000000000000
connection 19 78 8.000000000000000000 0 0.000000000000000000 -0.000000000000000000
connection 19 79 8.000000000000000000 0 0.000000000000000000 -0.000000000000000000
connection 19 69 8.000000000000000000 0 0.000000000000000000 -0.000000000000000000
connection 19 70 8.000000000000000000 0 0.000000000000000000 -0.000000000000000000
connection 19 71 8.000000000000000000 0 0.000000000000000000 -0.000000000000000000
connection 19 72 8.000000000000000000 0 0.000000000000000000 -0.000000000000000000
connection 19 73 8.000000000000000000 0 0.000000000000000000 -0.000000000000000000
connection 19 74 8.000000000000000000 0 0.000000000000000000 -0.000000000000000000
connection 20 80 8.000000000000000000 0 0.000000000000000000 -0.000000000000000000
connection 20 81 8.000000000000000000 0 0.000000000000000000 -0.000000000000000000
connection 20 56 8.000000000000000000 0 0.000000000000000000 -0.000000000000000000
connection 20 57 8.000000000000000000 0 0.000000000000000000 -0.000000000000000000
connection 20 58 8.000000000000000000 0 0.000000000000000000 -0.000000000000000000
connection 20 59 8.000000000000000000 0 0.000000000000000000 -0.000000000000000000
connection 20 78 8.000000000000000000 0 0.000000000000000000 -0.000000000000000000
connection 20 79 8.000000000000000000 0 0.000000000000000000 -0.000000000000000000
connection 20 69 8.000000000000000000 0 0.000000000000000000 -0.000000000000000000
connection 20 71 8.000000000000000000 0 0.000000000000000000 -0.000000000000000000
connection 20 72 8.000000000000000000 0 0.000000000000000000 -0.000000000000000000
connection 20 73 8.000000000000000000 0 0.000000000000000000 -0.000000000000000000
connection 20 74 8.000000000000000000 0 0.000000000000000000 -0.000000000000000000
connection 31 37 8.000000000000000000 0 0.000000000000000000 -0.000000000000000000
connection 32 37 8.000000000000000000 0 0.000000000000000000 -0.000000000000000000
connection 49 34 -8.000000000000000000 0 0.000000000000000000 -0.000000000000000000
connection 49 59 -8.000000000000000000 0 0.000000000000000000 -0.000000000000000000
connection 49 79 -8.000000000000000000 0 0.000000000000000000 -0.000000000000000000
connection 49 38 -8.000000000000000000 0 0.000000000000000000 -0.000000000000000000
connection 33 63 8.000000000000000000 0 0.000000000000000000 -0.000000000000000000
connection 33 64 8.000000000000000000 0 0.000000000000000000 -0.000000000000000000
connection 33 37 8.000000000000000000 0 0.000000000000000000 -0.000000000000000000
connection 34 52 -8.000000000000000000 0 0.000000000000000000 -0.000000000000000000
connection 34 54 -8.000000000000000000 0 0.000000000000000000 -0.000000000000000000
connection 35 65 8.000000000000000000 0 0.000000000000000000 -0.000000000000000000
connection 35 66 8.000000000000000000 0 0.000000000000000000 -0.000000000000000000
connection 35 52 -8.000000000000000000 0 0.000000000000000000 -0.000000000000000000
connection 35 53 -8.000000000000000000 0 0.000000000000000000 -0.000000000000000000
connection 35 54 -8.000000000000000000 0 0.000000000000000000 -0.000000000000000000
connection 36 52 -8.000000000000000000 0 0.000000000000000000 -0.000000000000000000
connection 36 54 -8.000000000000000000 0 0.000000000000000000 -0.000000000000000000
connection 37 65 8.000000000000000000 0 0.000000000000000000 -0.000000000000000000
connection 37 52 -8.000000000000000000 0 0.000000000000000000 -0.000000000000000000
connection 37 53 -8.000000000000000000 0 0.000000000000000000 -0.000000000000000000
connection 37 54 -8.000000000000000000 0 0.000000000000000000 -0.000000000000000000
connection 51 37 8.000000000000000000 0 0.000000000000000000 -0.000000000000000000
connection 38 80 -8.000000000000000000 0 0.000000000000000000 -0.000000000000000000
connection 38 59 -8.000000000000000000 0 0.000000000000000000 -0.000000000000000000
connection 38 79 -8.000000000000000000 0 0.000000000000000000 -0.000000000000000000
connection 38 38 -8.000000000000000000 0 0.000000000000000000 -0.000000000000000000
connection 67 65 8.000000000000000000 0 0.000000000000000000 -0.000000000000000000
connection 67 66 8.000000000000000000 0 0.000000000000000000 -0.000000000000000000
connection 67 33 8.000000000000000000 0 0.000000000000000000 -0.000000000000000000
connection 67 52 -8.000000000000000000 0 0.000000000000000000 -0.000000000000000000
connection 67 53 -8.000000000000000000 0 0.000000000000000000 -0.000000000000000000
connection 67 54 -8.000000000000000000 0 0.000000000000000000 -0.000000000000000000
connection 39 33 -8.000000000000000000 0 0.000000000000000000 -0.000000000000000000
connection 39 52 -8.000000000000000000 0 0.000000000000000000 -0.000000000000000000
connection 39 53 -8.000000000000000000 0 0.000000000000000000 -0.000000000000000000
connection 39 54 -8.000000000000000000 0 0.000000000000000000 -0.000000000000000000
connection 75 55 -8.000000000000000000 0 0.000000000000000000 -0.000000000000000000
connection 75 59 -8.000000000000000000 0 0.000000000000000000 -0.000000000000000000
connection 75 79 -8.000000000000000000 0 0.000000000000000000 -0.000000000000000000
connection 75 38 -8.000000000000000000 0 0.000000000000000000 -0.000000000000000000
connection 40 33 -8.000000000000000000 0 0.000000000000000000 -0.000000000000000000
connection 40 52 -8.000000000000000000 0 0.000000000000000000 -0.000000000000000000
connection 40 53 -8.000000000000000000 0 0.000000000000000000 -0.000000000000000000
connection 40 54 -8.000000000000000000 0 0.000000000000000000 -0.000000000000000000
connection 41 34 -8.000000000000000000 0 0.000000000000000000 -0.000000000000000000
connection 41 36 -8.000000000000000000 0 0.000000000000000000 -0.000000000000000000
connection 41 80 8.000000000000000000 0 0.000000000000000000 -0.000000000000000000
connection 41 59 -8.000000000000000000 0 0.000000000000000000 -0.000000000000000000
connection 41 79 -8.000000000000000000 0 0.000000000000000000 -0.000000000000000000
connection 42 34 -8.000000000000000000 0 0.000000000000000000 -0.000000000000000000
connection 42 80 8.000000000000000000 0 0.000000000000000000 -0.000000000000000000
connection 42 59 -8.000000000000000000 0 0.000000000000000000 -0.000000000000000000
connection 42 79 -8.000000000000000000 0 0.000000000000000000 -0.000000000000000000
connection 42 38 -8.000000000000000000 0 0.000000000000000000 -0.000000000000000000
connection 57 65 8.000000000000000000 0 0.000000000000000000 -0.000000000000000000
connection 57 66 8.000000000000000000 0 0.000000000000000000 -0.000000000000000000
connection 57 52 -8.000000000000000000 0 0.000000000000000000 -0.000000000000000000
connection 57 53 -8.000000000000000000 0 0.000000000000000000 -0.000000000000000000
connection 57 54 -8.000000000000000000 0 0.000000000000000000 -0.000000000000000000
connection 43 80 -8.000000000000000000 0 0.000000000000000000 -0.000000000000000000
connection 43 59 -8.000000000000000000 0 0.000000000000000000 -0.000000000000000000
connection 43 79 -8.000000000000000000 0 0.000000000000000000 -0.000000000000000000
connection 43 38 -8.000000000000000000 0 0.000000000000000000 -0.000000000000000000
connection 44 34 -8.000000000000000000 0 0.000000000000000000 -0.000000000000000000
connection 44 80 8.000000000000000000 0 0.000000000000000000 -0.000000000000000000
connection 44 59 -8.000000000000000000 0 0.000000000000000000 -0.000000000000000000
connection 44 79 -8.000000000000000000 0 0.000000000000000000 -0.000000000000000000
connection 45 65 8.000000000000000000 0 0.000000000000000000 -0.000000000000000000
connection 45 66 8.000000000000000000 0 0.000000000000000000 -0.000000000000000000
connection 45 52 -8.000000000000000000 0 0.000000000000000000 -0.000000000000000000
connection 45 53 -8.000000000000000000 0 0.000000000000000000 -0.000000000000000000
connection 45 54 -8.000000000000000000 0 0.000000000000000000 -0.000000000000000000
connection 46 33 -8.000000000000000000 0 0.000000000000000000 -0.000000000000000000
connection 46 52 -8.000000000000000000 0 0.000000000000000000 -0.000000000000000000
connection 46 53 -8.000000000000000000 0 0.000000000000000000 -0.000000000000000000
connection 46 54 -8.000000000000000000 0 0.000000000000000000 -0.000000000000000000
connection 62 59 -8.000000000000000000 0 0.000000000000000000 -0.000000000000000000
connection 62 79 -8.000000000000000000 0 0.000000000000000000 -0.000000000000000000
connection 62 38 -8.000000000000000000 0 0.000000000000000000 -0.000000000000000000
connection 47 33 -8.000000000000000000 0 0.000000000000000000 -0.000000000000000000
connection 47 34 -8.000000000000000000 0 0.000000000000000000 -0.000000000000000000
connection 47 52 -8.000000000000000000 0 0.000000000000000000 -0.000000000000000000
connection 47 53 -8.000000000000000000 0 0.000000000000000000 -0.000000000000000000
connection 47 54 -8.000000000000000000 0 0.000000000000000000 -0.000000000000000000
connection 48 34 -8.000000000000000000 0 0.000000000000000000 -0.000000000000000000
connection 48 36 -8.000000000000000000 0 0.000000000000000000 -0.000000000000000000
connection 48 80 8.000000000000000000 0 0.000000000000000000 -0.000000000000000000
connection 48 59 -8.000000000000000000 0 0.000000000000000000 -0.000000000000000000
connection 48 79 -8.000000000000000000 0 0.000000000000000000 -0.000000000000000000
connection 50 37 8.000000000000000000 0 0.000000000000000000 -0.000000000000000000
connection 58 33 -8.000000000000000000 0 0.000000000000000000 -0.000000000000000000
connection 58 52 -8.000000000000000000 0 0.000000000000000000 -0.000000000000000000
connection 58 53 -8.000000000000000000 0 0.000000000000000000 -0.000000000000000000
connection 58 54 -8.000000000000000000 0 0.000000000000000000 -0.000000000000000000
connection 52 64 8.000000000000000000 0 0.000000000000000000 -0.000000000000000000
connection 52 52 -8.000000000000000000 0 0.000000000000000000 -0.000000000000000000
connection 52 37 8.000000000000000000 0 0.000000000000000000 -0.000000000000000000
connection 80 64 8.000000000000000000 0 0.000000000000000000 -0.000000000000000000
connection 80 52 -8.000000000000000000 0 0.000000000000000000 -0.000000000000000000
connection 80 37 8.000000000000000000 0 0.000000000000000000 -0.000000000000000000
connection 53 52 -8.000000000000000000 0 0.000000000000000000 -0.000000000000000000
connection 53 54 -8.000000000000000000 0 0.000000000000000000 -0.000000000000000000
connection 56 52 -8.000000000000000000 0 0.000000000000000000 -0.000000000000000000
connection 56 54 -8.000000000000000000 0 0.000000000000000000 -0.000000000000000000
connection 72 80 -8.000000000000000000 0 0.000000000000000000 -0.000000000000000000
connection 72 59 -8.000000000000000000 0 0.000000000000000000 -0.000000000000000000
connection 72 79 -8.000000000000000000 0 0.000000000000000000 -0.000000000000000000
connection 72 38 -8.000000000000000000 0 0.000000000000000000 -0.000000000000000000
connection 54 34 -8.000000000000000000 0 0.000000000000000000 -0.000000000000000000
connection 54 36 -8.000000000000000000 0 0.000000000000000000 -0.000000000000000000
connection 54 80 8.000000000000000000 0 0.000000000000000000 -0.000000000000000000
connection 54 59 -8.000000000000000000 0 0.000000000000000000 -0.000000000000000000
connection 54 79 -8.000000000000000000 0 0.000000000000000000 -0.000000000000000000
connection 55 52 -8.000000000000000000 0 0.000000000000000000 -0.000000000000000000
connection 55 37 8.000000000000000000 0 0.000000000000000000 -0.000000000000000000
connection 59 34 -8.000000000000000000 0 0.000000000000000000 -0.000000000000000000
connection 59 36 -8.000000000000000000 0 0.000000000000000000 -0.000000000000000000
connection 59 80 8.000000000000000000 0 0.000000000000000000 -0.000000000000000000
connection 59 59 -8.000000000000000000 0 0.000000000000000000 -0.000000000000000000
connection 59 79 -8.000000000000000000 0 0.000000000000000000 -0.000000000000000000
connection 81 65 8.000000000000000000 0 0.000000000000000000 -0.000000000000000000
connection 81 66 8.000000000000000000 0 0.000000000000000000 -0.000000000000000000
connection 81 33 8.000000000000000000 0 0.000000000000000000 -0.000000000000000000
connection 81 52 -8.000000000000000000 0 0.000000000000000000 -0.000000000000000000
connection 81 54 -8.000000000000000000 0 0.000000000000000000 -0.000000000000000000
connection 60 33 -8.000000000000000000 0 0.000000000000000000 -0.000000000000000000
connection 60 52 -8.000000000000000000 0 0.000000000000000000 -0.000000000000000000
connection 60 53 -8.000000000000000000 0 0.000000000000000000 -0.000000000000000000
connection 60 54 -8.000000000000000000 0 0.000000000000000000 -0.000000000000000000
connection 61 64 8.000000000000000000 0 0.000000000000000000 -0.000000000000000000
connection 61 52 -8.000000000000000000 0 0.000000000000000000 -0.000000000000000000
connection 61 37 8.000000000000000000 0 0.000000000000000000 -0.000000000000000000
connection 63 37 8.000000000000000000 0 0.000000000000000000 -0.000000000000000000
connection 64 37 8.000000000000000000 0 0.000000000000000000 -0.000000000000000000
connection 65 37 8.000000000000000000 0 0.000000000000000000 -0.000000000000000000
connection 66 64 8.000000000000000000 0 0.000000000000000000 -0.000000000000000000
connection 66 52 -8.000000000000000000 0 0.000000000000000000 -0.000000000000000000
connection 66 37 8.000000000000000000 0 0.000000000000000000 -0.000000000000000000
connection 68 34 -8.000000000000000000 0 0.000000000000000000 -0.000000000000000000
connection 68 36 -8.000000000000000000 0 0.000000000000000000 -0.000000000000000000
connection 68 80 8.000000000000000000 0 0.000000000000000000 -0.000000000000000000
connection 68 59 -8.000000000000000000 0 0.000000000000000000 -0.000000000000000000
connection 68 79 -8.000000000000000000 0 0.000000000000000000 -0.000000000000000000
connection 69 34 -8.000000000000000000 0 0.000000000000000000 -0.000000000000000000
connection 69 36 -8.000000000000000000 0 0.000000000000000000 -0.000000000000000000
connection 69 80 8.000000000000000000 0 0.000000000000000000 -0.000000000000000000
connection 69 59 -8.000000000000000000 0 0.000000000000000000 -0.000000000000000000
connection 69 79 -8.000000000000000000 0 0.000000000000000000 -0.000000000000000000
connection 78 65 8.000000000000000000 0 0.000000000000000000 -0.000000000000000000
connection 78 33 -8.000000000000000000 0 0.000000000000000000 -0.000000000000000000
connection 78 52 -8.000000000000000000 0 0.000000000000000000 -0.000000000000000000
connection 78 53 -8.000000000000000000 0 0.000000000000000000 -0.000000000000000000
connection 78 54 -8.000000000000000000 0 0.000000000000000000 -0.000000000000000000
connection 70 59 -8.000000000000000000 0 0.000000000000000000 -0.000000000000000000
connection 70 79 -8.000000000000000000 0 0.000000000000000000 -0.000000000000000000
connection 70 38 -8.000000000000000000 0 0.000000000000000000 -0.000000000000000000
connection 71 34 -8.000000000000000000 0 0.000000000000000000 -0.000000000000000000
connection 71 80 8.000000000000000000 0 0.000000000000000000 -0.000000000000000000
connection 71 59 -8.000000000000000000 0 0.000000000000000000 -0.000000000000000000
connection 71 79 -8.000000000000000000 0 0.000000000000000000 -0.000000000000000000
connection 73 56 -8.000000000000000000 0 0.000000000000000000 -0.000000000000000000
connection 73 59 -8.000000000000000000 0 0.000000000000000000 -0.000000000000000000
connection 73 77 -8.000000000000000000 0 0.000000000000000000 -0.000000000000000000
connection 73 79 -8.000000000000000000 0 0.000000000000000000 -0.000000000000000000
connection 73 38 -8.000000000000000000 0 0.000000000000000000 -0.000000000000000000
connection 74 56 -8.000000000000000000 0 0.000000000000000000 -0.000000000000000000
connection 74 90 -8.000000000000000000 0 0.000000000000000000 -0.000000000000000000
connection 74 57 -8.000000000000000000 0 0.000000000000000000 -0.000000000000000000
connection 74 59 -8.000000000000000000 0 0.000000000000000000 -0.000000000000000000
connection 74 77 -8.000000000000000000 0 0.000000000000000000 -0.000000000000000000
connection 74 79 -8.000000000000000000 0 0.000000000000000000 -0.000000000000000000
connection 76 56 -8.000000000000000000 0 0.000000000000000000 -0.000000000000000000
connection 76 59 -8.000000000000000000 0 0.000000000000000000 -0.000000000000000000
connection 76 77 -8.000000000000000000 0 0.000000000000000000 -0.000000000000000000
connection 76 79 -8.000000000000000000 0 0.000000000000000000 -0.000000000000000000
connection 77 65 8.000000000000000000 0 0.000000000000000000 -0.000000000000000000
connection 77 66 8.000000000000000000 0 0.000000000000000000 -0.000000000000000000
connection 77 52 -8.000000000000000000 0 0.000000000000000000 -0.000000000000000000
connection 77 53 -8.000000000000000000 0 0.000000000000000000 -0.000000000000000000
connection 77 54 -8.000000000000000000 0 0.000000000000000000 -0.000000000000000000
connection 79 34 -8.000000000000000000 0 0.000000000000000000 -0.000000000000000000
connection 79 52 -8.000000000000000000 0 0.000000000000000000 -0.000000000000000000
connection 79 53 -8.000000000000000000 0 0.000000000000000000 -0.000000000000000000
connection 61 21 8.000000000000000000 0 0.000000000000000000 -0.000000000000000000
connection 37 21 8.000000000000000000 0 0.000000000000000000 -0.000000000000000000
connection 54 21 8.000000000000000000 0 0.000000000000000000 -0.000000000000000000
connection 61 22 8.000000000000000000 0 0.000000000000000000 -0.000000000000000000
connection 70 24 -8.000000000000000000 0 0.000000000000000000 -0.000000000000000000
connection 72 24 -8.000000000000000000 0 0.000000000000000000 -0.000000000000000000
connection 43 24 -8.000000000000000000 0 0.000000000000000000 -0.000000000000000000
connection 55 25 8.000000000000000000 0 0.000000000000000000 -0.000000000000000000
connection 56 25 8.000000000000000000 0 0.000000000000000000 -0.000000000000000000
connection 90 25 8.000000000000000000 0 0.000000000000000000 -0.000000000000000000
connection 38 25 -8.000000000000000000 0 0.000000000000000000 -0.000000000000000000
connection 54 25 -8.000000000000000000 0 0.000000000000000000 -0.000000000000000000
connection 31 26 8.000000000000000000 0 0.000000000000000000 -0.000000000000000000
connection 32 26 8.000000000000000000 0 0.000000000000000000 -0.000000000000000000
connection 65 26 8.000000000000000000 0 0.000000000000000000 -0.000000000000000000
connection 38 26 -8.000000000000000000 0 0.000000000000000000 -0.000000000000000000
connection 38 27 -8.000000000000000000 0 0.000000000000000000 -0.000000000000000000
NNend

