NNstart
14 8
neuron 1 1.000000000000000000 0.000000000000000000 0.000000000000000000 -0.000000000000000000 11 0.000000000000000000
neuron 1 1.000000000000000000 0.000000000000000000 0.000000000000000000 -0.000000000000000000 11 0.000000000000000000
neuron 1 1.000000000000000000 0.000000000000000000 0.000000000000000000 -0.000000000000000000 11 0.000000000000000000
neuron 1 1.000000000000000000 0.000000000000000000 0.000000000000000000 -0.000000000000000000 11 0.000000000000000000
neuron 1 1.000000000000000000 0.000000000000000000 0.000000000000000000 -0.000000000000000000 11 0.000000000000000000
neuron 1 1.000000000000000000 0.000000000000000000 0.000000000000000000 -0.000000000000000000 11 0.000000000000000000
neuron 1 1.000000000000000000 0.000000000000000000 0.000000000000000000 -0.000000000000000000 11 0.000000000000000000
neuron 1 1.000000000000000000 0.000000000000000000 0.000000000000000000 -0.000000000000000000 11 0.000000000000000000
neuron 1 1.000000000000000000 0.000000000000000000 0.000000000000000000 -0.000000000000000000 11 0.000000000000000000
neuron 1 1.000000000000000000 0.000000000000000000 0.000000000000000000 -0.000000000000000000 11 0.000000000000000000
neuron 1 1.000000000000000000 0.000000000000000000 0.000000000000000000 -0.000000000000000000 11 0.000000000000000000
neuron 1 1.000000000000000000 0.000000000000000000 0.000000000000000000 -0.000000000000000000 11 0.000000000000000000
neuron 1 1.000000000000000000 0.000000000000000000 0.000000000000000000 -0.000000000000000000 11 0.000000000000000000
neuron 2 1.000000000000000000 0.000000000000000000 0.000000000000000000 0.000000000000000000 11 0.000000000000000000
neuron 4 1.000000000000000000 0.000000000000000000 0.000000000000000000 -0.000000000000000000 1 0.000000000000000000
neuron 4 1.000000000000000000 0.000000000000000000 0.000000000000000000 -0.000000000000000000 1 0.000000000000000000
neuron 4 1.000000000000000000 0.000000000000000000 0.000000000000000000 -0.000000000000000000 1 0.000000000000000000
neuron 4 1.000000000000000000 0.000000000000000000 0.000000000000000000 -0.000000000000000000 1 0.000000000000000000
neuron 4 1.000000000000000000 0.000000000000000000 0.000000000000000000 -0.000000000000000000 1 0.000000000000000000
neuron 4 1.000000000000000000 0.000000000000000000 0.000000000000000000 -0.000000000000000000 1 0.000000000000000000
neuron 4 1.000000000000000000 0.000000000000000000 0.000000000000000000 -0.000000000000000000 1 0.000000000000000000
neuron 4 1.000000000000000000 0.000000000000000000 0.000000000000000000 -0.000000000000000000 1 0.000000000000000000
neuron 3 1.000000000000000000 0.000000000000000000 0.000000000000000000 -0.000000000000000000 0 0.000000000000000000
neuron 3 1.000000000000000000 0.000000000000000000 0.000000000000000000 -0.000000000000000000 0 0.000000000000000000
neuron 3 1.000000000000000000 0.000000000000000000 0.000000000000000000 -0.000000000000000000 0 0.000000000000000000
neuron 3 1.000000000000000000 0.000000000000000000 0.000000000000000000 -0.000000000000000000 0 0.000000000000000000
neuron 3 1.000000000000000000 0.000000000000000000 0.000000000000000000 -0.000000000000000000 0 0.000000000000000000
neuron 3 1.000000000000000000 0.000000000000000000 0.000000000000000000 -0.000000000000000000 0 0.000000000000000000
neuron 3 1.000000000000000000 0.000000000000000000 0.000000000000000000 -0.000000000000000000 0 0.000000000000000000
neuron 3 1.000000000000000000 0.000000000000000000 0.000000000000000000 -0.000000000000000000 0 0.000000000000000000
neuron 3 1.000000000000000000 0.000000000000000000 0.000000000000000000 -0.000000000000000000 0 0.000000000000000000
neuron 3 1.000000000000000000 0.000000000000000000 0.000000000000000000 -0.000000000000000000 0 0.000000000000000000
neuron 3 1.000000000000000000 0.000000000000000000 0.000000000000000000 -0.000000000000000000 0 0.000000000000000000
neuron 3 1.000000000000000000 0.000000000000000000 0.000000000000000000 -0.000000000000000000 0 0.000000000000000000
neuron 3 1.000000000000000000 0.000000000000000000 0.000000000000000000 -0.000000000000000000 0 0.000000000000000000
neuron 3 1.000000000000000000 0.000000000000000000 0.000000000000000000 -0.000000000000000000 0 0.000000000000000000
neuron 3 1.000000000000000000 0.000000000000000000 0.000000000000000000 -0.000000000000000000 0 0.000000000000000000
neuron 3 1.000000000000000000 0.000000000000000000 0.000000000000000000 -0.000000000000000000 0 0.000000000000000000
neuron 3 1.000000000000000000 0.000000000000000000 0.000000000000000000 -0.000000000000000000 0 0.000000000000000000
neuron 3 1.000000000000000000 0.000000000000000000 0.000000000000000000 -0.000000000000000000 0 0.000000000000000000
neuron 3 1.000000000000000000 0.000000000000000000 0.000000000000000000 -0.000000000000000000 0 0.000000000000000000
neuron 3 1.000000000000000000 0.000000000000000000 0.000000000000000000 -0.000000000000000000 0 0.000000000000000000
neuron 3 1.000000000000000000 0.000000000000000000 0.000000000000000000 -0.000000000000000000 0 0.000000000000000000
neuron 3 1.000000000000000000 0.000000000000000000 0.000000000000000000 -0.000000000000000000 0 0.000000000000000000
neuron 3 1.000000000000000000 0.000000000000000000 0.000000000000000000 -0.000000000000000000 0 0.000000000000000000
neuron 3 1.000000000000000000 0.000000000000000000 0.000000000000000000 -0.000000000000000000 0 0.000000000000000000
neuron 3 1.000000000000000000 0.000000000000000000 0.000000000000000000 -0.000000000000000000 0 0.000000000000000000
neuron 3 1.000000000000000000 0.000000000000000000 0.000000000000000000 -0.000000000000000000 0 0.000000000000000000
neuron 3 1.000000000000000000 0.000000000000000000 0.000000000000000000 -0.000000000000000000 0 0.000000000000000000
neuron 3 1.000000000000000000 0.000000000000000000 0.000000000000000000 -0.000000000000000000 0 0.000000000000000000
neuron 3 1.000000000000000000 0.000000000000000000 0.000000000000000000 -0.000000000000000000 0 0.000000000000000000
neuron 3 1.000000000000000000 0.000000000000000000 0.000000000000000000 -0.000000000000000000 0 0.000000000000000000
neuron 3 1.000000000000000000 0.000000000000000000 0.000000000000000000 -0.000000000000000000 0 0.000000000000000000
neuron 3 1.000000000000000000 0.000000000000000000 0.000000000000000000 -0.000000000000000000 0 0.000000000000000000
neuron 3 1.000000000000000000 0.000000000000000000 0.000000000000000000 -0.000000000000000000 0 0.000000000000000000
neuron 3 1.000000000000000000 0.000000000000000000 0.000000000000000000 -0.000000000000000000 0 0.000000000000000000
neuron 3 1.000000000000000000 0.000000000000000000 0.000000000000000000 -0.000000000000000000 0 0.000000000000000000
neuron 3 1.000000000000000000 0.000000000000000000 0.000000000000000000 -0.000000000000000000 0 0.000000000000000000
neuron 3 1.000000000000000000 0.000000000000000000 0.000000000000000000 -0.000000000000000000 0 0.000000000000000000
neuron 3 1.000000000000000000 0.000000000000000000 0.000000000000000000 -0.000000000000000000 0 0.000000000000000000
neuron 3 1.000000000000000000 0.000000000000000000 0.000000000000000000 -0.000000000000000000 0 0.000000000000000000
neuron 3 1.000000000000000000 0.000000000000000000 0.000000000000000000 -0.000000000000000000 0 0.000000000000000000
neuron 3 1.000000000000000000 0.000000000000000000 0.000000000000000000 -0.000000000000000000 0 0.000000000000000000
neuron 3 1.000000000000000000 0.000000000000000000 0.000000000000000000 -0.000000000000000000 0 0.000000000000000000
neuron 3 1.000000000000000000 0.000000000000000000 0.000000000000000000 -0.000000000000000000 0 0.000000000000000000
neuron 3 1.000000000000000000 0.000000000000000000 0.000000000000000000 -0.000000000000000000 0 0.000000000000000000
neuron 3 1.000000000000000000 0.000000000000000000 0.000000000000000000 -0.000000000000000000 0 0.000000000000000000
neuron 3 1.000000000000000000 0.000000000000000000 0.000000000000000000 -0.000000000000000000 0 0.000000000000000000
neuron 3 1.000000000000000000 0.000000000000000000 0.000000000000000000 -0.000000000000000000 0 0.000000000000000000
neuron 3 1.000000000000000000 0.000000000000000000 0.000000000000000000 -0.000000000000000000 0 0.000000000000000000
neuron 3 1.000000000000000000 0.000000000000000000 0.000000000000000000 -0.000000000000000000 0 0.000000000000000000
neuron 3 1.000000000000000000 0.000000000000000000 0.000000000000000000 -0.000000000000000000 0 0.000000000000000000
neuron 3 1.000000000000000000 0.000000000000000000 0.000000000000000000 -0.000000000000000000 0 0.000000000000000000
neuron 3 1.000000000000000000 0.000000000000000000 0.000000000000000000 -0.000000000000000000 0 0.000000000000000000
neuron 3 1.000000000000000000 0.000000000000000000 0.000000000000000000 -0.000000000000000000 0 0.000000000000000000
neuron 3 1.000000000000000000 0.000000000000000000 0.000000000000000000 -0.000000000000000000 0 0.000000000000000000
neuron 3 1.000000000000000000 0.000000000000000000 0.000000000000000000 -0.000000000000000000 0 0.000000000000000000
neuron 3 1.000000000000000000 0.000000000000000000 0.000000000000000000 -0.000000000000000000 0 0.000000000000000000
neuron 3 1.000000000000000000 0.000000000000000000 0.000000000000000000 -0.000000000000000000 0 0.000000000000000000
neuron 3 1.000000000000000000 0.000000000000000000 0.000000000000000000 -0.000000000000000000 0 0.000000000000000000
neuron 3 1.000000000000000000 0.000000000000000000 0.000000000000000000 -0.000000000000000000 0 0.000000000000000000
neuron 3 1.000000000000000000 0.000000000000000000 0.000000000000000000 -0.000000000000000000 0 0.000000000000000000
neuron 3 1.000000000000000000 0.000000000000000000 0.000000000000000000 -0.000000000000000000 0 0.000000000000000000
neuron 3 1.000000000000000000 0.000000000000000000 0.000000000000000000 -0.000000000000000000 0 0.000000000000000000
neuron 3 1.000000000000000000 0.000000000000000000 0.000000000000000000 -0.000000000000000000 0 0.000000000000000000
neuron 3 1.000000000000000000 0.000000000000000000 0.000000000000000000 -0.000000000000000000 0 0.000000000000000000
neuron 3 1.000000000000000000 0.000000000000000000 0.000000000000000000 -0.000000000000000000 0 0.000000000000000000
neuron 3 1.000000000000000000 0.000000000000000000 0.000000000000000000 -0.000000000000000000 0 0.000000000000000000
neuron 3 1.000000000000000000 0.000000000000000000 0.000000000000000000 -0.000000000000000000 0 0.000000000000000000
neuron 3 1.000000000000000000 0.000000000000000000 0.000000000000000000 -0.000000000000000000 0 0.000000000000000000
neuron 3 1.000000000000000000 0.000000000000000000 0.000000000000000000 -0.000000000000000000 0 0.000000000000000000
neuron 3 1.000000000000000000 0.000000000000000000 0.000000000000000000 -0.000000000000000000 0 0.000000000000000000
neuron 3 1.000000000000000000 0.000000000000000000 0.000000000000000000 -0.000000000000000000 0 0.000000000000000000
neuron 3 1.000000000000000000 0.000000000000000000 0.000000000000000000 -0.000000000000000000 0 0.000000000000000000
neuron 3 1.000000000000000000 0.000000000000000000 0.000000000000000000 -0.000000000000000000 0 0.000000000000000000
connection 0 22 5.994031033693818955 0 0.000000000000000000 -0.000000000000000000
connection 0 23 2.800339130018653311 0 0.000000000000000000 -0.000000000000000000
connection 0 24 0.248554460639339808 0 0.000000000000000000 -0.000000000000000000
connection 0 25 2.730457764642754803 0 0.000000000000000000 -0.000000000000000000
connection 0 26 4.790679719761680389 0 0.000000000000000000 -0.000000000000000000
connection 0 27 5.905423662271291896 0 0.000000000000000000 -0.000000000000000000
connection 0 28 6.348933209908707909 0 0.000000000000000000 -0.000000000000000000
connection 0 29 -2.040853420326306011 0 0.000000000000000000 -0.000000000000000000
connection 0 30 -2.214939049495880496 0 0.000000000000000000 -0.000000000000000000
connection 0 31 2.660107801415996676 0 0.000000000000000000 -0.000000000000000000
connection 0 32 2.589295236969216152 0 0.000000000000000000 -0.000000000000000000
connection 0 33 4.681318571969156572 0 0.000000000000000000 -0.000000000000000000
connection 0 34 5.812767441300196403 0 0.000000000000000000 -0.000000000000000000
connection 0 35 2.518026266443674555 0 0.000000000000000000 -0.000000000000000000
connection 0 36 2.446307284427027273 0 0.000000000000000000 -0.000000000000000000
connection 0 37 4.568682143810260499 0 0.000000000000000000 -0.000000000000000000
connection 0 38 5.715898765973430606 0 0.000000000000000000 -0.000000000000000000
connection 0 39 6.113254495053209503 0 0.000000000000000000 -0.000000000000000000
connection 0 40 5.651068937085014454 0 0.000000000000000000 -0.000000000000000000
connection 0 41 6.234927414005104751 0 0.000000000000000000 -0.000000000000000000
connection 0 42 5.472999052482114379 0 0.000000000000000000 -0.000000000000000000
connection 0 43 -1.024349132614455815 0 0.000000000000000000 -0.000000000000000000
connection 0 44 -1.203846529393953757 0 0.000000000000000000 -0.000000000000000000
connection 0 45 -3.233016346666373497 0 0.000000000000000000 -0.000000000000000000
connection 1 46 6.162762354356763339 0 0.000000000000000000 -0.000000000000000000
connection 1 47 -1.396567740301488669 0 0.000000000000000000 -0.000000000000000000
connection 1 48 -3.121622440338953641 0 0.000000000000000000 -0.000000000000000000
connection 1 49 -1.484469696699206809 0 0.000000000000000000 -0.000000000000000000
connection 1 50 0.923003867060853578 0 0.000000000000000000 -0.000000000000000000
connection 1 51 -1.571795180779742340 0 0.000000000000000000 -0.000000000000000000
connection 1 52 -3.293312612141833018 0 0.000000000000000000 -0.000000000000000000
connection 1 53 -1.658527914874894593 0 0.000000000000000000 -0.000000000000000000
connection 1 54 0.761342849158551327 0 0.000000000000000000 -0.000000000000000000
connection 1 31 3.353411166770450258 0 0.000000000000000000 -0.000000000000000000
connection 1 55 0.842200813722123742 0 0.000000000000000000 -0.000000000000000000
connection 1 32 3.287450073080067980 0 0.000000000000000000 -0.000000000000000000
connection 1 33 5.129450394337365715 0 0.000000000000000000 -0.000000000000000000
connection 1 56 5.983693881907283796 0 0.000000000000000000 -0.000000000000000000
connection 1 40 5.389138459653246116 0 0.000000000000000000 -0.000000000000000000
connection 1 41 6.150789787437995315 0 0.000000000000000000 -0.000000000000000000
connection 1 42 5.189899996998790677 0 0.000000000000000000 -0.000000000000000000
connection 1 43 -1.610438517665141456 0 0.000000000000000000 -0.000000000000000000
connection 1 44 -1.782787898288073603 0 0.000000000000000000 -0.000000000000000000
connection 1 45 -3.600311856988203996 0 0.000000000000000000 -0.000000000000000000
connection 2 46 6.325249734231957355 0 0.000000000000000000 -0.000000000000000000
connection 2 47 -0.739045894663426295 0 0.000000000000000000 -0.000000000000000000
connection 2 48 -2.676656372188979116 0 0.000000000000000000 -0.000000000000000000
connection 2 49 -0.826190277022150643 0 0.000000000000000000 -0.000000000000000000
connection 2 50 1.687043296784501933 0 0.000000000000000000 -0.000000000000000000
connection 2 51 -0.912941421986163126 0 0.000000000000000000 -0.000000000000000000
connection 2 52 -2.851167351120784677 0 0.000000000000000000 -0.000000000000000000
connection 2 53 -0.999282025886959357 0 0.000000000000000000 -0.000000000000000000
connection 2 54 1.532861675829417347 0 0.000000000000000000 -0.000000000000000000
connection 2 31 3.983560795969035340 0 0.000000000000000000 -0.000000000000000000
connection 2 55 1.610069556734340823 0 0.000000000000000000 -0.000000000000000000
connection 2 32 3.922514978698241617 0 0.000000000000000000 -0.000000000000000000
connection 2 33 5.502975697369392627 0 0.000000000000000000 -0.000000000000000000
connection 2 56 6.149668921950874001 0 0.000000000000000000 -0.000000000000000000
connection 2 57 0.438502615121357631 0 0.000000000000000000 -0.000000000000000000
connection 2 41 6.024754863104627489 0 0.000000000000000000 -0.000000000000000000
connection 2 43 -2.144373307195401424 0 0.000000000000000000 -0.000000000000000000
connection 2 58 0.252220440781991295 0 0.000000000000000000 -0.000000000000000000
connection 2 44 -2.308228322261797416 0 0.000000000000000000 -0.000000000000000000
connection 2 45 -3.915978208445292541 0 0.000000000000000000 -0.000000000000000000
connection 3 46 6.443942762388688905 0 0.000000000000000000 -0.000000000000000000
connection 3 48 -2.171324421457699216 0 0.000000000000000000 -0.000000000000000000
connection 3 50 2.434544609630360679 0 0.000000000000000000 -0.000000000000000000
connection 3 51 -0.204111572753841397 0 0.000000000000000000 -0.000000000000000000
connection 3 52 -2.347787691938484134 0 0.000000000000000000 -0.000000000000000000
connection 3 53 -0.289080962866709479 0 0.000000000000000000 -0.000000000000000000
connection 3 54 2.289340306751574072 0 0.000000000000000000 -0.000000000000000000
connection 3 59 4.512745304971165439 0 0.000000000000000000 -0.000000000000000000
connection 3 56 6.268969162637689330 0 0.000000000000000000 -0.000000000000000000
connection 3 57 -0.217589491526358009 0 0.000000000000000000 -0.000000000000000000
connection 3 60 -0.585908183422247708 0 0.000000000000000000 -0.000000000000000000
connection 3 61 -2.699902964917542114 0 0.000000000000000000 -0.000000000000000000
connection 4 47 0.705723424660046339 0 0.000000000000000000 -0.000000000000000000
connection 4 48 -1.604586674915898126 0 0.000000000000000000 -0.000000000000000000
connection 4 49 0.623129841398110007 0 0.000000000000000000 -0.000000000000000000
connection 4 50 3.144207306182142059 0 0.000000000000000000 -0.000000000000000000
connection 4 51 0.540547510231365713 0 0.000000000000000000 -0.000000000000000000
connection 4 52 -1.781773536270827352 0 0.000000000000000000 -0.000000000000000000
connection 4 53 0.457992240382722793 0 0.000000000000000000 -0.000000000000000000
connection 4 54 3.008932706322801742 0 0.000000000000000000 -0.000000000000000000
connection 4 59 4.995474453816020954 0 0.000000000000000000 -0.000000000000000000
connection 4 57 -0.842099592134514574 0 0.000000000000000000 -0.000000000000000000
connection 4 60 -1.200730733927990901 0 0.000000000000000000 -0.000000000000000000
connection 4 61 -3.116509736391209984 0 0.000000000000000000 -0.000000000000000000
connection 5 47 1.460122445194228291 0 0.000000000000000000 -0.000000000000000000
connection 5 48 -0.978807897517991576 0 0.000000000000000000 -0.000000000000000000
connection 5 49 1.381311385656943891 0 0.000000000000000000 -0.000000000000000000
connection 5 50 3.798298604269043199 0 0.000000000000000000 -0.000000000000000000
connection 5 62 -2.843153330095428810 0 0.000000000000000000 -0.000000000000000000
connection 5 51 1.302330592974049850 0 0.000000000000000000 -0.000000000000000000
connection 5 52 -1.155130326211432967 0 0.000000000000000000 -0.000000000000000000
connection 5 53 1.223193365741536809 0 0.000000000000000000 -0.000000000000000000
connection 5 54 3.673302136416996433 0 0.000000000000000000 -0.000000000000000000
connection 5 59 5.402464081478517421 0 0.000000000000000000 -0.000000000000000000
connection 5 57 -1.423246526271307655 0 0.000000000000000000 -0.000000000000000000
connection 5 60 -1.768183689905872269 0 0.000000000000000000 -0.000000000000000000
connection 5 61 -3.478504074089140197 0 0.000000000000000000 -0.000000000000000000
connection 6 47 2.208369907275936406 0 0.000000000000000000 -0.000000000000000000
connection 6 48 -0.300702181112892764 0 0.000000000000000000 -0.000000000000000000
connection 6 49 2.134160401980651933 0 0.000000000000000000 -0.000000000000000000
connection 6 50 4.384414962778300229 0 0.000000000000000000 -0.000000000000000000
connection 6 62 -2.370674986726781786 0 0.000000000000000000 -0.000000000000000000
connection 6 51 2.059618275994561376 0 0.000000000000000000 -0.000000000000000000
connection 6 52 -0.474271221378986807 0 0.000000000000000000 -0.000000000000000000
connection 6 53 1.984753405312770891 0 0.000000000000000000 -0.000000000000000000
connection 6 54 4.269477560122767024 0 0.000000000000000000 -0.000000000000000000
connection 6 59 5.738450732634136742 0 0.000000000000000000 -0.000000000000000000
connection 6 63 0.609364198346774244 0 0.000000000000000000 -0.000000000000000000
connection 6 64 0.423963317325609157 0 0.000000000000000000 -0.000000000000000000
connection 6 57 -1.953245570699826184 0 0.000000000000000000 -0.000000000000000000
connection 6 65 0.238235960486094578 0 0.000000000000000000 -0.000000000000000000
connection 6 60 -2.281870062023292345 0 0.000000000000000000 -0.000000000000000000
connection 6 61 -3.789563954692102055 0 0.000000000000000000 -0.000000000000000000
connection 7 47 2.928886084503579124 0 0.000000000000000000 -0.000000000000000000
connection 7 48 0.418125410139985498 0 0.000000000000000000 -0.000000000000000000
connection 7 49 2.859842451170179434 0 0.000000000000000000 -0.000000000000000000
connection 7 50 4.896096313413154988 0 0.000000000000000000 -0.000000000000000000
connection 7 62 -1.837561704774475224 0 0.000000000000000000 -0.000000000000000000
connection 7 51 2.790327386026039136 0 0.000000000000000000 -0.000000000000000000
connection 7 52 0.249373237624881977 0 0.000000000000000000 -0.000000000000000000
connection 7 53 2.720346766739416555 0 0.000000000000000000 -0.000000000000000000
connection 7 54 4.790536880148845711 0 0.000000000000000000 -0.000000000000000000
connection 7 59 6.010212722219799630 0 0.000000000000000000 -0.000000000000000000
connection 7 64 -0.223130551687131473 0 0.000000000000000000 -0.000000000000000000
connection 7 57 -2.428148367226787840 0 0.000000000000000000 -0.000000000000000000
connection 7 65 -0.406838697244945424 0 0.000000000000000000 -0.000000000000000000
connection 7 66 -0.589953205791053481 0 0.000000000000000000 -0.000000000000000000
connection 7 60 -2.739133956806416581 0 0.000000000000000000 -0.000000000000000000
connection 7 61 -4.054231251539644809 0 0.000000000000000000 -0.000000000000000000
connection 8 47 3.602420811730311812 0 0.000000000000000000 -0.000000000000000000
connection 8 48 1.161367418862775169 0 0.000000000000000000 -0.000000000000000000
connection 8 49 3.538806214457503430 0 0.000000000000000000 -0.000000000000000000
connection 8 50 5.332343568425872427 0 0.000000000000000000 -0.000000000000000000
connection 8 67 -1.199457919136954320 0 0.000000000000000000 -0.000000000000000000
connection 8 68 -2.902445525018822359 0 0.000000000000000000 -0.000000000000000000
connection 8 69 -1.289078084243026057 0 0.000000000000000000 -0.000000000000000000
connection 8 70 1.080471663016044026 0 0.000000000000000000 -0.000000000000000000
connection 8 51 3.474608162021216806 0 0.000000000000000000 -0.000000000000000000
connection 8 52 0.999482766781556564 0 0.000000000000000000 -0.000000000000000000
connection 8 53 3.409828316031730644 0 0.000000000000000000 -0.000000000000000000
connection 8 54 5.235154447101335151 0 0.000000000000000000 -0.000000000000000000
connection 8 59 6.225250914852246353 0 0.000000000000000000 -0.000000000000000000
connection 8 63 -0.656624811399555530 0 0.000000000000000000 -0.000000000000000000
connection 8 64 -0.836777846362614874 0 0.000000000000000000 -0.000000000000000000
connection 8 57 -2.847243131392309223 0 0.000000000000000000 -0.000000000000000000
connection 8 71 5.694873792279967262 0 0.000000000000000000 -0.000000000000000000
connection 8 65 -1.015890944935479601 0 0.000000000000000000 -0.000000000000000000
connection 8 66 -1.193788454054194093 0 0.000000000000000000 -0.000000000000000000
connection 8 60 -3.140337241498673659 0 0.000000000000000000 -0.000000000000000000
connection 8 61 -4.277376154787181584 0 0.000000000000000000 -0.000000000000000000
connection 9 29 4.185173200727158260 0 0.000000000000000000 -0.000000000000000000
connection 9 67 -0.551100456857578247 0 0.000000000000000000 -0.000000000000000000
connection 9 68 -2.460697007035345774 0 0.000000000000000000 -0.000000000000000000
connection 9 69 -0.639516605594162679 0 0.000000000000000000 -0.000000000000000000
connection 9 70 1.832680074022556393 0 0.000000000000000000 -0.000000000000000000
connection 9 30 4.067392487745094876 0 0.000000000000000000 -0.000000000000000000
connection 9 59 6.390822051902496526 0 0.000000000000000000 -0.000000000000000000
connection 9 63 -1.231859773763397392 0 0.000000000000000000 -0.000000000000000000
connection 9 64 -1.405995288259361375 0 0.000000000000000000 -0.000000000000000000
connection 9 57 -3.212253785031178310 0 0.000000000000000000 -0.000000000000000000
connection 9 65 -1.578566335035043178 0 0.000000000000000000 -0.000000000000000000
connection 9 42 0.886583050102338954 0 0.000000000000000000 -0.000000000000000000
connection 9 66 -1.749422464409454925 0 0.000000000000000000 -0.000000000000000000
connection 9 60 -3.488010318252815267 0 0.000000000000000000 -0.000000000000000000
connection 9 61 -4.463831172286240268 0 0.000000000000000000 -0.000000000000000000
connection 10 29 4.728626893417414045 0 0.000000000000000000 -0.000000000000000000
connection 10 68 -1.960265105837589061 0 0.000000000000000000 -0.000000000000000000
connection 10 70 2.568691310348758527 0 0.000000000000000000 -0.000000000000000000
connection 10 30 4.620928083682183107 0 0.000000000000000000 -0.000000000000000000
connection 10 59 6.513323003704900138 0 0.000000000000000000 -0.000000000000000000
connection 10 72 6.432896858490892100 0 0.000000000000000000 -0.000000000000000000
connection 10 63 -1.757017063475502017 0 0.000000000000000000 -0.000000000000000000
connection 10 40 0.597013841934631695 0 0.000000000000000000 -0.000000000000000000
connection 10 64 -1.923734743731277952 0 0.000000000000000000 -0.000000000000000000
connection 10 57 -3.526532024732949910 0 0.000000000000000000 -0.000000000000000000
connection 10 73 0.412200583857428693 0 0.000000000000000000 -0.000000000000000000
connection 10 65 -2.088490512184026482 0 0.000000000000000000 -0.000000000000000000
connection 10 42 0.227087785865222797 0 0.000000000000000000 -0.000000000000000000
connection 10 66 -2.251161450582402246 0 0.000000000000000000 -0.000000000000000000
connection 10 60 -3.786051469925231228 0 0.000000000000000000 -0.000000000000000000
connection 10 61 -4.618166235297884725 0 0.000000000000000000 -0.000000000000000000
connection 11 74 6.674284497838636199 0 0.000000000000000000 -0.000000000000000000
connection 11 29 5.197508235444256997 0 0.000000000000000000 -0.000000000000000000
connection 11 67 0.870644763023636137 0 0.000000000000000000 -0.000000000000000000
connection 11 68 -1.400320112520819560 0 0.000000000000000000 -0.000000000000000000
connection 11 69 0.787683818994239227 0 0.000000000000000000 -0.000000000000000000
connection 11 70 3.267792302587087416 0 0.000000000000000000 -0.000000000000000000
connection 11 30 5.098974158720808170 0 0.000000000000000000 -0.000000000000000000
connection 11 59 6.597955379845799939 0 0.000000000000000000 -0.000000000000000000
connection 11 72 6.516988531427013953 0 0.000000000000000000 -0.000000000000000000
connection 11 75 -0.590468560009159149 0 0.000000000000000000 -0.000000000000000000
connection 11 76 -2.307647024994623042 0 0.000000000000000000 -0.000000000000000000
connection 11 73 -0.225212596449655245 0 0.000000000000000000 -0.000000000000000000
connection 11 77 -2.620206348180453837 0 0.000000000000000000 -0.000000000000000000
connection 11 61 -4.744569151140057173 0 0.000000000000000000 -0.000000000000000000
connection 12 74 6.726567343684333622 0 0.000000000000000000 -0.000000000000000000
connection 12 78 -0.468010808862823147 0 0.000000000000000000 -0.000000000000000000
connection 12 29 5.593120797452507453 0 0.000000000000000000 -0.000000000000000000
connection 12 67 1.612231338142113612 0 0.000000000000000000 -0.000000000000000000
connection 12 68 -0.783309856686887129 0 0.000000000000000000 -0.000000000000000000
connection 12 69 1.533481150293650286 0 0.000000000000000000 -0.000000000000000000
connection 12 70 3.912657505423786208 0 0.000000000000000000 -0.000000000000000000
connection 12 30 5.502590088629943921 0 0.000000000000000000 -0.000000000000000000
connection 12 59 6.648581271105395984 0 0.000000000000000000 -0.000000000000000000
connection 12 72 6.565603622876028389 0 0.000000000000000000 -0.000000000000000000
connection 12 75 -1.182858811238128860 0 0.000000000000000000 -0.000000000000000000
connection 12 76 -2.719649561887137690 0 0.000000000000000000 -0.000000000000000000
connection 12 73 -0.827491816575416039 0 0.000000000000000000 -0.000000000000000000
connection 12 77 -3.015024308124659047 0 0.000000000000000000 -0.000000000000000000
connection 12 61 -4.846798099919111813 0 0.000000000000000000 -0.000000000000000000
connection 13 74 6.748825943482189338 0 0.000000000000000000 -0.000000000000000000
connection 13 79 1.418769968832209738 0 0.000000000000000000 -0.000000000000000000
connection 13 78 -1.036368586450519880 0 0.000000000000000000 -0.000000000000000000
connection 13 29 5.920229308905250676 0 0.000000000000000000 -0.000000000000000000
connection 13 67 2.347713594099685608 0 0.000000000000000000 -0.000000000000000000
connection 13 69 2.273959870414167028 0 0.000000000000000000 -0.000000000000000000
connection 13 70 4.491081857041163694 0 0.000000000000000000 -0.000000000000000000
connection 13 30 5.836416025270916741 0 0.000000000000000000 -0.000000000000000000
connection 13 59 6.667691350798929939 0 0.000000000000000000 -0.000000000000000000
connection 13 72 6.581126350841898009 0 0.000000000000000000 -0.000000000000000000
connection 13 80 0.870217418831775835 0 0.000000000000000000 -0.000000000000000000
connection 13 81 0.685477849798409977 0 0.000000000000000000 -0.000000000000000000
connection 13 75 -1.726377963620417733 0 0.000000000000000000 -0.000000000000000000
connection 13 76 -3.078382387980763468 0 0.000000000000000000 -0.000000000000000000
connection 13 82 1.237057476763150365 0 0.000000000000000000 -0.000000000000000000
connection 13 83 1.054142641701283578 0 0.000000000000000000 -0.000000000000000000
connection 13 73 -1.384441332448366868 0 0.000000000000000000 -0.000000000000000000
connection 13 77 -3.357087096194790732 0 0.000000000000000000 -0.000000000000000000
connection 13 61 -4.928179399825777018 0 0.000000000000000000 -0.000000000000000000
connection 22 27 -1.855340272903501564 0 0.000000000000000000 -0.000000000000000000
connection 22 79 -0.794308980154036837 0 0.000000000000000000 -0.000000000000000000
connection 22 78 0.824169338510985172 0 0.000000000000000000 -0.000000000000000000
connection 22 47 2.137105454948209804 0 0.000000000000000000 -0.000000000000000000
connection 22 48 0.469771900946671983 0 0.000000000000000000 -0.000000000000000000
connection 22 49 -2.070348820034371595 0 0.000000000000000000 -0.000000000000000000
connection 22 50 -0.528250696501264216 0 0.000000000000000000 -0.000000000000000000
connection 22 62 -3.027572479671599925 0 0.000000000000000000 -0.000000000000000000
connection 22 30 -5.370851468505754234 0 0.000000000000000000 -0.000000000000000000
connection 22 59 -4.106523765080787314 0 0.000000000000000000 -0.000000000000000000
connection 23 78 1.845430118215311444 0 0.000000000000000000 -0.000000000000000000
connection 23 48 1.520400344401869219 0 0.000000000000000000 -0.000000000000000000
connection 23 49 -1.158624849224234588 0 0.000000000000000000 -0.000000000000000000
connection 23 50 0.506041712852704495 0 0.000000000000000000 -0.000000000000000000
connection 23 62 -2.238229848390605348 0 0.000000000000000000 -0.000000000000000000
connection 23 30 -5.161237052692382754 0 0.000000000000000000 -0.000000000000000000
connection 23 59 -3.604793947660816400 0 0.000000000000000000 -0.000000000000000000
connection 33 51 0.548885880750666577 0 0.000000000000000000 -0.000000000000000000
connection 33 52 -1.135301169029753199 0 0.000000000000000000 -0.000000000000000000
connection 33 53 -3.355346953147868572 0 0.000000000000000000 -0.000000000000000000
connection 33 54 -2.038658868063589757 0 0.000000000000000000 -0.000000000000000000
connection 33 55 2.211142910256278959 0 0.000000000000000000 -0.000000000000000000
connection 33 32 -0.463868069270456151 0 0.000000000000000000 -0.000000000000000000
connection 33 33 1.227208285433830204 0 0.000000000000000000 -0.000000000000000000
connection 33 76 2.978699977705657087 0 0.000000000000000000 -0.000000000000000000
connection 33 82 1.888323111171691382 0 0.000000000000000000 -0.000000000000000000
connection 33 71 0.216101031633941010 0 0.000000000000000000 -0.000000000000000000
connection 33 83 -2.226633739760138564 0 0.000000000000000000 -0.000000000000000000
connection 33 73 -0.750178733612470006 0 0.000000000000000000 -0.000000000000000000
connection 33 77 -4.111608452453952900 0 0.000000000000000000 -0.000000000000000000
connection 33 61 -1.997564411988337341 0 0.000000000000000000 -0.000000000000000000
connection 45 51 1.189817812742352432 0 0.000000000000000000 -0.000000000000000000
connection 45 52 -0.489855813291170450 0 0.000000000000000000 -0.000000000000000000
connection 45 53 -2.787636726602074511 0 0.000000000000000000 -0.000000000000000000
connection 45 54 -1.411654571186944596 0 0.000000000000000000 -0.000000000000000000
connection 45 55 2.796428956274365163 0 0.000000000000000000 -0.000000000000000000
connection 45 33 1.851546234583086425 0 0.000000000000000000 -0.000000000000000000
connection 45 76 3.520207748799951908 0 0.000000000000000000 -0.000000000000000000
connection 45 82 2.488007919320273764 0 0.000000000000000000 -0.000000000000000000
connection 45 71 0.863859352109301315 0 0.000000000000000000 -0.000000000000000000
connection 45 83 -1.601358631548837286 0 0.000000000000000000 -0.000000000000000000
connection 45 77 -3.585222008012946215 0 0.000000000000000000 -0.000000000000000000
connection 45 61 -1.361220406742467581 0 0.000000000000000000 -0.000000000000000000
connection 47 67 2.066719382351787981 0 0.000000000000000000 -0.000000000000000000
connection 47 68 0.397994148711287299 0 0.000000000000000000 -0.000000000000000000
connection 47 69 -2.211167434347761862 0 0.000000000000000000 -0.000000000000000000
connection 47 70 -0.624417883384712269 0 0.000000000000000000 -0.000000000000000000
connection 47 30 -4.348256781012718619 0 0.000000000000000000 -0.000000000000000000
connection 47 59 -2.015740873200527972 0 0.000000000000000000 -0.000000000000000000
connection 47 63 1.412609959074521138 0 0.000000000000000000 -0.000000000000000000
connection 47 40 -0.255059812905605199 0 0.000000000000000000 -0.000000000000000000
connection 47 64 -2.557503841805160327 0 0.000000000000000000 -0.000000000000000000
connection 47 57 -1.173305763527904721 0 0.000000000000000000 -0.000000000000000000
connection 47 41 -3.405240764332187808 0 0.000000000000000000 -0.000000000000000000
connection 47 77 -5.322523926258404536 0 0.000000000000000000 -0.000000000000000000
connection 47 61 -4.247137343362195949 0 0.000000000000000000 -0.000000000000000000
connection 24 48 2.583613966224406422 0 0.000000000000000000 -0.000000000000000000
connection 24 50 1.633213954451090411 0 0.000000000000000000 -0.000000000000000000
connection 24 67 0.964018241480729787 0 0.000000000000000000 -0.000000000000000000
connection 24 68 -0.741423814799968550 0 0.000000000000000000 -0.000000000000000000
connection 24 69 -3.097744459392142602 0 0.000000000000000000 -0.000000000000000000
connection 24 70 -1.694063987155643991 0 0.000000000000000000 -0.000000000000000000
connection 24 30 -4.812179669413023220 0 0.000000000000000000 -0.000000000000000000
connection 24 59 -2.889623132311689435 0 0.000000000000000000 -0.000000000000000000
connection 24 76 -1.704400585041529581 0 0.000000000000000000 -0.000000000000000000
connection 24 41 -3.982961269756724487 0 0.000000000000000000 -0.000000000000000000
connection 24 61 -4.590446519684078908 0 0.000000000000000000 -0.000000000000000000
connection 25 67 2.217589382885549742 0 0.000000000000000000 -0.000000000000000000
connection 25 68 0.559567504206866628 0 0.000000000000000000 -0.000000000000000000
connection 25 69 -2.058822070552815298 0 0.000000000000000000 -0.000000000000000000
connection 25 70 -0.462512753520020747 0 0.000000000000000000 -0.000000000000000000
connection 25 30 -4.227794556158274375 0 0.000000000000000000 -0.000000000000000000
connection 25 59 -1.860881536909517520 0 0.000000000000000000 -0.000000000000000000
connection 25 63 1.569272301405634673 0 0.000000000000000000 -0.000000000000000000
connection 25 64 -2.406670184833539672 0 0.000000000000000000 -0.000000000000000000
connection 25 57 -1.011632557510703689 0 0.000000000000000000 -0.000000000000000000
connection 25 41 -3.266221704475623877 0 0.000000000000000000 -0.000000000000000000
connection 25 77 -5.222549181555994124 0 0.000000000000000000 -0.000000000000000000
connection 25 61 -4.121876375153757266 0 0.000000000000000000 -0.000000000000000000
connection 26 48 2.728376325154355353 0 0.000000000000000000 -0.000000000000000000
connection 26 50 1.787951538259762163 0 0.000000000000000000 -0.000000000000000000
connection 26 67 1.123397717795057371 0 0.000000000000000000 -0.000000000000000000
connection 26 68 -0.579891280557383260 0 0.000000000000000000 -0.000000000000000000
connection 26 69 -2.955807159813327534 0 0.000000000000000000 -0.000000000000000000
connection 26 70 -1.536991807961085366 0 0.000000000000000000 -0.000000000000000000
connection 26 30 -4.701584165384751657 0 0.000000000000000000 -0.000000000000000000
connection 26 59 -2.743987833875835225 0 0.000000000000000000 -0.000000000000000000
connection 26 76 -1.545652410503873364 0 0.000000000000000000 -0.000000000000000000
connection 26 41 -3.853487767657793661 0 0.000000000000000000 -0.000000000000000000
connection 26 61 -4.472022520075833008 0 0.000000000000000000 -0.000000000000000000
connection 27 22 6.337179481594852781 0 0.000000000000000000 -0.000000000000000000
connection 27 68 1.915909883951677273 0 0.000000000000000000 -0.000000000000000000
connection 27 69 -0.779575278945784267 0 0.000000000000000000 -0.000000000000000000
connection 27 70 0.917061002954422944 0 0.000000000000000000 -0.000000000000000000
connection 27 30 -3.411876350443697081 0 0.000000000000000000 -0.000000000000000000
connection 27 31 1.587469280931791848 0 0.000000000000000000 -0.000000000000000000
connection 27 32 -2.522976872006989613 0 0.000000000000000000 -0.000000000000000000
connection 27 33 -1.066165635823908886 0 0.000000000000000000 -0.000000000000000000
connection 27 63 2.853118962279836968 0 0.000000000000000000 -0.000000000000000000
connection 27 40 1.255148885601946596 0 0.000000000000000000 -0.000000000000000000
connection 27 64 -1.295737537352457114 0 0.000000000000000000 -0.000000000000000000
connection 27 57 0.271668072785540338 0 0.000000000000000000 -0.000000000000000000
connection 27 41 -2.300502638977539149 0 0.000000000000000000 -0.000000000000000000
connection 27 77 -4.856473100208314797 0 0.000000000000000000 -0.000000000000000000
connection 27 61 -3.452381880356709232 0 0.000000000000000000 -0.000000000000000000
connection 56 46 5.927807159251247349 0 0.000000000000000000 -0.000000000000000000
connection 56 72 -2.026419530804694613 0 0.000000000000000000 -0.000000000000000000
connection 56 38 -5.036933974443961404 0 0.000000000000000000 -0.000000000000000000
connection 56 39 -3.427341269549801339 0 0.000000000000000000 -0.000000000000000000
connection 56 65 1.410339082085795059 0 0.000000000000000000 -0.000000000000000000
connection 56 42 -0.261484825925013487 0 0.000000000000000000 -0.000000000000000000
connection 56 66 -2.576604615918631769 0 0.000000000000000000 -0.000000000000000000
connection 56 60 -1.185385107326513143 0 0.000000000000000000 -0.000000000000000000
connection 56 58 2.993347822581830631 0 0.000000000000000000 -0.000000000000000000
connection 56 44 0.415409157086533920 0 0.000000000000000000 -0.000000000000000000
connection 56 45 2.064332468090373407 0 0.000000000000000000 -0.000000000000000000
connection 28 48 2.941731430334681985 0 0.000000000000000000 -0.000000000000000000
connection 28 49 0.345785680136290408 0 0.000000000000000000 -0.000000000000000000
connection 28 50 2.017404464357555050 0 0.000000000000000000 -0.000000000000000000
connection 28 67 1.360733155544786799 0 0.000000000000000000 -0.000000000000000000
connection 28 68 -0.336713797893774147 0 0.000000000000000000 -0.000000000000000000
connection 28 69 -2.738770851298235609 0 0.000000000000000000 -0.000000000000000000
connection 28 70 -1.299053277183691568 0 0.000000000000000000 -0.000000000000000000
connection 28 30 -4.530367307364402407 0 0.000000000000000000 -0.000000000000000000
connection 28 59 -2.521586918102937780 0 0.000000000000000000 -0.000000000000000000
connection 28 76 -1.305123171567081242 0 0.000000000000000000 -0.000000000000000000
connection 28 41 -3.654206487402256620 0 0.000000000000000000 -0.000000000000000000
connection 28 61 -4.288870499498122157 0 0.000000000000000000 -0.000000000000000000
connection 29 22 6.195862584928921279 0 0.000000000000000000 -0.000000000000000000
connection 29 68 1.606944137307172449 0 0.000000000000000000 -0.000000000000000000
connection 29 69 -1.100737216744327007 0 0.000000000000000000 -0.000000000000000000
connection 29 70 0.595674913227007718 0 0.000000000000000000 -0.000000000000000000
connection 29 30 -3.680273909816635935 0 0.000000000000000000 -0.000000000000000000
connection 29 31 1.273593619383740716 0 0.000000000000000000 -0.000000000000000000
connection 29 55 -0.426069831082690920 0 0.000000000000000000 -0.000000000000000000
connection 29 32 -2.817489267807996356 0 0.000000000000000000 -0.000000000000000000
connection 29 33 -1.386073869315777696 0 0.000000000000000000 -0.000000000000000000
connection 29 63 2.566017161452552653 0 0.000000000000000000 -0.000000000000000000
connection 29 40 0.936442650128111342 0 0.000000000000000000 -0.000000000000000000
connection 29 64 -1.614981287144095834 0 0.000000000000000000 -0.000000000000000000
connection 29 41 -2.601913294252801823 0 0.000000000000000000 -0.000000000000000000
connection 29 77 -5.071792864900716680 0 0.000000000000000000 -0.000000000000000000
connection 29 61 -3.724625403470422036 0 0.000000000000000000 -0.000000000000000000
connection 30 52 1.044721379634436342 0 0.000000000000000000 -0.000000000000000000
connection 30 53 -1.640508150102766072 0 0.000000000000000000 -0.000000000000000000
connection 30 72 -4.014912508477373798 0 0.000000000000000000 -0.000000000000000000
connection 30 38 -5.766359037301480583 0 0.000000000000000000 -0.000000000000000000
connection 30 39 -4.801262448462396470 0 0.000000000000000000 -0.000000000000000000
connection 30 71 2.352553182973629475 0 0.000000000000000000 -0.000000000000000000
connection 30 83 -0.309405704399533965 0 0.000000000000000000 -0.000000000000000000
connection 30 73 1.376833379926291290 0 0.000000000000000000 -0.000000000000000000
connection 30 77 -3.001098540001533088 0 0.000000000000000000 -0.000000000000000000
connection 30 43 2.032747228636258896 0 0.000000000000000000 -0.000000000000000000
connection 30 58 0.370458303000202827 0 0.000000000000000000 -0.000000000000000000
connection 30 44 -2.078863900439531953 0 0.000000000000000000 -0.000000000000000000
connection 30 45 -0.594939026972936547 0 0.000000000000000000 -0.000000000000000000
connection 41 51 0.790509651879201414 0 0.000000000000000000 -0.000000000000000000
connection 41 52 -0.894589094135075147 0 0.000000000000000000 -0.000000000000000000
connection 41 53 -3.146787864013847802 0 0.000000000000000000 -0.000000000000000000
connection 41 54 -1.806224373777781889 0 0.000000000000000000 -0.000000000000000000
connection 41 55 2.434101705085838230 0 0.000000000000000000 -0.000000000000000000
connection 41 32 -0.219948094528400251 0 0.000000000000000000 -0.000000000000000000
connection 41 33 1.463577613981705827 0 0.000000000000000000 -0.000000000000000000
connection 41 76 3.185944674230339224 0 0.000000000000000000 -0.000000000000000000
connection 41 82 2.116291673996915534 0 0.000000000000000000 -0.000000000000000000
connection 41 71 0.459775406475408543 0 0.000000000000000000 -0.000000000000000000
connection 41 83 -1.995156788066804854 0 0.000000000000000000 -0.000000000000000000
connection 41 73 -0.505822488905343093 0 0.000000000000000000 -0.000000000000000000
connection 41 77 -3.919364563155911529 0 0.000000000000000000 -0.000000000000000000
connection 41 61 -1.761640259952241383 0 0.000000000000000000 -0.000000000000000000
connection 71 51 0.710106351674948955 0 0.000000000000000000 -0.000000000000000000
connection 71 52 -0.975035963335126654 0 0.000000000000000000 -0.000000000000000000
connection 71 53 -3.216901394854169816 0 0.000000000000000000 -0.000000000000000000
connection 71 54 -1.884089364731571958 0 0.000000000000000000 -0.000000000000000000
connection 71 55 2.360224040717262550 0 0.000000000000000000 -0.000000000000000000
connection 71 32 -0.301326949181149273 0 0.000000000000000000 -0.000000000000000000
connection 71 33 1.385058032260390704 0 0.000000000000000000 -0.000000000000000000
connection 71 76 3.117405919980519080 0 0.000000000000000000 -0.000000000000000000
connection 71 82 2.040689442691011379 0 0.000000000000000000 -0.000000000000000000
connection 71 71 0.378619448875164410 0 0.000000000000000000 -0.000000000000000000
connection 71 83 -2.072743049729491638 0 0.000000000000000000 -0.000000000000000000
connection 71 73 -0.587408771704059474 0 0.000000000000000000 -0.000000000000000000
connection 71 77 -3.984140827213772162 0 0.000000000000000000 -0.000000000000000000
connection 71 61 -1.840671523506968388 0 0.000000000000000000 -0.000000000000000000
connection 31 69 0.269986952293738258 0 0.000000000000000000 -0.000000000000000000
connection 31 70 1.950185060792732683 0 0.000000000000000000 -0.000000000000000000
connection 31 30 -2.697818310423645727 0 0.000000000000000000 -0.000000000000000000
connection 31 31 2.579667545273916396 0 0.000000000000000000 -0.000000000000000000
connection 31 55 0.952865536431467319 0 0.000000000000000000 -0.000000000000000000
connection 31 32 -1.678170628520432084 0 0.000000000000000000 -0.000000000000000000
connection 31 40 2.268949066080622856 0 0.000000000000000000 -0.000000000000000000
connection 31 64 -0.364367168412142339 0 0.000000000000000000 -0.000000000000000000
connection 31 57 1.290662743528729672 0 0.000000000000000000 -0.000000000000000000
connection 31 41 -1.474335735696603811 0 0.000000000000000000 -0.000000000000000000
connection 31 77 -4.623779332831436051 0 0.000000000000000000 -0.000000000000000000
connection 31 61 -2.912726987657839661 0 0.000000000000000000 -0.000000000000000000
connection 32 51 1.676265607733067542 0 0.000000000000000000 -0.000000000000000000
connection 32 53 -2.535794211777226970 0 0.000000000000000000 -0.000000000000000000
connection 32 54 -1.019117201357106595 0 0.000000000000000000 -0.000000000000000000
connection 32 82 2.930224110050338560 0 0.000000000000000000 -0.000000000000000000
connection 32 71 1.341574721403883785 0 0.000000000000000000 -0.000000000000000000
connection 32 83 -1.289180206295567510 0 0.000000000000000000 -0.000000000000000000
connection 32 73 0.333928727529438529 0 0.000000000000000000 -0.000000000000000000
connection 32 77 -3.592486253145050323 0 0.000000000000000000 -0.000000000000000000
connection 32 61 -1.080287712395998634 0 0.000000000000000000 -0.000000000000000000
connection 53 29 5.794506487896890157 0 0.000000000000000000 -0.000000000000000000
connection 53 52 2.209352259508912564 0 0.000000000000000000 -0.000000000000000000
connection 53 53 -0.469017605573744889 0 0.000000000000000000 -0.000000000000000000
connection 53 54 1.239157032895574773 0 0.000000000000000000 -0.000000000000000000
connection 53 72 -3.259174944140897257 0 0.000000000000000000 -0.000000000000000000
connection 53 38 -5.541570366955141935 0 0.000000000000000000 -0.000000000000000000
connection 53 39 -4.319633493038523397 0 0.000000000000000000 -0.000000000000000000
connection 53 77 -2.109224776676591251 0 0.000000000000000000 -0.000000000000000000
connection 53 43 3.131733683303598692 0 0.000000000000000000 -0.000000000000000000
connection 53 58 1.568590240618499942 0 0.000000000000000000 -0.000000000000000000
connection 53 44 -1.055419841589609664 0 0.000000000000000000 -0.000000000000000000
connection 53 45 0.569144465710715197 0 0.000000000000000000 -0.000000000000000000
connection 34 52 1.361701794542093946 0 0.000000000000000000 -0.000000000000000000
connection 34 53 -1.325067468838083684 0 0.000000000000000000 -0.000000000000000000
connection 34 54 0.341526821156502292 0 0.000000000000000000 -0.000000000000000000
connection 34 72 -3.758306440622894318 0 0.000000000000000000 -0.000000000000000000
connection 34 38 -5.591272198265424542 0 0.000000000000000000 -0.000000000000000000
connection 34 39 -4.575271883084881530 0 0.000000000000000000 -0.000000000000000000
connection 34 71 2.645464761406379317 0 0.000000000000000000 -0.000000000000000000
connection 34 73 1.689247475715211166 0 0.000000000000000000 -0.000000000000000000
connection 34 77 -2.709257272327954880 0 0.000000000000000000 -0.000000000000000000
connection 34 43 2.332860835017911860 0 0.000000000000000000 -0.000000000000000000
connection 34 58 0.694529744752702016 0 0.000000000000000000 -0.000000000000000000
connection 34 44 -1.766208494445446364 0 0.000000000000000000 -0.000000000000000000
connection 34 45 -0.267999338409750543 0 0.000000000000000000 -0.000000000000000000
connection 35 29 5.880394693860768740 0 0.000000000000000000 -0.000000000000000000
connection 35 52 2.358889335433584034 0 0.000000000000000000 -0.000000000000000000
connection 35 53 -0.306971009762800118 0 0.000000000000000000 -0.000000000000000000
connection 35 54 1.396927031922786888 0 0.000000000000000000 -0.000000000000000000
connection 35 72 -3.119530539232397093 0 0.000000000000000000 -0.000000000000000000
connection 35 38 -5.449243985357909104 0 0.000000000000000000 -0.000000000000000000
connection 35 39 -4.197738886935998615 0 0.000000000000000000 -0.000000000000000000
connection 35 77 -1.954513878909547309 0 0.000000000000000000 -0.000000000000000000
connection 35 43 3.268159203269199953 0 0.000000000000000000 -0.000000000000000000
connection 35 58 1.723907053171975345 0 0.000000000000000000 -0.000000000000000000
connection 35 44 -0.893601675792009220 0 0.000000000000000000 -0.000000000000000000
connection 35 45 0.730859195487455704 0 0.000000000000000000 -0.000000000000000000
connection 83 51 1.983721192635328423 0 0.000000000000000000 -0.000000000000000000
connection 83 52 0.305204939293525712 0 0.000000000000000000 -0.000000000000000000
connection 83 53 -2.235571588239711804 0 0.000000000000000000 -0.000000000000000000
connection 83 54 -0.696641963330716263 0 0.000000000000000000 -0.000000000000000000
connection 83 82 3.207238554987281720 0 0.000000000000000000 -0.000000000000000000
connection 83 71 1.654522477019965576 0 0.000000000000000000 -0.000000000000000000
connection 83 83 -0.967315101921953469 0 0.000000000000000000 -0.000000000000000000
connection 83 73 0.658175386338381796 0 0.000000000000000000 -0.000000000000000000
connection 83 77 -3.317098359962193044 0 0.000000000000000000 -0.000000000000000000
connection 83 43 1.329027237448537457 0 0.000000000000000000 -0.000000000000000000
connection 83 58 -0.305175158031673499 0 0.000000000000000000 -0.000000000000000000
connection 83 44 -2.499430085126426171 0 0.000000000000000000 -0.000000000000000000
connection 83 45 -1.176556294283653825 0 0.000000000000000000 -0.000000000000000000
connection 36 46 5.474542089979400394 0 0.000000000000000000 -0.000000000000000000
connection 36 35 1.113344027246818024 0 0.000000000000000000 -0.000000000000000000
connection 36 36 -2.975619380220985821 0 0.000000000000000000 -0.000000000000000000
connection 36 37 -1.552435872798122896 0 0.000000000000000000 -0.000000000000000000
connection 36 38 -4.729557202435160868 0 0.000000000000000000 -0.000000000000000000
connection 36 39 -2.766149793509900867 0 0.000000000000000000 -0.000000000000000000
connection 36 65 2.417775579590396351 0 0.000000000000000000 -0.000000000000000000
connection 36 42 0.773177633233955608 0 0.000000000000000000 -0.000000000000000000
connection 36 66 -1.785624250499745491 0 0.000000000000000000 -0.000000000000000000
connection 36 60 -0.224680964645806142 0 0.000000000000000000 -0.000000000000000000
connection 37 46 5.883652443299598467 0 0.000000000000000000 -0.000000000000000000
connection 37 72 -2.103139974272927315 0 0.000000000000000000 -0.000000000000000000
connection 37 38 -5.088791147358632472 0 0.000000000000000000 -0.000000000000000000
connection 37 39 -3.495660317167018416 0 0.000000000000000000 -0.000000000000000000
connection 37 65 1.331588420238594805 0 0.000000000000000000 -0.000000000000000000
connection 37 42 -0.342976757593303372 0 0.000000000000000000 -0.000000000000000000
connection 37 66 -2.651075934264915723 0 0.000000000000000000 -0.000000000000000000
connection 37 60 -1.265760932637805203 0 0.000000000000000000 -0.000000000000000000
connection 37 58 2.923300377596569355 0 0.000000000000000000 -0.000000000000000000
connection 37 44 0.334079052141732058 0 0.000000000000000000 -0.000000000000000000
connection 37 45 1.988434839963810985 0 0.000000000000000000 -0.000000000000000000
connection 66 29 6.120984147199142633 0 0.000000000000000000 -0.000000000000000000
connection 66 52 2.796357151608208635 0 0.000000000000000000 -0.000000000000000000
connection 66 54 1.863081014542098846 0 0.000000000000000000 -0.000000000000000000
connection 66 72 -2.687040394464158322 0 0.000000000000000000 -0.000000000000000000
connection 66 38 -5.155288179281975580 0 0.000000000000000000 -0.000000000000000000
connection 66 39 -3.815484868609405833 0 0.000000000000000000 -0.000000000000000000
connection 66 77 -1.481235557623413301 0 0.000000000000000000 -0.000000000000000000
connection 66 43 3.663713171953136616 0 0.000000000000000000 -0.000000000000000000
connection 66 58 2.181352356573701190 0 0.000000000000000000 -0.000000000000000000
connection 66 44 -0.404063027884268011 0 0.000000000000000000 -0.000000000000000000
connection 66 45 1.211980506469113816 0 0.000000000000000000 -0.000000000000000000
connection 67 70 1.641853838085554074 0 0.000000000000000000 -0.000000000000000000
connection 67 30 -2.986449440865166061 0 0.000000000000000000 -0.000000000000000000
connection 67 31 2.284765500757725221 0 0.000000000000000000 -0.000000000000000000
connection 67 55 0.631758628878793527 0 0.000000000000000000 -0.000000000000000000
connection 67 32 -1.989072454456047412 0 0.000000000000000000 -0.000000000000000000
connection 67 33 -0.389605523746734628 0 0.000000000000000000 -0.000000000000000000
connection 67 40 1.967432964668926143 0 0.000000000000000000 -0.000000000000000000
connection 67 64 -0.690089411715131273 0 0.000000000000000000 -0.000000000000000000
connection 67 57 0.972349847747075446 0 0.000000000000000000 -0.000000000000000000
connection 67 41 -1.789768736745352973 0 0.000000000000000000 -0.000000000000000000
connection 67 77 -4.848764569246462486 0 0.000000000000000000 -0.000000000000000000
connection 67 61 -3.200256075768816100 0 0.000000000000000000 -0.000000000000000000
connection 78 48 3.011802963617299600 0 0.000000000000000000 -0.000000000000000000
connection 78 49 0.426863942286226872 0 0.000000000000000000 -0.000000000000000000
connection 78 50 2.093128879754833527 0 0.000000000000000000 -0.000000000000000000
connection 78 67 1.439322260347135396 0 0.000000000000000000 -0.000000000000000000
connection 78 68 -0.255486442386163970 0 0.000000000000000000 -0.000000000000000000
connection 78 69 -2.665361453819020898 0 0.000000000000000000 -0.000000000000000000
connection 78 70 -1.219178683123188556 0 0.000000000000000000 -0.000000000000000000
connection 78 30 -4.471874277906501050 0 0.000000000000000000 -0.000000000000000000
connection 78 59 -2.446442733143542991 0 0.000000000000000000 -0.000000000000000000
connection 78 76 -1.224366441738458766 0 0.000000000000000000 -0.000000000000000000
connection 78 41 -3.586446344897665117 0 0.000000000000000000 -0.000000000000000000
connection 78 61 -4.226353570179764318 0 0.000000000000000000 -0.000000000000000000
connection 38 22 2.128765332089888052 0 0.000000000000000000 -0.000000000000000000
connection 38 74 4.187223131085056949 0 0.000000000000000000 -0.000000000000000000
connection 38 27 6.106536722350176305 0 0.000000000000000000 -0.000000000000000000
connection 38 28 5.704569120099989732 0 0.000000000000000000 -0.000000000000000000
connection 38 35 2.430100828475394881 0 0.000000000000000000 -0.000000000000000000
connection 38 36 -1.843546636454318488 0 0.000000000000000000 -0.000000000000000000
connection 38 37 -0.231099274680079986 0 0.000000000000000000 -0.000000000000000000
connection 38 38 -4.068338046635251004 0 0.000000000000000000 -0.000000000000000000
connection 38 39 -1.643977040791843258 0 0.000000000000000000 -0.000000000000000000
connection 38 42 2.117330441163534083 0 0.000000000000000000 -0.000000000000000000
connection 38 66 -0.535046769689231927 0 0.000000000000000000 -0.000000000000000000
connection 38 60 1.129162403890565880 0 0.000000000000000000 -0.000000000000000000
connection 39 46 6.013743038844563848 0 0.000000000000000000 -0.000000000000000000
connection 39 72 -1.871772187652992914 0 0.000000000000000000 -0.000000000000000000
connection 39 38 -4.931069201658873524 0 0.000000000000000000 -0.000000000000000000
connection 39 39 -3.288835118071240071 0 0.000000000000000000 -0.000000000000000000
connection 39 65 1.566987771336285196 0 0.000000000000000000 -0.000000000000000000
connection 39 66 -2.426146147780333884 0 0.000000000000000000 -0.000000000000000000
connection 39 60 -1.023893138620195042 0 0.000000000000000000 -0.000000000000000000
connection 39 58 3.131840506453752671 0 0.000000000000000000 -0.000000000000000000
connection 39 44 0.577807933479817515 0 0.000000000000000000 -0.000000000000000000
connection 39 45 2.214930783829116123 0 0.000000000000000000 -0.000000000000000000
connection 40 68 2.143751987662790626 0 0.000000000000000000 -0.000000000000000000
connection 40 69 -0.536926042289193828 0 0.000000000000000000 -0.000000000000000000
connection 40 70 1.156213139133474899 0 0.000000000000000000 -0.000000000000000000
connection 40 30 -3.204095412935504150 0 0.000000000000000000 -0.000000000000000000
connection 40 31 1.819641281531669375 0 0.000000000000000000 -0.000000000000000000
connection 40 32 -2.296862631868458404 0 0.000000000000000000 -0.000000000000000000
connection 40 33 -0.823813936408570147 0 0.000000000000000000 -0.000000000000000000
connection 40 63 3.063098913915659693 0 0.000000000000000000 -0.000000000000000000
connection 40 40 1.491611280933917927 0 0.000000000000000000 -0.000000000000000000
connection 40 64 -1.053355624818621328 0 0.000000000000000000 -0.000000000000000000
connection 40 57 0.516143338704091570 0 0.000000000000000000 -0.000000000000000000
connection 40 41 -2.069536013464885915 0 0.000000000000000000 -0.000000000000000000
connection 40 77 -4.687224085014040753 0 0.000000000000000000 -0.000000000000000000
connection 40 61 -3.241406545480260082 0 0.000000000000000000 -0.000000000000000000
connection 77 52 1.674324727469641338 0 0.000000000000000000 -0.000000000000000000
connection 77 53 -1.005251574369126821 0 0.000000000000000000 -0.000000000000000000
connection 77 54 0.664876372607367427 0 0.000000000000000000 -0.000000000000000000
connection 77 72 -3.491265670800104193 0 0.000000000000000000 -0.000000000000000000
connection 77 38 -5.404988956697243552 0 0.000000000000000000 -0.000000000000000000
connection 77 39 -4.337785800183600493 0 0.000000000000000000 -0.000000000000000000
connection 77 71 2.930593170466782915 0 0.000000000000000000 -0.000000000000000000
connection 77 83 0.342114956250777702 0 0.000000000000000000 -0.000000000000000000
connection 77 73 1.996376721890333439 0 0.000000000000000000 -0.000000000000000000
connection 77 77 -2.408914409703799109 0 0.000000000000000000 -0.000000000000000000
connection 77 43 2.625973326611793723 0 0.000000000000000000 -0.000000000000000000
connection 77 58 1.016381815034546054 0 0.000000000000000000 -0.000000000000000000
connection 77 44 -1.447655312617464718 0 0.000000000000000000 -0.000000000000000000
connection 42 52 1.596628478684558150 0 0.000000000000000000 -0.000000000000000000
connection 42 53 -1.085562220554908919 0 0.000000000000000000 -0.000000000000000000
connection 42 54 0.584198700723632669 0 0.000000000000000000 -0.000000000000000000
connection 42 72 -3.558986722925285395 0 0.000000000000000000 -0.000000000000000000
connection 42 38 -5.452627380248318723 0 0.000000000000000000 -0.000000000000000000
connection 42 39 -4.398233960389391406 0 0.000000000000000000 -0.000000000000000000
connection 42 71 2.860074609706928062 0 0.000000000000000000 -0.000000000000000000
connection 42 83 0.260730665542907636 0 0.000000000000000000 -0.000000000000000000
connection 42 73 1.920137400925778781 0 0.000000000000000000 -0.000000000000000000
connection 42 77 -2.484759554611241761 0 0.000000000000000000 -0.000000000000000000
connection 42 43 2.553390390711746338 0 0.000000000000000000 -0.000000000000000000
connection 42 58 0.936183729264446485 0 0.000000000000000000 -0.000000000000000000
connection 42 44 -1.527795413452746720 0 0.000000000000000000 -0.000000000000000000
connection 43 30 -2.096486376911804950 0 0.000000000000000000 -0.000000000000000000
connection 43 31 3.145861569984674144 0 0.000000000000000000 -0.000000000000000000
connection 43 55 1.584881120039421498 0 0.000000000000000000 -0.000000000000000000
connection 43 32 -1.040836324811075908 0 0.000000000000000000 -0.000000000000000000
connection 43 33 0.585397861196677916 0 0.000000000000000000 -0.000000000000000000
connection 43 40 2.850713994999481304 0 0.000000000000000000 -0.000000000000000000
connection 43 64 0.289899442386990447 0 0.000000000000000000 -0.000000000000000000
connection 43 57 1.914054834159468754 0 0.000000000000000000 -0.000000000000000000
connection 43 82 1.257874396230121983 0 0.000000000000000000 -0.000000000000000000
connection 43 71 -0.379466927612598315 0 0.000000000000000000 -0.000000000000000000
connection 43 83 -2.569978577556855104 0 0.000000000000000000 -0.000000000000000000
connection 43 73 -1.250895174350832306 0 0.000000000000000000 -0.000000000000000000
connection 43 77 -4.138922268359034540 0 0.000000000000000000 -0.000000000000000000
connection 43 61 -2.311124022547940804 0 0.000000000000000000 -0.000000000000000000
connection 44 51 2.285033781127383978 0 0.000000000000000000 -0.000000000000000000
connection 44 52 0.628723999566740854 0 0.000000000000000000 -0.000000000000000000
connection 44 53 -1.928254540060853506 0 0.000000000000000000 -0.000000000000000000
connection 44 54 -0.371793809369299844 0 0.000000000000000000 -0.000000000000000000
connection 44 34 -1.712997445528150253 0 0.000000000000000000 -0.000000000000000000
connection 44 72 -4.006430291132198285 0 0.000000000000000000 -0.000000000000000000
connection 44 39 -4.624014604674026252 0 0.000000000000000000 -0.000000000000000000
connection 44 82 3.475345704401918034 0 0.000000000000000000 -0.000000000000000000
connection 44 71 1.962284293054377349 0 0.000000000000000000 -0.000000000000000000
connection 44 83 -0.642138680238361403 0 0.000000000000000000 -0.000000000000000000
connection 44 73 0.980320315875174542 0 0.000000000000000000 -0.000000000000000000
connection 44 77 -3.031757120384718451 0 0.000000000000000000 -0.000000000000000000
connection 44 43 1.643045879755604233 0 0.000000000000000000 -0.000000000000000000
connection 44 44 -2.192462295272349149 0 0.000000000000000000 -0.000000000000000000
connection 44 45 -0.850617480101163781 0 0.000000000000000000 -0.000000000000000000
connection 46 48 2.800009223450813600 0 0.000000000000000000 -0.000000000000000000
connection 46 50 1.864802923035313809 0 0.000000000000000000 -0.000000000000000000
connection 46 67 1.202755937441246870 0 0.000000000000000000 -0.000000000000000000
connection 46 68 -0.498932811515923502 0 0.000000000000000000 -0.000000000000000000
connection 46 69 -2.884003353352982302 0 0.000000000000000000 -0.000000000000000000
connection 46 70 -1.457974932163869752 0 0.000000000000000000 -0.000000000000000000
connection 46 30 -4.645222212243760751 0 0.000000000000000000 -0.000000000000000000
connection 46 59 -2.670370310256459323 0 0.000000000000000000 -0.000000000000000000
connection 46 76 -1.465781731727436199 0 0.000000000000000000 -0.000000000000000000
connection 46 41 -3.787732308829922623 0 0.000000000000000000 -0.000000000000000000
connection 46 61 -4.411706429956526954 0 0.000000000000000000 -0.000000000000000000
connection 48 22 6.158911705498915090 0 0.000000000000000000 -0.000000000000000000
connection 48 68 1.528867655353120636 0 0.000000000000000000 -0.000000000000000000
connection 48 69 -1.180497985164127961 0 0.000000000000000000 -0.000000000000000000
connection 48 70 0.514985457289770077 0 0.000000000000000000 -0.000000000000000000
connection 48 30 -3.745789752130031847 0 0.000000000000000000 -0.000000000000000000
connection 48 31 1.194450695853472855 0 0.000000000000000000 -0.000000000000000000
connection 48 55 -0.507128488748139428 0 0.000000000000000000 -0.000000000000000000
connection 48 32 -2.889801818235834485 0 0.000000000000000000 -0.000000000000000000
connection 48 33 -1.465370542139196930 0 0.000000000000000000 -0.000000000000000000
connection 48 63 2.493031802594621649 0 0.000000000000000000 -0.000000000000000000
connection 48 40 0.856257479261612331 0 0.000000000000000000 -0.000000000000000000
connection 48 64 -1.693987833649568397 0 0.000000000000000000 -0.000000000000000000
connection 48 41 -2.676019040241572444 0 0.000000000000000000 -0.000000000000000000
connection 48 77 -5.123788949371357759 0 0.000000000000000000 -0.000000000000000000
connection 48 61 -3.791028127737929410 0 0.000000000000000000 -0.000000000000000000
connection 49 70 1.796726971181845434 0 0.000000000000000000 -0.000000000000000000
connection 49 30 -2.843205562573821954 0 0.000000000000000000 -0.000000000000000000
connection 49 31 2.433133106696117487 0 0.000000000000000000 -0.000000000000000000
connection 49 55 0.792632998225398899 0 0.000000000000000000 -0.000000000000000000
connection 49 32 -1.834364335110836519 0 0.000000000000000000 -0.000000000000000000
connection 49 33 -0.227162880801615147 0 0.000000000000000000 -0.000000000000000000
connection 49 40 2.119001006380180741 0 0.000000000000000000 -0.000000000000000000
connection 49 64 -0.527458809081631119 0 0.000000000000000000 -0.000000000000000000
connection 49 57 1.131958281557580825 0 0.000000000000000000 -0.000000000000000000
connection 49 41 -1.632727335635004717 0 0.000000000000000000 -0.000000000000000000
connection 49 77 -4.737725263051984825 0 0.000000000000000000 -0.000000000000000000
connection 49 61 -3.057662688569926068 0 0.000000000000000000 -0.000000000000000000
connection 54 52 1.124322903475049706 0 0.000000000000000000 -0.000000000000000000
connection 54 53 -1.562110503753186608 0 0.000000000000000000 -0.000000000000000000
connection 54 72 -3.951754623534174282 0 0.000000000000000000 -0.000000000000000000
connection 54 38 -5.723618098192830850 0 0.000000000000000000 -0.000000000000000000
connection 54 39 -4.745841809397944644 0 0.000000000000000000 -0.000000000000000000
connection 54 71 2.426475125322784088 0 0.000000000000000000 -0.000000000000000000
connection 54 83 -0.228027923924499609 0 0.000000000000000000 -0.000000000000000000
connection 54 73 1.455383496838399626 0 0.000000000000000000 -0.000000000000000000
connection 54 77 -2.928970818685601607 0 0.000000000000000000 -0.000000000000000000
connection 54 43 2.108391509447893775 0 0.000000000000000000 -0.000000000000000000
connection 54 58 0.451626776700144450 0 0.000000000000000000 -0.000000000000000000
connection 54 44 -2.001302521745318419 0 0.000000000000000000 -0.000000000000000000
connection 54 45 -0.513357196374782054 0 0.000000000000000000 -0.000000000000000000
connection 58 51 1.030699285800857457 0 0.000000000000000000 -0.000000000000000000
connection 58 52 -0.652183669724343495 0 0.000000000000000000 -0.000000000000000000
connection 58 53 -2.932979145056454406 0 0.000000000000000000 -0.000000000000000000
connection 58 54 -1.570474014437711396 0 0.000000000000000000 -0.000000000000000000
connection 58 55 2.652951515526099424 0 0.000000000000000000 -0.000000000000000000
connection 58 33 1.697340882393390649 0 0.000000000000000000 -0.000000000000000000
connection 58 76 3.388215438413230807 0 0.000000000000000000 -0.000000000000000000
connection 58 82 2.340627153338107114 0 0.000000000000000000 -0.000000000000000000
connection 58 71 0.702630771382860897 0 0.000000000000000000 -0.000000000000000000
connection 58 83 -1.759995144532919387 0 0.000000000000000000 -0.000000000000000000
connection 58 73 -0.260460856909561833 0 0.000000000000000000 -0.000000000000000000
connection 58 77 -3.720912500594427019 0 0.000000000000000000 -0.000000000000000000
connection 58 61 -1.522380836377873692 0 0.000000000000000000 -0.000000000000000000
connection 50 22 6.232156667438633946 0 0.000000000000000000 -0.000000000000000000
connection 50 68 1.684700395565368325 0 0.000000000000000000 -0.000000000000000000
connection 50 69 -1.020748833652024068 0 0.000000000000000000 -0.000000000000000000
connection 50 70 0.676243353257467872 0 0.000000000000000000 -0.000000000000000000
connection 50 30 -3.614119222352430771 0 0.000000000000000000 -0.000000000000000000
connection 50 31 1.352481700662340414 0 0.000000000000000000 -0.000000000000000000
connection 50 55 -0.344919808468855893 0 0.000000000000000000 -0.000000000000000000
connection 50 32 -2.744640502654875025 0 0.000000000000000000 -0.000000000000000000
connection 50 33 -1.306489742527100040 0 0.000000000000000000 -0.000000000000000000
connection 50 63 2.638528516989632422 0 0.000000000000000000 -0.000000000000000000
connection 50 40 1.016440037676912933 0 0.000000000000000000 -0.000000000000000000
connection 50 64 -1.535638022909207479 0 0.000000000000000000 -0.000000000000000000
connection 50 41 -2.527297594986515072 0 0.000000000000000000 -0.000000000000000000
connection 50 77 -5.019065718768320750 0 0.000000000000000000 -0.000000000000000000
connection 50 61 -3.657553914102933845 0 0.000000000000000000 -0.000000000000000000
connection 51 51 1.520496745619598800 0 0.000000000000000000 -0.000000000000000000
connection 51 53 -2.683010933844742318 0 0.000000000000000000 -0.000000000000000000
connection 51 54 -1.179141168295892550 0 0.000000000000000000 -0.000000000000000000
connection 51 82 2.788530911386529976 0 0.000000000000000000 -0.000000000000000000
connection 51 71 1.183440969908862384 0 0.000000000000000000 -0.000000000000000000
connection 51 83 -1.448551929351630907 0 0.000000000000000000 -0.000000000000000000
connection 51 77 -3.726311773738359090 0 0.000000000000000000 -0.000000000000000000
connection 51 61 -1.241501057215086190 0 0.000000000000000000 -0.000000000000000000
connection 52 52 0.964907787182745724 0 0.000000000000000000 -0.000000000000000000
connection 52 53 -1.718573408669170188 0 0.000000000000000000 -0.000000000000000000
connection 52 72 -4.077402061862519744 0 0.000000000000000000 -0.000000000000000000
connection 52 38 -5.808422408547148308 0 0.000000000000000000 -0.000000000000000000
connection 52 39 -4.855966632019121043 0 0.000000000000000000 -0.000000000000000000
connection 52 71 2.278186738376107634 0 0.000000000000000000 -0.000000000000000000
connection 52 83 -0.390715171995032584 0 0.000000000000000000 -0.000000000000000000
connection 52 73 1.298009693494353467 0 0.000000000000000000 -0.000000000000000000
connection 52 77 -3.072655720075430974 0 0.000000000000000000 -0.000000000000000000
connection 52 43 1.956712775631410217 0 0.000000000000000000 -0.000000000000000000
connection 52 58 0.289217118956045460 0 0.000000000000000000 -0.000000000000000000
connection 52 44 -2.156001195888742394 0 0.000000000000000000 -0.000000000000000000
connection 52 45 -0.676390646679322582 0 0.000000000000000000 -0.000000000000000000
connection 55 51 0.387222048373403793 0 0.000000000000000000 -0.000000000000000000
connection 55 52 -1.294623791632421916 0 0.000000000000000000 -0.000000000000000000
connection 55 53 -3.491369634186003434 0 0.000000000000000000 -0.000000000000000000
connection 55 54 -2.191593072763291072 0 0.000000000000000000 -0.000000000000000000
connection 55 55 2.060371378893541827 0 0.000000000000000000 -0.000000000000000000
connection 55 32 -0.626009191110841301 0 0.000000000000000000 -0.000000000000000000
connection 55 33 1.068377439545359131 0 0.000000000000000000 -0.000000000000000000
connection 55 76 2.837876636808859487 0 0.000000000000000000 -0.000000000000000000
connection 55 82 1.734493392709363757 0 0.000000000000000000 -0.000000000000000000
connection 55 83 -2.378730380333698324 0 0.000000000000000000 -0.000000000000000000
connection 55 73 -0.912300928113584320 0 0.000000000000000000 -0.000000000000000000
connection 55 77 -4.236275648610211775 0 0.000000000000000000 -0.000000000000000000
connection 55 61 -2.152805457522148913 0 0.000000000000000000 -0.000000000000000000
connection 69 51 1.363515656107725516 0 0.000000000000000000 -0.000000000000000000
connection 69 52 -0.343674388903750072 0 0.000000000000000000 -0.000000000000000000
connection 69 53 -2.828184166491107376 0 0.000000000000000000 -0.000000000000000000
connection 69 54 -1.338188431148861213 0 0.000000000000000000 -0.000000000000000000
connection 69 32 0.342531627689683704 0 0.000000000000000000 -0.000000000000000000
connection 69 33 2.018499191904161716 0 0.000000000000000000 -0.000000000000000000
connection 69 82 2.644807083778275114 0 0.000000000000000000 -0.000000000000000000
connection 69 71 1.024359641373379315 0 0.000000000000000000 -0.000000000000000000
connection 69 83 -1.606719539089801918 0 0.000000000000000000 -0.000000000000000000
connection 69 77 -3.857498891457683765 0 0.000000000000000000 -0.000000000000000000
connection 69 61 -1.401661261012035364 0 0.000000000000000000 -0.000000000000000000
connection 57 68 2.293607649139147053 0 0.000000000000000000 -0.000000000000000000
connection 57 69 -0.374557964841579438 0 0.000000000000000000 -0.000000000000000000
connection 57 70 1.314515066434584156 0 0.000000000000000000 -0.000000000000000000
connection 57 30 -3.062592420712771268 0 0.000000000000000000 -0.000000000000000000
connection 57 31 1.972674846249202973 0 0.000000000000000000 -0.000000000000000000
connection 57 55 0.305564420918700230 0 0.000000000000000000 -0.000000000000000000
connection 57 32 -2.143801186987407625 0 0.000000000000000000 -0.000000000000000000
connection 57 33 -0.661334719452950637 0 0.000000000000000000 -0.000000000000000000
connection 57 63 3.200410520192425334 0 0.000000000000000000 -0.000000000000000000
connection 57 40 1.647806702891592145 0 0.000000000000000000 -0.000000000000000000
connection 57 64 -0.890601983092280891 0 0.000000000000000000 -0.000000000000000000
connection 57 57 0.678644794343776891 0 0.000000000000000000 -0.000000000000000000
connection 57 41 -1.913410010417798235 0 0.000000000000000000 -0.000000000000000000
connection 57 77 -4.570677747483403053 0 0.000000000000000000 -0.000000000000000000
connection 57 61 -3.097629398285580038 0 0.000000000000000000 -0.000000000000000000
connection 75 46 6.055541962549839674 0 0.000000000000000000 -0.000000000000000000
connection 75 72 -1.793871914639921128 0 0.000000000000000000 -0.000000000000000000
connection 75 38 -4.877057124494701412 0 0.000000000000000000 -0.000000000000000000
connection 75 39 -3.218662049532014180 0 0.000000000000000000 -0.000000000000000000
connection 75 65 1.644856932758034018 0 0.000000000000000000 -0.000000000000000000
connection 75 66 -2.350181794998571494 0 0.000000000000000000 -0.000000000000000000
connection 75 60 -0.942809091256387122 0 0.000000000000000000 -0.000000000000000000
connection 75 58 3.200269908917616313 0 0.000000000000000000 -0.000000000000000000
connection 75 44 0.658843283514214506 0 0.000000000000000000 -0.000000000000000000
connection 75 45 2.289607170565547634 0 0.000000000000000000 -0.000000000000000000
connection 59 51 0.468101202311652920 0 0.000000000000000000 -0.000000000000000000
connection 59 52 -1.215088050312738810 0 0.000000000000000000 -0.000000000000000000
connection 59 53 -3.423664525465795805 0 0.000000000000000000 -0.000000000000000000
connection 59 54 -2.115336827172809464 0 0.000000000000000000 -0.000000000000000000
connection 59 55 2.135962489437571943 0 0.000000000000000000 -0.000000000000000000
connection 59 32 -0.544996931558214492 0 0.000000000000000000 -0.000000000000000000
connection 59 33 1.147907924881350405 0 0.000000000000000000 -0.000000000000000000
connection 59 76 2.908548771242387421 0 0.000000000000000000 -0.000000000000000000
connection 59 82 1.811584603488059164 0 0.000000000000000000 -0.000000000000000000
connection 59 83 -2.302912516786898234 0 0.000000000000000000 -0.000000000000000000
connection 59 73 -0.831329058428733392 0 0.000000000000000000 -0.000000000000000000
connection 59 77 -4.174293451741102778 0 0.000000000000000000 -0.000000000000000000
connection 59 61 -2.075398178067364263 0 0.000000000000000000 -0.000000000000000000
connection 60 52 1.751691244627058719 0 0.000000000000000000 -0.000000000000000000
connection 60 53 -0.924729383051978604 0 0.000000000000000000 -0.000000000000000000
connection 60 54 0.745420334119589301 0 0.000000000000000000 -0.000000000000000000
connection 60 72 -3.422913790058858208 0 0.000000000000000000 -0.000000000000000000
connection 60 38 -5.356630973514619143 0 0.000000000000000000 -0.000000000000000000
connection 60 39 -4.276621699943061294 0 0.000000000000000000 -0.000000000000000000
connection 60 71 3.000587845698432510 0 0.000000000000000000 -0.000000000000000000
connection 60 83 0.423432762840196653 0 0.000000000000000000 -0.000000000000000000
connection 60 73 2.072232411272052932 0 0.000000000000000000 -0.000000000000000000
connection 60 77 -2.332582306349304968 0 0.000000000000000000 -0.000000000000000000
connection 60 43 2.698075515232214006 0 0.000000000000000000 -0.000000000000000000
connection 60 58 1.096376697452240423 0 0.000000000000000000 -0.000000000000000000
connection 60 44 -1.367206066203636716 0 0.000000000000000000 -0.000000000000000000
connection 61 51 1.110369720911556835 0 0.000000000000000000 -0.000000000000000000
connection 61 52 -0.571081185853638873 0 0.000000000000000000 -0.000000000000000000
connection 61 53 -2.860582151243251214 0 0.000000000000000000 -0.000000000000000000
connection 61 54 -1.491219747618045322 0 0.000000000000000000 -0.000000000000000000
connection 61 55 2.724939076616855527 0 0.000000000000000000 -0.000000000000000000
connection 61 33 1.774616408894146513 0 0.000000000000000000 -0.000000000000000000
connection 61 76 3.454501256395039466 0 0.000000000000000000 -0.000000000000000000
connection 61 82 2.414542692185988493 0 0.000000000000000000 -0.000000000000000000
connection 61 71 0.783323447250670379 0 0.000000000000000000 -0.000000000000000000
connection 61 83 -1.680853490942928685 0 0.000000000000000000 -0.000000000000000000
connection 61 77 -3.653402690818811749 0 0.000000000000000000 -0.000000000000000000
connection 61 61 -1.441955768108933444 0 0.000000000000000000 -0.000000000000000000
connection 62 52 -1.531572822176946014 0 0.000000000000000000 -0.000000000000000000
connection 62 53 -3.690749453815955317 0 0.000000000000000000 -0.000000000000000000
connection 62 54 -2.417708263485255582 0 0.000000000000000000 -0.000000000000000000
connection 62 55 1.831258273821491755 0 0.000000000000000000 -0.000000000000000000
connection 62 32 -0.868182075505184780 0 0.000000000000000000 -0.000000000000000000
connection 62 33 0.828559889149036222 0 0.000000000000000000 -0.000000000000000000
connection 62 40 3.067295184943113817 0 0.000000000000000000 -0.000000000000000000
connection 62 64 0.491349998787804054 0 0.000000000000000000 -0.000000000000000000
connection 62 57 2.152705020458658858 0 0.000000000000000000 -0.000000000000000000
connection 62 82 1.501239617495251810 0 0.000000000000000000 -0.000000000000000000
connection 62 83 -2.603300589722364222 0 0.000000000000000000 -0.000000000000000000
connection 62 73 -1.153983335003120114 0 0.000000000000000000 -0.000000000000000000
connection 62 77 -4.417985089603178928 0 0.000000000000000000 -0.000000000000000000
connection 62 61 -2.382338980301945686 0 0.000000000000000000 -0.000000000000000000
connection 64 30 -2.249607325545040393 0 0.000000000000000000 -0.000000000000000000
connection 64 31 3.007452309382381728 0 0.000000000000000000 -0.000000000000000000
connection 64 55 1.428457138240191160 0 0.000000000000000000 -0.000000000000000000
connection 64 32 -1.201813959314675273 0 0.000000000000000000 -0.000000000000000000
connection 64 33 0.423286499277587491 0 0.000000000000000000 -0.000000000000000000
connection 64 40 2.708146935188652016 0 0.000000000000000000 -0.000000000000000000
connection 64 57 1.760150543099339826 0 0.000000000000000000 -0.000000000000000000
connection 64 82 1.098796995705500157 0 0.000000000000000000 -0.000000000000000000
connection 64 71 -0.542861569909725339 0 0.000000000000000000 -0.000000000000000000
connection 64 83 -2.719493155463850176 0 0.000000000000000000 -0.000000000000000000
connection 64 73 -1.411879478522304776 0 0.000000000000000000 -0.000000000000000000
connection 64 77 -4.264484168496792904 0 0.000000000000000000 -0.000000000000000000
connection 64 61 -2.464631518369940100 0 0.000000000000000000 -0.000000000000000000
connection 63 67 2.659626216703072199 0 0.000000000000000000 -0.000000000000000000
connection 63 68 1.041041769731503974 0 0.000000000000000000 -0.000000000000000000
connection 63 69 -1.592374208299223604 0 0.000000000000000000 -0.000000000000000000
connection 63 30 -3.850012292071617992 0 0.000000000000000000 -0.000000000000000000
connection 63 59 -1.387670301766099179 0 0.000000000000000000 -0.000000000000000000
connection 63 63 2.031412462671993602 0 0.000000000000000000 -0.000000000000000000
connection 63 40 0.397909890465607152 0 0.000000000000000000 -0.000000000000000000
connection 63 64 -1.942953167683770799 0 0.000000000000000000 -0.000000000000000000
connection 63 57 -0.521913405915747974 0 0.000000000000000000 -0.000000000000000000
connection 63 41 -2.834800027986694282 0 0.000000000000000000 -0.000000000000000000
connection 63 77 -4.904872680417421194 0 0.000000000000000000 -0.000000000000000000
connection 63 61 -3.729169323166203309 0 0.000000000000000000 -0.000000000000000000
connection 65 51 2.135195629181761756 0 0.000000000000000000 -0.000000000000000000
connection 65 52 0.467151761436483071 0 0.000000000000000000 -0.000000000000000000
connection 65 53 -2.082750327661608836 0 0.000000000000000000 -0.000000000000000000
connection 65 54 -0.534448666967737296 0 0.000000000000000000 -0.000000000000000000
connection 65 82 3.342433613996134145 0 0.000000000000000000 -0.000000000000000000
connection 65 71 1.809106670113926008 0 0.000000000000000000 -0.000000000000000000
connection 65 83 -0.805075526114352513 0 0.000000000000000000 -0.000000000000000000
connection 65 73 0.819575883540823225 0 0.000000000000000000 -0.000000000000000000
connection 65 77 -3.175641427417609464 0 0.000000000000000000 -0.000000000000000000
connection 65 43 1.486623002410568439 0 0.000000000000000000 -0.000000000000000000
connection 65 44 -2.346907103245192694 0 0.000000000000000000 -0.000000000000000000
connection 65 45 -1.014029568266650028 0 0.000000000000000000 -0.000000000000000000
connection 70 51 0.225246232623649234 0 0.000000000000000000 -0.000000000000000000
connection 70 52 -1.452881094628565295 0 0.000000000000000000 -0.000000000000000000
connection 70 53 -3.624917789630534237 0 0.000000000000000000 -0.000000000000000000
connection 70 54 -2.342790788396431623 0 0.000000000000000000 -0.000000000000000000
connection 70 55 1.908006541949438084 0 0.000000000000000000 -0.000000000000000000
connection 70 32 -0.787618074762824860 0 0.000000000000000000 -0.000000000000000000
connection 70 33 0.908687789848058425 0 0.000000000000000000 -0.000000000000000000
connection 70 40 3.136387248701944408 0 0.000000000000000000 -0.000000000000000000
connection 70 64 0.572271275329592766 0 0.000000000000000000 -0.000000000000000000
connection 70 57 2.227702183260052760 0 0.000000000000000000 -0.000000000000000000
connection 70 82 1.579307037222327681 0 0.000000000000000000 -0.000000000000000000
connection 70 83 -2.528935851226792764 0 0.000000000000000000 -0.000000000000000000
connection 70 73 -1.073644146083766016 0 0.000000000000000000 -0.000000000000000000
connection 70 77 -4.358123131292282793 0 0.000000000000000000 -0.000000000000000000
connection 70 61 -2.306288454779251929 0 0.000000000000000000 -0.000000000000000000
connection 68 52 -1.609953762633011598 0 0.000000000000000000 -0.000000000000000000
connection 68 53 -3.755945883819506115 0 0.000000000000000000 -0.000000000000000000
connection 68 54 -2.492156046604224073 0 0.000000000000000000 -0.000000000000000000
connection 68 55 1.754150218128339045 0 0.000000000000000000 -0.000000000000000000
connection 68 32 -0.948564252740115244 0 0.000000000000000000 -0.000000000000000000
connection 68 33 0.748264367145159759 0 0.000000000000000000 -0.000000000000000000
connection 68 40 2.997659223020457731 0 0.000000000000000000 -0.000000000000000000
connection 68 64 0.410330820576290001 0 0.000000000000000000 -0.000000000000000000
connection 68 57 2.077297375912163346 0 0.000000000000000000 -0.000000000000000000
connection 68 82 1.422874926591765732 0 0.000000000000000000 -0.000000000000000000
connection 68 71 -0.271899295779953420 0 0.000000000000000000 -0.000000000000000000
connection 68 83 -2.677158686345440852 0 0.000000000000000000 -0.000000000000000000
connection 68 73 -1.234079774911286842 0 0.000000000000000000 -0.000000000000000000
connection 68 77 -4.477137575943130443 0 0.000000000000000000 -0.000000000000000000
connection 68 61 -2.457912647245450444 0 0.000000000000000000 -0.000000000000000000
connection 72 46 5.838694953145698641 0 0.000000000000000000 -0.000000000000000000
connection 72 72 -2.179441028899277377 0 0.000000000000000000 -0.000000000000000000
connection 72 38 -5.139934949751896021 0 0.000000000000000000 -0.000000000000000000
connection 72 39 -3.563347989675559990 0 0.000000000000000000 -0.000000000000000000
connection 72 65 1.252573161241971489 0 0.000000000000000000 -0.000000000000000000
connection 72 42 -0.424392612608469000 0 0.000000000000000000 -0.000000000000000000
connection 72 66 -2.725027398820518254 0 0.000000000000000000 -0.000000000000000000
connection 72 60 -1.345868927740081711 0 0.000000000000000000 -0.000000000000000000
connection 72 58 2.852729996708386118 0 0.000000000000000000 -0.000000000000000000
connection 72 44 0.252684135291696588 0 0.000000000000000000 -0.000000000000000000
connection 72 45 1.912154922277568891 0 0.000000000000000000 -0.000000000000000000
connection 73 51 0.870753517951904255 0 0.000000000000000000 -0.000000000000000000
connection 73 52 -0.813953971539773891 0 0.000000000000000000 -0.000000000000000000
connection 73 53 -3.076090781960627574 0 0.000000000000000000 -0.000000000000000000
connection 73 54 -1.727990760472775333 0 0.000000000000000000 -0.000000000000000000
connection 73 55 2.507522599980300360 0 0.000000000000000000 -0.000000000000000000
connection 73 33 1.541807483228865294 0 0.000000000000000000 -0.000000000000000000
connection 73 76 3.253930538800702266 0 0.000000000000000000 -0.000000000000000000
connection 73 82 2.191490031872854516 0 0.000000000000000000 -0.000000000000000000
connection 73 71 0.540840314112932430 0 0.000000000000000000 -0.000000000000000000
connection 73 83 -1.917160902110368603 0 0.000000000000000000 -0.000000000000000000
connection 73 73 -0.424124432616133029 0 0.000000000000000000 -0.000000000000000000
connection 73 77 -3.853898232752778874 0 0.000000000000000000 -0.000000000000000000
connection 73 61 -1.682238210655787380 0 0.000000000000000000 -0.000000000000000000
connection 74 48 2.656241323262383602 0 0.000000000000000000 -0.000000000000000000
connection 74 50 1.710750698849307083 0 0.000000000000000000 -0.000000000000000000
connection 74 67 1.043813346136364117 0 0.000000000000000000 -0.000000000000000000
connection 74 68 -0.660727070456582077 0 0.000000000000000000 -0.000000000000000000
connection 74 69 -3.027057097532823260 0 0.000000000000000000 -0.000000000000000000
connection 74 70 -1.615692987739146158 0 0.000000000000000000 -0.000000000000000000
connection 74 30 -4.757236374051455385 0 0.000000000000000000 -0.000000000000000000
connection 74 59 -2.817075409119174978 0 0.000000000000000000 -0.000000000000000000
connection 74 76 -1.625197005659853255 0 0.000000000000000000 -0.000000000000000000
connection 74 41 -3.918565455248353313 0 0.000000000000000000 -0.000000000000000000
connection 74 61 -4.531602721612807194 0 0.000000000000000000 -0.000000000000000000
connection 76 68 2.218891797378622410 0 0.000000000000000000 -0.000000000000000000
connection 76 69 -0.455791169645159644 0 0.000000000000000000 -0.000000000000000000
connection 76 70 1.235487564855464404 0 0.000000000000000000 -0.000000000000000000
connection 76 30 -3.133636978837655462 0 0.000000000000000000 -0.000000000000000000
connection 76 31 1.896341718357278827 0 0.000000000000000000 -0.000000000000000000
connection 76 55 0.224285636354686957 0 0.000000000000000000 -0.000000000000000000
connection 76 32 -2.220555661311738760 0 0.000000000000000000 -0.000000000000000000
connection 76 33 -0.742654527700310041 0 0.000000000000000000 -0.000000000000000000
connection 76 63 3.132027502170175115 0 0.000000000000000000 -0.000000000000000000
connection 76 40 1.569863264461213825 0 0.000000000000000000 -0.000000000000000000
connection 76 64 -0.972084489449418054 0 0.000000000000000000 -0.000000000000000000
connection 76 57 0.597453444753608731 0 0.000000000000000000 -0.000000000000000000
connection 76 41 -1.991678972051537322 0 0.000000000000000000 -0.000000000000000000
connection 76 77 -4.629322678089399012 0 0.000000000000000000 -0.000000000000000000
connection 76 61 -3.169825311750081642 0 0.000000000000000000 -0.000000000000000000
connection 80 29 6.043572677447301089 0 0.000000000000000000 -0.000000000000000000
connection 80 52 2.652476699488977019 0 0.000000000000000000 -0.000000000000000000
connection 80 54 1.709002399943341466 0 0.000000000000000000 -0.000000000000000000
connection 80 72 -2.833392512685439346 0 0.000000000000000000 -0.000000000000000000
connection 80 38 -5.256135987341654214 0 0.000000000000000000 -0.000000000000000000
connection 80 39 -3.945640863054864944 0 0.000000000000000000 -0.000000000000000000
connection 80 77 -1.640406242335684661 0 0.000000000000000000 -0.000000000000000000
connection 80 43 3.534198452658070089 0 0.000000000000000000 -0.000000000000000000
connection 80 58 2.030393153097135084 0 0.000000000000000000 -0.000000000000000000
connection 80 44 -0.567789780186407800 0 0.000000000000000000 -0.000000000000000000
connection 80 45 1.052405402311101801 0 0.000000000000000000 -0.000000000000000000
connection 79 67 2.514132362137710963 0 0.000000000000000000 -0.000000000000000000
connection 79 68 0.881219999658834019 0 0.000000000000000000 -0.000000000000000000
connection 79 69 -1.749318266843361558 0 0.000000000000000000 -0.000000000000000000
connection 79 30 -3.978650557387653830 0 0.000000000000000000 -0.000000000000000000
connection 79 59 -1.546732263646940053 0 0.000000000000000000 -0.000000000000000000
connection 79 63 1.878783171164266186 0 0.000000000000000000 -0.000000000000000000
connection 79 40 0.234794232072335990 0 0.000000000000000000 -0.000000000000000000
connection 79 64 -2.099294017800425127 0 0.000000000000000000 -0.000000000000000000
connection 79 57 -0.685803344058155240 0 0.000000000000000000 -0.000000000000000000
connection 79 41 -2.980934304349686315 0 0.000000000000000000 -0.000000000000000000
connection 79 77 -5.013748084389965776 0 0.000000000000000000 -0.000000000000000000
connection 79 61 -3.862863550068296181 0 0.000000000000000000 -0.000000000000000000
connection 81 46 5.677748713689202198 0 0.000000000000000000 -0.000000000000000000
connection 81 35 1.429398297980045474 0 0.000000000000000000 -0.000000000000000000
connection 81 36 -2.685959323301556179 0 0.000000000000000000 -0.000000000000000000
connection 81 37 -1.235007706497963209 0 0.000000000000000000 -0.000000000000000000
connection 81 38 -4.501434251428702460 0 0.000000000000000000 -0.000000000000000000
connection 81 39 -2.469424953057068439 0 0.000000000000000000 -0.000000000000000000
connection 81 65 2.708829927554676331 0 0.000000000000000000 -0.000000000000000000
connection 81 42 1.093455587200921952 0 0.000000000000000000 -0.000000000000000000
connection 81 66 -1.469404021008519301 0 0.000000000000000000 -0.000000000000000000
connection 82 30 -2.400932283257329214 0 0.000000000000000000 -0.000000000000000000
connection 82 31 2.866903727709472882 0 0.000000000000000000 -0.000000000000000000
connection 82 55 1.270900496973199179 0 0.000000000000000000 -0.000000000000000000
connection 82 32 -1.361777424215236953 0 0.000000000000000000 -0.000000000000000000
connection 82 33 0.260840889572346579 0 0.000000000000000000 -0.000000000000000000
connection 82 40 2.563609662582020388 0 0.000000000000000000 -0.000000000000000000
connection 82 57 1.604875686020116321 0 0.000000000000000000 -0.000000000000000000
connection 82 41 -1.153978615486829673 0 0.000000000000000000 -0.000000000000000000
connection 82 77 -4.387155025592089252 0 0.000000000000000000 -0.000000000000000000
connection 82 61 -2.616128427976383897 0 0.000000000000000000 -0.000000000000000000
connection 22 14 -2.272710653840424033 0 0.000000000000000000 -0.000000000000000000
connection 46 15 -2.808975724993204803 0 0.000000000000000000 -0.000000000000000000
connection 29 15 -0.985752086273181893 0 0.000000000000000000 -0.000000000000000000
connection 62 15 1.288806787433671719 0 0.000000000000000000 -0.000000000000000000
connection 59 15 1.602880536801072120 0 0.000000000000000000 -0.000000000000000000
connection 76 15 -0.339795116692880428 0 0.000000000000000000 -0.000000000000000000
connection 41 15 1.911852776077702654 0 0.000000000000000000 -0.000000000000000000
connection 61 15 2.214857784981898448 0 0.000000000000000000 -0.000000000000000000
connection 46 16 -4.608890696144930743 0 0.000000000000000000 -0.000000000000000000
connection 29 16 -3.563875431261462889 0 0.000000000000000000 -0.000000000000000000
connection 62 16 -1.783635735008642476 0 0.000000000000000000 -0.000000000000000000
connection 30 16 0.777926093406171137 0 0.000000000000000000 -0.000000000000000000
connection 59 16 -1.470770760909704933 0 0.000000000000000000 -0.000000000000000000
connection 76 16 -3.011332970121485708 0 0.000000000000000000 -0.000000000000000000
connection 41 16 -1.153102781378358976 0 0.000000000000000000 -0.000000000000000000
connection 77 16 1.414009533200310198 0 0.000000000000000000 -0.000000000000000000
connection 61 16 -0.831599064498000695 0 0.000000000000000000 -0.000000000000000000
connection 34 17 -1.924627864718871262 0 0.000000000000000000 -0.000000000000000000
connection 72 17 0.257593947488956976 0 0.000000000000000000 -0.000000000000000000
connection 39 17 0.581052812558377929 0 0.000000000000000000 -0.000000000000000000
connection 56 18 -2.491186835895260021 0 0.000000000000000000 -0.000000000000000000
connection 56 19 -4.430613160809835804 0 0.000000000000000000 -0.000000000000000000
connection 56 20 -5.449347682625416134 0 0.000000000000000000 -0.000000000000000000
NNend

