NNstart
14 8
neuron 1 1.000000000000000000 0.000000000000000000 0.000000000000000000 0.000000000000000000 11 0.000000000000000000
neuron 1 1.000000000000000000 0.000000000000000000 0.000000000000000000 0.000000000000000000 11 0.000000000000000000
neuron 1 1.000000000000000000 0.000000000000000000 0.000000000000000000 0.000000000000000000 11 0.000000000000000000
neuron 1 1.000000000000000000 0.000000000000000000 0.000000000000000000 0.000000000000000000 11 0.000000000000000000
neuron 1 1.000000000000000000 0.000000000000000000 0.000000000000000000 0.000000000000000000 11 0.000000000000000000
neuron 1 1.000000000000000000 0.000000000000000000 0.000000000000000000 0.000000000000000000 11 0.000000000000000000
neuron 1 1.000000000000000000 0.000000000000000000 0.000000000000000000 0.000000000000000000 11 0.000000000000000000
neuron 1 1.000000000000000000 0.000000000000000000 0.000000000000000000 0.000000000000000000 11 0.000000000000000000
neuron 1 1.000000000000000000 0.000000000000000000 0.000000000000000000 0.000000000000000000 11 0.000000000000000000
neuron 1 1.000000000000000000 0.000000000000000000 0.000000000000000000 0.000000000000000000 11 0.000000000000000000
neuron 1 1.000000000000000000 0.000000000000000000 0.000000000000000000 0.000000000000000000 11 0.000000000000000000
neuron 1 1.000000000000000000 0.000000000000000000 0.000000000000000000 0.000000000000000000 11 0.000000000000000000
neuron 1 1.000000000000000000 0.000000000000000000 0.000000000000000000 0.000000000000000000 11 0.000000000000000000
neuron 2 1.000000000000000000 0.000000000000000000 0.000000000000000000 0.000000000000000000 11 0.000000000000000000
neuron 4 1.000000000000000000 0.000000000000000000 0.000000000000000000 0.000000000000000000 1 0.000000000000000000
neuron 4 1.000000000000000000 0.000000000000000000 0.000000000000000000 0.000000000000000000 1 0.000000000000000000
neuron 4 1.000000000000000000 0.000000000000000000 0.000000000000000000 0.000000000000000000 1 0.000000000000000000
neuron 4 1.000000000000000000 0.000000000000000000 0.000000000000000000 0.000000000000000000 1 0.000000000000000000
neuron 4 1.000000000000000000 0.000000000000000000 0.000000000000000000 0.000000000000000000 1 0.000000000000000000
neuron 4 1.000000000000000000 0.000000000000000000 0.000000000000000000 0.000000000000000000 1 0.000000000000000000
neuron 4 1.000000000000000000 0.000000000000000000 0.000000000000000000 0.000000000000000000 1 0.000000000000000000
neuron 4 1.000000000000000000 0.000000000000000000 0.000000000000000000 0.000000000000000000 1 0.000000000000000000
neuron 3 1.000000000000000000 0.000000000000000000 0.000000000000000000 0.000000000000000000 0 0.000000000000000000
neuron 3 1.000000000000000000 0.000000000000000000 0.000000000000000000 0.000000000000000000 0 0.000000000000000000
neuron 3 1.000000000000000000 0.000000000000000000 0.000000000000000000 0.000000000000000000 0 0.000000000000000000
neuron 3 1.000000000000000000 0.000000000000000000 0.000000000000000000 0.000000000000000000 0 0.000000000000000000
neuron 3 1.000000000000000000 0.000000000000000000 0.000000000000000000 0.000000000000000000 0 0.000000000000000000
neuron 3 1.000000000000000000 0.000000000000000000 0.000000000000000000 0.000000000000000000 0 0.000000000000000000
neuron 3 1.000000000000000000 0.000000000000000000 0.000000000000000000 0.000000000000000000 0 0.000000000000000000
neuron 3 1.000000000000000000 0.000000000000000000 0.000000000000000000 0.000000000000000000 0 0.000000000000000000
neuron 3 1.000000000000000000 0.000000000000000000 0.000000000000000000 0.000000000000000000 0 0.000000000000000000
neuron 3 1.000000000000000000 0.000000000000000000 0.000000000000000000 0.000000000000000000 0 0.000000000000000000
neuron 3 1.000000000000000000 0.000000000000000000 0.000000000000000000 0.000000000000000000 0 0.000000000000000000
neuron 3 1.000000000000000000 0.000000000000000000 0.000000000000000000 0.000000000000000000 0 0.000000000000000000
neuron 3 1.000000000000000000 0.000000000000000000 0.000000000000000000 0.000000000000000000 0 0.000000000000000000
neuron 3 1.000000000000000000 0.000000000000000000 0.000000000000000000 0.000000000000000000 0 0.000000000000000000
neuron 3 1.000000000000000000 0.000000000000000000 0.000000000000000000 0.000000000000000000 0 0.000000000000000000
neuron 3 1.000000000000000000 0.000000000000000000 0.000000000000000000 0.000000000000000000 0 0.000000000000000000
neuron 3 1.000000000000000000 0.000000000000000000 0.000000000000000000 0.000000000000000000 0 0.000000000000000000
neuron 3 1.000000000000000000 0.000000000000000000 0.000000000000000000 0.000000000000000000 0 0.000000000000000000
neuron 3 1.000000000000000000 0.000000000000000000 0.000000000000000000 0.000000000000000000 0 0.000000000000000000
neuron 3 1.000000000000000000 0.000000000000000000 0.000000000000000000 0.000000000000000000 0 0.000000000000000000
neuron 3 1.000000000000000000 0.000000000000000000 0.000000000000000000 0.000000000000000000 0 0.000000000000000000
neuron 3 1.000000000000000000 0.000000000000000000 0.000000000000000000 0.000000000000000000 0 0.000000000000000000
neuron 3 1.000000000000000000 0.000000000000000000 0.000000000000000000 0.000000000000000000 0 0.000000000000000000
connection 0 22 6.789137617539514835 0 0.000000000000000000 0.000000000000000000
connection 0 23 6.589655462365963778 0 0.000000000000000000 0.000000000000000000
connection 0 24 6.583110316892717861 0 0.000000000000000000 0.000000000000000000
connection 0 25 6.597220729501588998 0 0.000000000000000000 0.000000000000000000
connection 0 26 7.022085164787238654 0 0.000000000000000000 0.000000000000000000
connection 0 27 6.772146729127764608 0 0.000000000000000000 0.000000000000000000
connection 0 28 6.960135376660033124 0 0.000000000000000000 0.000000000000000000
connection 0 29 6.991796536016444463 0 0.000000000000000000 0.000000000000000000
connection 1 22 6.859195094591082231 0 0.000000000000000000 0.000000000000000000
connection 1 24 6.568490444708970699 0 0.000000000000000000 0.000000000000000000
connection 1 25 6.573228465339234106 0 0.000000000000000000 0.000000000000000000
connection 1 26 6.958957999855406307 0 0.000000000000000000 0.000000000000000000
connection 1 27 6.706422709626092882 0 0.000000000000000000 0.000000000000000000
connection 1 28 6.892344338189881015 0 0.000000000000000000 0.000000000000000000
connection 1 29 6.926095932853637116 0 0.000000000000000000 0.000000000000000000
connection 2 22 6.928442969217977421 0 0.000000000000000000 0.000000000000000000
connection 2 24 6.573741725067688613 0 0.000000000000000000 0.000000000000000000
connection 2 25 6.568667002429918966 0 0.000000000000000000 0.000000000000000000
connection 2 27 6.649113027845297452 0 0.000000000000000000 0.000000000000000000
connection 2 28 6.822250740535804603 0 0.000000000000000000 0.000000000000000000
connection 2 29 6.856766236584925345 0 0.000000000000000000 0.000000000000000000
connection 3 22 6.993976860198236167 0 0.000000000000000000 0.000000000000000000
connection 3 24 6.598376299475078532 0 0.000000000000000000 0.000000000000000000
connection 3 25 6.583960224553944585 0 0.000000000000000000 0.000000000000000000
connection 3 27 6.604630502538202386 0 0.000000000000000000 0.000000000000000000
connection 3 28 6.753229341642192907 0 0.000000000000000000 0.000000000000000000
connection 3 29 6.786743643348085442 0 0.000000000000000000 0.000000000000000000
connection 4 22 7.053820333930306496 0 0.000000000000000000 0.000000000000000000
connection 4 24 6.640159092053158574 0 0.000000000000000000 0.000000000000000000
connection 4 27 6.576742899651767615 0 0.000000000000000000 0.000000000000000000
connection 4 28 6.689396723775995035 0 0.000000000000000000 0.000000000000000000
connection 4 29 6.719814409499250019 0 0.000000000000000000 0.000000000000000000
connection 4 30 6.940417523784769394 0 0.000000000000000000 0.000000000000000000
connection 4 31 7.125562073931596352 0 0.000000000000000000 0.000000000000000000
connection 5 22 7.106851907217383690 0 0.000000000000000000 0.000000000000000000
connection 5 24 6.695503669830221938 0 0.000000000000000000 0.000000000000000000
connection 5 27 6.567961567488900698 0 0.000000000000000000 0.000000000000000000
connection 5 28 6.635236754473018195 0 0.000000000000000000 0.000000000000000000
connection 5 29 6.660341472984858235 0 0.000000000000000000 0.000000000000000000
connection 5 30 6.871643616052612202 0 0.000000000000000000 0.000000000000000000
connection 5 32 7.048050508836197103 0 0.000000000000000000 0.000000000000000000
connection 5 31 7.075331527274213883 0 0.000000000000000000 0.000000000000000000
connection 6 24 6.760064396768423300 0 0.000000000000000000 0.000000000000000000
connection 6 28 6.595047561009329762 0 0.000000000000000000 0.000000000000000000
connection 6 29 6.612791567090147815 0 0.000000000000000000 0.000000000000000000
connection 6 30 6.801477582642250219 0 0.000000000000000000 0.000000000000000000
connection 6 32 6.987565751621012566 0 0.000000000000000000 0.000000000000000000
connection 6 31 7.018051524852768175 0 0.000000000000000000 0.000000000000000000
connection 7 33 6.973087147396132224 0 0.000000000000000000 0.000000000000000000
connection 7 24 6.829371915745428012 0 0.000000000000000000 0.000000000000000000
connection 7 28 6.572303416425382849 0 0.000000000000000000 0.000000000000000000
connection 7 29 6.581123266246244441 0 0.000000000000000000 0.000000000000000000
connection 7 30 6.733541172216019888 0 0.000000000000000000 0.000000000000000000
connection 7 32 6.921549939865514034 0 0.000000000000000000 0.000000000000000000
connection 7 31 6.954549814974029687 0 0.000000000000000000 0.000000000000000000
connection 8 34 7.120357610897291245 0 0.000000000000000000 0.000000000000000000
connection 8 35 6.932963561585332890 0 0.000000000000000000 0.000000000000000000
connection 8 24 6.899371231315505781 0 0.000000000000000000 0.000000000000000000
connection 8 28 6.569075791798910657 0 0.000000000000000000 0.000000000000000000
connection 8 29 6.568159254220602428 0 0.000000000000000000 0.000000000000000000
connection 8 30 6.672108219299653697 0 0.000000000000000000 0.000000000000000000
connection 8 32 6.852072195153933620 0 0.000000000000000000 0.000000000000000000
connection 8 31 6.886455105878625638 0 0.000000000000000000 0.000000000000000000
connection 9 34 7.164137908646364572 0 0.000000000000000000 0.000000000000000000
connection 9 36 7.028152652912424081 0 0.000000000000000000 0.000000000000000000
connection 9 35 6.998168794978097296 0 0.000000000000000000 0.000000000000000000
connection 9 24 6.966775596727035946 0 0.000000000000000000 0.000000000000000000
connection 9 28 6.585664741782506937 0 0.000000000000000000 0.000000000000000000
connection 9 30 6.621671378894574467 0 0.000000000000000000 0.000000000000000000
connection 9 32 6.782129910612010093 0 0.000000000000000000 0.000000000000000000
connection 9 31 6.816309410461959928 0 0.000000000000000000 0.000000000000000000
connection 10 34 7.200878643994794714 0 0.000000000000000000 0.000000000000000000
connection 10 36 7.084285425263124658 0 0.000000000000000000 0.000000000000000000
connection 10 35 7.057583457804720517 0 0.000000000000000000 0.000000000000000000
connection 10 28 6.620544162274505595 0 0.000000000000000000 0.000000000000000000
connection 10 30 6.586351208595083051 0 0.000000000000000000 0.000000000000000000
connection 10 32 6.715558705756739855 0 0.000000000000000000 0.000000000000000000
connection 10 31 6.747559702677726534 0 0.000000000000000000 0.000000000000000000
connection 11 34 7.231096694669675529 0 0.000000000000000000 0.000000000000000000
connection 11 36 7.133296431193698162 0 0.000000000000000000 0.000000000000000000
connection 11 35 7.110138219481368260 0 0.000000000000000000 0.000000000000000000
connection 11 28 6.670636705928953525 0 0.000000000000000000 0.000000000000000000
connection 11 32 6.656745213391042526 0 0.000000000000000000 0.000000000000000000
connection 11 31 6.684371056714129899 0 0.000000000000000000 0.000000000000000000
connection 12 34 7.255483417942721225 0 0.000000000000000000 0.000000000000000000
connection 12 36 7.175076098519646450 0 0.000000000000000000 0.000000000000000000
connection 12 35 7.155452082947922676 0 0.000000000000000000 0.000000000000000000
connection 12 28 6.731840124541898618 0 0.000000000000000000 0.000000000000000000
connection 12 32 6.610142246993623516 0 0.000000000000000000 0.000000000000000000
connection 12 31 6.631235048013910394 0 0.000000000000000000 0.000000000000000000
connection 13 34 7.274806985610288379 0 0.000000000000000000 0.000000000000000000
connection 13 36 7.209935882417673803 0 0.000000000000000000 0.000000000000000000
connection 13 35 7.193650994797610387 0 0.000000000000000000 0.000000000000000000
connection 13 28 6.799663468363535301 0 0.000000000000000000 0.000000000000000000
connection 13 32 6.579651370335000138 0 0.000000000000000000 0.000000000000000000
connection 13 31 6.592404988327913884 0 0.000000000000000000 0.000000000000000000
connection 24 37 -7.319939698863082711 0 0.000000000000000000 0.000000000000000000
connection 24 38 -6.979010127149356535 0 0.000000000000000000 0.000000000000000000
connection 36 37 -7.113590017881334937 0 0.000000000000000000 0.000000000000000000
connection 36 38 -6.702600559707537542 0 0.000000000000000000 0.000000000000000000
connection 25 37 -7.323307161114923858 0 0.000000000000000000 0.000000000000000000
connection 25 38 -7.138875643183302699 0 0.000000000000000000 0.000000000000000000
connection 31 37 -6.607545073461579932 0 0.000000000000000000 0.000000000000000000
connection 31 38 -6.876124568731046161 0 0.000000000000000000 0.000000000000000000
connection 26 37 -6.785364131674192834 0 0.000000000000000000 0.000000000000000000
connection 26 38 -7.214799358066612989 0 0.000000000000000000 0.000000000000000000
connection 27 37 -7.184939982660690561 0 0.000000000000000000 0.000000000000000000
connection 27 38 -7.308820917839272902 0 0.000000000000000000 0.000000000000000000
connection 33 37 -7.143684220846521882 0 0.000000000000000000 0.000000000000000000
connection 33 38 -6.722905102901510332 0 0.000000000000000000 0.000000000000000000
connection 28 37 -7.097216996714342585 0 0.000000000000000000 0.000000000000000000
connection 28 38 -7.329576466371690913 0 0.000000000000000000 0.000000000000000000
connection 29 37 -6.934245422856736063 0 0.000000000000000000 0.000000000000000000
connection 29 38 -7.306513229561861777 0 0.000000000000000000 0.000000000000000000
connection 30 37 -6.715292885017426272 0 0.000000000000000000 0.000000000000000000
connection 30 38 -7.132895218931313508 0 0.000000000000000000 0.000000000000000000
connection 35 37 -7.246059180992612703 0 0.000000000000000000 0.000000000000000000
connection 35 38 -6.822648858104961356 0 0.000000000000000000 0.000000000000000000
connection 32 37 -6.662273555263960034 0 0.000000000000000000 0.000000000000000000
connection 32 38 -7.038378350095207736 0 0.000000000000000000 0.000000000000000000
connection 22 38 -6.618906418664716185 0 0.000000000000000000 0.000000000000000000
connection 23 37 -7.283693397294872973 0 0.000000000000000000 0.000000000000000000
connection 23 38 -6.882351236313867027 0 0.000000000000000000 0.000000000000000000
connection 34 37 -7.017452868401825583 0 0.000000000000000000 0.000000000000000000
connection 34 38 -6.653120837364016715 0 0.000000000000000000 0.000000000000000000
connection 37 18 -7.239271635423885520 0 0.000000000000000000 0.000000000000000000
connection 38 18 -6.681625542403071272 0 0.000000000000000000 0.000000000000000000
connection 37 19 -7.215232688926527693 0 0.000000000000000000 0.000000000000000000
connection 38 19 -6.664885529618937987 0 0.000000000000000000 0.000000000000000000
connection 33 20 -7.309082711049709857 0 0.000000000000000000 0.000000000000000000
connection 37 20 -7.188874264456382335 0 0.000000000000000000 0.000000000000000000
connection 38 20 -6.650060228901986115 0 0.000000000000000000 0.000000000000000000
NNend

