NNstart
14 8
neuron 1 1.000000000000000000 0.000000000000000000 0.000000000000000000 -0.000000000000000000 11 0.000000000000000000
neuron 1 1.000000000000000000 0.000000000000000000 0.000000000000000000 -0.000000000000000000 11 0.000000000000000000
neuron 1 1.000000000000000000 0.000000000000000000 0.000000000000000000 -0.000000000000000000 11 0.000000000000000000
neuron 1 1.000000000000000000 0.000000000000000000 0.000000000000000000 -0.000000000000000000 11 0.000000000000000000
neuron 1 1.000000000000000000 0.000000000000000000 0.000000000000000000 -0.000000000000000000 11 0.000000000000000000
neuron 1 1.000000000000000000 0.000000000000000000 0.000000000000000000 -0.000000000000000000 11 0.000000000000000000
neuron 1 1.000000000000000000 0.000000000000000000 0.000000000000000000 -0.000000000000000000 11 0.000000000000000000
neuron 1 1.000000000000000000 0.000000000000000000 0.000000000000000000 -0.000000000000000000 11 0.000000000000000000
neuron 1 1.000000000000000000 0.000000000000000000 0.000000000000000000 -0.000000000000000000 11 0.000000000000000000
neuron 1 1.000000000000000000 0.000000000000000000 0.000000000000000000 -0.000000000000000000 11 0.000000000000000000
neuron 1 1.000000000000000000 0.000000000000000000 0.000000000000000000 -0.000000000000000000 11 0.000000000000000000
neuron 1 1.000000000000000000 0.000000000000000000 0.000000000000000000 -0.000000000000000000 11 0.000000000000000000
neuron 1 1.000000000000000000 0.000000000000000000 0.000000000000000000 -0.000000000000000000 11 0.000000000000000000
neuron 2 1.000000000000000000 0.000000000000000000 0.000000000000000000 0.000000000000000000 11 0.000000000000000000
neuron 4 1.000000000000000000 0.000000000000000000 0.000000000000000000 -0.000000000000000000 1 0.000000000000000000
neuron 4 1.000000000000000000 0.000000000000000000 0.000000000000000000 -0.000000000000000000 1 0.000000000000000000
neuron 4 1.000000000000000000 0.000000000000000000 0.000000000000000000 -0.000000000000000000 1 0.000000000000000000
neuron 4 1.000000000000000000 0.000000000000000000 0.000000000000000000 -0.000000000000000000 1 0.000000000000000000
neuron 4 1.000000000000000000 0.000000000000000000 0.000000000000000000 -0.000000000000000000 1 0.000000000000000000
neuron 4 1.000000000000000000 0.000000000000000000 0.000000000000000000 -0.000000000000000000 1 0.000000000000000000
neuron 4 1.000000000000000000 0.000000000000000000 0.000000000000000000 -0.000000000000000000 1 0.000000000000000000
neuron 4 1.000000000000000000 0.000000000000000000 0.000000000000000000 -0.000000000000000000 1 0.000000000000000000
neuron 3 1.000000000000000000 0.000000000000000000 0.000000000000000000 -0.000000000000000000 0 0.000000000000000000
neuron 3 1.000000000000000000 0.000000000000000000 0.000000000000000000 -0.000000000000000000 0 0.000000000000000000
neuron 3 1.000000000000000000 0.000000000000000000 0.000000000000000000 -0.000000000000000000 0 0.000000000000000000
neuron 3 1.000000000000000000 0.000000000000000000 0.000000000000000000 -0.000000000000000000 0 0.000000000000000000
neuron 3 1.000000000000000000 0.000000000000000000 0.000000000000000000 -0.000000000000000000 0 0.000000000000000000
neuron 3 1.000000000000000000 0.000000000000000000 0.000000000000000000 -0.000000000000000000 0 0.000000000000000000
neuron 3 1.000000000000000000 0.000000000000000000 0.000000000000000000 -0.000000000000000000 0 0.000000000000000000
neuron 3 1.000000000000000000 0.000000000000000000 0.000000000000000000 -0.000000000000000000 0 0.000000000000000000
neuron 3 1.000000000000000000 0.000000000000000000 0.000000000000000000 -0.000000000000000000 0 0.000000000000000000
neuron 3 1.000000000000000000 0.000000000000000000 0.000000000000000000 -0.000000000000000000 0 0.000000000000000000
neuron 3 1.000000000000000000 0.000000000000000000 0.000000000000000000 -0.000000000000000000 0 0.000000000000000000
neuron 3 1.000000000000000000 0.000000000000000000 0.000000000000000000 -0.000000000000000000 0 0.000000000000000000
neuron 3 1.000000000000000000 0.000000000000000000 0.000000000000000000 -0.000000000000000000 0 0.000000000000000000
neuron 3 1.000000000000000000 0.000000000000000000 0.000000000000000000 -0.000000000000000000 0 0.000000000000000000
neuron 3 1.000000000000000000 0.000000000000000000 0.000000000000000000 -0.000000000000000000 0 0.000000000000000000
neuron 3 1.000000000000000000 0.000000000000000000 0.000000000000000000 -0.000000000000000000 0 0.000000000000000000
neuron 3 1.000000000000000000 0.000000000000000000 0.000000000000000000 -0.000000000000000000 0 0.000000000000000000
neuron 3 1.000000000000000000 0.000000000000000000 0.000000000000000000 -0.000000000000000000 0 0.000000000000000000
neuron 3 1.000000000000000000 0.000000000000000000 0.000000000000000000 -0.000000000000000000 0 0.000000000000000000
neuron 3 1.000000000000000000 0.000000000000000000 0.000000000000000000 -0.000000000000000000 0 0.000000000000000000
neuron 3 1.000000000000000000 0.000000000000000000 0.000000000000000000 -0.000000000000000000 0 0.000000000000000000
neuron 3 1.000000000000000000 0.000000000000000000 0.000000000000000000 -0.000000000000000000 0 0.000000000000000000
neuron 3 1.000000000000000000 0.000000000000000000 0.000000000000000000 -0.000000000000000000 0 0.000000000000000000
neuron 3 1.000000000000000000 0.000000000000000000 0.000000000000000000 -0.000000000000000000 0 0.000000000000000000
neuron 3 1.000000000000000000 0.000000000000000000 0.000000000000000000 -0.000000000000000000 0 0.000000000000000000
neuron 3 1.000000000000000000 0.000000000000000000 0.000000000000000000 -0.000000000000000000 0 0.000000000000000000
neuron 3 1.000000000000000000 0.000000000000000000 0.000000000000000000 -0.000000000000000000 0 0.000000000000000000
neuron 3 1.000000000000000000 0.000000000000000000 0.000000000000000000 -0.000000000000000000 0 0.000000000000000000
neuron 3 1.000000000000000000 0.000000000000000000 0.000000000000000000 -0.000000000000000000 0 0.000000000000000000
neuron 3 1.000000000000000000 0.000000000000000000 0.000000000000000000 -0.000000000000000000 0 0.000000000000000000
neuron 3 1.000000000000000000 0.000000000000000000 0.000000000000000000 -0.000000000000000000 0 0.000000000000000000
neuron 3 1.000000000000000000 0.000000000000000000 0.000000000000000000 -0.000000000000000000 0 0.000000000000000000
neuron 3 1.000000000000000000 0.000000000000000000 0.000000000000000000 -0.000000000000000000 0 0.000000000000000000
neuron 3 1.000000000000000000 0.000000000000000000 0.000000000000000000 -0.000000000000000000 0 0.000000000000000000
neuron 3 1.000000000000000000 0.000000000000000000 0.000000000000000000 -0.000000000000000000 0 0.000000000000000000
neuron 3 1.000000000000000000 0.000000000000000000 0.000000000000000000 -0.000000000000000000 0 0.000000000000000000
neuron 3 1.000000000000000000 0.000000000000000000 0.000000000000000000 -0.000000000000000000 0 0.000000000000000000
neuron 3 1.000000000000000000 0.000000000000000000 0.000000000000000000 -0.000000000000000000 0 0.000000000000000000
neuron 3 1.000000000000000000 0.000000000000000000 0.000000000000000000 -0.000000000000000000 0 0.000000000000000000
neuron 3 1.000000000000000000 0.000000000000000000 0.000000000000000000 -0.000000000000000000 0 0.000000000000000000
neuron 3 1.000000000000000000 0.000000000000000000 0.000000000000000000 -0.000000000000000000 0 0.000000000000000000
neuron 3 1.000000000000000000 0.000000000000000000 0.000000000000000000 -0.000000000000000000 0 0.000000000000000000
neuron 3 1.000000000000000000 0.000000000000000000 0.000000000000000000 -0.000000000000000000 0 0.000000000000000000
neuron 3 1.000000000000000000 0.000000000000000000 0.000000000000000000 -0.000000000000000000 0 0.000000000000000000
neuron 3 1.000000000000000000 0.000000000000000000 0.000000000000000000 -0.000000000000000000 0 0.000000000000000000
neuron 3 1.000000000000000000 0.000000000000000000 0.000000000000000000 -0.000000000000000000 0 0.000000000000000000
neuron 3 1.000000000000000000 0.000000000000000000 0.000000000000000000 -0.000000000000000000 0 0.000000000000000000
connection 2 22 -7.608495445728312490 0 0.000000000000000000 -0.000000000000000000
connection 3 22 -7.586223279225630556 0 0.000000000000000000 -0.000000000000000000
connection 4 22 -7.555773271826674353 0 0.000000000000000000 -0.000000000000000000
connection 5 22 -5.497723660724934014 0 0.000000000000000000 -0.000000000000000000
connection 6 23 -5.800108015516260984 0 0.000000000000000000 -0.000000000000000000
connection 6 25 -7.150439821563808529 0 0.000000000000000000 -0.000000000000000000
connection 6 26 -7.582074239975597152 0 0.000000000000000000 -0.000000000000000000
connection 7 22 -4.907856101871950649 0 0.000000000000000000 -0.000000000000000000
connection 8 23 -5.448819488615590068 0 0.000000000000000000 -0.000000000000000000
connection 8 27 -3.548517939773861318 0 0.000000000000000000 -0.000000000000000000
connection 8 28 -0.620936245405024234 0 0.000000000000000000 -0.000000000000000000
connection 8 29 -0.661290684671509532 0 0.000000000000000000 -0.000000000000000000
connection 8 30 -3.571580059450825129 0 0.000000000000000000 -0.000000000000000000
connection 8 31 -3.594464206566545084 0 0.000000000000000000 -0.000000000000000000
connection 8 32 -0.701491311798990047 0 0.000000000000000000 -0.000000000000000000
connection 8 33 -0.741536056985936387 0 0.000000000000000000 -0.000000000000000000
connection 8 34 -3.617171251962332690 0 0.000000000000000000 -0.000000000000000000
connection 8 26 -5.462939979261727252 0 0.000000000000000000 -0.000000000000000000
connection 9 23 -5.179660888632343863 0 0.000000000000000000 -0.000000000000000000
connection 9 27 -2.695146335192226239 0 0.000000000000000000 -0.000000000000000000
connection 9 28 0.761928273420904190 0 0.000000000000000000 -0.000000000000000000
connection 9 29 0.717997475263671969 0 0.000000000000000000 -0.000000000000000000
connection 9 30 -2.724401853010780972 0 0.000000000000000000 -0.000000000000000000
connection 9 31 -2.753458680763108735 0 0.000000000000000000 -0.000000000000000000
connection 9 32 0.674127480814948443 0 0.000000000000000000 -0.000000000000000000
connection 9 33 0.630321792770332290 0 0.000000000000000000 -0.000000000000000000
connection 9 34 -2.782317147740494878 0 0.000000000000000000 -0.000000000000000000
connection 9 26 -5.198519738980870386 0 0.000000000000000000 -0.000000000000000000
connection 10 23 -4.820912745705999924 0 0.000000000000000000 -0.000000000000000000
connection 10 27 -1.633081101571060234 0 0.000000000000000000 -0.000000000000000000
connection 10 28 2.202738866186780164 0 0.000000000000000000 -0.000000000000000000
connection 10 29 2.158885397119111538 0 0.000000000000000000 -0.000000000000000000
connection 10 30 -1.668798730530260288 0 0.000000000000000000 -0.000000000000000000
connection 10 31 -1.704324276496834045 0 0.000000000000000000 -0.000000000000000000
connection 10 32 2.114968157763083667 0 0.000000000000000000 -0.000000000000000000
connection 10 33 2.070991041163014135 0 0.000000000000000000 -0.000000000000000000
connection 10 34 -1.739656938567567979 0 0.000000000000000000 -0.000000000000000000
connection 10 26 -4.846001216106024856 0 0.000000000000000000 -0.000000000000000000
connection 11 23 -4.345283222199239681 0 0.000000000000000000 -0.000000000000000000
connection 11 27 -0.372200399761587863 0 0.000000000000000000 -0.000000000000000000
connection 11 28 3.573009360413613056 0 0.000000000000000000 -0.000000000000000000
connection 11 29 3.533216055923522614 0 0.000000000000000000 -0.000000000000000000
connection 11 30 -0.413443242265110089 0 0.000000000000000000 -0.000000000000000000
connection 11 31 -0.454545939604905358 0 0.000000000000000000 -0.000000000000000000
connection 11 32 3.493246722254893299 0 0.000000000000000000 -0.000000000000000000
connection 11 33 3.453104171713268222 0 0.000000000000000000 -0.000000000000000000
connection 11 34 -0.495506119839529025 0 0.000000000000000000 -0.000000000000000000
connection 11 26 -4.378434716543554650 0 0.000000000000000000 -0.000000000000000000
connection 11 36 -4.411032970785042195 0 0.000000000000000000 -0.000000000000000000
connection 11 37 -0.536321460296668939 0 0.000000000000000000 -0.000000000000000000
connection 11 38 3.412791267481317892 0 0.000000000000000000 -0.000000000000000000
connection 11 40 -5.958961662251293312 0 0.000000000000000000 -0.000000000000000000
connection 11 41 -4.942001204131958758 0 0.000000000000000000 -0.000000000000000000
connection 11 42 -7.262885737088760507 0 0.000000000000000000 -0.000000000000000000
connection 12 23 -3.720677076211621248 0 0.000000000000000000 -0.000000000000000000
connection 12 27 1.030339921016951710 0 0.000000000000000000 -0.000000000000000000
connection 12 28 4.758370160724923359 0 0.000000000000000000 -0.000000000000000000
connection 12 29 4.725496084499799743 0 0.000000000000000000 -0.000000000000000000
connection 12 30 0.986116429977805575 0 0.000000000000000000 -0.000000000000000000
connection 12 31 0.941931777479961929 0 0.000000000000000000 -0.000000000000000000
connection 12 32 4.692385434749015261 0 0.000000000000000000 -0.000000000000000000
connection 12 33 4.659039136523681179 0 0.000000000000000000 -0.000000000000000000
connection 12 34 0.897789644585918145 0 0.000000000000000000 -0.000000000000000000
connection 12 26 -3.763948901738150443 0 0.000000000000000000 -0.000000000000000000
connection 12 36 -3.806540065269818029 0 0.000000000000000000 -0.000000000000000000
connection 12 37 0.853693685906894983 0 0.000000000000000000 -0.000000000000000000
connection 12 38 4.625458173416927998 0 0.000000000000000000 -0.000000000000000000
connection 12 40 0.809647528441915676 0 0.000000000000000000 -0.000000000000000000
connection 12 43 -5.281210082305922704 0 0.000000000000000000 -0.000000000000000000
connection 12 44 -1.899105010925150383 0 0.000000000000000000 -0.000000000000000000
connection 12 46 -5.306123451162747529 0 0.000000000000000000 -0.000000000000000000
connection 12 42 -7.105781474608848569 0 0.000000000000000000 -0.000000000000000000
connection 13 23 -2.914193446133462206 0 0.000000000000000000 -0.000000000000000000
connection 13 27 2.467978038976547772 0 0.000000000000000000 -0.000000000000000000
connection 13 30 2.424595705086951991 0 0.000000000000000000 -0.000000000000000000
connection 13 31 2.381126224818039372 0 0.000000000000000000 -0.000000000000000000
connection 13 34 2.337573395496648665 0 0.000000000000000000 -0.000000000000000000
connection 13 26 -2.969484118412936358 0 0.000000000000000000 -0.000000000000000000
connection 13 36 -3.023994601844606667 0 0.000000000000000000 -0.000000000000000000
connection 13 37 2.293941033910543048 0 0.000000000000000000 -0.000000000000000000
connection 13 40 2.250232974852478307 0 0.000000000000000000 -0.000000000000000000
connection 13 43 2.206453069655011756 0 0.000000000000000000 -0.000000000000000000
connection 13 44 -0.283835956462097361 0 0.000000000000000000 -0.000000000000000000
connection 13 46 -4.363521359735219818 0 0.000000000000000000 -0.000000000000000000
connection 13 47 -4.100266682680059560 0 0.000000000000000000 -0.000000000000000000
connection 13 48 -1.630044675957974087 0 0.000000000000000000 -0.000000000000000000
connection 13 49 -6.405126142267231870 0 0.000000000000000000 -0.000000000000000000
connection 13 50 -7.178751356033343356 0 0.000000000000000000 -0.000000000000000000
connection 25 27 5.027314328843219826 0 0.000000000000000000 -0.000000000000000000
connection 25 25 -3.907711559340368179 0 0.000000000000000000 -0.000000000000000000
connection 23 22 7.655768089292943834 0 0.000000000000000000 -0.000000000000000000
connection 26 51 7.615086236736719805 0 0.000000000000000000 -0.000000000000000000
connection 26 22 7.584604624812399720 0 0.000000000000000000 -0.000000000000000000
connection 26 40 -0.292489285872563454 0 0.000000000000000000 -0.000000000000000000
connection 26 41 -4.587139068027340727 0 0.000000000000000000 -0.000000000000000000
connection 26 42 -3.160990447992275687 0 0.000000000000000000 -0.000000000000000000
connection 27 52 6.061709962792646067 0 0.000000000000000000 -0.000000000000000000
connection 22 52 6.076086534350952917 0 0.000000000000000000 -0.000000000000000000
connection 22 23 7.616885705819608887 0 0.000000000000000000 -0.000000000000000000
connection 22 32 4.954746596907753542 0 0.000000000000000000 -0.000000000000000000
connection 41 54 -1.461324576139561460 0 0.000000000000000000 -0.000000000000000000
connection 41 51 -4.972141757201333334 0 0.000000000000000000 -0.000000000000000000
connection 41 55 -3.855606912017331744 0 0.000000000000000000 -0.000000000000000000
connection 32 28 1.429870275359486076 0 0.000000000000000000 -0.000000000000000000
connection 33 27 0.668525886247858470 0 0.000000000000000000 -0.000000000000000000
connection 34 34 -3.285754206438375569 0 0.000000000000000000 -0.000000000000000000
connection 36 52 7.644351810349983012 0 0.000000000000000000 -0.000000000000000000
connection 36 42 -5.024139057080422965 0 0.000000000000000000 -0.000000000000000000
connection 36 58 -3.950870624060061065 0 0.000000000000000000 -0.000000000000000000
connection 37 59 -3.691670222496537423 0 0.000000000000000000 -0.000000000000000000
connection 42 52 7.309274842382267323 0 0.000000000000000000 -0.000000000000000000
connection 42 60 2.260711790479538852 0 0.000000000000000000 -0.000000000000000000
connection 44 61 -4.000909292136033635 0 0.000000000000000000 -0.000000000000000000
connection 31 32 0.566117999716577280 0 0.000000000000000000 -0.000000000000000000
connection 31 33 -2.824336347158062477 0 0.000000000000000000 -0.000000000000000000
connection 46 62 2.386171817481493651 0 0.000000000000000000 -0.000000000000000000
connection 46 63 -1.480962377335810487 0 0.000000000000000000 -0.000000000000000000
connection 38 64 -3.226379252936689923 0 0.000000000000000000 -0.000000000000000000
connection 47 52 7.646837405391198494 0 0.000000000000000000 -0.000000000000000000
connection 47 58 -3.901313608389100462 0 0.000000000000000000 -0.000000000000000000
connection 48 65 2.284125686484045570 0 0.000000000000000000 -0.000000000000000000
connection 49 67 -5.181019694649324769 0 0.000000000000000000 -0.000000000000000000
connection 43 54 3.119761638961777273 0 0.000000000000000000 -0.000000000000000000
connection 43 51 -2.969996773077877794 0 0.000000000000000000 -0.000000000000000000
connection 50 52 7.550556817134010501 0 0.000000000000000000 -0.000000000000000000
connection 50 68 -3.495684845044391587 0 0.000000000000000000 -0.000000000000000000
connection 61 14 2.231202752422132285 0 0.000000000000000000 -0.000000000000000000
connection 65 14 -0.294878289686671013 0 0.000000000000000000 -0.000000000000000000
connection 22 14 7.586993624717852214 0 0.000000000000000000 -0.000000000000000000
connection 36 14 7.597399174993159754 0 0.000000000000000000 -0.000000000000000000
connection 37 14 4.861377718315319285 0 0.000000000000000000 -0.000000000000000000
connection 40 14 2.867103139055715566 0 0.000000000000000000 -0.000000000000000000
connection 43 14 0.544573931555365043 0 0.000000000000000000 -0.000000000000000000
connection 54 15 -0.342057825099670809 0 0.000000000000000000 -0.000000000000000000
connection 23 15 7.650176468360712079 0 0.000000000000000000 -0.000000000000000000
connection 28 15 2.706342433930613023 0 0.000000000000000000 -0.000000000000000000
connection 29 15 0.380316129625230537 0 0.000000000000000000 -0.000000000000000000
connection 31 15 4.897607499204028159 0 0.000000000000000000 -0.000000000000000000
connection 32 15 -1.725858902136060635 0 0.000000000000000000 -0.000000000000000000
connection 34 15 2.915159042643729492 0 0.000000000000000000 -0.000000000000000000
connection 26 15 7.599680554670348087 0 0.000000000000000000 -0.000000000000000000
connection 37 15 0.594239124016722853 0 0.000000000000000000 -0.000000000000000000
connection 48 15 3.120866752724724691 0 0.000000000000000000 -0.000000000000000000
connection 49 15 0.809866002962848608 0 0.000000000000000000 -0.000000000000000000
connection 60 15 -0.543890389589232526 0 0.000000000000000000 -0.000000000000000000
connection 63 16 -0.590094044932936601 0 0.000000000000000000 -0.000000000000000000
connection 23 16 7.601915579059478567 0 0.000000000000000000 -0.000000000000000000
connection 28 16 -1.685578745450298399 0 0.000000000000000000 -0.000000000000000000
connection 29 16 -3.289293315192605593 0 0.000000000000000000 -0.000000000000000000
connection 30 16 2.963048407231327452 0 0.000000000000000000 -0.000000000000000000
connection 31 16 0.643995627907047896 0 0.000000000000000000 -0.000000000000000000
connection 32 16 -4.377698568154889891 0 0.000000000000000000 -0.000000000000000000
connection 47 16 5.230932686874373516 0 0.000000000000000000 -0.000000000000000000
connection 48 16 -1.327184692466327975 0 0.000000000000000000 -0.000000000000000000
connection 50 16 3.369313009764790756 0 0.000000000000000000 -0.000000000000000000
connection 58 16 7.619374858808988904 0 0.000000000000000000 -0.000000000000000000
connection 62 17 1.646943395702874069 0 0.000000000000000000 -0.000000000000000000
connection 63 17 3.875839712557869188 0 0.000000000000000000 -0.000000000000000000
connection 27 17 0.693838378936510680 0 0.000000000000000000 -0.000000000000000000
connection 30 17 -1.467061173629178761 0 0.000000000000000000 -0.000000000000000000
connection 25 17 -5.039481541049616986 0 0.000000000000000000 -0.000000000000000000
connection 59 17 0.910114113780921552 0 0.000000000000000000 -0.000000000000000000
connection 47 17 1.127479243291319211 0 0.000000000000000000 -0.000000000000000000
connection 50 17 -1.097696479635018596 0 0.000000000000000000 -0.000000000000000000
connection 67 17 7.631163006731977561 0 0.000000000000000000 -0.000000000000000000
connection 51 18 7.622958864385067201 0 0.000000000000000000 -0.000000000000000000
connection 64 18 0.960328429904296899 0 0.000000000000000000 -0.000000000000000000
connection 27 18 -3.103821708124610446 0 0.000000000000000000 -0.000000000000000000
connection 67 18 7.630147085201447688 0 0.000000000000000000 -0.000000000000000000
connection 52 19 7.627981240768898274 0 0.000000000000000000 -0.000000000000000000
connection 64 19 -2.939998716589264927 0 0.000000000000000000 -0.000000000000000000
connection 68 19 7.637990488052692761 0 0.000000000000000000 -0.000000000000000000
connection 52 20 7.633222772640563925 0 0.000000000000000000 -0.000000000000000000
connection 61 21 1.547461105614000187 0 0.000000000000000000 -0.000000000000000000
connection 65 21 3.977329689238551680 0 0.000000000000000000 -0.000000000000000000
connection 55 21 7.640660223548667140 0 0.000000000000000000 -0.000000000000000000
NNend

