NNstart
14 8
neuron 1 1.000000000000000000 0.000000000000000000 0.000000000000000000 0.000000000000000000 11 0.000000000000000000
neuron 1 1.000000000000000000 0.000000000000000000 0.000000000000000000 0.000000000000000000 11 0.000000000000000000
neuron 1 1.000000000000000000 0.000000000000000000 0.000000000000000000 0.000000000000000000 11 0.000000000000000000
neuron 1 1.000000000000000000 0.000000000000000000 0.000000000000000000 0.000000000000000000 11 0.000000000000000000
neuron 1 1.000000000000000000 0.000000000000000000 0.000000000000000000 0.000000000000000000 11 0.000000000000000000
neuron 1 1.000000000000000000 0.000000000000000000 0.000000000000000000 0.000000000000000000 11 0.000000000000000000
neuron 1 1.000000000000000000 0.000000000000000000 0.000000000000000000 0.000000000000000000 11 0.000000000000000000
neuron 1 1.000000000000000000 0.000000000000000000 0.000000000000000000 0.000000000000000000 11 0.000000000000000000
neuron 1 1.000000000000000000 0.000000000000000000 0.000000000000000000 0.000000000000000000 11 0.000000000000000000
neuron 1 1.000000000000000000 0.000000000000000000 0.000000000000000000 0.000000000000000000 11 0.000000000000000000
neuron 1 1.000000000000000000 0.000000000000000000 0.000000000000000000 0.000000000000000000 11 0.000000000000000000
neuron 1 1.000000000000000000 0.000000000000000000 0.000000000000000000 0.000000000000000000 11 0.000000000000000000
neuron 1 1.000000000000000000 0.000000000000000000 0.000000000000000000 0.000000000000000000 11 0.000000000000000000
neuron 2 1.000000000000000000 0.000000000000000000 0.000000000000000000 0.000000000000000000 11 0.000000000000000000
neuron 4 1.000000000000000000 0.000000000000000000 0.000000000000000000 0.000000000000000000 1 0.000000000000000000
neuron 4 1.000000000000000000 0.000000000000000000 0.000000000000000000 0.000000000000000000 1 0.000000000000000000
neuron 4 1.000000000000000000 0.000000000000000000 0.000000000000000000 0.000000000000000000 1 0.000000000000000000
neuron 4 1.000000000000000000 0.000000000000000000 0.000000000000000000 0.000000000000000000 1 0.000000000000000000
neuron 4 1.000000000000000000 0.000000000000000000 0.000000000000000000 0.000000000000000000 1 0.000000000000000000
neuron 4 1.000000000000000000 0.000000000000000000 0.000000000000000000 0.000000000000000000 1 0.000000000000000000
neuron 4 1.000000000000000000 0.000000000000000000 0.000000000000000000 0.000000000000000000 1 0.000000000000000000
neuron 4 1.000000000000000000 0.000000000000000000 0.000000000000000000 0.000000000000000000 1 0.000000000000000000
neuron 3 1.000000000000000000 0.000000000000000000 0.000000000000000000 0.000000000000000000 0 0.000000000000000000
neuron 3 1.000000000000000000 0.000000000000000000 0.000000000000000000 0.000000000000000000 0 0.000000000000000000
neuron 3 1.000000000000000000 0.000000000000000000 0.000000000000000000 0.000000000000000000 0 0.000000000000000000
neuron 3 1.000000000000000000 0.000000000000000000 0.000000000000000000 0.000000000000000000 0 0.000000000000000000
neuron 3 1.000000000000000000 0.000000000000000000 0.000000000000000000 0.000000000000000000 0 0.000000000000000000
neuron 3 1.000000000000000000 0.000000000000000000 0.000000000000000000 0.000000000000000000 0 0.000000000000000000
neuron 3 1.000000000000000000 0.000000000000000000 0.000000000000000000 0.000000000000000000 0 0.000000000000000000
neuron 3 1.000000000000000000 0.000000000000000000 0.000000000000000000 0.000000000000000000 0 0.000000000000000000
neuron 3 1.000000000000000000 0.000000000000000000 0.000000000000000000 0.000000000000000000 0 0.000000000000000000
neuron 3 1.000000000000000000 0.000000000000000000 0.000000000000000000 0.000000000000000000 0 0.000000000000000000
neuron 3 1.000000000000000000 0.000000000000000000 0.000000000000000000 0.000000000000000000 0 0.000000000000000000
neuron 3 1.000000000000000000 0.000000000000000000 0.000000000000000000 0.000000000000000000 0 0.000000000000000000
neuron 3 1.000000000000000000 0.000000000000000000 0.000000000000000000 0.000000000000000000 0 0.000000000000000000
neuron 3 1.000000000000000000 0.000000000000000000 0.000000000000000000 0.000000000000000000 0 0.000000000000000000
neuron 3 1.000000000000000000 0.000000000000000000 0.000000000000000000 0.000000000000000000 0 0.000000000000000000
neuron 3 1.000000000000000000 0.000000000000000000 0.000000000000000000 0.000000000000000000 0 0.000000000000000000
neuron 3 1.000000000000000000 0.000000000000000000 0.000000000000000000 0.000000000000000000 0 0.000000000000000000
neuron 3 1.000000000000000000 0.000000000000000000 0.000000000000000000 0.000000000000000000 0 0.000000000000000000
neuron 3 1.000000000000000000 0.000000000000000000 0.000000000000000000 0.000000000000000000 0 0.000000000000000000
neuron 3 1.000000000000000000 0.000000000000000000 0.000000000000000000 0.000000000000000000 0 0.000000000000000000
connection 0 22 2.092710009660082804 0 0.000000000000000000 0.000000000000000000
connection 0 23 -4.364714847270040998 0 0.000000000000000000 0.000000000000000000
connection 0 24 -6.000205836991368002 0 0.000000000000000000 0.000000000000000000
connection 0 25 -4.012882087722515756 0 0.000000000000000000 0.000000000000000000
connection 0 26 -6.950835839239052127 0 0.000000000000000000 0.000000000000000000
connection 0 27 -7.433934651889058109 0 0.000000000000000000 0.000000000000000000
connection 0 28 0.326839059173363644 0 0.000000000000000000 0.000000000000000000
connection 1 29 4.554462850378931726 0 0.000000000000000000 0.000000000000000000
connection 1 30 2.472430731831458672 0 0.000000000000000000 0.000000000000000000
connection 1 31 0.630744992053919651 0 0.000000000000000000 0.000000000000000000
connection 1 32 2.822348380478336693 0 0.000000000000000000 0.000000000000000000
connection 1 23 -3.635393767589659042 0 0.000000000000000000 0.000000000000000000
connection 1 24 -5.557473385402110111 0 0.000000000000000000 0.000000000000000000
connection 1 33 -2.671538983635102227 0 0.000000000000000000 0.000000000000000000
connection 1 34 -6.113886118410716719 0 0.000000000000000000 0.000000000000000000
connection 1 28 0.318760897758363804 0 0.000000000000000000 0.000000000000000000
connection 2 29 5.430147307558018888 0 0.000000000000000000 0.000000000000000000
connection 2 30 3.252435782983889467 0 0.000000000000000000 0.000000000000000000
connection 2 31 1.159644750291485948 0 0.000000000000000000 0.000000000000000000
connection 2 32 3.521449181981318954 0 0.000000000000000000 0.000000000000000000
connection 2 23 -2.853310268139185091 0 0.000000000000000000 0.000000000000000000
connection 2 24 -4.913271652018549318 0 0.000000000000000000 0.000000000000000000
connection 2 33 -2.200078436083107380 0 0.000000000000000000 0.000000000000000000
connection 2 34 -6.050803367324228077 0 0.000000000000000000 0.000000000000000000
connection 2 28 0.411971407041522131 0 0.000000000000000000 0.000000000000000000
connection 3 29 6.188713277965057102 0 0.000000000000000000 0.000000000000000000
connection 3 30 3.978068859120191814 0 0.000000000000000000 0.000000000000000000
connection 3 31 1.846641363048540541 0 0.000000000000000000 0.000000000000000000
connection 3 32 4.351367334395059849 0 0.000000000000000000 0.000000000000000000
connection 3 23 -2.171997273805325701 0 0.000000000000000000 0.000000000000000000
connection 3 24 -4.119962698656101985 0 0.000000000000000000 0.000000000000000000
connection 3 33 -1.563059576217457725 0 0.000000000000000000 0.000000000000000000
connection 3 34 -5.824506141368059886 0 0.000000000000000000 0.000000000000000000
connection 3 35 2.528615028660176733 0 0.000000000000000000 0.000000000000000000
connection 3 36 -1.448801853391493477 0 0.000000000000000000 0.000000000000000000
connection 3 37 1.271768215161557247 0 0.000000000000000000 0.000000000000000000
connection 4 29 6.665687951480450124 0 0.000000000000000000 0.000000000000000000
connection 4 30 4.483228427619803114 0 0.000000000000000000 0.000000000000000000
connection 4 31 2.601255697351928742 0 0.000000000000000000 0.000000000000000000
connection 4 32 5.197679487666334808 0 0.000000000000000000 0.000000000000000000
connection 4 38 1.139326786387224066 0 0.000000000000000000 0.000000000000000000
connection 4 23 -1.755046014410696742 0 0.000000000000000000 0.000000000000000000
connection 4 24 -3.291213407344871555 0 0.000000000000000000 0.000000000000000000
connection 4 33 -0.850376761205521969 0 0.000000000000000000 0.000000000000000000
connection 4 34 -5.399703974099092640 0 0.000000000000000000 0.000000000000000000
connection 4 35 3.226846536028082024 0 0.000000000000000000 0.000000000000000000
connection 4 39 0.428059292990119244 0 0.000000000000000000 0.000000000000000000
connection 4 36 -1.281967719664130367 0 0.000000000000000000 0.000000000000000000
connection 4 37 1.605005574067923435 0 0.000000000000000000 0.000000000000000000
connection 5 22 5.487953997117838156 0 0.000000000000000000 0.000000000000000000
connection 5 38 1.227074857602284963 0 0.000000000000000000 0.000000000000000000
connection 5 23 -1.723968840786494816 0 0.000000000000000000 0.000000000000000000
connection 5 24 -2.585121585369831720 0 0.000000000000000000 0.000000000000000000
connection 5 33 -0.206135661718501950 0 0.000000000000000000 0.000000000000000000
connection 5 34 -4.773641694931481716 0 0.000000000000000000 0.000000000000000000
connection 5 35 4.042235357560613807 0 0.000000000000000000 0.000000000000000000
connection 5 39 1.107772622258790918 0 0.000000000000000000 0.000000000000000000
connection 5 36 -0.933519678496406158 0 0.000000000000000000 0.000000000000000000
connection 5 37 2.124703816073841622 0 0.000000000000000000 0.000000000000000000
connection 6 22 5.571200153546030265 0 0.000000000000000000 0.000000000000000000
connection 6 34 -3.997151017324335420 0 0.000000000000000000 0.000000000000000000
connection 6 35 4.852287277062030668 0 0.000000000000000000 0.000000000000000000
connection 6 39 1.838266130422145928 0 0.000000000000000000 0.000000000000000000
connection 6 36 -0.397531721007015726 0 0.000000000000000000 0.000000000000000000
connection 6 37 2.817894711471667701 0 0.000000000000000000 0.000000000000000000
connection 7 22 5.211689505963342128 0 0.000000000000000000 0.000000000000000000
connection 7 34 -3.182443502066487184 0 0.000000000000000000 0.000000000000000000
connection 7 35 5.494820241254696924 0 0.000000000000000000 0.000000000000000000
connection 7 39 2.469319798838893298 0 0.000000000000000000 0.000000000000000000
connection 7 37 3.613591124692018930 0 0.000000000000000000 0.000000000000000000
connection 8 22 4.455851700239168878 0 0.000000000000000000 0.000000000000000000
connection 8 23 -3.833982243648692112 0 0.000000000000000000 0.000000000000000000
connection 8 24 -2.525185883027011968 0 0.000000000000000000 0.000000000000000000
connection 8 34 -2.486885329381075316 0 0.000000000000000000 0.000000000000000000
connection 8 35 5.812253635099214222 0 0.000000000000000000 0.000000000000000000
connection 8 39 2.835845712439555300 0 0.000000000000000000 0.000000000000000000
connection 8 37 4.381708896719789692 0 0.000000000000000000 0.000000000000000000
connection 9 22 3.432395620945540404 0 0.000000000000000000 0.000000000000000000
connection 9 23 -4.856432163653167322 0 0.000000000000000000 0.000000000000000000
connection 9 24 -3.255926042438782364 0 0.000000000000000000 0.000000000000000000
connection 9 34 -2.071959124750912817 0 0.000000000000000000 0.000000000000000000
connection 9 35 5.703737863806544794 0 0.000000000000000000 0.000000000000000000
connection 9 39 2.809554659138600918 0 0.000000000000000000 0.000000000000000000
connection 9 37 4.957676926851821264 0 0.000000000000000000 0.000000000000000000
connection 10 22 2.306941494665193382 0 0.000000000000000000 0.000000000000000000
connection 10 23 -5.787525269609711920 0 0.000000000000000000 0.000000000000000000
connection 10 24 -4.181523044223371954 0 0.000000000000000000 0.000000000000000000
connection 10 34 -2.050884494361254973 0 0.000000000000000000 0.000000000000000000
connection 10 35 5.161657254958347707 0 0.000000000000000000 0.000000000000000000
connection 10 37 5.189137693186591349 0 0.000000000000000000 0.000000000000000000
connection 11 40 -5.155514589508150003 0 0.000000000000000000 0.000000000000000000
connection 11 34 -2.447876925802607850 0 0.000000000000000000 0.000000000000000000
connection 11 35 4.274455118238131845 0 0.000000000000000000 0.000000000000000000
connection 11 37 4.987295144618881793 0 0.000000000000000000 0.000000000000000000
connection 12 40 -6.015195750231113969 0 0.000000000000000000 0.000000000000000000
connection 12 34 -3.188985312139351436 0 0.000000000000000000 0.000000000000000000
connection 12 35 3.194343924596001916 0 0.000000000000000000 0.000000000000000000
connection 12 39 0.390951137185482245 0 0.000000000000000000 0.000000000000000000
connection 12 36 1.255705349431602613 0 0.000000000000000000 0.000000000000000000
connection 12 37 4.359344240768965761 0 0.000000000000000000 0.000000000000000000
connection 13 29 0.643873261137182240 0 0.000000000000000000 0.000000000000000000
connection 13 32 1.063788822031761283 0 0.000000000000000000 0.000000000000000000
connection 13 40 -6.668030593009110163 0 0.000000000000000000 0.000000000000000000
connection 13 34 -4.129167850471752388 0 0.000000000000000000 0.000000000000000000
connection 13 35 2.085994993615782001 0 0.000000000000000000 0.000000000000000000
connection 13 39 -0.797162757702868152 0 0.000000000000000000 0.000000000000000000
connection 13 36 0.356245681185986207 0 0.000000000000000000 0.000000000000000000
connection 13 37 3.405823680714642698 0 0.000000000000000000 0.000000000000000000
connection 22 24 -2.244998481248603461 0 0.000000000000000000 0.000000000000000000
connection 22 34 1.638701463277494552 0 0.000000000000000000 0.000000000000000000
connection 22 39 -1.952493135199862451 0 0.000000000000000000 0.000000000000000000
connection 22 36 1.560644160181619666 0 0.000000000000000000 0.000000000000000000
connection 22 37 0.327149230440997918 0 0.000000000000000000 0.000000000000000000
connection 24 38 -2.755600809442574128 0 0.000000000000000000 0.000000000000000000
connection 24 23 -1.237113060546996435 0 0.000000000000000000 0.000000000000000000
connection 24 24 1.646009118113652914 0 0.000000000000000000 0.000000000000000000
connection 24 33 0.417381471258144288 0 0.000000000000000000 0.000000000000000000
connection 24 35 0.957884743455625687 0 0.000000000000000000 0.000000000000000000
connection 24 39 2.198050767900295188 0 0.000000000000000000 0.000000000000000000
connection 24 36 4.475233748233574893 0 0.000000000000000000 0.000000000000000000
connection 24 37 4.042040941403309162 0 0.000000000000000000 0.000000000000000000
connection 39 24 3.390402837971874472 0 0.000000000000000000 0.000000000000000000
connection 39 33 1.772608838418084032 0 0.000000000000000000 0.000000000000000000
connection 39 34 6.425261363163563111 0 0.000000000000000000 0.000000000000000000
connection 39 35 1.781694587161638754 0 0.000000000000000000 0.000000000000000000
connection 39 39 3.563162052757506082 0 0.000000000000000000 0.000000000000000000
connection 39 36 6.228049209393886620 0 0.000000000000000000 0.000000000000000000
connection 39 37 5.061269618432248762 0 0.000000000000000000 0.000000000000000000
connection 25 24 4.299148130461349027 0 0.000000000000000000 0.000000000000000000
connection 25 33 2.881112611538771962 0 0.000000000000000000 0.000000000000000000
connection 25 35 2.940529117601927478 0 0.000000000000000000 0.000000000000000000
connection 25 39 4.537312193287629469 0 0.000000000000000000 0.000000000000000000
connection 25 36 6.724404940657873198 0 0.000000000000000000 0.000000000000000000
connection 25 37 5.846975054117296011 0 0.000000000000000000 0.000000000000000000
connection 26 31 2.299941829376268121 0 0.000000000000000000 0.000000000000000000
connection 26 23 2.327955087338868356 0 0.000000000000000000 0.000000000000000000
connection 26 24 5.041915170743703101 0 0.000000000000000000 0.000000000000000000
connection 26 33 3.888229992722204376 0 0.000000000000000000 0.000000000000000000
connection 26 28 5.969334974915024183 0 0.000000000000000000 0.000000000000000000
connection 27 31 2.170174685515050328 0 0.000000000000000000 0.000000000000000000
connection 27 38 0.527555638714684472 0 0.000000000000000000 0.000000000000000000
connection 27 23 2.743358557914397089 0 0.000000000000000000 0.000000000000000000
connection 27 24 5.670552338424862171 0 0.000000000000000000 0.000000000000000000
connection 27 33 4.154254661429414242 0 0.000000000000000000 0.000000000000000000
connection 40 33 -1.692888510349832565 0 0.000000000000000000 0.000000000000000000
connection 40 35 -1.366286688114652481 0 0.000000000000000000 0.000000000000000000
connection 40 36 2.732866279702313328 0 0.000000000000000000 0.000000000000000000
connection 40 37 2.019561943700042939 0 0.000000000000000000 0.000000000000000000
connection 28 24 3.704687377745778054 0 0.000000000000000000 0.000000000000000000
connection 28 33 1.771295407323544513 0 0.000000000000000000 0.000000000000000000
connection 28 35 1.180326426715161192 0 0.000000000000000000 0.000000000000000000
connection 28 39 3.277697388050641258 0 0.000000000000000000 0.000000000000000000
connection 28 36 5.745116001734476896 0 0.000000000000000000 0.000000000000000000
connection 28 37 4.246971561268722439 0 0.000000000000000000 0.000000000000000000
connection 29 25 -2.076630111178170868 0 0.000000000000000000 0.000000000000000000
connection 29 26 -0.490134993998399437 0 0.000000000000000000 0.000000000000000000
connection 29 27 1.740885404568367267 0 0.000000000000000000 0.000000000000000000
connection 29 36 -0.213173063100009053 0 0.000000000000000000 0.000000000000000000
connection 29 37 -1.749467958344534058 0 0.000000000000000000 0.000000000000000000
connection 30 24 -2.728834175350319580 0 0.000000000000000000 0.000000000000000000
connection 30 34 0.957644781239135323 0 0.000000000000000000 0.000000000000000000
connection 30 39 -2.693915172922551449 0 0.000000000000000000 0.000000000000000000
connection 30 36 0.629094287388156870 0 0.000000000000000000 0.000000000000000000
connection 30 37 -0.692881088026023662 0 0.000000000000000000 0.000000000000000000
connection 31 34 3.371495558032088002 0 0.000000000000000000 0.000000000000000000
connection 31 39 0.354076150412197421 0 0.000000000000000000 0.000000000000000000
connection 31 36 3.609487145002573172 0 0.000000000000000000 0.000000000000000000
connection 31 37 2.640024414878716197 0 0.000000000000000000 0.000000000000000000
connection 34 29 -2.593491660203839810 0 0.000000000000000000 0.000000000000000000
connection 34 31 2.163645876498169862 0 0.000000000000000000 0.000000000000000000
connection 34 23 2.508826603154115098 0 0.000000000000000000 0.000000000000000000
connection 34 24 5.563470119648277645 0 0.000000000000000000 0.000000000000000000
connection 34 33 4.079587717866550278 0 0.000000000000000000 0.000000000000000000
connection 34 28 5.662570614134216029 0 0.000000000000000000 0.000000000000000000
connection 32 34 2.841460723542660549 0 0.000000000000000000 0.000000000000000000
connection 32 36 2.929672861127518235 0 0.000000000000000000 0.000000000000000000
connection 32 37 1.702277979304080535 0 0.000000000000000000 0.000000000000000000
connection 35 24 2.347390403104241408 0 0.000000000000000000 0.000000000000000000
connection 35 34 5.951169697165808792 0 0.000000000000000000 0.000000000000000000
connection 35 39 2.463477439031501071 0 0.000000000000000000 0.000000000000000000
connection 35 36 5.563978015760545404 0 0.000000000000000000 0.000000000000000000
connection 35 37 4.104365681480432571 0 0.000000000000000000 0.000000000000000000
connection 23 24 -0.620881965528478519 0 0.000000000000000000 0.000000000000000000
connection 23 33 -2.236969159244902805 0 0.000000000000000000 0.000000000000000000
connection 23 35 -2.171895337867929321 0 0.000000000000000000 0.000000000000000000
connection 23 39 -0.570670685548173573 0 0.000000000000000000 0.000000000000000000
connection 23 36 1.816957224246152691 0 0.000000000000000000 0.000000000000000000
connection 23 37 1.016116764488751878 0 0.000000000000000000 0.000000000000000000
connection 36 29 -4.244514038789919397 0 0.000000000000000000 0.000000000000000000
connection 36 24 3.938944626411717831 0 0.000000000000000000 0.000000000000000000
connection 36 33 1.895610023785967879 0 0.000000000000000000 0.000000000000000000
connection 36 35 0.931885168594267288 0 0.000000000000000000 0.000000000000000000
connection 36 39 3.084397215992208174 0 0.000000000000000000 0.000000000000000000
connection 36 36 4.983432183248625691 0 0.000000000000000000 0.000000000000000000
connection 36 37 3.581792087540871528 0 0.000000000000000000 0.000000000000000000
connection 37 24 2.828619912018236704 0 0.000000000000000000 0.000000000000000000
connection 37 33 0.622335099024889482 0 0.000000000000000000 0.000000000000000000
connection 37 39 1.925035664384812328 0 0.000000000000000000 0.000000000000000000
connection 37 36 4.308212357272227067 0 0.000000000000000000 0.000000000000000000
connection 37 37 2.630990861608492271 0 0.000000000000000000 0.000000000000000000
connection 33 24 0.812443362889660126 0 0.000000000000000000 0.000000000000000000
connection 33 33 -0.620353107599184606 0 0.000000000000000000 0.000000000000000000
connection 33 34 3.745438543586073088 0 0.000000000000000000 0.000000000000000000
connection 33 39 1.343678376329495716 0 0.000000000000000000 0.000000000000000000
connection 33 36 4.120212878025476755 0 0.000000000000000000 0.000000000000000000
connection 33 37 3.425843506622681556 0 0.000000000000000000 0.000000000000000000
connection 38 24 -1.618143612191437652 0 0.000000000000000000 0.000000000000000000
connection 38 34 1.497657713840307547 0 0.000000000000000000 0.000000000000000000
connection 38 39 -1.581597194631360725 0 0.000000000000000000 0.000000000000000000
connection 38 36 1.304907518840187297 0 0.000000000000000000 0.000000000000000000
connection 38 37 0.240421533813957256 0 0.000000000000000000 0.000000000000000000
connection 22 14 -5.805737871977462383 0 0.000000000000000000 0.000000000000000000
connection 34 14 1.649121901950118874 0 0.000000000000000000 0.000000000000000000
connection 28 14 -0.656148493531186983 0 0.000000000000000000 0.000000000000000000
connection 23 15 -2.766130474514689741 0 0.000000000000000000 0.000000000000000000
connection 24 15 -0.247287706288044418 0 0.000000000000000000 0.000000000000000000
connection 33 15 -1.318275362211277724 0 0.000000000000000000 0.000000000000000000
connection 34 15 3.694040793302669989 0 0.000000000000000000 0.000000000000000000
connection 28 15 1.358337835993469689 0 0.000000000000000000 0.000000000000000000
connection 30 16 -3.082836912259622864 0 0.000000000000000000 0.000000000000000000
connection 31 16 -0.569585316874683278 0 0.000000000000000000 0.000000000000000000
connection 32 16 -1.654265775934939064 0 0.000000000000000000 0.000000000000000000
connection 40 16 -0.494512979920181506 0 0.000000000000000000 0.000000000000000000
connection 34 16 5.340473929345032289 0 0.000000000000000000 0.000000000000000000
connection 28 16 3.409044487788114974 0 0.000000000000000000 0.000000000000000000
connection 22 17 -0.717745082004925372 0 0.000000000000000000 0.000000000000000000
connection 40 17 0.975038054085740846 0 0.000000000000000000 0.000000000000000000
connection 34 17 6.479139548899848222 0 0.000000000000000000 0.000000000000000000
connection 28 17 5.129144247596947537 0 0.000000000000000000 0.000000000000000000
connection 22 18 0.889211879284047102 0 0.000000000000000000 0.000000000000000000
connection 40 18 2.004752137374830046 0 0.000000000000000000 0.000000000000000000
connection 34 18 7.172915368199637598 0 0.000000000000000000 0.000000000000000000
connection 28 18 6.359408010510005482 0 0.000000000000000000 0.000000000000000000
connection 22 19 2.063240183148546070 0 0.000000000000000000 0.000000000000000000
connection 34 19 7.551336029823612961 0 0.000000000000000000 0.000000000000000000
connection 28 19 7.117244539246119217 0 0.000000000000000000 0.000000000000000000
connection 22 20 2.862302382281470159 0 0.000000000000000000 0.000000000000000000
connection 40 20 3.102404059789899193 0 0.000000000000000000 0.000000000000000000
connection 34 20 7.725475930983542128 0 0.000000000000000000 0.000000000000000000
connection 28 20 7.502911568451541946 0 0.000000000000000000 0.000000000000000000
connection 40 21 3.446265419979014588 0 0.000000000000000000 0.000000000000000000
connection 34 21 7.754583117929886527 0 0.000000000000000000 0.000000000000000000
connection 28 21 7.617943234286654430 0 0.000000000000000000 0.000000000000000000
NNend

