NNstart
21 10
neuron 1 1.000000000000000000 0.000000000000000000 0.000000000000000000 283311119462784587853303694985109969808076168148618271384743812638379254340975221235673995209681635149815883478956100492370997335257922041720574849675260350918169609019354126978764416922524102702109520457448780046643690178402974561428840399743248847116359266631953483980783873116578100887651405608779776.000000000000000000 11 0.000000000000000000
neuron 1 1.000000000000000000 0.000000000000000000 0.000000000000000000 283311119462784587853303694985109969808076168148618271384743812638379254340975221235673995209681635149815883478956100492370997335257922041720574849675260350918169609019354126978764416922524102702109520457448780046643690178402974561428840399743248847116359266631953483980783873116578100887651405608779776.000000000000000000 11 0.000000000000000000
neuron 1 1.000000000000000000 0.000000000000000000 0.000000000000000000 283311119462784587853303694985109969808076168148618271384743812638379254340975221235673995209681635149815883478956100492370997335257922041720574849675260350918169609019354126978764416922524102702109520457448780046643690178402974561428840399743248847116359266631953483980783873116578100887651405608779776.000000000000000000 11 0.000000000000000000
neuron 1 1.000000000000000000 0.000000000000000000 0.000000000000000000 283311119462784587853303694985109969808076168148618271384743812638379254340975221235673995209681635149815883478956100492370997335257922041720574849675260350918169609019354126978764416922524102702109520457448780046643690178402974561428840399743248847116359266631953483980783873116578100887651405608779776.000000000000000000 11 0.000000000000000000
neuron 1 1.000000000000000000 0.000000000000000000 0.000000000000000000 283311119462784587853303694985109969808076168148618271384743812638379254340975221235673995209681635149815883478956100492370997335257922041720574849675260350918169609019354126978764416922524102702109520457448780046643690178402974561428840399743248847116359266631953483980783873116578100887651405608779776.000000000000000000 11 0.000000000000000000
neuron 1 1.000000000000000000 0.000000000000000000 0.000000000000000000 283311119462784587853303694985109969808076168148618271384743812638379254340975221235673995209681635149815883478956100492370997335257922041720574849675260350918169609019354126978764416922524102702109520457448780046643690178402974561428840399743248847116359266631953483980783873116578100887651405608779776.000000000000000000 11 0.000000000000000000
neuron 1 1.000000000000000000 0.000000000000000000 0.000000000000000000 283311119462784587853303694985109969808076168148618271384743812638379254340975221235673995209681635149815883478956100492370997335257922041720574849675260350918169609019354126978764416922524102702109520457448780046643690178402974561428840399743248847116359266631953483980783873116578100887651405608779776.000000000000000000 11 0.000000000000000000
neuron 1 1.000000000000000000 0.000000000000000000 0.000000000000000000 283311119462784587853303694985109969808076168148618271384743812638379254340975221235673995209681635149815883478956100492370997335257922041720574849675260350918169609019354126978764416922524102702109520457448780046643690178402974561428840399743248847116359266631953483980783873116578100887651405608779776.000000000000000000 11 0.000000000000000000
neuron 1 1.000000000000000000 0.000000000000000000 0.000000000000000000 283311119462784587853303694985109969808076168148618271384743812638379254340975221235673995209681635149815883478956100492370997335257922041720574849675260350918169609019354126978764416922524102702109520457448780046643690178402974561428840399743248847116359266631953483980783873116578100887651405608779776.000000000000000000 11 0.000000000000000000
neuron 1 1.000000000000000000 0.000000000000000000 0.000000000000000000 283311119462784587853303694985109969808076168148618271384743812638379254340975221235673995209681635149815883478956100492370997335257922041720574849675260350918169609019354126978764416922524102702109520457448780046643690178402974561428840399743248847116359266631953483980783873116578100887651405608779776.000000000000000000 11 0.000000000000000000
neuron 1 1.000000000000000000 0.000000000000000000 0.000000000000000000 283311119462784587853303694985109969808076168148618271384743812638379254340975221235673995209681635149815883478956100492370997335257922041720574849675260350918169609019354126978764416922524102702109520457448780046643690178402974561428840399743248847116359266631953483980783873116578100887651405608779776.000000000000000000 11 0.000000000000000000
neuron 1 1.000000000000000000 0.000000000000000000 0.000000000000000000 283311119462784587853303694985109969808076168148618271384743812638379254340975221235673995209681635149815883478956100492370997335257922041720574849675260350918169609019354126978764416922524102702109520457448780046643690178402974561428840399743248847116359266631953483980783873116578100887651405608779776.000000000000000000 11 0.000000000000000000
neuron 1 1.000000000000000000 0.000000000000000000 0.000000000000000000 283311119462784587853303694985109969808076168148618271384743812638379254340975221235673995209681635149815883478956100492370997335257922041720574849675260350918169609019354126978764416922524102702109520457448780046643690178402974561428840399743248847116359266631953483980783873116578100887651405608779776.000000000000000000 11 0.000000000000000000
neuron 1 1.000000000000000000 0.000000000000000000 0.000000000000000000 283311119462784587853303694985109969808076168148618271384743812638379254340975221235673995209681635149815883478956100492370997335257922041720574849675260350918169609019354126978764416922524102702109520457448780046643690178402974561428840399743248847116359266631953483980783873116578100887651405608779776.000000000000000000 11 0.000000000000000000
neuron 1 1.000000000000000000 0.000000000000000000 0.000000000000000000 283311119462784587853303694985109969808076168148618271384743812638379254340975221235673995209681635149815883478956100492370997335257922041720574849675260350918169609019354126978764416922524102702109520457448780046643690178402974561428840399743248847116359266631953483980783873116578100887651405608779776.000000000000000000 11 0.000000000000000000
neuron 1 1.000000000000000000 0.000000000000000000 0.000000000000000000 283311119462784587853303694985109969808076168148618271384743812638379254340975221235673995209681635149815883478956100492370997335257922041720574849675260350918169609019354126978764416922524102702109520457448780046643690178402974561428840399743248847116359266631953483980783873116578100887651405608779776.000000000000000000 11 0.000000000000000000
neuron 1 1.000000000000000000 0.000000000000000000 0.000000000000000000 283311119462784587853303694985109969808076168148618271384743812638379254340975221235673995209681635149815883478956100492370997335257922041720574849675260350918169609019354126978764416922524102702109520457448780046643690178402974561428840399743248847116359266631953483980783873116578100887651405608779776.000000000000000000 11 0.000000000000000000
neuron 1 1.000000000000000000 0.000000000000000000 0.000000000000000000 283311119462784587853303694985109969808076168148618271384743812638379254340975221235673995209681635149815883478956100492370997335257922041720574849675260350918169609019354126978764416922524102702109520457448780046643690178402974561428840399743248847116359266631953483980783873116578100887651405608779776.000000000000000000 11 0.000000000000000000
neuron 1 1.000000000000000000 0.000000000000000000 0.000000000000000000 283311119462784587853303694985109969808076168148618271384743812638379254340975221235673995209681635149815883478956100492370997335257922041720574849675260350918169609019354126978764416922524102702109520457448780046643690178402974561428840399743248847116359266631953483980783873116578100887651405608779776.000000000000000000 11 0.000000000000000000
neuron 1 1.000000000000000000 0.000000000000000000 0.000000000000000000 283311119462784587853303694985109969808076168148618271384743812638379254340975221235673995209681635149815883478956100492370997335257922041720574849675260350918169609019354126978764416922524102702109520457448780046643690178402974561428840399743248847116359266631953483980783873116578100887651405608779776.000000000000000000 11 0.000000000000000000
neuron 2 1.000000000000000000 0.000000000000000000 0.000000000000000000 0.000000000000000000 11 0.000000000000000000
neuron 4 1.000000000000000000 0.000000000000000000 0.000000000000000000 283311119462784587853303694985109969808076168148618271384743812638379254340975221235673995209681635149815883478956100492370997335257922041720574849675260350918169609019354126978764416922524102702109520457448780046643690178402974561428840399743248847116359266631953483980783873116578100887651405608779776.000000000000000000 1 0.000000000000000000
neuron 4 1.000000000000000000 0.000000000000000000 0.000000000000000000 283311119462784587853303694985109969808076168148618271384743812638379254340975221235673995209681635149815883478956100492370997335257922041720574849675260350918169609019354126978764416922524102702109520457448780046643690178402974561428840399743248847116359266631953483980783873116578100887651405608779776.000000000000000000 1 0.000000000000000000
neuron 4 1.000000000000000000 0.000000000000000000 0.000000000000000000 283311119462784587853303694985109969808076168148618271384743812638379254340975221235673995209681635149815883478956100492370997335257922041720574849675260350918169609019354126978764416922524102702109520457448780046643690178402974561428840399743248847116359266631953483980783873116578100887651405608779776.000000000000000000 1 0.000000000000000000
neuron 4 1.000000000000000000 0.000000000000000000 0.000000000000000000 283311119462784587853303694985109969808076168148618271384743812638379254340975221235673995209681635149815883478956100492370997335257922041720574849675260350918169609019354126978764416922524102702109520457448780046643690178402974561428840399743248847116359266631953483980783873116578100887651405608779776.000000000000000000 1 0.000000000000000000
neuron 4 1.000000000000000000 0.000000000000000000 0.000000000000000000 283311119462784587853303694985109969808076168148618271384743812638379254340975221235673995209681635149815883478956100492370997335257922041720574849675260350918169609019354126978764416922524102702109520457448780046643690178402974561428840399743248847116359266631953483980783873116578100887651405608779776.000000000000000000 1 0.000000000000000000
neuron 4 1.000000000000000000 0.000000000000000000 0.000000000000000000 283311119462784587853303694985109969808076168148618271384743812638379254340975221235673995209681635149815883478956100492370997335257922041720574849675260350918169609019354126978764416922524102702109520457448780046643690178402974561428840399743248847116359266631953483980783873116578100887651405608779776.000000000000000000 1 0.000000000000000000
neuron 4 1.000000000000000000 0.000000000000000000 0.000000000000000000 283311119462784587853303694985109969808076168148618271384743812638379254340975221235673995209681635149815883478956100492370997335257922041720574849675260350918169609019354126978764416922524102702109520457448780046643690178402974561428840399743248847116359266631953483980783873116578100887651405608779776.000000000000000000 1 0.000000000000000000
neuron 4 1.000000000000000000 0.000000000000000000 0.000000000000000000 283311119462784587853303694985109969808076168148618271384743812638379254340975221235673995209681635149815883478956100492370997335257922041720574849675260350918169609019354126978764416922524102702109520457448780046643690178402974561428840399743248847116359266631953483980783873116578100887651405608779776.000000000000000000 1 0.000000000000000000
neuron 4 1.000000000000000000 0.000000000000000000 0.000000000000000000 283311119462784587853303694985109969808076168148618271384743812638379254340975221235673995209681635149815883478956100492370997335257922041720574849675260350918169609019354126978764416922524102702109520457448780046643690178402974561428840399743248847116359266631953483980783873116578100887651405608779776.000000000000000000 1 0.000000000000000000
neuron 4 1.000000000000000000 0.000000000000000000 0.000000000000000000 283311119462784587853303694985109969808076168148618271384743812638379254340975221235673995209681635149815883478956100492370997335257922041720574849675260350918169609019354126978764416922524102702109520457448780046643690178402974561428840399743248847116359266631953483980783873116578100887651405608779776.000000000000000000 1 0.000000000000000000
neuron 3 1.000000000000000000 0.000000000000000000 0.000000000000000000 283311119462784587853303694985109969808076168148618271384743812638379254340975221235673995209681635149815883478956100492370997335257922041720574849675260350918169609019354126978764416922524102702109520457448780046643690178402974561428840399743248847116359266631953483980783873116578100887651405608779776.000000000000000000 0 0.000000000000000000
neuron 3 1.000000000000000000 0.000000000000000000 0.000000000000000000 283311119462784587853303694985109969808076168148618271384743812638379254340975221235673995209681635149815883478956100492370997335257922041720574849675260350918169609019354126978764416922524102702109520457448780046643690178402974561428840399743248847116359266631953483980783873116578100887651405608779776.000000000000000000 0 0.000000000000000000
neuron 3 1.000000000000000000 0.000000000000000000 0.000000000000000000 283311119462784587853303694985109969808076168148618271384743812638379254340975221235673995209681635149815883478956100492370997335257922041720574849675260350918169609019354126978764416922524102702109520457448780046643690178402974561428840399743248847116359266631953483980783873116578100887651405608779776.000000000000000000 0 0.000000000000000000
neuron 3 1.000000000000000000 0.000000000000000000 0.000000000000000000 283311119462784587853303694985109969808076168148618271384743812638379254340975221235673995209681635149815883478956100492370997335257922041720574849675260350918169609019354126978764416922524102702109520457448780046643690178402974561428840399743248847116359266631953483980783873116578100887651405608779776.000000000000000000 0 0.000000000000000000
neuron 3 1.000000000000000000 0.000000000000000000 0.000000000000000000 283311119462784587853303694985109969808076168148618271384743812638379254340975221235673995209681635149815883478956100492370997335257922041720574849675260350918169609019354126978764416922524102702109520457448780046643690178402974561428840399743248847116359266631953483980783873116578100887651405608779776.000000000000000000 0 0.000000000000000000
neuron 3 1.000000000000000000 0.000000000000000000 0.000000000000000000 283311119462784587853303694985109969808076168148618271384743812638379254340975221235673995209681635149815883478956100492370997335257922041720574849675260350918169609019354126978764416922524102702109520457448780046643690178402974561428840399743248847116359266631953483980783873116578100887651405608779776.000000000000000000 0 0.000000000000000000
neuron 3 1.000000000000000000 0.000000000000000000 0.000000000000000000 283311119462784587853303694985109969808076168148618271384743812638379254340975221235673995209681635149815883478956100492370997335257922041720574849675260350918169609019354126978764416922524102702109520457448780046643690178402974561428840399743248847116359266631953483980783873116578100887651405608779776.000000000000000000 0 0.000000000000000000
neuron 3 1.000000000000000000 0.000000000000000000 0.000000000000000000 283311119462784587853303694985109969808076168148618271384743812638379254340975221235673995209681635149815883478956100492370997335257922041720574849675260350918169609019354126978764416922524102702109520457448780046643690178402974561428840399743248847116359266631953483980783873116578100887651405608779776.000000000000000000 0 0.000000000000000000
neuron 3 1.000000000000000000 0.000000000000000000 0.000000000000000000 283311119462784587853303694985109969808076168148618271384743812638379254340975221235673995209681635149815883478956100492370997335257922041720574849675260350918169609019354126978764416922524102702109520457448780046643690178402974561428840399743248847116359266631953483980783873116578100887651405608779776.000000000000000000 0 0.000000000000000000
neuron 3 1.000000000000000000 0.000000000000000000 0.000000000000000000 283311119462784587853303694985109969808076168148618271384743812638379254340975221235673995209681635149815883478956100492370997335257922041720574849675260350918169609019354126978764416922524102702109520457448780046643690178402974561428840399743248847116359266631953483980783873116578100887651405608779776.000000000000000000 0 0.000000000000000000
neuron 3 1.000000000000000000 0.000000000000000000 0.000000000000000000 283311119462784587853303694985109969808076168148618271384743812638379254340975221235673995209681635149815883478956100492370997335257922041720574849675260350918169609019354126978764416922524102702109520457448780046643690178402974561428840399743248847116359266631953483980783873116578100887651405608779776.000000000000000000 0 0.000000000000000000
neuron 3 1.000000000000000000 0.000000000000000000 0.000000000000000000 283311119462784587853303694985109969808076168148618271384743812638379254340975221235673995209681635149815883478956100492370997335257922041720574849675260350918169609019354126978764416922524102702109520457448780046643690178402974561428840399743248847116359266631953483980783873116578100887651405608779776.000000000000000000 0 0.000000000000000000
neuron 3 1.000000000000000000 0.000000000000000000 0.000000000000000000 283311119462784587853303694985109969808076168148618271384743812638379254340975221235673995209681635149815883478956100492370997335257922041720574849675260350918169609019354126978764416922524102702109520457448780046643690178402974561428840399743248847116359266631953483980783873116578100887651405608779776.000000000000000000 0 0.000000000000000000
neuron 3 1.000000000000000000 0.000000000000000000 0.000000000000000000 283311119462784587853303694985109969808076168148618271384743812638379254340975221235673995209681635149815883478956100492370997335257922041720574849675260350918169609019354126978764416922524102702109520457448780046643690178402974561428840399743248847116359266631953483980783873116578100887651405608779776.000000000000000000 0 0.000000000000000000
connection 0 31 -7.721614946748765362 0 0.000000000000000000 283311119462784587853303694985109969808076168148618271384743812638379254340975221235673995209681635149815883478956100492370997335257922041720574849675260350918169609019354126978764416922524102702109520457448780046643690178402974561428840399743248847116359266631953483980783873116578100887651405608779776.000000000000000000
connection 1 31 -7.683257164981381671 0 0.000000000000000000 283311119462784587853303694985109969808076168148618271384743812638379254340975221235673995209681635149815883478956100492370997335257922041720574849675260350918169609019354126978764416922524102702109520457448780046643690178402974561428840399743248847116359266631953483980783873116578100887651405608779776.000000000000000000
connection 2 31 -7.641176046198754790 0 0.000000000000000000 283311119462784587853303694985109969808076168148618271384743812638379254340975221235673995209681635149815883478956100492370997335257922041720574849675260350918169609019354126978764416922524102702109520457448780046643690178402974561428840399743248847116359266631953483980783873116578100887651405608779776.000000000000000000
connection 3 31 -7.595810328606428463 0 0.000000000000000000 283311119462784587853303694985109969808076168148618271384743812638379254340975221235673995209681635149815883478956100492370997335257922041720574849675260350918169609019354126978764416922524102702109520457448780046643690178402974561428840399743248847116359266631953483980783873116578100887651405608779776.000000000000000000
connection 4 31 -7.547758973144640393 0 0.000000000000000000 283311119462784587853303694985109969808076168148618271384743812638379254340975221235673995209681635149815883478956100492370997335257922041720574849675260350918169609019354126978764416922524102702109520457448780046643690178402974561428840399743248847116359266631953483980783873116578100887651405608779776.000000000000000000
connection 5 31 -7.497688528098079175 0 0.000000000000000000 283311119462784587853303694985109969808076168148618271384743812638379254340975221235673995209681635149815883478956100492370997335257922041720574849675260350918169609019354126978764416922524102702109520457448780046643690178402974561428840399743248847116359266631953483980783873116578100887651405608779776.000000000000000000
connection 6 31 -7.446208330666692632 0 0.000000000000000000 283311119462784587853303694985109969808076168148618271384743812638379254340975221235673995209681635149815883478956100492370997335257922041720574849675260350918169609019354126978764416922524102702109520457448780046643690178402974561428840399743248847116359266631953483980783873116578100887651405608779776.000000000000000000
connection 7 31 -7.393738652230313235 0 0.000000000000000000 283311119462784587853303694985109969808076168148618271384743812638379254340975221235673995209681635149815883478956100492370997335257922041720574849675260350918169609019354126978764416922524102702109520457448780046643690178402974561428840399743248847116359266631953483980783873116578100887651405608779776.000000000000000000
connection 8 32 -7.743016770815585481 0 0.000000000000000000 283311119462784587853303694985109969808076168148618271384743812638379254340975221235673995209681635149815883478956100492370997335257922041720574849675260350918169609019354126978764416922524102702109520457448780046643690178402974561428840399743248847116359266631953483980783873116578100887651405608779776.000000000000000000
connection 8 31 -7.340400886561200267 0 0.000000000000000000 283311119462784587853303694985109969808076168148618271384743812638379254340975221235673995209681635149815883478956100492370997335257922041720574849675260350918169609019354126978764416922524102702109520457448780046643690178402974561428840399743248847116359266631953483980783873116578100887651405608779776.000000000000000000
connection 9 32 -7.722216738822403670 0 0.000000000000000000 283311119462784587853303694985109969808076168148618271384743812638379254340975221235673995209681635149815883478956100492370997335257922041720574849675260350918169609019354126978764416922524102702109520457448780046643690178402974561428840399743248847116359266631953483980783873116578100887651405608779776.000000000000000000
connection 9 31 -7.285952829714979373 0 0.000000000000000000 283311119462784587853303694985109969808076168148618271384743812638379254340975221235673995209681635149815883478956100492370997335257922041720574849675260350918169609019354126978764416922524102702109520457448780046643690178402974561428840399743248847116359266631953483980783873116578100887651405608779776.000000000000000000
connection 10 32 -7.700282795832756655 0 0.000000000000000000 283311119462784587853303694985109969808076168148618271384743812638379254340975221235673995209681635149815883478956100492370997335257922041720574849675260350918169609019354126978764416922524102702109520457448780046643690178402974561428840399743248847116359266631953483980783873116578100887651405608779776.000000000000000000
connection 10 31 -7.229778708415214972 0 0.000000000000000000 283311119462784587853303694985109969808076168148618271384743812638379254340975221235673995209681635149815883478956100492370997335257922041720574849675260350918169609019354126978764416922524102702109520457448780046643690178402974561428840399743248847116359266631953483980783873116578100887651405608779776.000000000000000000
connection 11 32 -7.676738930947210271 0 0.000000000000000000 283311119462784587853303694985109969808076168148618271384743812638379254340975221235673995209681635149815883478956100492370997335257922041720574849675260350918169609019354126978764416922524102702109520457448780046643690178402974561428840399743248847116359266631953483980783873116578100887651405608779776.000000000000000000
connection 11 31 -7.170928863495342753 0 0.000000000000000000 283311119462784587853303694985109969808076168148618271384743812638379254340975221235673995209681635149815883478956100492370997335257922041720574849675260350918169609019354126978764416922524102702109520457448780046643690178402974561428840399743248847116359266631953483980783873116578100887651405608779776.000000000000000000
connection 12 32 -7.651036872322496407 0 0.000000000000000000 283311119462784587853303694985109969808076168148618271384743812638379254340975221235673995209681635149815883478956100492370997335257922041720574849675260350918169609019354126978764416922524102702109520457448780046643690178402974561428840399743248847116359266631953483980783873116578100887651405608779776.000000000000000000
connection 12 31 -7.108193602875709338 0 0.000000000000000000 283311119462784587853303694985109969808076168148618271384743812638379254340975221235673995209681635149815883478956100492370997335257922041720574849675260350918169609019354126978764416922524102702109520457448780046643690178402974561428840399743248847116359266631953483980783873116578100887651405608779776.000000000000000000
connection 13 32 -7.622585053505336106 0 0.000000000000000000 283311119462784587853303694985109969808076168148618271384743812638379254340975221235673995209681635149815883478956100492370997335257922041720574849675260350918169609019354126978764416922524102702109520457448780046643690178402974561428840399743248847116359266631953483980783873116578100887651405608779776.000000000000000000
connection 13 31 -7.040192319913476382 0 0.000000000000000000 283311119462784587853303694985109969808076168148618271384743812638379254340975221235673995209681635149815883478956100492370997335257922041720574849675260350918169609019354126978764416922524102702109520457448780046643690178402974561428840399743248847116359266631953483980783873116578100887651405608779776.000000000000000000
connection 14 32 -7.590772966307486769 0 0.000000000000000000 283311119462784587853303694985109969808076168148618271384743812638379254340975221235673995209681635149815883478956100492370997335257922041720574849675260350918169609019354126978764416922524102702109520457448780046643690178402974561428840399743248847116359266631953483980783873116578100887651405608779776.000000000000000000
connection 14 31 -6.965461572982738936 0 0.000000000000000000 283311119462784587853303694985109969808076168148618271384743812638379254340975221235673995209681635149815883478956100492370997335257922041720574849675260350918169609019354126978764416922524102702109520457448780046643690178402974561428840399743248847116359266631953483980783873116578100887651405608779776.000000000000000000
connection 15 32 -7.554989194041576539 0 0.000000000000000000 283311119462784587853303694985109969808076168148618271384743812638379254340975221235673995209681635149815883478956100492370997335257922041720574849675260350918169609019354126978764416922524102702109520457448780046643690178402974561428840399743248847116359266631953483980783873116578100887651405608779776.000000000000000000
connection 15 31 -6.882531463282448136 0 0.000000000000000000 283311119462784587853303694985109969808076168148618271384743812638379254340975221235673995209681635149815883478956100492370997335257922041720574849675260350918169609019354126978764416922524102702109520457448780046643690178402974561428840399743248847116359266631953483980783873116578100887651405608779776.000000000000000000
connection 16 32 -7.514632903619347104 0 0.000000000000000000 283311119462784587853303694985109969808076168148618271384743812638379254340975221235673995209681635149815883478956100492370997335257922041720574849675260350918169609019354126978764416922524102702109520457448780046643690178402974561428840399743248847116359266631953483980783873116578100887651405608779776.000000000000000000
connection 16 31 -6.789985366996883265 0 0.000000000000000000 283311119462784587853303694985109969808076168148618271384743812638379254340975221235673995209681635149815883478956100492370997335257922041720574849675260350918169609019354126978764416922524102702109520457448780046643690178402974561428840399743248847116359266631953483980783873116578100887651405608779776.000000000000000000
connection 17 32 -7.469119351231179316 0 0.000000000000000000 283311119462784587853303694985109969808076168148618271384743812638379254340975221235673995209681635149815883478956100492370997335257922041720574849675260350918169609019354126978764416922524102702109520457448780046643690178402974561428840399743248847116359266631953483980783873116578100887651405608779776.000000000000000000
connection 17 31 -6.686502180775214299 0 0.000000000000000000 283311119462784587853303694985109969808076168148618271384743812638379254340975221235673995209681635149815883478956100492370997335257922041720574849675260350918169609019354126978764416922524102702109520457448780046643690178402974561428840399743248847116359266631953483980783873116578100887651405608779776.000000000000000000
connection 18 32 -7.417880247267841121 0 0.000000000000000000 283311119462784587853303694985109969808076168148618271384743812638379254340975221235673995209681635149815883478956100492370997335257922041720574849675260350918169609019354126978764416922524102702109520457448780046643690178402974561428840399743248847116359266631953483980783873116578100887651405608779776.000000000000000000
connection 18 31 -6.570882451448389006 0 0.000000000000000000 283311119462784587853303694985109969808076168148618271384743812638379254340975221235673995209681635149815883478956100492370997335257922041720574849675260350918169609019354126978764416922524102702109520457448780046643690178402974561428840399743248847116359266631953483980783873116578100887651405608779776.000000000000000000
connection 19 32 -7.360359922589966963 0 0.000000000000000000 283311119462784587853303694985109969808076168148618271384743812638379254340975221235673995209681635149815883478956100492370997335257922041720574849675260350918169609019354126978764416922524102702109520457448780046643690178402974561428840399743248847116359266631953483980783873116578100887651405608779776.000000000000000000
connection 19 31 -6.442060675463621600 0 0.000000000000000000 283311119462784587853303694985109969808076168148618271384743812638379254340975221235673995209681635149815883478956100492370997335257922041720574849675260350918169609019354126978764416922524102702109520457448780046643690178402974561428840399743248847116359266631953483980783873116578100887651405608779776.000000000000000000
connection 20 32 -7.296008332938009211 0 0.000000000000000000 283311119462784587853303694985109969808076168148618271384743812638379254340975221235673995209681635149815883478956100492370997335257922041720574849675260350918169609019354126978764416922524102702109520457448780046643690178402974561428840399743248847116359266631953483980783873116578100887651405608779776.000000000000000000
connection 20 31 -6.299106443694486579 0 0.000000000000000000 283311119462784587853303694985109969808076168148618271384743812638379254340975221235673995209681635149815883478956100492370997335257922041720574849675260350918169609019354126978764416922524102702109520457448780046643690178402974561428840399743248847116359266631953483980783873116578100887651405608779776.000000000000000000
connection 32 34 -3.233332175134298936 0 0.000000000000000000 283311119462784587853303694985109969808076168148618271384743812638379254340975221235673995209681635149815883478956100492370997335257922041720574849675260350918169609019354126978764416922524102702109520457448780046643690178402974561428840399743248847116359266631953483980783873116578100887651405608779776.000000000000000000
connection 32 35 -1.518850395938875719 0 0.000000000000000000 283311119462784587853303694985109969808076168148618271384743812638379254340975221235673995209681635149815883478956100492370997335257922041720574849675260350918169609019354126978764416922524102702109520457448780046643690178402974561428840399743248847116359266631953483980783873116578100887651405608779776.000000000000000000
connection 32 36 -4.124093594553731812 0 0.000000000000000000 283311119462784587853303694985109969808076168148618271384743812638379254340975221235673995209681635149815883478956100492370997335257922041720574849675260350918169609019354126978764416922524102702109520457448780046643690178402974561428840399743248847116359266631953483980783873116578100887651405608779776.000000000000000000
connection 32 41 -2.608709860770282329 0 0.000000000000000000 283311119462784587853303694985109969808076168148618271384743812638379254340975221235673995209681635149815883478956100492370997335257922041720574849675260350918169609019354126978764416922524102702109520457448780046643690178402974561428840399743248847116359266631953483980783873116578100887651405608779776.000000000000000000
connection 32 42 0.344824027398801525 0 0.000000000000000000 283311119462784587853303694985109969808076168148618271384743812638379254340975221235673995209681635149815883478956100492370997335257922041720574849675260350918169609019354126978764416922524102702109520457448780046643690178402974561428840399743248847116359266631953483980783873116578100887651405608779776.000000000000000000
connection 32 43 2.163550279487023165 0 0.000000000000000000 283311119462784587853303694985109969808076168148618271384743812638379254340975221235673995209681635149815883478956100492370997335257922041720574849675260350918169609019354126978764416922524102702109520457448780046643690178402974561428840399743248847116359266631953483980783873116578100887651405608779776.000000000000000000
connection 32 44 -0.857460532758258842 0 0.000000000000000000 283311119462784587853303694985109969808076168148618271384743812638379254340975221235673995209681635149815883478956100492370997335257922041720574849675260350918169609019354126978764416922524102702109520457448780046643690178402974561428840399743248847116359266631953483980783873116578100887651405608779776.000000000000000000
connection 31 32 5.392433911801525426 0 0.000000000000000000 283311119462784587853303694985109969808076168148618271384743812638379254340975221235673995209681635149815883478956100492370997335257922041720574849675260350918169609019354126978764416922524102702109520457448780046643690178402974561428840399743248847116359266631953483980783873116578100887651405608779776.000000000000000000
connection 34 21 4.391691275645918324 0 0.000000000000000000 283311119462784587853303694985109969808076168148618271384743812638379254340975221235673995209681635149815883478956100492370997335257922041720574849675260350918169609019354126978764416922524102702109520457448780046643690178402974561428840399743248847116359266631953483980783873116578100887651405608779776.000000000000000000
connection 35 21 5.530552637487727630 0 0.000000000000000000 283311119462784587853303694985109969808076168148618271384743812638379254340975221235673995209681635149815883478956100492370997335257922041720574849675260350918169609019354126978764416922524102702109520457448780046643690178402974561428840399743248847116359266631953483980783873116578100887651405608779776.000000000000000000
connection 42 21 6.243719755477668443 0 0.000000000000000000 283311119462784587853303694985109969808076168148618271384743812638379254340975221235673995209681635149815883478956100492370997335257922041720574849675260350918169609019354126978764416922524102702109520457448780046643690178402974561428840399743248847116359266631953483980783873116578100887651405608779776.000000000000000000
connection 43 21 6.831896727872045716 0 0.000000000000000000 283311119462784587853303694985109969808076168148618271384743812638379254340975221235673995209681635149815883478956100492370997335257922041720574849675260350918169609019354126978764416922524102702109520457448780046643690178402974561428840399743248847116359266631953483980783873116578100887651405608779776.000000000000000000
connection 44 21 3.873080531089666767 0 0.000000000000000000 283311119462784587853303694985109969808076168148618271384743812638379254340975221235673995209681635149815883478956100492370997335257922041720574849675260350918169609019354126978764416922524102702109520457448780046643690178402974561428840399743248847116359266631953483980783873116578100887651405608779776.000000000000000000
connection 34 22 4.940338894512396273 0 0.000000000000000000 283311119462784587853303694985109969808076168148618271384743812638379254340975221235673995209681635149815883478956100492370997335257922041720574849675260350918169609019354126978764416922524102702109520457448780046643690178402974561428840399743248847116359266631953483980783873116578100887651405608779776.000000000000000000
connection 35 22 5.948315514708986562 0 0.000000000000000000 283311119462784587853303694985109969808076168148618271384743812638379254340975221235673995209681635149815883478956100492370997335257922041720574849675260350918169609019354126978764416922524102702109520457448780046643690178402974561428840399743248847116359266631953483980783873116578100887651405608779776.000000000000000000
connection 41 22 2.857488945326020158 0 0.000000000000000000 283311119462784587853303694985109969808076168148618271384743812638379254340975221235673995209681635149815883478956100492370997335257922041720574849675260350918169609019354126978764416922524102702109520457448780046643690178402974561428840399743248847116359266631953483980783873116578100887651405608779776.000000000000000000
connection 42 22 6.553443052591362061 0 0.000000000000000000 283311119462784587853303694985109969808076168148618271384743812638379254340975221235673995209681635149815883478956100492370997335257922041720574849675260350918169609019354126978764416922524102702109520457448780046643690178402974561428840399743248847116359266631953483980783873116578100887651405608779776.000000000000000000
connection 43 22 7.041490749551442718 0 0.000000000000000000 283311119462784587853303694985109969808076168148618271384743812638379254340975221235673995209681635149815883478956100492370997335257922041720574849675260350918169609019354126978764416922524102702109520457448780046643690178402974561428840399743248847116359266631953483980783873116578100887651405608779776.000000000000000000
connection 44 22 4.482039951307710268 0 0.000000000000000000 283311119462784587853303694985109969808076168148618271384743812638379254340975221235673995209681635149815883478956100492370997335257922041720574849675260350918169609019354126978764416922524102702109520457448780046643690178402974561428840399743248847116359266631953483980783873116578100887651405608779776.000000000000000000
connection 34 23 5.421983360062590407 0 0.000000000000000000 283311119462784587853303694985109969808076168148618271384743812638379254340975221235673995209681635149815883478956100492370997335257922041720574849675260350918169609019354126978764416922524102702109520457448780046643690178402974561428840399743248847116359266631953483980783873116578100887651405608779776.000000000000000000
connection 35 23 6.303943890474429601 0 0.000000000000000000 283311119462784587853303694985109969808076168148618271384743812638379254340975221235673995209681635149815883478956100492370997335257922041720574849675260350918169609019354126978764416922524102702109520457448780046643690178402974561428840399743248847116359266631953483980783873116578100887651405608779776.000000000000000000
connection 41 23 3.563819577224283552 0 0.000000000000000000 283311119462784587853303694985109969808076168148618271384743812638379254340975221235673995209681635149815883478956100492370997335257922041720574849675260350918169609019354126978764416922524102702109520457448780046643690178402974561428840399743248847116359266631953483980783873116578100887651405608779776.000000000000000000
connection 42 23 6.813275401192689706 0 0.000000000000000000 283311119462784587853303694985109969808076168148618271384743812638379254340975221235673995209681635149815883478956100492370997335257922041720574849675260350918169609019354126978764416922524102702109520457448780046643690178402974561428840399743248847116359266631953483980783873116578100887651405608779776.000000000000000000
connection 44 23 5.023713846924464654 0 0.000000000000000000 283311119462784587853303694985109969808076168148618271384743812638379254340975221235673995209681635149815883478956100492370997335257922041720574849675260350918169609019354126978764416922524102702109520457448780046643690178402974561428840399743248847116359266631953483980783873116578100887651405608779776.000000000000000000
connection 34 24 5.839671266835275709 0 0.000000000000000000 283311119462784587853303694985109969808076168148618271384743812638379254340975221235673995209681635149815883478956100492370997335257922041720574849675260350918169609019354126978764416922524102702109520457448780046643690178402974561428840399743248847116359266631953483980783873116578100887651405608779776.000000000000000000
connection 35 24 6.603803093452261130 0 0.000000000000000000 283311119462784587853303694985109969808076168148618271384743812638379254340975221235673995209681635149815883478956100492370997335257922041720574849675260350918169609019354126978764416922524102702109520457448780046643690178402974561428840399743248847116359266631953483980783873116578100887651405608779776.000000000000000000
connection 34 25 6.198105390234222689 0 0.000000000000000000 283311119462784587853303694985109969808076168148618271384743812638379254340975221235673995209681635149815883478956100492370997335257922041720574849675260350918169609019354126978764416922524102702109520457448780046643690178402974561428840399743248847116359266631953483980783873116578100887651405608779776.000000000000000000
connection 35 25 6.854622314084568124 0 0.000000000000000000 283311119462784587853303694985109969808076168148618271384743812638379254340975221235673995209681635149815883478956100492370997335257922041720574849675260350918169609019354126978764416922524102702109520457448780046643690178402974561428840399743248847116359266631953483980783873116578100887651405608779776.000000000000000000
connection 36 25 3.418430230204119180 0 0.000000000000000000 283311119462784587853303694985109969808076168148618271384743812638379254340975221235673995209681635149815883478956100492370997335257922041720574849675260350918169609019354126978764416922524102702109520457448780046643690178402974561428840399743248847116359266631953483980783873116578100887651405608779776.000000000000000000
connection 34 26 6.502952262605937506 0 0.000000000000000000 283311119462784587853303694985109969808076168148618271384743812638379254340975221235673995209681635149815883478956100492370997335257922041720574849675260350918169609019354126978764416922524102702109520457448780046643690178402974561428840399743248847116359266631953483980783873116578100887651405608779776.000000000000000000
connection 35 26 7.063031126435470597 0 0.000000000000000000 283311119462784587853303694985109969808076168148618271384743812638379254340975221235673995209681635149815883478956100492370997335257922041720574849675260350918169609019354126978764416922524102702109520457448780046643690178402974561428840399743248847116359266631953483980783873116578100887651405608779776.000000000000000000
connection 36 26 4.086862019480628661 0 0.000000000000000000 283311119462784587853303694985109969808076168148618271384743812638379254340975221235673995209681635149815883478956100492370997335257922041720574849675260350918169609019354126978764416922524102702109520457448780046643690178402974561428840399743248847116359266631953483980783873116578100887651405608779776.000000000000000000
connection 34 27 6.760278623100920647 0 0.000000000000000000 283311119462784587853303694985109969808076168148618271384743812638379254340975221235673995209681635149815883478956100492370997335257922041720574849675260350918169609019354126978764416922524102702109520457448780046643690178402974561428840399743248847116359266631953483980783873116578100887651405608779776.000000000000000000
connection 35 27 7.235255525235000817 0 0.000000000000000000 283311119462784587853303694985109969808076168148618271384743812638379254340975221235673995209681635149815883478956100492370997335257922041720574849675260350918169609019354126978764416922524102702109520457448780046643690178402974561428840399743248847116359266631953483980783873116578100887651405608779776.000000000000000000
connection 36 27 4.686578977350796649 0 0.000000000000000000 283311119462784587853303694985109969808076168148618271384743812638379254340975221235673995209681635149815883478956100492370997335257922041720574849675260350918169609019354126978764416922524102702109520457448780046643690178402974561428840399743248847116359266631953483980783873116578100887651405608779776.000000000000000000
connection 32 28 6.385753564329394116 0 0.000000000000000000 283311119462784587853303694985109969808076168148618271384743812638379254340975221235673995209681635149815883478956100492370997335257922041720574849675260350918169609019354126978764416922524102702109520457448780046643690178402974561428840399743248847116359266631953483980783873116578100887651405608779776.000000000000000000
connection 32 29 6.672358288219659705 0 0.000000000000000000 283311119462784587853303694985109969808076168148618271384743812638379254340975221235673995209681635149815883478956100492370997335257922041720574849675260350918169609019354126978764416922524102702109520457448780046643690178402974561428840399743248847116359266631953483980783873116578100887651405608779776.000000000000000000
NNend

