NNstart
14 8
neuron 1 1.000000000000000000 0.000000000000000000 0.000000000000000000 0.000000000878399996 11 0.000000000000000000
neuron 1 1.000000000000000000 0.000000000000000000 0.000000000000000000 0.000000000878399996 11 0.000000000000000000
neuron 1 1.000000000000000000 0.000000000000000000 0.000000000000000000 0.000000000878399996 11 0.000000000000000000
neuron 1 1.000000000000000000 0.000000000000000000 0.000000000000000000 0.000000000878399996 11 0.000000000000000000
neuron 1 1.000000000000000000 0.000000000000000000 0.000000000000000000 0.000000000878399996 11 0.000000000000000000
neuron 1 1.000000000000000000 0.000000000000000000 0.000000000000000000 0.000000000878399996 11 0.000000000000000000
neuron 1 1.000000000000000000 0.000000000000000000 0.000000000000000000 0.000000000878399996 11 0.000000000000000000
neuron 1 1.000000000000000000 0.000000000000000000 0.000000000000000000 0.000000000878399996 11 0.000000000000000000
neuron 1 1.000000000000000000 0.000000000000000000 0.000000000000000000 0.000000000878399996 11 0.000000000000000000
neuron 1 1.000000000000000000 0.000000000000000000 0.000000000000000000 0.000000000878399996 11 0.000000000000000000
neuron 1 1.000000000000000000 0.000000000000000000 0.000000000000000000 0.000000000878399996 11 0.000000000000000000
neuron 1 1.000000000000000000 0.000000000000000000 0.000000000000000000 0.000000000878399996 11 0.000000000000000000
neuron 1 1.000000000000000000 0.000000000000000000 0.000000000000000000 0.000000000878399996 11 0.000000000000000000
neuron 2 1.000000000000000000 0.000000000000000000 0.000000000000000000 0.000000000000000000 11 0.000000000000000000
neuron 4 1.000000000000000000 0.000000000000000000 0.000000000000000000 0.000000000878399996 1 0.000000000000000000
neuron 4 1.000000000000000000 0.000000000000000000 0.000000000000000000 0.000000000878399996 1 0.000000000000000000
neuron 4 1.000000000000000000 0.000000000000000000 0.000000000000000000 0.000000000878399996 1 0.000000000000000000
neuron 4 1.000000000000000000 0.000000000000000000 0.000000000000000000 0.000000000878399996 1 0.000000000000000000
neuron 4 1.000000000000000000 0.000000000000000000 0.000000000000000000 0.000000000878399996 1 0.000000000000000000
neuron 4 1.000000000000000000 0.000000000000000000 0.000000000000000000 0.000000000878399996 1 0.000000000000000000
neuron 4 1.000000000000000000 0.000000000000000000 0.000000000000000000 0.000000000878399996 1 0.000000000000000000
neuron 4 1.000000000000000000 0.000000000000000000 0.000000000000000000 0.000000000878399996 1 0.000000000000000000
neuron 3 1.000000000000000000 0.000000000000000000 0.000000000000000000 0.000000000878399996 0 0.000000000000000000
neuron 3 1.000000000000000000 0.000000000000000000 0.000000000000000000 0.000000000878399996 0 0.000000000000000000
neuron 3 1.000000000000000000 0.000000000000000000 0.000000000000000000 0.000000000878399996 0 0.000000000000000000
neuron 3 1.000000000000000000 0.000000000000000000 0.000000000000000000 0.000000000878399996 0 0.000000000000000000
neuron 3 1.000000000000000000 0.000000000000000000 0.000000000000000000 0.000000000878399996 0 0.000000000000000000
neuron 3 1.000000000000000000 0.000000000000000000 0.000000000000000000 0.000000000878399996 0 0.000000000000000000
neuron 3 1.000000000000000000 0.000000000000000000 0.000000000000000000 0.000000000878399996 0 0.000000000000000000
neuron 3 1.000000000000000000 0.000000000000000000 0.000000000000000000 0.000000000878399996 0 0.000000000000000000
neuron 3 1.000000000000000000 0.000000000000000000 0.000000000000000000 0.000000000878399996 0 0.000000000000000000
neuron 3 1.000000000000000000 0.000000000000000000 0.000000000000000000 0.000000000878399996 0 0.000000000000000000
neuron 3 1.000000000000000000 0.000000000000000000 0.000000000000000000 0.000000000878399996 0 0.000000000000000000
neuron 3 1.000000000000000000 0.000000000000000000 0.000000000000000000 0.000000000878399996 0 0.000000000000000000
neuron 3 1.000000000000000000 0.000000000000000000 0.000000000000000000 0.000000000878399996 0 0.000000000000000000
neuron 3 1.000000000000000000 0.000000000000000000 0.000000000000000000 0.000000000878399996 0 0.000000000000000000
neuron 3 1.000000000000000000 0.000000000000000000 0.000000000000000000 0.000000000878399996 0 0.000000000000000000
neuron 3 1.000000000000000000 0.000000000000000000 0.000000000000000000 0.000000000878399996 0 0.000000000000000000
neuron 3 1.000000000000000000 0.000000000000000000 0.000000000000000000 0.000000000878399996 0 0.000000000000000000
neuron 3 1.000000000000000000 0.000000000000000000 0.000000000000000000 0.000000000878399996 0 0.000000000000000000
neuron 3 1.000000000000000000 0.000000000000000000 0.000000000000000000 0.000000000878399996 0 0.000000000000000000
neuron 3 1.000000000000000000 0.000000000000000000 0.000000000000000000 0.000000000878399996 0 0.000000000000000000
neuron 3 1.000000000000000000 0.000000000000000000 0.000000000000000000 0.000000000878399996 0 0.000000000000000000
neuron 3 1.000000000000000000 0.000000000000000000 0.000000000000000000 0.000000000878399996 0 0.000000000000000000
neuron 3 1.000000000000000000 0.000000000000000000 0.000000000000000000 0.000000000878399996 0 0.000000000000000000
neuron 3 1.000000000000000000 0.000000000000000000 0.000000000000000000 0.000000000878399996 0 0.000000000000000000
neuron 3 1.000000000000000000 0.000000000000000000 0.000000000000000000 0.000000000878399996 0 0.000000000000000000
neuron 3 1.000000000000000000 0.000000000000000000 0.000000000000000000 0.000000000878399996 0 0.000000000000000000
neuron 3 1.000000000000000000 0.000000000000000000 0.000000000000000000 0.000000000878399996 0 0.000000000000000000
neuron 3 1.000000000000000000 0.000000000000000000 0.000000000000000000 0.000000000878399996 0 0.000000000000000000
neuron 3 1.000000000000000000 0.000000000000000000 0.000000000000000000 0.000000000878399996 0 0.000000000000000000
neuron 3 1.000000000000000000 0.000000000000000000 0.000000000000000000 0.000000000878399996 0 0.000000000000000000
neuron 3 1.000000000000000000 0.000000000000000000 0.000000000000000000 0.000000000878399996 0 0.000000000000000000
neuron 3 1.000000000000000000 0.000000000000000000 0.000000000000000000 0.000000000878399996 0 0.000000000000000000
neuron 3 1.000000000000000000 0.000000000000000000 0.000000000000000000 0.000000000878399996 0 0.000000000000000000
neuron 3 1.000000000000000000 0.000000000000000000 0.000000000000000000 0.000000000878399996 0 0.000000000000000000
neuron 3 1.000000000000000000 0.000000000000000000 0.000000000000000000 0.000000000878399996 0 0.000000000000000000
neuron 3 1.000000000000000000 0.000000000000000000 0.000000000000000000 0.000000000878399996 0 0.000000000000000000
neuron 3 1.000000000000000000 0.000000000000000000 0.000000000000000000 0.000000000878399996 0 0.000000000000000000
neuron 3 1.000000000000000000 0.000000000000000000 0.000000000000000000 0.000000000878399996 0 0.000000000000000000
neuron 3 1.000000000000000000 0.000000000000000000 0.000000000000000000 0.000000000878399996 0 0.000000000000000000
neuron 3 1.000000000000000000 0.000000000000000000 0.000000000000000000 0.000000000878399996 0 0.000000000000000000
neuron 3 1.000000000000000000 0.000000000000000000 0.000000000000000000 0.000000000878399996 0 0.000000000000000000
neuron 3 1.000000000000000000 0.000000000000000000 0.000000000000000000 0.000000000878399996 0 0.000000000000000000
neuron 3 1.000000000000000000 0.000000000000000000 0.000000000000000000 0.000000000878399996 0 0.000000000000000000
neuron 3 1.000000000000000000 0.000000000000000000 0.000000000000000000 0.000000000878399996 0 0.000000000000000000
neuron 3 1.000000000000000000 0.000000000000000000 0.000000000000000000 0.000000000878399996 0 0.000000000000000000
neuron 3 1.000000000000000000 0.000000000000000000 0.000000000000000000 0.000000000878399996 0 0.000000000000000000
neuron 3 1.000000000000000000 0.000000000000000000 0.000000000000000000 0.000000000878399996 0 0.000000000000000000
neuron 3 1.000000000000000000 0.000000000000000000 0.000000000000000000 0.000000000878399996 0 0.000000000000000000
neuron 3 1.000000000000000000 0.000000000000000000 0.000000000000000000 0.000000000878399996 0 0.000000000000000000
neuron 3 1.000000000000000000 0.000000000000000000 0.000000000000000000 0.000000000878399996 0 0.000000000000000000
neuron 3 1.000000000000000000 0.000000000000000000 0.000000000000000000 0.000000000878399996 0 0.000000000000000000
neuron 3 1.000000000000000000 0.000000000000000000 0.000000000000000000 0.000000000878399996 0 0.000000000000000000
neuron 3 1.000000000000000000 0.000000000000000000 0.000000000000000000 0.000000000878399996 0 0.000000000000000000
neuron 3 1.000000000000000000 0.000000000000000000 0.000000000000000000 0.000000000878399996 0 0.000000000000000000
neuron 3 1.000000000000000000 0.000000000000000000 0.000000000000000000 0.000000000878399996 0 0.000000000000000000
neuron 3 1.000000000000000000 0.000000000000000000 0.000000000000000000 0.000000000878399996 0 0.000000000000000000
neuron 3 1.000000000000000000 0.000000000000000000 0.000000000000000000 0.000000000878399996 0 0.000000000000000000
neuron 3 1.000000000000000000 0.000000000000000000 0.000000000000000000 0.000000000878399996 0 0.000000000000000000
neuron 3 1.000000000000000000 0.000000000000000000 0.000000000000000000 0.000000000878399996 0 0.000000000000000000
neuron 3 1.000000000000000000 0.000000000000000000 0.000000000000000000 0.000000000878399996 0 0.000000000000000000
neuron 3 1.000000000000000000 0.000000000000000000 0.000000000000000000 0.000000000878399996 0 0.000000000000000000
neuron 3 1.000000000000000000 0.000000000000000000 0.000000000000000000 0.000000000878399996 0 0.000000000000000000
neuron 3 1.000000000000000000 0.000000000000000000 0.000000000000000000 0.000000000878399996 0 0.000000000000000000
neuron 3 1.000000000000000000 0.000000000000000000 0.000000000000000000 0.000000000878399996 0 0.000000000000000000
neuron 3 1.000000000000000000 0.000000000000000000 0.000000000000000000 0.000000000878399996 0 0.000000000000000000
neuron 3 1.000000000000000000 0.000000000000000000 0.000000000000000000 0.000000000878399996 0 0.000000000000000000
neuron 3 1.000000000000000000 0.000000000000000000 0.000000000000000000 0.000000000878399996 0 0.000000000000000000
neuron 3 1.000000000000000000 0.000000000000000000 0.000000000000000000 0.000000000878399996 0 0.000000000000000000
neuron 3 1.000000000000000000 0.000000000000000000 0.000000000000000000 0.000000000878399996 0 0.000000000000000000
neuron 3 1.000000000000000000 0.000000000000000000 0.000000000000000000 0.000000000878399996 0 0.000000000000000000
neuron 3 1.000000000000000000 0.000000000000000000 0.000000000000000000 0.000000000878399996 0 0.000000000000000000
neuron 3 1.000000000000000000 0.000000000000000000 0.000000000000000000 0.000000000878399996 0 0.000000000000000000
neuron 3 1.000000000000000000 0.000000000000000000 0.000000000000000000 0.000000000878399996 0 0.000000000000000000
neuron 3 1.000000000000000000 0.000000000000000000 0.000000000000000000 0.000000000878399996 0 0.000000000000000000
neuron 3 1.000000000000000000 0.000000000000000000 0.000000000000000000 0.000000000878399996 0 0.000000000000000000
neuron 3 1.000000000000000000 0.000000000000000000 0.000000000000000000 0.000000000878399996 0 0.000000000000000000
neuron 3 1.000000000000000000 0.000000000000000000 0.000000000000000000 0.000000000878399996 0 0.000000000000000000
neuron 3 1.000000000000000000 0.000000000000000000 0.000000000000000000 0.000000000878399996 0 0.000000000000000000
neuron 3 1.000000000000000000 0.000000000000000000 0.000000000000000000 0.000000000878399996 0 0.000000000000000000
neuron 3 1.000000000000000000 0.000000000000000000 0.000000000000000000 0.000000000878399996 0 0.000000000000000000
neuron 3 1.000000000000000000 0.000000000000000000 0.000000000000000000 0.000000000878399996 0 0.000000000000000000
neuron 3 1.000000000000000000 0.000000000000000000 0.000000000000000000 0.000000000878399996 0 0.000000000000000000
neuron 3 1.000000000000000000 0.000000000000000000 0.000000000000000000 0.000000000878399996 0 0.000000000000000000
connection 0 22 -6.511106977253831474 0 0.000000000000000000 0.000000000878399996
connection 0 23 4.080280524808425291 0 0.000000000000000000 0.000000000878399996
connection 0 24 6.148666694084786499 0 0.000000000000000000 0.000000000878399996
connection 0 25 -2.212873876530978556 0 0.000000000000000000 0.000000000878399996
connection 0 26 6.834444525929004755 0 0.000000000000000000 0.000000000878399996
connection 0 27 -1.511422332176113326 0 0.000000000000000000 0.000000000878399996
connection 0 28 -3.738019882337959565 0 0.000000000000000000 0.000000000878399996
connection 0 29 -5.374918154259233027 0 0.000000000000000000 0.000000000878399996
connection 0 30 -5.960316889307828880 0 0.000000000000000000 0.000000000878399996
connection 0 31 -3.984199556270493492 0 0.000000000000000000 0.000000000878399996
connection 0 32 -5.315329599087990076 0 0.000000000000000000 0.000000000878399996
connection 0 33 -1.043124279560001755 0 0.000000000000000000 0.000000000878399996
connection 0 34 2.018639238188573160 0 0.000000000000000000 0.000000000878399996
connection 0 35 -5.497836568009183189 0 0.000000000000000000 0.000000000878399996
connection 0 36 2.537953870190228667 0 0.000000000000000000 0.000000000878399996
connection 0 37 -0.477928785163767078 0 0.000000000000000000 0.000000000878399996
connection 0 38 5.276093564244343170 0 0.000000000000000000 0.000000000878399996
connection 0 39 1.480507756667181374 0 0.000000000000000000 0.000000000878399996
connection 0 40 -1.597673576892670422 0 0.000000000000000000 0.000000000878399996
connection 0 41 4.571998793327471944 0 0.000000000000000000 0.000000000878399996
connection 1 22 -6.495567235644835513 0 0.000000000000000000 0.000000000878399996
connection 1 23 3.692208755587768287 0 0.000000000000000000 0.000000000878399996
connection 1 24 5.949939135125656975 0 0.000000000000000000 0.000000000878399996
connection 1 42 0.916281873611068720 0 0.000000000000000000 0.000000000878399996
connection 1 25 -2.635292051398585134 0 0.000000000000000000 0.000000000878399996
connection 1 26 6.712548215757749404 0 0.000000000000000000 0.000000000878399996
connection 1 27 -1.956541340319470912 0 0.000000000000000000 0.000000000878399996
connection 1 43 1.645748271431564103 0 0.000000000000000000 0.000000000878399996
connection 1 28 -4.022216617375449665 0 0.000000000000000000 0.000000000878399996
connection 1 29 -5.497368679250248746 0 0.000000000000000000 0.000000000878399996
connection 1 30 -6.021967440646086800 0 0.000000000000000000 0.000000000878399996
connection 1 31 -3.663052109293579939 0 0.000000000000000000 0.000000000878399996
connection 1 32 -5.149884928850309684 0 0.000000000000000000 0.000000000878399996
connection 1 33 -0.556700657755995532 0 0.000000000000000000 0.000000000878399996
connection 1 34 2.493196783390247528 0 0.000000000000000000 0.000000000878399996
connection 1 35 -5.386060636419676584 0 0.000000000000000000 0.000000000878399996
connection 1 36 2.991914772462755501 0 0.000000000000000000 0.000000000878399996
connection 1 39 1.972030513876621871 0 0.000000000000000000 0.000000000878399996
connection 1 40 -1.119235893582706698 0 0.000000000000000000 0.000000000878399996
connection 1 41 4.892190486689460549 0 0.000000000000000000 0.000000000878399996
connection 2 44 -6.574366976201522661 0 0.000000000000000000 0.000000000878399996
connection 2 45 -0.336241105752288272 0 0.000000000000000000 0.000000000878399996
connection 2 46 -5.207099128190239234 0 0.000000000000000000 0.000000000878399996
connection 2 47 -6.225578868458113924 0 0.000000000000000000 0.000000000878399996
connection 2 48 -5.885404302260114129 0 0.000000000000000000 0.000000000878399996
connection 2 49 -4.213161186505701039 0 0.000000000000000000 0.000000000878399996
connection 2 50 -5.633647327236579905 0 0.000000000000000000 0.000000000878399996
connection 2 51 -1.186083947990414833 0 0.000000000000000000 0.000000000878399996
connection 2 52 1.924171883547797668 0 0.000000000000000000 0.000000000878399996
connection 2 23 3.277961231746943760 0 0.000000000000000000 0.000000000878399996
connection 2 24 5.729185311952091020 0 0.000000000000000000 0.000000000878399996
connection 2 42 0.411592317893351711 0 0.000000000000000000 0.000000000878399996
connection 2 26 6.575821484606294121 0 0.000000000000000000 0.000000000878399996
connection 2 43 1.152427553150475736 0 0.000000000000000000 0.000000000878399996
connection 2 28 -4.280212238388827473 0 0.000000000000000000 0.000000000878399996
connection 2 29 -5.602786923461333224 0 0.000000000000000000 0.000000000878399996
connection 2 30 -6.070988909740032469 0 0.000000000000000000 0.000000000878399996
connection 2 31 -3.314150746999612540 0 0.000000000000000000 0.000000000878399996
connection 2 32 -4.963361604099978841 0 0.000000000000000000 0.000000000878399996
connection 2 34 2.948510534821900286 0 0.000000000000000000 0.000000000878399996
connection 2 35 -5.256609381441078810 0 0.000000000000000000 0.000000000878399996
connection 2 36 3.424133903666397583 0 0.000000000000000000 0.000000000878399996
connection 2 37 0.508178996857239995 0 0.000000000000000000 0.000000000878399996
connection 2 39 2.447429759272151895 0 0.000000000000000000 0.000000000878399996
connection 2 40 -0.625869480791211963 0 0.000000000000000000 0.000000000878399996
connection 2 41 5.185315377254371860 0 0.000000000000000000 0.000000000878399996
connection 3 44 -6.599622835557511280 0 0.000000000000000000 0.000000000878399996
connection 3 45 -0.836161432114358449 0 0.000000000000000000 0.000000000878399996
connection 3 46 -5.390237612501470821 0 0.000000000000000000 0.000000000878399996
connection 3 47 -6.291281027702396500 0 0.000000000000000000 0.000000000878399996
connection 3 48 -5.761366039180016330 0 0.000000000000000000 0.000000000878399996
connection 3 49 -3.879173937288841412 0 0.000000000000000000 0.000000000878399996
connection 3 50 -5.457895271747216448 0 0.000000000000000000 0.000000000878399996
connection 3 51 -0.687357054921292510 0 0.000000000000000000 0.000000000878399996
connection 3 52 2.399161983964626987 0 0.000000000000000000 0.000000000878399996
connection 3 23 2.839362839654492987 0 0.000000000000000000 0.000000000878399996
connection 3 24 5.484790635086315369 0 0.000000000000000000 0.000000000878399996
connection 3 53 6.825528441565420046 0 0.000000000000000000 0.000000000878399996
connection 3 54 7.414358433465040754 0 0.000000000000000000 0.000000000878399996
connection 3 55 5.854649371862659102 0 0.000000000000000000 0.000000000878399996
connection 3 56 3.471970637300493934 0 0.000000000000000000 0.000000000878399996
connection 3 43 0.654384192233928408 0 0.000000000000000000 0.000000000878399996
connection 3 28 -4.512995764438249680 0 0.000000000000000000 0.000000000878399996
connection 3 29 -5.692268381619645545 0 0.000000000000000000 0.000000000878399996
connection 3 30 -6.107977567608099179 0 0.000000000000000000 0.000000000878399996
connection 3 31 -2.937694773106223955 0 0.000000000000000000 0.000000000878399996
connection 3 32 -4.754324990862439648 0 0.000000000000000000 0.000000000878399996
connection 3 33 0.444379669591298099 0 0.000000000000000000 0.000000000878399996
connection 3 34 3.381377586993303375 0 0.000000000000000000 0.000000000878399996
connection 3 35 -5.108256252106488482 0 0.000000000000000000 0.000000000878399996
connection 3 36 3.832045645775677745 0 0.000000000000000000 0.000000000878399996
connection 3 37 1.006636267419154684 0 0.000000000000000000 0.000000000878399996
connection 4 44 -6.616047008200601987 0 0.000000000000000000 0.000000000878399996
connection 4 45 -1.323740883951477931 0 0.000000000000000000 0.000000000878399996
connection 4 46 -5.552809411894831904 0 0.000000000000000000 0.000000000878399996
connection 4 47 -6.345371769236867188 0 0.000000000000000000 0.000000000878399996
connection 4 48 -5.619953151572255834 0 0.000000000000000000 0.000000000878399996
connection 4 49 -3.516934238550016634 0 0.000000000000000000 0.000000000878399996
connection 4 50 -5.260755336155135353 0 0.000000000000000000 0.000000000878399996
connection 4 52 2.853684289719084166 0 0.000000000000000000 0.000000000878399996
connection 4 23 2.379028649351971669 0 0.000000000000000000 0.000000000878399996
connection 4 24 5.215299764891803136 0 0.000000000000000000 0.000000000878399996
connection 4 42 -0.588671445510913438 0 0.000000000000000000 0.000000000878399996
connection 4 53 6.703747875559876945 0 0.000000000000000000 0.000000000878399996
connection 4 54 7.362943580008188604 0 0.000000000000000000 0.000000000878399996
connection 4 55 5.618411121652369999 0 0.000000000000000000 0.000000000878399996
connection 4 56 3.042411439647727089 0 0.000000000000000000 0.000000000878399996
connection 4 28 -4.721746470222126568 0 0.000000000000000000 0.000000000878399996
connection 4 29 -5.766781588215235566 0 0.000000000000000000 0.000000000878399996
connection 4 30 -6.133389250447923047 0 0.000000000000000000 0.000000000878399996
connection 4 31 -2.534508682950677994 0 0.000000000000000000 0.000000000878399996
connection 4 32 -4.521379910999781870 0 0.000000000000000000 0.000000000878399996
connection 4 33 0.948973866215723327 0 0.000000000000000000 0.000000000878399996
connection 4 34 3.789375943253686874 0 0.000000000000000000 0.000000000878399996
connection 4 57 -5.510242826996920584 0 0.000000000000000000 0.000000000878399996
connection 4 58 -5.775439279975558726 0 0.000000000000000000 0.000000000878399996
connection 4 59 -4.100550216671527970 0 0.000000000000000000 0.000000000878399996
connection 4 60 -2.005958150704665321 0 0.000000000000000000 0.000000000878399996
connection 4 36 4.213867119762721103 0 0.000000000000000000 0.000000000878399996
connection 4 37 1.501867339749190178 0 0.000000000000000000 0.000000000878399996
connection 5 44 -6.623864535991989655 0 0.000000000000000000 0.000000000878399996
connection 5 61 -4.575196731486406598 0 0.000000000000000000 0.000000000878399996
connection 5 45 -1.794618155776720680 0 0.000000000000000000 0.000000000878399996
connection 5 46 -5.696309715303303989 0 0.000000000000000000 0.000000000878399996
connection 5 47 -6.388546619156964645 0 0.000000000000000000 0.000000000878399996
connection 5 62 -5.993829811841844268 0 0.000000000000000000 0.000000000878399996
connection 5 63 -6.306103825372346705 0 0.000000000000000000 0.000000000878399996
connection 5 64 -4.668810324286764235 0 0.000000000000000000 0.000000000878399996
connection 5 65 -2.628593183879689210 0 0.000000000000000000 0.000000000878399996
connection 5 49 -3.126815890272804044 0 0.000000000000000000 0.000000000878399996
connection 5 50 -5.040647074850529208 0 0.000000000000000000 0.000000000878399996
connection 5 51 0.333724461100534109 0 0.000000000000000000 0.000000000878399996
connection 5 52 3.284823498599922953 0 0.000000000000000000 0.000000000878399996
connection 5 23 1.900345263674584784 0 0.000000000000000000 0.000000000878399996
connection 5 24 4.919508258964222058 0 0.000000000000000000 0.000000000878399996
connection 5 42 -1.074218728017346525 0 0.000000000000000000 0.000000000878399996
connection 5 25 -4.058382592423608770 0 0.000000000000000000 0.000000000878399996
connection 5 53 6.567195103375862431 0 0.000000000000000000 0.000000000878399996
connection 5 54 7.305236843744643771 0 0.000000000000000000 0.000000000878399996
connection 5 55 5.357482092269819418 0 0.000000000000000000 0.000000000878399996
connection 5 56 2.590778137096859446 0 0.000000000000000000 0.000000000878399996
connection 5 27 -3.491124920410590082 0 0.000000000000000000 0.000000000878399996
connection 5 43 -0.335369698203597910 0 0.000000000000000000 0.000000000878399996
connection 5 28 -4.907754260010336544 0 0.000000000000000000 0.000000000878399996
connection 5 29 -5.827159178295159947 0 0.000000000000000000 0.000000000878399996
connection 5 30 -6.147539983679036979 0 0.000000000000000000 0.000000000878399996
connection 5 31 -2.106122429838439558 0 0.000000000000000000 0.000000000878399996
connection 5 32 -4.263238057582865892 0 0.000000000000000000 0.000000000878399996
connection 5 33 1.449329966095156630 0 0.000000000000000000 0.000000000878399996
connection 5 34 4.170870750854208886 0 0.000000000000000000 0.000000000878399996
connection 5 57 -5.389795847765300962 0 0.000000000000000000 0.000000000878399996
connection 5 58 -5.751433685723081446 0 0.000000000000000000 0.000000000878399996
connection 5 59 -3.824124794527802074 0 0.000000000000000000 0.000000000878399996
connection 5 60 -1.563299590559567465 0 0.000000000000000000 0.000000000878399996
connection 5 36 4.568569547486596605 0 0.000000000000000000 0.000000000878399996
connection 5 37 1.988844282397456809 0 0.000000000000000000 0.000000000878399996
connection 6 44 -6.623182788905818796 0 0.000000000000000000 0.000000000878399996
connection 6 61 -4.832668868972565868 0 0.000000000000000000 0.000000000878399996
connection 6 45 -2.245079643138792491 0 0.000000000000000000 0.000000000878399996
connection 6 46 -5.822169151963554334 0 0.000000000000000000 0.000000000878399996
connection 6 47 -6.421368122756475394 0 0.000000000000000000 0.000000000878399996
connection 6 62 -5.878456043986306945 0 0.000000000000000000 0.000000000878399996
connection 6 63 -6.273191925560261062 0 0.000000000000000000 0.000000000878399996
connection 6 64 -4.404070163982743757 0 0.000000000000000000 0.000000000878399996
connection 6 65 -2.192781763495908365 0 0.000000000000000000 0.000000000878399996
connection 6 49 -2.709878503748802903 0 0.000000000000000000 0.000000000878399996
connection 6 50 -4.796057250431968733 0 0.000000000000000000 0.000000000878399996
connection 6 51 0.845654390995964178 0 0.000000000000000000 0.000000000878399996
connection 6 52 3.690454519615397277 0 0.000000000000000000 0.000000000878399996
connection 6 24 4.596565560371365322 0 0.000000000000000000 0.000000000878399996
connection 6 42 -1.544018403813265161 0 0.000000000000000000 0.000000000878399996
connection 6 25 -4.345510331329687226 0 0.000000000000000000 0.000000000878399996
connection 6 53 6.414273737486759330 0 0.000000000000000000 0.000000000878399996
connection 6 54 7.240423521407638674 0 0.000000000000000000 0.000000000878399996
connection 6 55 5.070617177366698591 0 0.000000000000000000 0.000000000878399996
connection 6 56 2.120315789325875944 0 0.000000000000000000 0.000000000878399996
connection 6 27 -3.807476976783612521 0 0.000000000000000000 0.000000000878399996
connection 6 43 -0.817132818102846215 0 0.000000000000000000 0.000000000878399996
connection 6 28 -5.072352723403188435 0 0.000000000000000000 0.000000000878399996
connection 6 29 -5.874092621508356871 0 0.000000000000000000 0.000000000878399996
connection 6 30 -6.150606734894823902 0 0.000000000000000000 0.000000000878399996
connection 6 31 -1.654821654620268534 0 0.000000000000000000 0.000000000878399996
connection 6 32 -3.978798819046722723 0 0.000000000000000000 0.000000000878399996
connection 6 33 1.940399835581781751 0 0.000000000000000000 0.000000000878399996
connection 6 34 4.524974898450619953 0 0.000000000000000000 0.000000000878399996
connection 6 57 -5.251251225113428234 0 0.000000000000000000 0.000000000878399996
connection 6 58 -5.714141517845057194 0 0.000000000000000000 0.000000000878399996
connection 6 59 -3.520963106436713730 0 0.000000000000000000 0.000000000878399996
connection 6 60 -1.100482453157448637 0 0.000000000000000000 0.000000000878399996
connection 6 36 4.895812116281513582 0 0.000000000000000000 0.000000000878399996
connection 6 37 2.462867523161678562 0 0.000000000000000000 0.000000000878399996
connection 7 44 -6.613992397041872806 0 0.000000000000000000 0.000000000878399996
connection 7 61 -5.064960195153408229 0 0.000000000000000000 0.000000000878399996
connection 7 45 -2.672149822634230620 0 0.000000000000000000 0.000000000878399996
connection 7 46 -5.931725186619144274 0 0.000000000000000000 0.000000000878399996
connection 7 47 -6.444268081002919146 0 0.000000000000000000 0.000000000878399996
connection 7 62 -5.746556395796512895 0 0.000000000000000000 0.000000000878399996
connection 7 63 -6.229347038523488145 0 0.000000000000000000 0.000000000878399996
connection 7 64 -4.112674665081121006 0 0.000000000000000000 0.000000000878399996
connection 7 65 -1.734265127849346166 0 0.000000000000000000 0.000000000878399996
connection 7 49 -2.267938292295676117 0 0.000000000000000000 0.000000000878399996
connection 7 50 -4.525615826344480119 0 0.000000000000000000 0.000000000878399996
connection 7 51 1.351485368165198819 0 0.000000000000000000 0.000000000878399996
connection 7 52 4.069226489887936893 0 0.000000000000000000 0.000000000878399996
connection 7 24 4.246084357577851520 0 0.000000000000000000 0.000000000878399996
connection 7 42 -1.994287694087724105 0 0.000000000000000000 0.000000000878399996
connection 7 25 -4.606193471572719744 0 0.000000000000000000 0.000000000878399996
connection 7 53 6.243314017586774511 0 0.000000000000000000 0.000000000878399996
connection 7 54 7.167590667197879739 0 0.000000000000000000 0.000000000878399996
connection 7 55 4.756909123509778681 0 0.000000000000000000 0.000000000878399996
connection 7 27 -4.096710908202763513 0 0.000000000000000000 0.000000000878399996
connection 7 43 -1.284123652429337570 0 0.000000000000000000 0.000000000878399996
connection 7 28 -5.216864925517498364 0 0.000000000000000000 0.000000000878399996
connection 7 29 -5.908129459587123655 0 0.000000000000000000 0.000000000878399996
connection 7 30 -6.142627948254478554 0 0.000000000000000000 0.000000000878399996
connection 7 31 -1.183656714314276659 0 0.000000000000000000 0.000000000878399996
connection 7 32 -3.667242164029902884 0 0.000000000000000000 0.000000000878399996
connection 7 33 2.417515321051200150 0 0.000000000000000000 0.000000000878399996
connection 7 34 4.851474694960868916 0 0.000000000000000000 0.000000000878399996
connection 7 57 -5.093317508988312703 0 0.000000000000000000 0.000000000878399996
connection 7 58 -5.663137429829187219 0 0.000000000000000000 0.000000000878399996
connection 7 59 -3.190615323211295262 0 0.000000000000000000 0.000000000878399996
connection 7 60 -0.621097190269008781 0 0.000000000000000000 0.000000000878399996
connection 7 36 5.195850088415427948 0 0.000000000000000000 0.000000000878399996
connection 7 37 2.919748447414922676 0 0.000000000000000000 0.000000000878399996
connection 8 44 -6.596167168248958212 0 0.000000000000000000 0.000000000878399996
connection 8 66 -5.734861123387148929 0 0.000000000000000000 0.000000000878399996
connection 8 62 -5.596725565769101074 0 0.000000000000000000 0.000000000878399996
connection 8 63 -6.174011402626127243 0 0.000000000000000000 0.000000000878399996
connection 8 64 -3.793803462232707702 0 0.000000000000000000 0.000000000878399996
connection 8 65 -1.256265856309182638 0 0.000000000000000000 0.000000000878399996
connection 8 49 -1.803602045144254040 0 0.000000000000000000 0.000000000878399996
connection 8 50 -4.228185977746770519 0 0.000000000000000000 0.000000000878399996
connection 8 51 1.846230397770644238 0 0.000000000000000000 0.000000000878399996
connection 8 52 4.420506136958608501 0 0.000000000000000000 0.000000000878399996
connection 8 23 0.397742366773036315 0 0.000000000000000000 0.000000000878399996
connection 8 24 3.868248828748643842 0 0.000000000000000000 0.000000000878399996
connection 8 42 -2.421956772142665582 0 0.000000000000000000 0.000000000878399996
connection 8 25 -4.841557035620821736 0 0.000000000000000000 0.000000000878399996
connection 8 53 6.052604978959458926 0 0.000000000000000000 0.000000000878399996
connection 8 54 7.085719958875674962 0 0.000000000000000000 0.000000000878399996
connection 8 55 4.415896562662482872 0 0.000000000000000000 0.000000000878399996
connection 8 56 1.139280821227257157 0 0.000000000000000000 0.000000000878399996
connection 8 27 -4.359531707601138173 0 0.000000000000000000 0.000000000878399996
connection 8 43 -1.732512977250889818 0 0.000000000000000000 0.000000000878399996
connection 8 28 -5.342561049426843844 0 0.000000000000000000 0.000000000878399996
connection 8 29 -5.929672113072610884 0 0.000000000000000000 0.000000000878399996
connection 8 30 -6.123503671182497499 0 0.000000000000000000 0.000000000878399996
connection 8 31 -0.696401868666156276 0 0.000000000000000000 0.000000000878399996
connection 8 32 -3.328130362852962154 0 0.000000000000000000 0.000000000878399996
connection 8 33 2.876565023371469465 0 0.000000000000000000 0.000000000878399996
connection 8 34 5.150732713726177359 0 0.000000000000000000 0.000000000878399996
connection 8 57 -4.914636334627942915 0 0.000000000000000000 0.000000000878399996
connection 8 58 -5.597848691296812618 0 0.000000000000000000 0.000000000878399996
connection 8 59 -2.833083518673911616 0 0.000000000000000000 0.000000000878399996
connection 8 37 3.355949778984694376 0 0.000000000000000000 0.000000000878399996
connection 9 44 -6.569462998116700092 0 0.000000000000000000 0.000000000878399996
connection 9 66 -5.862220790215765476 0 0.000000000000000000 0.000000000878399996
connection 9 62 -5.427472724635578949 0 0.000000000000000000 0.000000000878399996
connection 9 63 -6.106491074497535365 0 0.000000000000000000 0.000000000878399996
connection 9 64 -3.447049795394153904 0 0.000000000000000000 0.000000000878399996
connection 9 65 -0.762727436493101929 0 0.000000000000000000 0.000000000878399996
connection 9 49 -1.320253752429364935 0 0.000000000000000000 0.000000000878399996
connection 9 50 -3.902965849357855177 0 0.000000000000000000 0.000000000878399996
connection 9 51 2.325372421519524835 0 0.000000000000000000 0.000000000878399996
connection 9 52 4.744292138953004390 0 0.000000000000000000 0.000000000878399996
connection 9 24 3.463911907823177927 0 0.000000000000000000 0.000000000878399996
connection 9 25 -5.052921917846980193 0 0.000000000000000000 0.000000000878399996
connection 9 53 5.840439133684263595 0 0.000000000000000000 0.000000000878399996
connection 9 54 6.993681938953200117 0 0.000000000000000000 0.000000000878399996
connection 9 55 4.047671705198622405 0 0.000000000000000000 0.000000000878399996
connection 9 56 0.638189619494827332 0 0.000000000000000000 0.000000000878399996
connection 9 27 -4.596942824201613931 0 0.000000000000000000 0.000000000878399996
connection 9 28 -5.450626457802587588 0 0.000000000000000000 0.000000000878399996
connection 9 29 -5.938977547095156240 0 0.000000000000000000 0.000000000878399996
connection 9 30 -6.092995232818368301 0 0.000000000000000000 0.000000000878399996
connection 9 32 -2.961513075149770469 0 0.000000000000000000 0.000000000878399996
connection 9 33 3.314124801798099096 0 0.000000000000000000 0.000000000878399996
connection 9 57 -4.713820508779314800 0 0.000000000000000000 0.000000000878399996
connection 9 58 -5.517557765109661894 0 0.000000000000000000 0.000000000878399996
connection 9 59 -2.448920520674356727 0 0.000000000000000000 0.000000000878399996
connection 9 60 0.369954674468413458 0 0.000000000000000000 0.000000000878399996
connection 9 37 3.768674853123575641 0 0.000000000000000000 0.000000000878399996
connection 10 44 -6.533515864688563823 0 0.000000000000000000 0.000000000878399996
connection 10 66 -5.973291483543834879 0 0.000000000000000000 0.000000000878399996
connection 10 62 -5.237253302381732922 0 0.000000000000000000 0.000000000878399996
connection 10 63 -6.025955200717375781 0 0.000000000000000000 0.000000000878399996
connection 10 64 -3.072528283069176247 0 0.000000000000000000 0.000000000878399996
connection 10 65 -0.258205146983731815 0 0.000000000000000000 0.000000000878399996
connection 10 49 -0.821987091264305025 0 0.000000000000000000 0.000000000878399996
connection 10 50 -3.549597578612683879 0 0.000000000000000000 0.000000000878399996
connection 10 51 2.785022864276018417 0 0.000000000000000000 0.000000000878399996
connection 10 52 5.041112484149535611 0 0.000000000000000000 0.000000000878399996
connection 10 23 -0.609172051219465271 0 0.000000000000000000 0.000000000878399996
connection 10 24 3.034669999210769742 0 0.000000000000000000 0.000000000878399996
connection 10 25 -5.241722124178187947 0 0.000000000000000000 0.000000000878399996
connection 10 53 5.605171180361394612 0 0.000000000000000000 0.000000000878399996
connection 10 54 6.890232491978936835 0 0.000000000000000000 0.000000000878399996
connection 10 55 3.652978142064602807 0 0.000000000000000000 0.000000000878399996
connection 10 67 -5.268487423323638730 0 0.000000000000000000 0.000000000878399996
connection 10 30 -6.050724580058354896 0 0.000000000000000000 0.000000000878399996
connection 10 31 0.308281300622900045 0 0.000000000000000000 0.000000000878399996
connection 10 32 -2.568027949329185766 0 0.000000000000000000 0.000000000878399996
connection 10 33 3.727534799184045067 0 0.000000000000000000 0.000000000878399996
connection 10 57 -4.489503712814834735 0 0.000000000000000000 0.000000000878399996
connection 10 58 -5.421406976464495209 0 0.000000000000000000 0.000000000878399996
connection 10 59 -2.039317035435042946 0 0.000000000000000000 0.000000000878399996
connection 10 60 0.871818954683251102 0 0.000000000000000000 0.000000000878399996
connection 11 44 -6.487839093541801105 0 0.000000000000000000 0.000000000878399996
connection 11 66 -6.069324225691230978 0 0.000000000000000000 0.000000000878399996
connection 11 62 -5.024512390195765121 0 0.000000000000000000 0.000000000878399996
connection 11 63 -5.931436852991796016 0 0.000000000000000000 0.000000000878399996
connection 11 64 -2.670976000896137847 0 0.000000000000000000 0.000000000878399996
connection 11 65 0.252294211334771645 0 0.000000000000000000 0.000000000878399996
connection 11 49 -0.313482658783853341 0 0.000000000000000000 0.000000000878399996
connection 11 50 -3.168276599636824287 0 0.000000000000000000 0.000000000878399996
connection 11 51 3.222028478088404313 0 0.000000000000000000 0.000000000878399996
connection 11 23 -1.098822368460303123 0 0.000000000000000000 0.000000000878399996
connection 11 24 2.582903119953562143 0 0.000000000000000000 0.000000000878399996
connection 11 42 -3.549901979580065703 0 0.000000000000000000 0.000000000878399996
connection 11 25 -5.409435675055004111 0 0.000000000000000000 0.000000000878399996
connection 11 53 5.345291512345776930 0 0.000000000000000000 0.000000000878399996
connection 11 54 6.774012657238853485 0 0.000000000000000000 0.000000000878399996
connection 11 55 3.233287466487096307 0 0.000000000000000000 0.000000000878399996
connection 11 56 -0.359539489017523139 0 0.000000000000000000 0.000000000878399996
connection 11 67 -5.396369036092798055 0 0.000000000000000000 0.000000000878399996
connection 11 30 -5.996173529046926909 0 0.000000000000000000 0.000000000878399996
connection 11 31 0.815644637359169034 0 0.000000000000000000 0.000000000878399996
connection 11 32 -2.148986746519847557 0 0.000000000000000000 0.000000000878399996
connection 11 33 4.114922608845338559 0 0.000000000000000000 0.000000000878399996
connection 11 57 -4.240403007027786941 0 0.000000000000000000 0.000000000878399996
connection 11 58 -5.308406298979699400 0 0.000000000000000000 0.000000000878399996
connection 11 59 -1.606166368467074390 0 0.000000000000000000 0.000000000878399996
connection 11 60 1.371030865474371918 0 0.000000000000000000 0.000000000878399996
connection 12 44 -6.431820186827387431 0 0.000000000000000000 0.000000000878399996
connection 12 66 -6.151445451995487090 0 0.000000000000000000 0.000000000878399996
connection 12 62 -4.787741370559930765 0 0.000000000000000000 0.000000000878399996
connection 12 63 -5.821836446719798275 0 0.000000000000000000 0.000000000878399996
connection 12 64 -2.243836123768130353 0 0.000000000000000000 0.000000000878399996
connection 12 65 0.763512889181455323 0 0.000000000000000000 0.000000000878399996
connection 12 49 0.200164289147673785 0 0.000000000000000000 0.000000000878399996
connection 12 50 -2.759851782909402029 0 0.000000000000000000 0.000000000878399996
connection 12 51 3.634022889965785819 0 0.000000000000000000 0.000000000878399996
connection 12 23 -1.573116793117927736 0 0.000000000000000000 0.000000000878399996
connection 12 24 2.111769796434784574 0 0.000000000000000000 0.000000000878399996
connection 12 42 -3.871223354576210252 0 0.000000000000000000 0.000000000878399996
connection 12 25 -5.557529192428382281 0 0.000000000000000000 0.000000000878399996
connection 12 53 5.059514083863080991 0 0.000000000000000000 0.000000000878399996
connection 12 54 6.643553133782193143 0 0.000000000000000000 0.000000000878399996
connection 12 55 2.790842889408716498 0 0.000000000000000000 0.000000000878399996
connection 12 56 -0.846081380038969710 0 0.000000000000000000 0.000000000878399996
connection 12 67 -5.506676372828938959 0 0.000000000000000000 0.000000000878399996
connection 12 30 -5.928683354854620724 0 0.000000000000000000 0.000000000878399996
connection 12 31 1.319374757234361928 0 0.000000000000000000 0.000000000878399996
connection 12 32 -1.706435639877035726 0 0.000000000000000000 0.000000000878399996
connection 12 33 4.475178120525793446 0 0.000000000000000000 0.000000000878399996
connection 12 57 -3.965394527174201045 0 0.000000000000000000 0.000000000878399996
connection 12 58 -5.177445518329591323 0 0.000000000000000000 0.000000000878399996
connection 12 59 -1.152095679178787302 0 0.000000000000000000 0.000000000878399996
connection 12 60 1.862499599111637982 0 0.000000000000000000 0.000000000878399996
connection 13 44 -6.364717638972378744 0 0.000000000000000000 0.000000000878399996
connection 13 66 -6.220649696844573029 0 0.000000000000000000 0.000000000878399996
connection 13 62 -4.525548763872802027 0 0.000000000000000000 0.000000000878399996
connection 13 63 -5.695929003727230544 0 0.000000000000000000 0.000000000878399996
connection 13 64 -1.793312274773317005 0 0.000000000000000000 0.000000000878399996
connection 13 65 1.270166275325446126 0 0.000000000000000000 0.000000000878399996
connection 13 49 0.713652961020752707 0 0.000000000000000000 0.000000000878399996
connection 13 50 -2.325905041245157623 0 0.000000000000000000 0.000000000878399996
connection 13 51 4.019425839690357272 0 0.000000000000000000 0.000000000878399996
connection 13 23 -2.028161749231196520 0 0.000000000000000000 0.000000000878399996
connection 13 42 -4.165222540480054469 0 0.000000000000000000 0.000000000878399996
connection 13 25 -5.687415190142188770 0 0.000000000000000000 0.000000000878399996
connection 13 53 4.746876475695612108 0 0.000000000000000000 0.000000000878399996
connection 13 54 6.497285090141442510 0 0.000000000000000000 0.000000000878399996
connection 13 56 -1.318243132702779485 0 0.000000000000000000 0.000000000878399996
connection 13 67 -5.600521211669081900 0 0.000000000000000000 0.000000000878399996
connection 13 30 -5.847455325640394719 0 0.000000000000000000 0.000000000878399996
connection 13 31 1.814366870021820510 0 0.000000000000000000 0.000000000878399996
connection 13 32 -1.243178320537739356 0 0.000000000000000000 0.000000000878399996
connection 13 33 4.807889741527177740 0 0.000000000000000000 0.000000000878399996
connection 13 57 -3.663601535707550205 0 0.000000000000000000 0.000000000878399996
connection 13 58 -5.027312252838673778 0 0.000000000000000000 0.000000000878399996
connection 13 59 -0.680453959044688972 0 0.000000000000000000 0.000000000878399996
connection 13 60 2.341446710343337401 0 0.000000000000000000 0.000000000878399996
connection 22 22 6.959346451756511343 0 0.000000000000000000 0.000000000878399996
connection 22 69 5.663025701946965640 0 0.000000000000000000 0.000000000878399996
connection 22 35 6.444973827938413891 0 0.000000000000000000 0.000000000878399996
connection 22 71 2.089549411194000061 0 0.000000000000000000 0.000000000878399996
connection 22 72 3.383763663493227547 0 0.000000000000000000 0.000000000878399996
connection 22 73 0.515609143926453184 0 0.000000000000000000 0.000000000878399996
connection 22 74 -1.019044613913024477 0 0.000000000000000000 0.000000000878399996
connection 22 80 -0.924185378926829948 0 0.000000000000000000 0.000000000878399996
connection 22 81 0.604330590655506317 0 0.000000000000000000 0.000000000878399996
connection 22 82 -2.437590323794205371 0 0.000000000000000000 0.000000000878399996
connection 22 83 -4.004144225675515756 0 0.000000000000000000 0.000000000878399996
connection 23 61 2.827450190715387723 0 0.000000000000000000 0.000000000878399996
connection 23 45 3.848652152100749291 0 0.000000000000000000 0.000000000878399996
connection 23 46 1.429592481285149486 0 0.000000000000000000 0.000000000878399996
connection 23 48 -3.687842335547755646 0 0.000000000000000000 0.000000000878399996
connection 23 87 4.175374124010748034 0 0.000000000000000000 0.000000000878399996
connection 23 26 5.272092481916311968 0 0.000000000000000000 0.000000000878399996
connection 23 27 2.520725260461743389 0 0.000000000000000000 0.000000000878399996
connection 23 43 3.494285260175872487 0 0.000000000000000000 0.000000000878399996
connection 23 28 1.152964251603916690 0 0.000000000000000000 0.000000000878399996
connection 23 29 -0.233871148337357032 0 0.000000000000000000 0.000000000878399996
connection 23 88 1.297708593642589392 0 0.000000000000000000 0.000000000878399996
connection 23 89 -1.702448600684603575 0 0.000000000000000000 0.000000000878399996
connection 23 90 -3.098720182790157818 0 0.000000000000000000 0.000000000878399996
connection 61 22 6.015835303879905283 0 0.000000000000000000 0.000000000878399996
connection 61 69 3.350248761569437850 0 0.000000000000000000 0.000000000878399996
connection 61 35 5.109012141236950910 0 0.000000000000000000 0.000000000878399996
connection 61 36 1.212560545421654368 0 0.000000000000000000 0.000000000878399996
connection 61 37 2.575232119838778644 0 0.000000000000000000 0.000000000878399996
connection 61 38 -0.392164302256825692 0 0.000000000000000000 0.000000000878399996
connection 61 91 -1.897621864128632652 0 0.000000000000000000 0.000000000878399996
connection 61 71 -1.810012243749977268 0 0.000000000000000000 0.000000000878399996
connection 61 72 -0.301775272402152406 0 0.000000000000000000 0.000000000878399996
connection 61 73 -3.247256474459581987 0 0.000000000000000000 0.000000000878399996
connection 61 39 1.403197873232933102 0 0.000000000000000000 0.000000000878399996
connection 61 40 2.796008004371475231 0 0.000000000000000000 0.000000000878399996
connection 61 41 -0.212888485806120048 0 0.000000000000000000 0.000000000878399996
connection 61 92 -1.717240319775530377 0 0.000000000000000000 0.000000000878399996
connection 24 61 -2.242663350985075077 0 0.000000000000000000 0.000000000878399996
connection 24 45 -0.791449743659574434 0 0.000000000000000000 0.000000000878399996
connection 24 46 -3.646861295518376789 0 0.000000000000000000 0.000000000878399996
connection 24 47 -4.746398803975165670 0 0.000000000000000000 0.000000000878399996
connection 24 23 0.626217044977607551 0 0.000000000000000000 0.000000000878399996
connection 24 24 1.879527780697508144 0 0.000000000000000000 0.000000000878399996
connection 24 42 -0.905041226596454806 0 0.000000000000000000 0.000000000878399996
connection 24 25 -2.328232414215058999 0 0.000000000000000000 0.000000000878399996
connection 24 26 2.318782895110051090 0 0.000000000000000000 0.000000000878399996
connection 24 27 -2.417613899739833094 0 0.000000000000000000 0.000000000878399996
connection 24 43 -1.027983223720818629 0 0.000000000000000000 0.000000000878399996
connection 24 28 -3.786824506079522035 0 0.000000000000000000 0.000000000878399996
connection 24 29 -4.870920354535700270 0 0.000000000000000000 0.000000000878399996
connection 49 95 6.687170826991231110 0 0.000000000000000000 0.000000000878399996
connection 25 66 2.834430008292367464 0 0.000000000000000000 0.000000000878399996
connection 25 62 -2.277758540752448990 0 0.000000000000000000 0.000000000878399996
connection 25 63 -0.801065731712736206 0 0.000000000000000000 0.000000000878399996
connection 25 64 -3.672271686883900266 0 0.000000000000000000 0.000000000878399996
connection 25 87 4.607046822778963602 0 0.000000000000000000 0.000000000878399996
connection 25 26 5.523922661347437035 0 0.000000000000000000 0.000000000878399996
connection 25 67 2.522879126434808494 0 0.000000000000000000 0.000000000878399996
connection 25 101 0.681965767954907154 0 0.000000000000000000 0.000000000878399996
connection 25 88 2.021628298592945683 0 0.000000000000000000 0.000000000878399996
connection 25 89 -0.898243679875776690 0 0.000000000000000000 0.000000000878399996
connection 25 90 -2.359173358286617894 0 0.000000000000000000 0.000000000878399996
connection 25 57 -2.440798437399944731 0 0.000000000000000000 0.000000000878399996
connection 25 58 -1.001629562502265758 0 0.000000000000000000 0.000000000878399996
connection 25 59 -3.816685915807770169 0 0.000000000000000000 0.000000000878399996
connection 26 95 -6.602112240243160457 0 0.000000000000000000 0.000000000878399996
connection 65 22 6.669611039139740072 0 0.000000000000000000 0.000000000878399996
connection 65 69 4.953777863702351958 0 0.000000000000000000 0.000000000878399996
connection 65 35 6.027267741603729689 0 0.000000000000000000 0.000000000878399996
connection 65 36 3.378967479960600873 0 0.000000000000000000 0.000000000878399996
connection 65 37 4.365309640012579706 0 0.000000000000000000 0.000000000878399996
connection 65 38 2.020677655136032147 0 0.000000000000000000 0.000000000878399996
connection 65 91 0.573171998704605778 0 0.000000000000000000 0.000000000878399996
connection 65 71 0.665366339971977361 0 0.000000000000000000 0.000000000878399996
connection 65 72 2.126910870039495194 0 0.000000000000000000 0.000000000878399996
connection 65 73 -0.960855217050752941 0 0.000000000000000000 0.000000000878399996
connection 65 74 -2.411890387350827947 0 0.000000000000000000 0.000000000878399996
connection 65 39 3.592869942307748143 0 0.000000000000000000 0.000000000878399996
connection 65 40 4.605266310551371589 0 0.000000000000000000 0.000000000878399996
connection 65 41 2.224699291665976020 0 0.000000000000000000 0.000000000878399996
connection 65 92 0.754540028166132193 0 0.000000000000000000 0.000000000878399996
connection 65 80 -2.311962316846026155 0 0.000000000000000000 0.000000000878399996
connection 65 81 -0.871664682452493511 0 0.000000000000000000 0.000000000878399996
connection 27 87 -3.566801154617905922 0 0.000000000000000000 0.000000000878399996
connection 27 54 1.005230971181551025 0 0.000000000000000000 0.000000000878399996
connection 27 55 -1.662601469497422269 0 0.000000000000000000 0.000000000878399996
connection 27 56 -2.978777515074756188 0 0.000000000000000000 0.000000000878399996
connection 28 95 -6.644713938418311372 0 0.000000000000000000 0.000000000878399996
connection 29 23 -2.153458492608306685 0 0.000000000000000000 0.000000000878399996
connection 29 24 -0.773888084480955030 0 0.000000000000000000 0.000000000878399996
connection 29 42 -3.550375560208966164 0 0.000000000000000000 0.000000000878399996
connection 29 25 -4.677313910414639508 0 0.000000000000000000 0.000000000878399996
connection 29 53 0.524244276647464313 0 0.000000000000000000 0.000000000878399996
connection 29 54 1.639258529111000673 0 0.000000000000000000 0.000000000878399996
connection 29 55 -0.920144017236026124 0 0.000000000000000000 0.000000000878399996
connection 29 56 -2.257186764294470738 0 0.000000000000000000 0.000000000878399996
connection 42 61 -1.456410505304603031 0 0.000000000000000000 0.000000000878399996
connection 42 46 -2.952348086402977412 0 0.000000000000000000 0.000000000878399996
connection 42 47 -4.179671591431797673 0 0.000000000000000000 0.000000000878399996
connection 42 23 1.366393794254316951 0 0.000000000000000000 0.000000000878399996
connection 42 24 2.515545021352745270 0 0.000000000000000000 0.000000000878399996
connection 42 25 -1.552771501120737252 0 0.000000000000000000 0.000000000878399996
connection 42 26 2.891648509764275232 0 0.000000000000000000 0.000000000878399996
connection 42 27 -1.655375286354983322 0 0.000000000000000000 0.000000000878399996
connection 42 43 -0.260099820270807136 0 0.000000000000000000 0.000000000878399996
connection 42 28 -3.109633427197293187 0 0.000000000000000000 0.000000000878399996
connection 42 29 -4.311202673401663077 0 0.000000000000000000 0.000000000878399996
connection 30 61 2.276492802577525953 0 0.000000000000000000 0.000000000878399996
connection 30 45 3.378214074949448698 0 0.000000000000000000 0.000000000878399996
connection 30 46 0.815846740640105095 0 0.000000000000000000 0.000000000878399996
connection 30 47 -0.654801234256719544 0 0.000000000000000000 0.000000000878399996
connection 30 48 -4.172359774751680739 0 0.000000000000000000 0.000000000878399996
connection 30 87 3.741450308964088922 0 0.000000000000000000 0.000000000878399996
connection 30 26 4.964479448870607214 0 0.000000000000000000 0.000000000878399996
connection 30 27 1.967769162659582571 0 0.000000000000000000 0.000000000878399996
connection 30 43 3.013850920484402174 0 0.000000000000000000 0.000000000878399996
connection 30 28 0.544861280300297679 0 0.000000000000000000 0.000000000878399996
connection 30 29 -0.862766707167516467 0 0.000000000000000000 0.000000000878399996
connection 30 101 -0.755274157850736039 0 0.000000000000000000 0.000000000878399996
connection 30 88 0.686434922425942395 0 0.000000000000000000 0.000000000878399996
connection 30 89 -2.303933980402648629 0 0.000000000000000000 0.000000000878399996
connection 30 90 -3.628071629991097335 0 0.000000000000000000 0.000000000878399996
connection 31 66 4.488051117976174176 0 0.000000000000000000 0.000000000878399996
connection 31 63 1.606965539368148344 0 0.000000000000000000 0.000000000878399996
connection 31 64 -1.445958614616799753 0 0.000000000000000000 0.000000000878399996
connection 31 65 -2.869686529299869893 0 0.000000000000000000 0.000000000878399996
connection 31 102 -3.463831610256679738 0 0.000000000000000000 0.000000000878399996
connection 31 87 5.589115614895778350 0 0.000000000000000000 0.000000000878399996
connection 31 26 6.091331705471350944 0 0.000000000000000000 0.000000000878399996
connection 31 67 4.148419937356726983 0 0.000000000000000000 0.000000000878399996
connection 31 101 2.852702751035136153 0 0.000000000000000000 0.000000000878399996
connection 31 88 3.841518345631271814 0 0.000000000000000000 0.000000000878399996
connection 31 89 1.478916375804830041 0 0.000000000000000000 0.000000000878399996
connection 31 69 -3.624407467155708940 0 0.000000000000000000 0.000000000878399996
connection 31 58 1.338310177626394593 0 0.000000000000000000 0.000000000878399996
connection 31 59 -1.625766168296165493 0 0.000000000000000000 0.000000000878399996
connection 31 60 -3.025929310505461878 0 0.000000000000000000 0.000000000878399996
connection 32 61 0.946833107638636484 0 0.000000000000000000 0.000000000878399996
connection 32 45 2.233704116924865257 0 0.000000000000000000 0.000000000878399996
connection 32 46 -0.613517841936124464 0 0.000000000000000000 0.000000000878399996
connection 32 47 -2.080590784558027817 0 0.000000000000000000 0.000000000878399996
connection 32 87 2.698910147294710793 0 0.000000000000000000 0.000000000878399996
connection 32 26 4.272394629537299870 0 0.000000000000000000 0.000000000878399996
connection 32 27 0.665058903777611121 0 0.000000000000000000 0.000000000878399996
connection 32 43 1.882309563842970102 0 0.000000000000000000 0.000000000878399996
connection 32 28 -0.846478210045373047 0 0.000000000000000000 0.000000000878399996
connection 32 29 -2.255640941415804068 0 0.000000000000000000 0.000000000878399996
connection 32 101 -2.166352458460999664 0 0.000000000000000000 0.000000000878399996
connection 32 88 -0.725422112834219646 0 0.000000000000000000 0.000000000878399996
connection 32 89 -3.578847627963955613 0 0.000000000000000000 0.000000000878399996
connection 32 90 -4.696816017393765641 0 0.000000000000000000 0.000000000878399996
connection 55 95 -6.160672596084528330 0 0.000000000000000000 0.000000000878399996
connection 33 61 1.698342381597906181 0 0.000000000000000000 0.000000000878399996
connection 33 45 2.874583856159647066 0 0.000000000000000000 0.000000000878399996
connection 33 47 -1.285454338492922011 0 0.000000000000000000 0.000000000878399996
connection 33 87 3.274383683725688332 0 0.000000000000000000 0.000000000878399996
connection 33 26 4.628461337172844026 0 0.000000000000000000 0.000000000878399996
connection 33 27 1.390978332246712190 0 0.000000000000000000 0.000000000878399996
connection 33 43 2.503423268493803810 0 0.000000000000000000 0.000000000878399996
connection 33 29 -1.482842096895428341 0 0.000000000000000000 0.000000000878399996
connection 33 101 -1.381154635235096961 0 0.000000000000000000 0.000000000878399996
connection 33 89 -2.878944979651557823 0 0.000000000000000000 0.000000000878399996
connection 33 90 -4.119824490364360159 0 0.000000000000000000 0.000000000878399996
connection 37 87 -5.056858939473114489 0 0.000000000000000000 0.000000000878399996
connection 37 53 -2.128702459514349332 0 0.000000000000000000 0.000000000878399996
connection 37 54 -0.863260576754753095 0 0.000000000000000000 0.000000000878399996
connection 37 55 -3.483028678828545388 0 0.000000000000000000 0.000000000878399996
connection 37 56 -4.596216208591526353 0 0.000000000000000000 0.000000000878399996
connection 37 103 -6.919044592448829079 0 0.000000000000000000 0.000000000878399996
connection 34 44 3.129134620364393271 0 0.000000000000000000 0.000000000878399996
connection 34 66 4.911341316849488159 0 0.000000000000000000 0.000000000878399996
connection 34 62 0.973538059942215650 0 0.000000000000000000 0.000000000878399996
connection 34 63 2.336535602249663945 0 0.000000000000000000 0.000000000878399996
connection 34 64 -0.626659547994678712 0 0.000000000000000000 0.000000000878399996
connection 34 65 -2.116493265896516096 0 0.000000000000000000 0.000000000878399996
connection 34 49 -2.031993468329422736 0 0.000000000000000000 0.000000000878399996
connection 34 50 -0.534707840699440440 0 0.000000000000000000 0.000000000878399996
connection 34 51 -3.449166994949384168 0 0.000000000000000000 0.000000000878399996
connection 34 31 -2.198993374171581028 0 0.000000000000000000 0.000000000878399996
connection 34 32 -0.722905027946427747 0 0.000000000000000000 0.000000000878399996
connection 34 33 -3.608103231218174667 0 0.000000000000000000 0.000000000878399996
connection 34 57 0.740384058820217184 0 0.000000000000000000 0.000000000878399996
connection 34 58 2.048047234984745835 0 0.000000000000000000 0.000000000878399996
connection 34 59 -0.825057887269063039 0 0.000000000000000000 0.000000000878399996
connection 34 60 -2.281313151436080489 0 0.000000000000000000 0.000000000878399996
connection 40 44 5.789784611302827066 0 0.000000000000000000 0.000000000878399996
connection 40 66 6.491578020889203771 0 0.000000000000000000 0.000000000878399996
connection 40 48 4.128420834003078355 0 0.000000000000000000 0.000000000878399996
connection 40 49 2.454214573539910571 0 0.000000000000000000 0.000000000878399996
connection 40 50 3.677263822886685851 0 0.000000000000000000 0.000000000878399996
connection 40 51 0.920894297444936116 0 0.000000000000000000 0.000000000878399996
connection 40 52 -0.615195513686655593 0 0.000000000000000000 0.000000000878399996
connection 40 31 2.244332053566405971 0 0.000000000000000000 0.000000000878399996
connection 40 32 3.434042411362727254 0 0.000000000000000000 0.000000000878399996
connection 40 33 0.726814834955372913 0 0.000000000000000000 0.000000000878399996
connection 40 34 -0.792090616446672668 0 0.000000000000000000 0.000000000878399996
connection 40 35 3.855265109403096968 0 0.000000000000000000 0.000000000878399996
connection 40 36 -0.881723046009561195 0 0.000000000000000000 0.000000000878399996
connection 40 37 0.619419318377418815 0 0.000000000000000000 0.000000000878399996
connection 40 38 -2.437066649615243552 0 0.000000000000000000 0.000000000878399996
connection 40 91 -3.732587907031071683 0 0.000000000000000000 0.000000000878399996
connection 40 39 -0.703872927609862420 0 0.000000000000000000 0.000000000878399996
connection 40 40 0.826766570502648235 0 0.000000000000000000 0.000000000878399996
connection 40 41 -2.270683455192598732 0 0.000000000000000000 0.000000000878399996
connection 40 92 -3.556079253494332626 0 0.000000000000000000 0.000000000878399996
connection 67 53 -2.272980976817892351 0 0.000000000000000000 0.000000000878399996
connection 67 54 -0.980433607183621492 0 0.000000000000000000 0.000000000878399996
connection 67 55 -3.623949980146030203 0 0.000000000000000000 0.000000000878399996
connection 67 56 -4.723010551898273235 0 0.000000000000000000 0.000000000878399996
connection 67 95 -6.926450432685537173 0 0.000000000000000000 0.000000000878399996
connection 35 87 -4.062757784421219931 0 0.000000000000000000 0.000000000878399996
connection 35 53 -0.803445417964161468 0 0.000000000000000000 0.000000000878399996
connection 35 54 0.423681901155403440 0 0.000000000000000000 0.000000000878399996
connection 35 55 -2.248045217408679353 0 0.000000000000000000 0.000000000878399996
connection 35 56 -3.510753461912705209 0 0.000000000000000000 0.000000000878399996
connection 36 61 -2.651594434922016852 0 0.000000000000000000 0.000000000878399996
connection 36 45 -1.243328722875235437 0 0.000000000000000000 0.000000000878399996
connection 36 46 -3.994134364221546107 0 0.000000000000000000 0.000000000878399996
connection 36 24 1.407566799457396822 0 0.000000000000000000 0.000000000878399996
connection 36 42 -1.358897534764707427 0 0.000000000000000000 0.000000000878399996
connection 36 25 -2.735751199423511970 0 0.000000000000000000 0.000000000878399996
connection 36 26 1.846164834393317689 0 0.000000000000000000 0.000000000878399996
connection 36 67 -3.501665450112847022 0 0.000000000000000000 0.000000000878399996
connection 38 87 -4.520376190861850496 0 0.000000000000000000 0.000000000878399996
connection 38 53 -1.403989827988528116 0 0.000000000000000000 0.000000000878399996
connection 38 55 -2.810559166242800444 0 0.000000000000000000 0.000000000878399996
connection 38 56 -4.007933438788187530 0 0.000000000000000000 0.000000000878399996
connection 39 22 6.822740202134172982 0 0.000000000000000000 0.000000000878399996
connection 39 69 5.355604963514761785 0 0.000000000000000000 0.000000000878399996
connection 39 35 6.247912250049783012 0 0.000000000000000000 0.000000000878399996
connection 39 71 1.481722884451561750 0 0.000000000000000000 0.000000000878399996
connection 39 72 2.851540644905817157 0 0.000000000000000000 0.000000000878399996
connection 39 74 -1.642310136169655932 0 0.000000000000000000 0.000000000878399996
connection 39 80 -1.547216791804656655 0 0.000000000000000000 0.000000000878399996
connection 39 82 -2.993538011660294096 0 0.000000000000000000 0.000000000878399996
connection 39 83 -4.426140585106529635 0 0.000000000000000000 0.000000000878399996
connection 41 44 6.070670627885906612 0 0.000000000000000000 0.000000000878399996
connection 41 66 6.644215514213715146 0 0.000000000000000000 0.000000000878399996
connection 41 48 4.633509444122927867 0 0.000000000000000000 0.000000000878399996
connection 41 49 3.161887408158818413 0 0.000000000000000000 0.000000000878399996
connection 41 50 4.251009527602129801 0 0.000000000000000000 0.000000000878399996
connection 41 51 1.726029990631135824 0 0.000000000000000000 0.000000000878399996
connection 41 52 0.221260343042539526 0 0.000000000000000000 0.000000000878399996
connection 41 31 2.943013245175693182 0 0.000000000000000000 0.000000000878399996
connection 41 32 4.001735465576961914 0 0.000000000000000000 0.000000000878399996
connection 41 33 1.521014934400413354 0 0.000000000000000000 0.000000000878399996
connection 41 35 4.356319750619087827 0 0.000000000000000000 0.000000000878399996
connection 41 37 1.405004986025536251 0 0.000000000000000000 0.000000000878399996
connection 41 38 -1.654772286753337873 0 0.000000000000000000 0.000000000878399996
connection 41 91 -3.056164910840315052 0 0.000000000000000000 0.000000000878399996
connection 41 40 1.627516383512346065 0 0.000000000000000000 0.000000000878399996
connection 41 41 -1.483384096904542426 0 0.000000000000000000 0.000000000878399996
connection 41 92 -2.882975370079934319 0 0.000000000000000000 0.000000000878399996
connection 57 23 -1.388288060210736363 0 0.000000000000000000 0.000000000878399996
connection 57 42 -2.856917271625474708 0 0.000000000000000000 0.000000000878399996
connection 57 25 -4.092101519365612283 0 0.000000000000000000 0.000000000878399996
connection 57 53 1.210280659819447990 0 0.000000000000000000 0.000000000878399996
connection 57 54 2.224602126589438900 0 0.000000000000000000 0.000000000878399996
connection 57 56 -1.509220906090628089 0 0.000000000000000000 0.000000000878399996
connection 57 67 -4.721632766152049854 0 0.000000000000000000 0.000000000878399996
connection 43 95 -6.426182474291651125 0 0.000000000000000000 0.000000000878399996
connection 44 22 7.456713578710782997 0 0.000000000000000000 0.000000000878399996
connection 44 95 5.125513502646405151 0 0.000000000000000000 0.000000000878399996
connection 44 80 3.451631826954126403 0 0.000000000000000000 0.000000000878399996
connection 44 81 4.555546359037386139 0 0.000000000000000000 0.000000000878399996
connection 44 82 2.023044029791670084 0 0.000000000000000000 0.000000000878399996
connection 44 104 0.527817754578069898 0 0.000000000000000000 0.000000000878399996
connection 45 44 4.106085895062633995 0 0.000000000000000000 0.000000000878399996
connection 45 66 5.559394194873471307 0 0.000000000000000000 0.000000000878399996
connection 45 62 2.187610120369168687 0 0.000000000000000000 0.000000000878399996
connection 45 63 3.408107124061801940 0 0.000000000000000000 0.000000000878399996
connection 45 64 0.651607014025630926 0 0.000000000000000000 0.000000000878399996
connection 45 65 -0.876480393744394237 0 0.000000000000000000 0.000000000878399996
connection 45 49 -0.788410856230221224 0 0.000000000000000000 0.000000000878399996
connection 45 50 0.747349970989168999 0 0.000000000000000000 0.000000000878399996
connection 45 51 -2.343660474713780584 0 0.000000000000000000 0.000000000878399996
connection 45 31 -0.964517390808266151 0 0.000000000000000000 0.000000000878399996
connection 45 32 0.549662667329443910 0 0.000000000000000000 0.000000000878399996
connection 45 33 -2.513953793454895003 0 0.000000000000000000 0.000000000878399996
connection 45 34 -3.789390522761198810 0 0.000000000000000000 0.000000000878399996
connection 45 57 1.950089577334651381 0 0.000000000000000000 0.000000000878399996
connection 45 58 3.126926661416046027 0 0.000000000000000000 0.000000000878399996
connection 45 59 0.439925588888787689 0 0.000000000000000000 0.000000000878399996
connection 45 60 -1.054364213956819007 0 0.000000000000000000 0.000000000878399996
connection 46 44 4.622984341212694304 0 0.000000000000000000 0.000000000878399996
connection 46 66 5.851472110248391978 0 0.000000000000000000 0.000000000878399996
connection 46 62 2.899183197498613307 0 0.000000000000000000 0.000000000878399996
connection 46 63 3.988754994503802997 0 0.000000000000000000 0.000000000878399996
connection 46 64 1.455275559911386019 0 0.000000000000000000 0.000000000878399996
connection 46 50 1.556345629868979730 0 0.000000000000000000 0.000000000878399996
connection 46 51 -1.564218196375757097 0 0.000000000000000000 0.000000000878399996
connection 46 52 -2.942148085666684398 0 0.000000000000000000 0.000000000878399996
connection 46 32 1.345832222026470459 0 0.000000000000000000 0.000000000878399996
connection 46 33 -1.736215018087503559 0 0.000000000000000000 0.000000000878399996
connection 46 34 -3.124104423612095616 0 0.000000000000000000 0.000000000878399996
connection 46 57 2.648228352113392692 0 0.000000000000000000 0.000000000878399996
connection 46 58 3.698785589068962487 0 0.000000000000000000 0.000000000878399996
connection 46 59 1.226518506568125666 0 0.000000000000000000 0.000000000878399996
connection 46 60 -0.231780891677175860 0 0.000000000000000000 0.000000000878399996
connection 47 22 6.271823434287973065 0 0.000000000000000000 0.000000000878399996
connection 47 69 3.954315645869192153 0 0.000000000000000000 0.000000000878399996
connection 47 35 5.463985487847752509 0 0.000000000000000000 0.000000000878399996
connection 47 36 1.990507305962471607 0 0.000000000000000000 0.000000000878399996
connection 47 37 3.239528077219439695 0 0.000000000000000000 0.000000000878399996
connection 47 38 0.437474995470647554 0 0.000000000000000000 0.000000000878399996
connection 47 91 -1.090369321248997547 0 0.000000000000000000 0.000000000878399996
connection 47 71 -1.002655427915546626 0 0.000000000000000000 0.000000000878399996
connection 47 72 0.532556969366201227 0 0.000000000000000000 0.000000000878399996
connection 47 73 -2.538577232097660730 0 0.000000000000000000 0.000000000878399996
connection 47 39 2.189366853817733549 0 0.000000000000000000 0.000000000878399996
connection 47 40 3.469182670900842869 0 0.000000000000000000 0.000000000878399996
connection 47 41 0.623530428287175531 0 0.000000000000000000 0.000000000878399996
connection 47 92 -0.912515010423496808 0 0.000000000000000000 0.000000000878399996
connection 48 44 6.296919659939574032 0 0.000000000000000000 0.000000000878399996
connection 48 66 6.793919614930679529 0 0.000000000000000000 0.000000000878399996
connection 48 48 5.013589945057198349 0 0.000000000000000000 0.000000000878399996
connection 48 49 3.676335841623311840 0 0.000000000000000000 0.000000000878399996
connection 48 50 4.672340761954842492 0 0.000000000000000000 0.000000000878399996
connection 48 51 2.323222271580948295 0 0.000000000000000000 0.000000000878399996
connection 48 52 0.861989175814272257 0 0.000000000000000000 0.000000000878399996
connection 48 31 3.462964587912817471 0 0.000000000000000000 0.000000000878399996
connection 48 32 4.433641088168058353 0 0.000000000000000000 0.000000000878399996
connection 48 33 2.119062546263573488 0 0.000000000000000000 0.000000000878399996
connection 48 34 0.680451356234715088 0 0.000000000000000000 0.000000000878399996
connection 48 35 4.750016354570250066 0 0.000000000000000000 0.000000000878399996
connection 48 36 0.583088693758326282 0 0.000000000000000000 0.000000000878399996
connection 48 37 2.002632315442302247 0 0.000000000000000000 0.000000000878399996
connection 48 38 -1.029723338741992844 0 0.000000000000000000 0.000000000878399996
connection 48 91 -2.491707163399448088 0 0.000000000000000000 0.000000000878399996
connection 48 71 -2.405995684324805151 0 0.000000000000000000 0.000000000878399996
connection 48 72 -0.941479308326425124 0 0.000000000000000000 0.000000000878399996
connection 48 73 -3.758312151149056479 0 0.000000000000000000 0.000000000878399996
connection 48 39 0.772835015375700540 0 0.000000000000000000 0.000000000878399996
connection 48 40 2.225429266110445781 0 0.000000000000000000 0.000000000878399996
connection 48 41 -0.853707577250981564 0 0.000000000000000000 0.000000000878399996
connection 48 92 -2.314271537725515415 0 0.000000000000000000 0.000000000878399996
connection 50 22 7.330872179101721287 0 0.000000000000000000 0.000000000878399996
connection 50 95 4.181477640192247769 0 0.000000000000000000 0.000000000878399996
connection 50 80 2.163625758780451491 0 0.000000000000000000 0.000000000878399996
connection 50 81 3.486958810730172331 0 0.000000000000000000 0.000000000878399996
connection 50 82 0.585030291653544587 0 0.000000000000000000 0.000000000878399996
connection 50 104 -0.927918189147949102 0 0.000000000000000000 0.000000000878399996
connection 51 22 7.390026253415487467 0 0.000000000000000000 0.000000000878399996
connection 51 95 4.735919618312592227 0 0.000000000000000000 0.000000000878399996
connection 51 80 2.912568809921023405 0 0.000000000000000000 0.000000000878399996
connection 51 81 4.111148885961018351 0 0.000000000000000000 0.000000000878399996
connection 51 82 1.409054905856502504 0 0.000000000000000000 0.000000000878399996
connection 52 103 6.461826191740115632 0 0.000000000000000000 0.000000000878399996
connection 53 87 -4.776982939667947292 0 0.000000000000000000 0.000000000878399996
connection 53 53 -1.686612680923143648 0 0.000000000000000000 0.000000000878399996
connection 53 54 -0.379609796533576127 0 0.000000000000000000 0.000000000878399996
connection 53 55 -3.101525429139714518 0 0.000000000000000000 0.000000000878399996
connection 53 56 -4.284087634120302468 0 0.000000000000000000 0.000000000878399996
connection 53 95 -6.881416320947860932 0 0.000000000000000000 0.000000000878399996
connection 60 23 -0.613114533718934207 0 0.000000000000000000 0.000000000878399996
connection 60 24 0.712912456086501667 0 0.000000000000000000 0.000000000878399996
connection 60 42 -2.121047628864586532 0 0.000000000000000000 0.000000000878399996
connection 60 25 -3.441972000072330395 0 0.000000000000000000 0.000000000878399996
connection 60 26 1.208773910104595783 0 0.000000000000000000 0.000000000878399996
connection 60 67 -4.142591017790328678 0 0.000000000000000000 0.000000000878399996
connection 54 95 -5.840774805438898376 0 0.000000000000000000 0.000000000878399996
connection 54 80 -4.910775859105789287 0 0.000000000000000000 0.000000000878399996
connection 54 81 -6.167853357908083645 0 0.000000000000000000 0.000000000878399996
connection 54 82 -4.087880352926505090 0 0.000000000000000000 0.000000000878399996
connection 54 104 -1.882815396544666120 0 0.000000000000000000 0.000000000878399996
connection 56 87 -4.204034708192858183 0 0.000000000000000000 0.000000000878399996
connection 56 53 -0.938746496838776201 0 0.000000000000000000 0.000000000878399996
connection 56 54 0.329008689187179237 0 0.000000000000000000 0.000000000878399996
connection 56 55 -2.395254266727081749 0 0.000000000000000000 0.000000000878399996
connection 56 56 -3.658502413786409502 0 0.000000000000000000 0.000000000878399996
connection 56 103 -6.835539941292735122 0 0.000000000000000000 0.000000000878399996
connection 58 95 -6.823284881966390714 0 0.000000000000000000 0.000000000878399996
connection 59 26 -3.496600291542494521 0 0.000000000000000000 0.000000000878399996
connection 59 95 -6.968215750889069859 0 0.000000000000000000 0.000000000878399996
connection 62 22 6.487747088763551773 0 0.000000000000000000 0.000000000878399996
connection 62 69 4.488173677130260941 0 0.000000000000000000 0.000000000878399996
connection 62 35 5.767970107773863653 0 0.000000000000000000 0.000000000878399996
connection 62 36 2.716179241835673608 0 0.000000000000000000 0.000000000878399996
connection 62 37 3.836672261714611398 0 0.000000000000000000 0.000000000878399996
connection 62 38 1.248138886093453914 0 0.000000000000000000 0.000000000878399996
connection 62 91 -0.259449129861848982 0 0.000000000000000000 0.000000000878399996
connection 62 72 1.348702859526712539 0 0.000000000000000000 0.000000000878399996
connection 62 73 -1.771199713851051127 0 0.000000000000000000 0.000000000878399996
connection 62 74 -3.123148187423244515 0 0.000000000000000000 0.000000000878399996
connection 62 39 2.923135124782033856 0 0.000000000000000000 0.000000000878399996
connection 62 40 4.072832089283945578 0 0.000000000000000000 0.000000000878399996
connection 62 41 1.442811179877207417 0 0.000000000000000000 0.000000000878399996
connection 64 44 5.459253391743114747 0 0.000000000000000000 0.000000000878399996
connection 64 66 6.311877526462162713 0 0.000000000000000000 0.000000000878399996
connection 64 48 3.554141397617383902 0 0.000000000000000000 0.000000000878399996
connection 64 49 1.688744723343461152 0 0.000000000000000000 0.000000000878399996
connection 64 50 3.033217928274383191 0 0.000000000000000000 0.000000000878399996
connection 64 52 -1.434495575135890766 0 0.000000000000000000 0.000000000878399996
connection 64 31 1.488772275800094302 0 0.000000000000000000 0.000000000878399996
connection 64 32 2.798885605305372781 0 0.000000000000000000 0.000000000878399996
connection 64 34 -1.610387368360868932 0 0.000000000000000000 0.000000000878399996
connection 64 35 3.288437180139678784 0 0.000000000000000000 0.000000000878399996
connection 64 36 -1.695468967675487493 0 0.000000000000000000 0.000000000878399996
connection 64 38 -3.169981396897861625 0 0.000000000000000000 0.000000000878399996
connection 64 91 -4.337780634434681204 0 0.000000000000000000 0.000000000878399996
connection 64 95 -4.566058691499534028 0 0.000000000000000000 0.000000000878399996
connection 64 39 -1.524043282003423316 0 0.000000000000000000 0.000000000878399996
connection 64 41 -3.005608876161596221 0 0.000000000000000000 0.000000000878399996
connection 63 44 5.072390534554496178 0 0.000000000000000000 0.000000000878399996
connection 63 66 6.100315072353921231 0 0.000000000000000000 0.000000000878399996
connection 63 62 3.545921941414610146 0 0.000000000000000000 0.000000000878399996
connection 63 63 4.500934966120429870 0 0.000000000000000000 0.000000000878399996
connection 63 64 2.216664032789866123 0 0.000000000000000000 0.000000000878399996
connection 63 65 0.787432953282988679 0 0.000000000000000000 0.000000000878399996
connection 63 49 0.879990062352286273 0 0.000000000000000000 0.000000000878399996
connection 63 50 2.323137613570521953 0 0.000000000000000000 0.000000000878399996
connection 63 51 -0.746235961397748282 0 0.000000000000000000 0.000000000878399996
connection 63 52 -2.215814328182858617 0 0.000000000000000000 0.000000000878399996
connection 63 31 0.689700044949116742 0 0.000000000000000000 0.000000000878399996
connection 63 32 2.100010434967065631 0 0.000000000000000000 0.000000000878399996
connection 63 33 -0.922948467073841261 0 0.000000000000000000 0.000000000878399996
connection 63 34 -2.393555525356840352 0 0.000000000000000000 0.000000000878399996
connection 63 35 2.655812425625030837 0 0.000000000000000000 0.000000000878399996
connection 63 36 -2.475673325913229306 0 0.000000000000000000 0.000000000878399996
connection 63 37 -1.014157812617511034 0 0.000000000000000000 0.000000000878399996
connection 63 38 -3.840153415890541044 0 0.000000000000000000 0.000000000878399996
connection 63 39 -2.307596697435790212 0 0.000000000000000000 0.000000000878399996
connection 63 40 -0.834243933269926519 0 0.000000000000000000 0.000000000878399996
connection 63 41 -3.675333547725533112 0 0.000000000000000000 0.000000000878399996
connection 66 44 5.755877365872861695 0 0.000000000000000000 0.000000000878399996
connection 66 66 6.501911054414689417 0 0.000000000000000000 0.000000000878399996
connection 66 48 4.030741398608297388 0 0.000000000000000000 0.000000000878399996
connection 66 49 2.288391835092947968 0 0.000000000000000000 0.000000000878399996
connection 66 50 3.553543522429344126 0 0.000000000000000000 0.000000000878399996
connection 66 51 0.731200431377185045 0 0.000000000000000000 0.000000000878399996
connection 66 52 -0.805610826952846693 0 0.000000000000000000 0.000000000878399996
connection 66 31 2.089446211539687681 0 0.000000000000000000 0.000000000878399996
connection 66 32 3.324323569391491873 0 0.000000000000000000 0.000000000878399996
connection 66 33 0.544670705238650688 0 0.000000000000000000 0.000000000878399996
connection 66 34 -0.983603389392617600 0 0.000000000000000000 0.000000000878399996
connection 66 35 3.773007987217485315 0 0.000000000000000000 0.000000000878399996
connection 66 36 -1.071242740073100164 0 0.000000000000000000 0.000000000878399996
connection 66 37 0.443241582476582130 0 0.000000000000000000 0.000000000878399996
connection 66 38 -2.611266510682169528 0 0.000000000000000000 0.000000000878399996
connection 66 91 -3.871449501773347901 0 0.000000000000000000 0.000000000878399996
connection 66 95 -4.139687279886243410 0 0.000000000000000000 0.000000000878399996
connection 66 39 -0.895706444288485115 0 0.000000000000000000 0.000000000878399996
connection 66 40 0.640092024433058016 0 0.000000000000000000 0.000000000878399996
connection 66 41 -2.441551312191906131 0 0.000000000000000000 0.000000000878399996
connection 87 14 5.578664553565965356 0 0.000000000000000000 0.000000000878399996
connection 53 14 1.426882959427573594 0 0.000000000000000000 0.000000000878399996
connection 54 14 -3.117392803857662820 0 0.000000000000000000 0.000000000878399996
connection 55 14 -2.443834076955613721 0 0.000000000000000000 0.000000000878399996
connection 56 14 2.010172569190332492 0 0.000000000000000000 0.000000000878399996
connection 27 14 2.543452110068936900 0 0.000000000000000000 0.000000000878399996
connection 43 14 -1.751609154371172483 0 0.000000000000000000 0.000000000878399996
connection 28 14 -1.055454890062180739 0 0.000000000000000000 0.000000000878399996
connection 29 14 3.025638097547985073 0 0.000000000000000000 0.000000000878399996
connection 30 14 5.891193426532300492 0 0.000000000000000000 0.000000000878399996
connection 69 14 6.126886366291299346 0 0.000000000000000000 0.000000000878399996
connection 57 14 3.457675192244985318 0 0.000000000000000000 0.000000000878399996
connection 58 14 -0.369690079425157525 0 0.000000000000000000 0.000000000878399996
connection 59 14 0.292939920945755106 0 0.000000000000000000 0.000000000878399996
connection 60 14 3.841958733326160669 0 0.000000000000000000 0.000000000878399996
connection 36 14 4.181811617857703389 0 0.000000000000000000 0.000000000878399996
connection 37 14 0.922084272422575069 0 0.000000000000000000 0.000000000878399996
connection 38 14 1.510195229246334758 0 0.000000000000000000 0.000000000878399996
connection 91 14 4.481055099144115594 0 0.000000000000000000 0.000000000878399996
connection 87 15 4.617236038732531966 0 0.000000000000000000 0.000000000878399996
connection 53 15 -1.491104251935983616 0 0.000000000000000000 0.000000000878399996
connection 55 15 -5.065530830598131473 0 0.000000000000000000 0.000000000878399996
connection 56 15 -0.760326540429997477 0 0.000000000000000000 0.000000000878399996
connection 43 15 -4.537287927052100933 0 0.000000000000000000 0.000000000878399996
connection 28 15 -3.952007156091317697 0 0.000000000000000000 0.000000000878399996
connection 29 15 0.651199140047675096 0 0.000000000000000000 0.000000000878399996
connection 30 15 5.192358075053612687 0 0.000000000000000000 0.000000000878399996
connection 69 15 5.626626362371414558 0 0.000000000000000000 0.000000000878399996
connection 57 15 1.306462747670056102 0 0.000000000000000000 0.000000000878399996
connection 58 15 -3.317129265007854322 0 0.000000000000000000 0.000000000878399996
connection 59 15 -2.643519748074076858 0 0.000000000000000000 0.000000000878399996
connection 60 15 1.916133444640612415 0 0.000000000000000000 0.000000000878399996
connection 36 15 2.475314250935973348 0 0.000000000000000000 0.000000000878399996
connection 37 15 -1.944724097100011928 0 0.000000000000000000 0.000000000878399996
connection 38 15 -1.235801589409344370 0 0.000000000000000000 0.000000000878399996
connection 91 15 2.982004235017974736 0 0.000000000000000000 0.000000000878399996
connection 22 16 7.214679585092994785 0 0.000000000000000000 0.000000000878399996
connection 23 16 4.224540463273863899 0 0.000000000000000000 0.000000000878399996
connection 24 16 0.254893268218730429 0 0.000000000000000000 0.000000000878399996
connection 42 16 0.973541548094900122 0 0.000000000000000000 0.000000000878399996
connection 25 16 4.609757438136557361 0 0.000000000000000000 0.000000000878399996
connection 27 16 -3.141450106897194949 0 0.000000000000000000 0.000000000878399996
connection 29 16 -2.437283637618541388 0 0.000000000000000000 0.000000000878399996
connection 101 16 4.945848704275467966 0 0.000000000000000000 0.000000000878399996
connection 88 16 1.650959765023415571 0 0.000000000000000000 0.000000000878399996
connection 89 16 2.278439023652471640 0 0.000000000000000000 0.000000000878399996
connection 90 16 5.237817848428306888 0 0.000000000000000000 0.000000000878399996
connection 69 16 4.604184339812162463 0 0.000000000000000000 0.000000000878399996
connection 57 16 -1.705838612767447859 0 0.000000000000000000 0.000000000878399996
connection 59 16 -5.227569897451423309 0 0.000000000000000000 0.000000000878399996
connection 60 16 -0.963627316166117298 0 0.000000000000000000 0.000000000878399996
connection 36 16 -0.227418129330853508 0 0.000000000000000000 0.000000000878399996
connection 37 16 -4.717166941909087363 0 0.000000000000000000 0.000000000878399996
connection 38 16 -4.146281793441318975 0 0.000000000000000000 0.000000000878399996
connection 91 16 0.487309309286345138 0 0.000000000000000000 0.000000000878399996
connection 22 17 7.096532846971955522 0 0.000000000000000000 0.000000000878399996
connection 23 17 1.957553704331948419 0 0.000000000000000000 0.000000000878399996
connection 24 17 -2.976948023831087031 0 0.000000000000000000 0.000000000878399996
connection 42 17 -2.246822481448642606 0 0.000000000000000000 0.000000000878399996
connection 25 17 2.599411759810166700 0 0.000000000000000000 0.000000000878399996
connection 101 17 3.182141031576852352 0 0.000000000000000000 0.000000000878399996
connection 88 17 -1.487395074513491400 0 0.000000000000000000 0.000000000878399996
connection 89 17 -0.716502930725169462 0 0.000000000000000000 0.000000000878399996
connection 90 17 3.704125018850026319 0 0.000000000000000000 0.000000000878399996
connection 31 17 4.166581604214138146 0 0.000000000000000000 0.000000000878399996
connection 33 17 0.788051088224057006 0 0.000000000000000000 0.000000000878399996
connection 34 17 4.572735387201686486 0 0.000000000000000000 0.000000000878399996
connection 36 17 -3.360284434579846824 0 0.000000000000000000 0.000000000878399996
connection 91 17 -2.662314319243019423 0 0.000000000000000000 0.000000000878399996
connection 71 17 4.927054469034152895 0 0.000000000000000000 0.000000000878399996
connection 72 17 1.490724967962347325 0 0.000000000000000000 0.000000000878399996
connection 73 17 2.145158337703671592 0 0.000000000000000000 0.000000000878399996
connection 74 17 5.234626087420563678 0 0.000000000000000000 0.000000000878399996
connection 103 17 7.259685387662546674 0 0.000000000000000000 0.000000000878399996
connection 22 18 6.824809685257578806 0 0.000000000000000000 0.000000000878399996
connection 23 18 -1.286831365110054470 0 0.000000000000000000 0.000000000878399996
connection 42 18 -5.025823997178801683 0 0.000000000000000000 0.000000000878399996
connection 25 18 -0.492121107385650736 0 0.000000000000000000 0.000000000878399996
connection 101 18 0.295269324029388547 0 0.000000000000000000 0.000000000878399996
connection 88 18 -4.485680983841920266 0 0.000000000000000000 0.000000000878399996
connection 89 18 -3.877774961570559231 0 0.000000000000000000 0.000000000878399996
connection 90 18 1.057144810864944162 0 0.000000000000000000 0.000000000878399996
connection 31 18 1.778319215522223828 0 0.000000000000000000 0.000000000878399996
connection 32 18 -3.207999180838966957 0 0.000000000000000000 0.000000000878399996
connection 33 18 -2.486826059122605237 0 0.000000000000000000 0.000000000878399996
connection 34 18 2.447599651610644411 0 0.000000000000000000 0.000000000878399996
connection 71 18 3.058062811645265278 0 0.000000000000000000 0.000000000878399996
connection 72 18 -1.728846163750798137 0 0.000000000000000000 0.000000000878399996
connection 73 18 -0.951592339610479843 0 0.000000000000000000 0.000000000878399996
connection 74 18 3.606737458244445804 0 0.000000000000000000 0.000000000878399996
connection 103 18 7.132242791871715504 0 0.000000000000000000 0.000000000878399996
connection 44 19 7.080340628539484094 0 0.000000000000000000 0.000000000878399996
connection 61 19 4.716985967842208360 0 0.000000000000000000 0.000000000878399996
connection 45 19 0.518547842666706837 0 0.000000000000000000 0.000000000878399996
connection 46 19 1.297515548857428591 0 0.000000000000000000 0.000000000878399996
connection 47 19 5.118726602672536430 0 0.000000000000000000 0.000000000878399996
connection 62 19 5.464851469601356371 0 0.000000000000000000 0.000000000878399996
connection 63 19 2.033371449835783551 0 0.000000000000000000 0.000000000878399996
connection 64 19 2.714220660986573108 0 0.000000000000000000 0.000000000878399996
connection 65 19 5.761481845813952063 0 0.000000000000000000 0.000000000878399996
connection 102 19 7.221973830402490080 0 0.000000000000000000 0.000000000878399996
connection 31 19 -1.542490515829421094 0 0.000000000000000000 0.000000000878399996
connection 33 19 -5.188788334670911162 0 0.000000000000000000 0.000000000878399996
connection 34 19 -0.743353711525621574 0 0.000000000000000000 0.000000000878399996
connection 72 19 -4.673259699887301721 0 0.000000000000000000 0.000000000878399996
connection 73 19 -4.087882475864701881 0 0.000000000000000000 0.000000000878399996
connection 74 19 0.837292570238328593 0 0.000000000000000000 0.000000000878399996
connection 103 19 6.843826364519008720 0 0.000000000000000000 0.000000000878399996
connection 44 20 6.604227773889539854 0 0.000000000000000000 0.000000000878399996
connection 61 20 2.259462852373002928 0 0.000000000000000000 0.000000000878399996
connection 45 20 -2.913816085111411880 0 0.000000000000000000 0.000000000878399996
connection 46 20 -2.161010739168819139 0 0.000000000000000000 0.000000000878399996
connection 47 20 2.948730488479037071 0 0.000000000000000000 0.000000000878399996
connection 62 20 3.572917979697949331 0 0.000000000000000000 0.000000000878399996
connection 63 20 -1.367146089656615215 0 0.000000000000000000 0.000000000878399996
connection 64 20 -0.551381127121142955 0 0.000000000000000000 0.000000000878399996
connection 65 20 4.129017804456948326 0 0.000000000000000000 0.000000000878399996
connection 102 20 6.890313772994240971 0 0.000000000000000000 0.000000000878399996
connection 95 20 7.095037592590128561 0 0.000000000000000000 0.000000000878399996
connection 39 20 4.617802771384768690 0 0.000000000000000000 0.000000000878399996
connection 40 20 0.265318302538978368 0 0.000000000000000000 0.000000000878399996
connection 41 20 1.062422333339065439 0 0.000000000000000000 0.000000000878399996
connection 92 20 5.042788297029210831 0 0.000000000000000000 0.000000000878399996
connection 80 20 5.409217548453923108 0 0.000000000000000000 0.000000000878399996
connection 81 20 1.821920268949126509 0 0.000000000000000000 0.000000000878399996
connection 82 20 2.529814453291551857 0 0.000000000000000000 0.000000000878399996
connection 104 20 5.723206391032412910 0 0.000000000000000000 0.000000000878399996
connection 83 20 7.242619474433525717 0 0.000000000000000000 0.000000000878399996
connection 44 21 5.569119894578934193 0 0.000000000000000000 0.000000000878399996
connection 61 21 -1.198396402402802208 0 0.000000000000000000 0.000000000878399996
connection 47 21 -0.371495913922148313 0 0.000000000000000000 0.000000000878399996
connection 62 21 0.456946880997378846 0 0.000000000000000000 0.000000000878399996
connection 63 21 -4.427053273989502102 0 0.000000000000000000 0.000000000878399996
connection 64 21 -3.824952863387080626 0 0.000000000000000000 0.000000000878399996
connection 65 21 1.265505082197813103 0 0.000000000000000000 0.000000000878399996
connection 102 21 6.163982745382915240 0 0.000000000000000000 0.000000000878399996
connection 95 21 6.588929911251553584 0 0.000000000000000000 0.000000000878399996
connection 39 21 2.035255121123381805 0 0.000000000000000000 0.000000000878399996
connection 40 21 -3.152359147635185987 0 0.000000000000000000 0.000000000878399996
connection 41 21 -2.417671529068509351 0 0.000000000000000000 0.000000000878399996
connection 92 21 2.751437599931308320 0 0.000000000000000000 0.000000000878399996
connection 80 21 3.404261146593538179 0 0.000000000000000000 0.000000000878399996
connection 81 21 -1.634474095828474471 0 0.000000000000000000 0.000000000878399996
connection 82 21 -0.820748268945993287 0 0.000000000000000000 0.000000000878399996
connection 104 21 3.988858564531718720 0 0.000000000000000000 0.000000000878399996
connection 83 21 6.890767710624482234 0 0.000000000000000000 0.000000000878399996
NNend

