NNstart
14 8
neuron 1 1.000000000000000000 0.000000000000000000 0.000000000000000000 -3345418585266623057883815315993333646858830664910712696223119422510203121025455258448678535532358221278412297076055149171552477697430235536463734957311709383542767565999208363196416.000000000000000000 11 0.000000000000000000
neuron 1 1.000000000000000000 0.000000000000000000 0.000000000000000000 -3345418585266623057883815315993333646858830664910712696223119422510203121025455258448678535532358221278412297076055149171552477697430235536463734957311709383542767565999208363196416.000000000000000000 11 0.000000000000000000
neuron 1 1.000000000000000000 0.000000000000000000 0.000000000000000000 -3345418585266623057883815315993333646858830664910712696223119422510203121025455258448678535532358221278412297076055149171552477697430235536463734957311709383542767565999208363196416.000000000000000000 11 0.000000000000000000
neuron 1 1.000000000000000000 0.000000000000000000 0.000000000000000000 -3345418585266623057883815315993333646858830664910712696223119422510203121025455258448678535532358221278412297076055149171552477697430235536463734957311709383542767565999208363196416.000000000000000000 11 0.000000000000000000
neuron 1 1.000000000000000000 0.000000000000000000 0.000000000000000000 -3345418585266623057883815315993333646858830664910712696223119422510203121025455258448678535532358221278412297076055149171552477697430235536463734957311709383542767565999208363196416.000000000000000000 11 0.000000000000000000
neuron 1 1.000000000000000000 0.000000000000000000 0.000000000000000000 -3345418585266623057883815315993333646858830664910712696223119422510203121025455258448678535532358221278412297076055149171552477697430235536463734957311709383542767565999208363196416.000000000000000000 11 0.000000000000000000
neuron 1 1.000000000000000000 0.000000000000000000 0.000000000000000000 -3345418585266623057883815315993333646858830664910712696223119422510203121025455258448678535532358221278412297076055149171552477697430235536463734957311709383542767565999208363196416.000000000000000000 11 0.000000000000000000
neuron 1 1.000000000000000000 0.000000000000000000 0.000000000000000000 -3345418585266623057883815315993333646858830664910712696223119422510203121025455258448678535532358221278412297076055149171552477697430235536463734957311709383542767565999208363196416.000000000000000000 11 0.000000000000000000
neuron 1 1.000000000000000000 0.000000000000000000 0.000000000000000000 -3345418585266623057883815315993333646858830664910712696223119422510203121025455258448678535532358221278412297076055149171552477697430235536463734957311709383542767565999208363196416.000000000000000000 11 0.000000000000000000
neuron 1 1.000000000000000000 0.000000000000000000 0.000000000000000000 -3345418585266623057883815315993333646858830664910712696223119422510203121025455258448678535532358221278412297076055149171552477697430235536463734957311709383542767565999208363196416.000000000000000000 11 0.000000000000000000
neuron 1 1.000000000000000000 0.000000000000000000 0.000000000000000000 -3345418585266623057883815315993333646858830664910712696223119422510203121025455258448678535532358221278412297076055149171552477697430235536463734957311709383542767565999208363196416.000000000000000000 11 0.000000000000000000
neuron 1 1.000000000000000000 0.000000000000000000 0.000000000000000000 -3345418585266623057883815315993333646858830664910712696223119422510203121025455258448678535532358221278412297076055149171552477697430235536463734957311709383542767565999208363196416.000000000000000000 11 0.000000000000000000
neuron 1 1.000000000000000000 0.000000000000000000 0.000000000000000000 -3345418585266623057883815315993333646858830664910712696223119422510203121025455258448678535532358221278412297076055149171552477697430235536463734957311709383542767565999208363196416.000000000000000000 11 0.000000000000000000
neuron 2 1.000000000000000000 0.000000000000000000 0.000000000000000000 0.000000000000000000 11 0.000000000000000000
neuron 4 1.000000000000000000 0.000000000000000000 0.000000000000000000 -3345418585266623057883815315993333646858830664910712696223119422510203121025455258448678535532358221278412297076055149171552477697430235536463734957311709383542767565999208363196416.000000000000000000 1 0.000000000000000000
neuron 4 1.000000000000000000 0.000000000000000000 0.000000000000000000 -3345418585266623057883815315993333646858830664910712696223119422510203121025455258448678535532358221278412297076055149171552477697430235536463734957311709383542767565999208363196416.000000000000000000 1 0.000000000000000000
neuron 4 1.000000000000000000 0.000000000000000000 0.000000000000000000 -3345418585266623057883815315993333646858830664910712696223119422510203121025455258448678535532358221278412297076055149171552477697430235536463734957311709383542767565999208363196416.000000000000000000 1 0.000000000000000000
neuron 4 1.000000000000000000 0.000000000000000000 0.000000000000000000 -3345418585266623057883815315993333646858830664910712696223119422510203121025455258448678535532358221278412297076055149171552477697430235536463734957311709383542767565999208363196416.000000000000000000 1 0.000000000000000000
neuron 4 1.000000000000000000 0.000000000000000000 0.000000000000000000 -3345418585266623057883815315993333646858830664910712696223119422510203121025455258448678535532358221278412297076055149171552477697430235536463734957311709383542767565999208363196416.000000000000000000 1 0.000000000000000000
neuron 4 1.000000000000000000 0.000000000000000000 0.000000000000000000 -3345418585266623057883815315993333646858830664910712696223119422510203121025455258448678535532358221278412297076055149171552477697430235536463734957311709383542767565999208363196416.000000000000000000 1 0.000000000000000000
neuron 4 1.000000000000000000 0.000000000000000000 0.000000000000000000 -3345418585266623057883815315993333646858830664910712696223119422510203121025455258448678535532358221278412297076055149171552477697430235536463734957311709383542767565999208363196416.000000000000000000 1 0.000000000000000000
neuron 4 1.000000000000000000 0.000000000000000000 0.000000000000000000 -3345418585266623057883815315993333646858830664910712696223119422510203121025455258448678535532358221278412297076055149171552477697430235536463734957311709383542767565999208363196416.000000000000000000 1 0.000000000000000000
neuron 3 1.000000000000000000 0.000000000000000000 0.000000000000000000 -3345418585266623057883815315993333646858830664910712696223119422510203121025455258448678535532358221278412297076055149171552477697430235536463734957311709383542767565999208363196416.000000000000000000 0 0.000000000000000000
neuron 3 1.000000000000000000 0.000000000000000000 0.000000000000000000 -3345418585266623057883815315993333646858830664910712696223119422510203121025455258448678535532358221278412297076055149171552477697430235536463734957311709383542767565999208363196416.000000000000000000 0 0.000000000000000000
neuron 3 1.000000000000000000 0.000000000000000000 0.000000000000000000 -3345418585266623057883815315993333646858830664910712696223119422510203121025455258448678535532358221278412297076055149171552477697430235536463734957311709383542767565999208363196416.000000000000000000 0 0.000000000000000000
neuron 3 1.000000000000000000 0.000000000000000000 0.000000000000000000 -3345418585266623057883815315993333646858830664910712696223119422510203121025455258448678535532358221278412297076055149171552477697430235536463734957311709383542767565999208363196416.000000000000000000 0 0.000000000000000000
neuron 3 1.000000000000000000 0.000000000000000000 0.000000000000000000 -3345418585266623057883815315993333646858830664910712696223119422510203121025455258448678535532358221278412297076055149171552477697430235536463734957311709383542767565999208363196416.000000000000000000 0 0.000000000000000000
neuron 3 1.000000000000000000 0.000000000000000000 0.000000000000000000 -3345418585266623057883815315993333646858830664910712696223119422510203121025455258448678535532358221278412297076055149171552477697430235536463734957311709383542767565999208363196416.000000000000000000 0 0.000000000000000000
neuron 3 1.000000000000000000 0.000000000000000000 0.000000000000000000 -3345418585266623057883815315993333646858830664910712696223119422510203121025455258448678535532358221278412297076055149171552477697430235536463734957311709383542767565999208363196416.000000000000000000 0 0.000000000000000000
neuron 3 1.000000000000000000 0.000000000000000000 0.000000000000000000 -3345418585266623057883815315993333646858830664910712696223119422510203121025455258448678535532358221278412297076055149171552477697430235536463734957311709383542767565999208363196416.000000000000000000 0 0.000000000000000000
neuron 3 1.000000000000000000 0.000000000000000000 0.000000000000000000 -3345418585266623057883815315993333646858830664910712696223119422510203121025455258448678535532358221278412297076055149171552477697430235536463734957311709383542767565999208363196416.000000000000000000 0 0.000000000000000000
neuron 3 1.000000000000000000 0.000000000000000000 0.000000000000000000 -3345418585266623057883815315993333646858830664910712696223119422510203121025455258448678535532358221278412297076055149171552477697430235536463734957311709383542767565999208363196416.000000000000000000 0 0.000000000000000000
neuron 3 1.000000000000000000 0.000000000000000000 0.000000000000000000 -3345418585266623057883815315993333646858830664910712696223119422510203121025455258448678535532358221278412297076055149171552477697430235536463734957311709383542767565999208363196416.000000000000000000 0 0.000000000000000000
neuron 3 1.000000000000000000 0.000000000000000000 0.000000000000000000 -3345418585266623057883815315993333646858830664910712696223119422510203121025455258448678535532358221278412297076055149171552477697430235536463734957311709383542767565999208363196416.000000000000000000 0 0.000000000000000000
neuron 3 1.000000000000000000 0.000000000000000000 0.000000000000000000 -3345418585266623057883815315993333646858830664910712696223119422510203121025455258448678535532358221278412297076055149171552477697430235536463734957311709383542767565999208363196416.000000000000000000 0 0.000000000000000000
neuron 3 1.000000000000000000 0.000000000000000000 0.000000000000000000 -3345418585266623057883815315993333646858830664910712696223119422510203121025455258448678535532358221278412297076055149171552477697430235536463734957311709383542767565999208363196416.000000000000000000 0 0.000000000000000000
neuron 3 1.000000000000000000 0.000000000000000000 0.000000000000000000 -3345418585266623057883815315993333646858830664910712696223119422510203121025455258448678535532358221278412297076055149171552477697430235536463734957311709383542767565999208363196416.000000000000000000 0 0.000000000000000000
neuron 3 1.000000000000000000 0.000000000000000000 0.000000000000000000 -3345418585266623057883815315993333646858830664910712696223119422510203121025455258448678535532358221278412297076055149171552477697430235536463734957311709383542767565999208363196416.000000000000000000 0 0.000000000000000000
neuron 3 1.000000000000000000 0.000000000000000000 0.000000000000000000 -3345418585266623057883815315993333646858830664910712696223119422510203121025455258448678535532358221278412297076055149171552477697430235536463734957311709383542767565999208363196416.000000000000000000 0 0.000000000000000000
neuron 3 1.000000000000000000 0.000000000000000000 0.000000000000000000 -3345418585266623057883815315993333646858830664910712696223119422510203121025455258448678535532358221278412297076055149171552477697430235536463734957311709383542767565999208363196416.000000000000000000 0 0.000000000000000000
neuron 3 1.000000000000000000 0.000000000000000000 0.000000000000000000 -3345418585266623057883815315993333646858830664910712696223119422510203121025455258448678535532358221278412297076055149171552477697430235536463734957311709383542767565999208363196416.000000000000000000 0 0.000000000000000000
neuron 3 1.000000000000000000 0.000000000000000000 0.000000000000000000 -3345418585266623057883815315993333646858830664910712696223119422510203121025455258448678535532358221278412297076055149171552477697430235536463734957311709383542767565999208363196416.000000000000000000 0 0.000000000000000000
connection 0 22 -0.437626942143124309 0 0.000000000000000000 -3345418585266623057883815315993333646858830664910712696223119422510203121025455258448678535532358221278412297076055149171552477697430235536463734957311709383542767565999208363196416.000000000000000000
connection 0 23 2.873927096286104987 0 0.000000000000000000 -3345418585266623057883815315993333646858830664910712696223119422510203121025455258448678535532358221278412297076055149171552477697430235536463734957311709383542767565999208363196416.000000000000000000
connection 0 24 4.432613160657293605 0 0.000000000000000000 -3345418585266623057883815315993333646858830664910712696223119422510203121025455258448678535532358221278412297076055149171552477697430235536463734957311709383542767565999208363196416.000000000000000000
connection 0 25 2.435551150772852669 0 0.000000000000000000 -3345418585266623057883815315993333646858830664910712696223119422510203121025455258448678535532358221278412297076055149171552477697430235536463734957311709383542767565999208363196416.000000000000000000
connection 0 26 4.144903098413959874 0 0.000000000000000000 -3345418585266623057883815315993333646858830664910712696223119422510203121025455258448678535532358221278412297076055149171552477697430235536463734957311709383542767565999208363196416.000000000000000000
connection 0 27 2.370824822568383894 0 0.000000000000000000 -3345418585266623057883815315993333646858830664910712696223119422510203121025455258448678535532358221278412297076055149171552477697430235536463734957311709383542767565999208363196416.000000000000000000
connection 0 28 -3.103698698932567890 0 0.000000000000000000 -3345418585266623057883815315993333646858830664910712696223119422510203121025455258448678535532358221278412297076055149171552477697430235536463734957311709383542767565999208363196416.000000000000000000
connection 0 29 -0.490582791249928207 0 0.000000000000000000 -3345418585266623057883815315993333646858830664910712696223119422510203121025455258448678535532358221278412297076055149171552477697430235536463734957311709383542767565999208363196416.000000000000000000
connection 0 30 4.494491637365198855 0 0.000000000000000000 -3345418585266623057883815315993333646858830664910712696223119422510203121025455258448678535532358221278412297076055149171552477697430235536463734957311709383542767565999208363196416.000000000000000000
connection 1 23 3.285497466504715192 0 0.000000000000000000 -3345418585266623057883815315993333646858830664910712696223119422510203121025455258448678535532358221278412297076055149171552477697430235536463734957311709383542767565999208363196416.000000000000000000
connection 1 24 4.546183894747770182 0 0.000000000000000000 -3345418585266623057883815315993333646858830664910712696223119422510203121025455258448678535532358221278412297076055149171552477697430235536463734957311709383542767565999208363196416.000000000000000000
connection 1 25 2.894033713343866054 0 0.000000000000000000 -3345418585266623057883815315993333646858830664910712696223119422510203121025455258448678535532358221278412297076055149171552477697430235536463734957311709383542767565999208363196416.000000000000000000
connection 1 26 3.887288352006147640 0 0.000000000000000000 -3345418585266623057883815315993333646858830664910712696223119422510203121025455258448678535532358221278412297076055149171552477697430235536463734957311709383542767565999208363196416.000000000000000000
connection 1 27 1.867279121368891737 0 0.000000000000000000 -3345418585266623057883815315993333646858830664910712696223119422510203121025455258448678535532358221278412297076055149171552477697430235536463734957311709383542767565999208363196416.000000000000000000
connection 1 28 -3.367056279224406534 0 0.000000000000000000 -3345418585266623057883815315993333646858830664910712696223119422510203121025455258448678535532358221278412297076055149171552477697430235536463734957311709383542767565999208363196416.000000000000000000
connection 1 30 4.346338810150796483 0 0.000000000000000000 -3345418585266623057883815315993333646858830664910712696223119422510203121025455258448678535532358221278412297076055149171552477697430235536463734957311709383542767565999208363196416.000000000000000000
connection 2 22 0.655750833756085338 0 0.000000000000000000 -3345418585266623057883815315993333646858830664910712696223119422510203121025455258448678535532358221278412297076055149171552477697430235536463734957311709383542767565999208363196416.000000000000000000
connection 2 23 3.643630473527758262 0 0.000000000000000000 -3345418585266623057883815315993333646858830664910712696223119422510203121025455258448678535532358221278412297076055149171552477697430235536463734957311709383542767565999208363196416.000000000000000000
connection 2 24 4.605700881261634905 0 0.000000000000000000 -3345418585266623057883815315993333646858830664910712696223119422510203121025455258448678535532358221278412297076055149171552477697430235536463734957311709383542767565999208363196416.000000000000000000
connection 2 25 3.303930002496700435 0 0.000000000000000000 -3345418585266623057883815315993333646858830664910712696223119422510203121025455258448678535532358221278412297076055149171552477697430235536463734957311709383542767565999208363196416.000000000000000000
connection 2 31 4.615789423782933554 0 0.000000000000000000 -3345418585266623057883815315993333646858830664910712696223119422510203121025455258448678535532358221278412297076055149171552477697430235536463734957311709383542767565999208363196416.000000000000000000
connection 2 32 3.409922617284160129 0 0.000000000000000000 -3345418585266623057883815315993333646858830664910712696223119422510203121025455258448678535532358221278412297076055149171552477697430235536463734957311709383542767565999208363196416.000000000000000000
connection 2 33 3.727726073908407489 0 0.000000000000000000 -3345418585266623057883815315993333646858830664910712696223119422510203121025455258448678535532358221278412297076055149171552477697430235536463734957311709383542767565999208363196416.000000000000000000
connection 2 28 -3.594322740058983001 0 0.000000000000000000 -3345418585266623057883815315993333646858830664910712696223119422510203121025455258448678535532358221278412297076055149171552477697430235536463734957311709383542767565999208363196416.000000000000000000
connection 2 30 4.142489619375051113 0 0.000000000000000000 -3345418585266623057883815315993333646858830664910712696223119422510203121025455258448678535532358221278412297076055149171552477697430235536463734957311709383542767565999208363196416.000000000000000000
connection 3 34 3.806910070729692563 0 0.000000000000000000 -3345418585266623057883815315993333646858830664910712696223119422510203121025455258448678535532358221278412297076055149171552477697430235536463734957311709383542767565999208363196416.000000000000000000
connection 3 31 4.570272578169530142 0 0.000000000000000000 -3345418585266623057883815315993333646858830664910712696223119422510203121025455258448678535532358221278412297076055149171552477697430235536463734957311709383542767565999208363196416.000000000000000000
connection 3 32 3.013950965791076353 0 0.000000000000000000 -3345418585266623057883815315993333646858830664910712696223119422510203121025455258448678535532358221278412297076055149171552477697430235536463734957311709383542767565999208363196416.000000000000000000
connection 3 33 3.383997320636606965 0 0.000000000000000000 -3345418585266623057883815315993333646858830664910712696223119422510203121025455258448678535532358221278412297076055149171552477697430235536463734957311709383542767565999208363196416.000000000000000000
connection 3 28 -3.788910731855100522 0 0.000000000000000000 -3345418585266623057883815315993333646858830664910712696223119422510203121025455258448678535532358221278412297076055149171552477697430235536463734957311709383542767565999208363196416.000000000000000000
connection 3 30 3.882005080870696734 0 0.000000000000000000 -3345418585266623057883815315993333646858830664910712696223119422510203121025455258448678535532358221278412297076055149171552477697430235536463734957311709383542767565999208363196416.000000000000000000
connection 4 34 4.079537375513712760 0 0.000000000000000000 -3345418585266623057883815315993333646858830664910712696223119422510203121025455258448678535532358221278412297076055149171552477697430235536463734957311709383542767565999208363196416.000000000000000000
connection 4 31 4.470958022006076504 0 0.000000000000000000 -3345418585266623057883815315993333646858830664910712696223119422510203121025455258448678535532358221278412297076055149171552477697430235536463734957311709383542767565999208363196416.000000000000000000
connection 4 32 2.567798624129342233 0 0.000000000000000000 -3345418585266623057883815315993333646858830664910712696223119422510203121025455258448678535532358221278412297076055149171552477697430235536463734957311709383542767565999208363196416.000000000000000000
connection 4 33 2.985882055358256792 0 0.000000000000000000 -3345418585266623057883815315993333646858830664910712696223119422510203121025455258448678535532358221278412297076055149171552477697430235536463734957311709383542767565999208363196416.000000000000000000
connection 4 28 -3.954329477973699269 0 0.000000000000000000 -3345418585266623057883815315993333646858830664910712696223119422510203121025455258448678535532358221278412297076055149171552477697430235536463734957311709383542767565999208363196416.000000000000000000
connection 4 35 4.625216758073319667 0 0.000000000000000000 -3345418585266623057883815315993333646858830664910712696223119422510203121025455258448678535532358221278412297076055149171552477697430235536463734957311709383542767565999208363196416.000000000000000000
connection 4 36 3.379945862310299809 0 0.000000000000000000 -3345418585266623057883815315993333646858830664910712696223119422510203121025455258448678535532358221278412297076055149171552477697430235536463734957311709383542767565999208363196416.000000000000000000
connection 4 37 3.739029810872413595 0 0.000000000000000000 -3345418585266623057883815315993333646858830664910712696223119422510203121025455258448678535532358221278412297076055149171552477697430235536463734957311709383542767565999208363196416.000000000000000000
connection 5 34 4.295249160614111439 0 0.000000000000000000 -3345418585266623057883815315993333646858830664910712696223119422510203121025455258448678535532358221278412297076055149171552477697430235536463734957311709383542767565999208363196416.000000000000000000
connection 5 31 4.316849746864399151 0 0.000000000000000000 -3345418585266623057883815315993333646858830664910712696223119422510203121025455258448678535532358221278412297076055149171552477697430235536463734957311709383542767565999208363196416.000000000000000000
connection 5 32 2.078418943252701379 0 0.000000000000000000 -3345418585266623057883815315993333646858830664910712696223119422510203121025455258448678535532358221278412297076055149171552477697430235536463734957311709383542767565999208363196416.000000000000000000
connection 5 33 2.537846155039988005 0 0.000000000000000000 -3345418585266623057883815315993333646858830664910712696223119422510203121025455258448678535532358221278412297076055149171552477697430235536463734957311709383542767565999208363196416.000000000000000000
connection 5 35 4.576483307708596016 0 0.000000000000000000 -3345418585266623057883815315993333646858830664910712696223119422510203121025455258448678535532358221278412297076055149171552477697430235536463734957311709383542767565999208363196416.000000000000000000
connection 5 36 2.980766264500624541 0 0.000000000000000000 -3345418585266623057883815315993333646858830664910712696223119422510203121025455258448678535532358221278412297076055149171552477697430235536463734957311709383542767565999208363196416.000000000000000000
connection 5 37 3.393514234688249864 0 0.000000000000000000 -3345418585266623057883815315993333646858830664910712696223119422510203121025455258448678535532358221278412297076055149171552477697430235536463734957311709383542767565999208363196416.000000000000000000
connection 6 34 4.454868896214820850 0 0.000000000000000000 -3345418585266623057883815315993333646858830664910712696223119422510203121025455258448678535532358221278412297076055149171552477697430235536463734957311709383542767565999208363196416.000000000000000000
connection 6 31 4.106778570749863633 0 0.000000000000000000 -3345418585266623057883815315993333646858830664910712696223119422510203121025455258448678535532358221278412297076055149171552477697430235536463734957311709383542767565999208363196416.000000000000000000
connection 6 33 2.046975105316150678 0 0.000000000000000000 -3345418585266623057883815315993333646858830664910712696223119422510203121025455258448678535532358221278412297076055149171552477697430235536463734957311709383542767565999208363196416.000000000000000000
connection 6 35 4.474039559991179971 0 0.000000000000000000 -3345418585266623057883815315993333646858830664910712696223119422510203121025455258448678535532358221278412297076055149171552477697430235536463734957311709383542767565999208363196416.000000000000000000
connection 6 36 2.531901945989055491 0 0.000000000000000000 -3345418585266623057883815315993333646858830664910712696223119422510203121025455258448678535532358221278412297076055149171552477697430235536463734957311709383542767565999208363196416.000000000000000000
connection 6 37 2.993969772214283509 0 0.000000000000000000 -3345418585266623057883815315993333646858830664910712696223119422510203121025455258448678535532358221278412297076055149171552477697430235536463734957311709383542767565999208363196416.000000000000000000
connection 7 34 4.559553920242594316 0 0.000000000000000000 -3345418585266623057883815315993333646858830664910712696223119422510203121025455258448678535532358221278412297076055149171552477697430235536463734957311709383542767565999208363196416.000000000000000000
connection 7 31 3.839855242047176098 0 0.000000000000000000 -3345418585266623057883815315993333646858830664910712696223119422510203121025455258448678535532358221278412297076055149171552477697430235536463734957311709383542767565999208363196416.000000000000000000
connection 7 35 4.316877221457578351 0 0.000000000000000000 -3345418585266623057883815315993333646858830664910712696223119422510203121025455258448678535532358221278412297076055149171552477697430235536463734957311709383542767565999208363196416.000000000000000000
connection 7 36 2.040501484195518245 0 0.000000000000000000 -3345418585266623057883815315993333646858830664910712696223119422510203121025455258448678535532358221278412297076055149171552477697430235536463734957311709383542767565999208363196416.000000000000000000
connection 7 38 -0.828007391015070371 0 0.000000000000000000 -3345418585266623057883815315993333646858830664910712696223119422510203121025455258448678535532358221278412297076055149171552477697430235536463734957311709383542767565999208363196416.000000000000000000
connection 7 37 2.544938592949943956 0 0.000000000000000000 -3345418585266623057883815315993333646858830664910712696223119422510203121025455258448678535532358221278412297076055149171552477697430235536463734957311709383542767565999208363196416.000000000000000000
connection 8 34 4.610327921595911427 0 0.000000000000000000 -3345418585266623057883815315993333646858830664910712696223119422510203121025455258448678535532358221278412297076055149171552477697430235536463734957311709383542767565999208363196416.000000000000000000
connection 8 31 3.516050454043878837 0 0.000000000000000000 -3345418585266623057883815315993333646858830664910712696223119422510203121025455258448678535532358221278412297076055149171552477697430235536463734957311709383542767565999208363196416.000000000000000000
connection 8 35 4.103836050997685447 0 0.000000000000000000 -3345418585266623057883815315993333646858830664910712696223119422510203121025455258448678535532358221278412297076055149171552477697430235536463734957311709383542767565999208363196416.000000000000000000
connection 8 37 2.053579231297705032 0 0.000000000000000000 -3345418585266623057883815315993333646858830664910712696223119422510203121025455258448678535532358221278412297076055149171552477697430235536463734957311709383542767565999208363196416.000000000000000000
connection 9 34 4.607765824853512271 0 0.000000000000000000 -3345418585266623057883815315993333646858830664910712696223119422510203121025455258448678535532358221278412297076055149171552477697430235536463734957311709383542767565999208363196416.000000000000000000
connection 9 31 3.136840372213408390 0 0.000000000000000000 -3345418585266623057883815315993333646858830664910712696223119422510203121025455258448678535532358221278412297076055149171552477697430235536463734957311709383542767565999208363196416.000000000000000000
connection 9 35 3.834064681910079209 0 0.000000000000000000 -3345418585266623057883815315993333646858830664910712696223119422510203121025455258448678535532358221278412297076055149171552477697430235536463734957311709383542767565999208363196416.000000000000000000
connection 10 34 4.551839848789098752 0 0.000000000000000000 -3345418585266623057883815315993333646858830664910712696223119422510203121025455258448678535532358221278412297076055149171552477697430235536463734957311709383542767565999208363196416.000000000000000000
connection 10 31 2.705813356572245976 0 0.000000000000000000 -3345418585266623057883815315993333646858830664910712696223119422510203121025455258448678535532358221278412297076055149171552477697430235536463734957311709383542767565999208363196416.000000000000000000
connection 10 32 -0.627191904218082130 0 0.000000000000000000 -3345418585266623057883815315993333646858830664910712696223119422510203121025455258448678535532358221278412297076055149171552477697430235536463734957311709383542767565999208363196416.000000000000000000
connection 10 39 -3.978811093491787965 0 0.000000000000000000 -3345418585266623057883815315993333646858830664910712696223119422510203121025455258448678535532358221278412297076055149171552477697430235536463734957311709383542767565999208363196416.000000000000000000
connection 10 35 3.507604989401461371 0 0.000000000000000000 -3345418585266623057883815315993333646858830664910712696223119422510203121025455258448678535532358221278412297076055149171552477697430235536463734957311709383542767565999208363196416.000000000000000000
connection 11 34 4.441927462571671370 0 0.000000000000000000 -3345418585266623057883815315993333646858830664910712696223119422510203121025455258448678535532358221278412297076055149171552477697430235536463734957311709383542767565999208363196416.000000000000000000
connection 11 31 2.229098126191407570 0 0.000000000000000000 -3345418585266623057883815315993333646858830664910712696223119422510203121025455258448678535532358221278412297076055149171552477697430235536463734957311709383542767565999208363196416.000000000000000000
connection 11 40 -3.188374803473508212 0 0.000000000000000000 -3345418585266623057883815315993333646858830664910712696223119422510203121025455258448678535532358221278412297076055149171552477697430235536463734957311709383542767565999208363196416.000000000000000000
connection 11 33 -0.657591901946541380 0 0.000000000000000000 -3345418585266623057883815315993333646858830664910712696223119422510203121025455258448678535532358221278412297076055149171552477697430235536463734957311709383542767565999208363196416.000000000000000000
connection 11 39 -4.114608237696503856 0 0.000000000000000000 -3345418585266623057883815315993333646858830664910712696223119422510203121025455258448678535532358221278412297076055149171552477697430235536463734957311709383542767565999208363196416.000000000000000000
connection 11 35 3.126036443551136745 0 0.000000000000000000 -3345418585266623057883815315993333646858830664910712696223119422510203121025455258448678535532358221278412297076055149171552477697430235536463734957311709383542767565999208363196416.000000000000000000
connection 12 34 4.276981219705628057 0 0.000000000000000000 -3345418585266623057883815315993333646858830664910712696223119422510203121025455258448678535532358221278412297076055149171552477697430235536463734957311709383542767565999208363196416.000000000000000000
connection 12 40 -3.441204465894646347 0 0.000000000000000000 -3345418585266623057883815315993333646858830664910712696223119422510203121025455258448678535532358221278412297076055149171552477697430235536463734957311709383542767565999208363196416.000000000000000000
connection 12 39 -4.228424408590002237 0 0.000000000000000000 -3345418585266623057883815315993333646858830664910712696223119422510203121025455258448678535532358221278412297076055149171552477697430235536463734957311709383542767565999208363196416.000000000000000000
connection 12 35 2.693074129305739639 0 0.000000000000000000 -3345418585266623057883815315993333646858830664910712696223119422510203121025455258448678535532358221278412297076055149171552477697430235536463734957311709383542767565999208363196416.000000000000000000
connection 12 36 -0.661394518723747660 0 0.000000000000000000 -3345418585266623057883815315993333646858830664910712696223119422510203121025455258448678535532358221278412297076055149171552477697430235536463734957311709383542767565999208363196416.000000000000000000
connection 13 34 4.055859319341520219 0 0.000000000000000000 -3345418585266623057883815315993333646858830664910712696223119422510203121025455258448678535532358221278412297076055149171552477697430235536463734957311709383542767565999208363196416.000000000000000000
connection 13 40 -3.658894567998245861 0 0.000000000000000000 -3345418585266623057883815315993333646858830664910712696223119422510203121025455258448678535532358221278412297076055149171552477697430235536463734957311709383542767565999208363196416.000000000000000000
connection 13 39 -4.323217562793344904 0 0.000000000000000000 -3345418585266623057883815315993333646858830664910712696223119422510203121025455258448678535532358221278412297076055149171552477697430235536463734957311709383542767565999208363196416.000000000000000000
connection 13 35 2.214980075259115555 0 0.000000000000000000 -3345418585266623057883815315993333646858830664910712696223119422510203121025455258448678535532358221278412297076055149171552477697430235536463734957311709383542767565999208363196416.000000000000000000
connection 13 38 -3.179263323764068616 0 0.000000000000000000 -3345418585266623057883815315993333646858830664910712696223119422510203121025455258448678535532358221278412297076055149171552477697430235536463734957311709383542767565999208363196416.000000000000000000
connection 13 37 -0.645382442398078848 0 0.000000000000000000 -3345418585266623057883815315993333646858830664910712696223119422510203121025455258448678535532358221278412297076055149171552477697430235536463734957311709383542767565999208363196416.000000000000000000
connection 22 34 -4.411866585521574180 0 0.000000000000000000 -3345418585266623057883815315993333646858830664910712696223119422510203121025455258448678535532358221278412297076055149171552477697430235536463734957311709383542767565999208363196416.000000000000000000
connection 22 39 -3.568456618403177849 0 0.000000000000000000 -3345418585266623057883815315993333646858830664910712696223119422510203121025455258448678535532358221278412297076055149171552477697430235536463734957311709383542767565999208363196416.000000000000000000
connection 22 35 -2.176532179788646104 0 0.000000000000000000 -3345418585266623057883815315993333646858830664910712696223119422510203121025455258448678535532358221278412297076055149171552477697430235536463734957311709383542767565999208363196416.000000000000000000
connection 22 36 -3.215314932801263570 0 0.000000000000000000 -3345418585266623057883815315993333646858830664910712696223119422510203121025455258448678535532358221278412297076055149171552477697430235536463734957311709383542767565999208363196416.000000000000000000
connection 22 37 1.005535702744305704 0 0.000000000000000000 -3345418585266623057883815315993333646858830664910712696223119422510203121025455258448678535532358221278412297076055149171552477697430235536463734957311709383542767565999208363196416.000000000000000000
connection 23 34 -4.516344338596875119 0 0.000000000000000000 -3345418585266623057883815315993333646858830664910712696223119422510203121025455258448678535532358221278412297076055149171552477697430235536463734957311709383542767565999208363196416.000000000000000000
connection 23 39 -3.871113216374554078 0 0.000000000000000000 -3345418585266623057883815315993333646858830664910712696223119422510203121025455258448678535532358221278412297076055149171552477697430235536463734957311709383542767565999208363196416.000000000000000000
connection 23 35 -2.764107531988307276 0 0.000000000000000000 -3345418585266623057883815315993333646858830664910712696223119422510203121025455258448678535532358221278412297076055149171552477697430235536463734957311709383542767565999208363196416.000000000000000000
connection 23 36 -3.610281424079796242 0 0.000000000000000000 -3345418585266623057883815315993333646858830664910712696223119422510203121025455258448678535532358221278412297076055149171552477697430235536463734957311709383542767565999208363196416.000000000000000000
connection 23 38 -1.533110519909483438 0 0.000000000000000000 -3345418585266623057883815315993333646858830664910712696223119422510203121025455258448678535532358221278412297076055149171552477697430235536463734957311709383542767565999208363196416.000000000000000000
connection 24 34 -4.291137268164003871 0 0.000000000000000000 -3345418585266623057883815315993333646858830664910712696223119422510203121025455258448678535532358221278412297076055149171552477697430235536463734957311709383542767565999208363196416.000000000000000000
connection 24 26 -4.588087833280252603 0 0.000000000000000000 -3345418585266623057883815315993333646858830664910712696223119422510203121025455258448678535532358221278412297076055149171552477697430235536463734957311709383542767565999208363196416.000000000000000000
connection 24 39 -3.208466173932252197 0 0.000000000000000000 -3345418585266623057883815315993333646858830664910712696223119422510203121025455258448678535532358221278412297076055149171552477697430235536463734957311709383542767565999208363196416.000000000000000000
connection 24 35 -1.473435167609280061 0 0.000000000000000000 -3345418585266623057883815315993333646858830664910712696223119422510203121025455258448678535532358221278412297076055149171552477697430235536463734957311709383542767565999208363196416.000000000000000000
connection 24 36 -2.753890689872462438 0 0.000000000000000000 -3345418585266623057883815315993333646858830664910712696223119422510203121025455258448678535532358221278412297076055149171552477697430235536463734957311709383542767565999208363196416.000000000000000000
connection 39 34 -3.984666051607128612 0 0.000000000000000000 -3345418585266623057883815315993333646858830664910712696223119422510203121025455258448678535532358221278412297076055149171552477697430235536463734957311709383542767565999208363196416.000000000000000000
connection 39 26 -4.542339218875634188 0 0.000000000000000000 -3345418585266623057883815315993333646858830664910712696223119422510203121025455258448678535532358221278412297076055149171552477697430235536463734957311709383542767565999208363196416.000000000000000000
connection 39 39 -2.483499556588601553 0 0.000000000000000000 -3345418585266623057883815315993333646858830664910712696223119422510203121025455258448678535532358221278412297076055149171552477697430235536463734957311709383542767565999208363196416.000000000000000000
connection 39 36 -1.823129407678063085 0 0.000000000000000000 -3345418585266623057883815315993333646858830664910712696223119422510203121025455258448678535532358221278412297076055149171552477697430235536463734957311709383542767565999208363196416.000000000000000000
connection 39 37 3.063981777414491514 0 0.000000000000000000 -3345418585266623057883815315993333646858830664910712696223119422510203121025455258448678535532358221278412297076055149171552477697430235536463734957311709383542767565999208363196416.000000000000000000
connection 25 34 -4.107858274123429076 0 0.000000000000000000 -3345418585266623057883815315993333646858830664910712696223119422510203121025455258448678535532358221278412297076055149171552477697430235536463734957311709383542767565999208363196416.000000000000000000
connection 25 26 -4.519018642901079907 0 0.000000000000000000 -3345418585266623057883815315993333646858830664910712696223119422510203121025455258448678535532358221278412297076055149171552477697430235536463734957311709383542767565999208363196416.000000000000000000
connection 25 39 -2.726714620339998785 0 0.000000000000000000 -3345418585266623057883815315993333646858830664910712696223119422510203121025455258448678535532358221278412297076055149171552477697430235536463734957311709383542767565999208363196416.000000000000000000
connection 25 36 -2.154157889103764933 0 0.000000000000000000 -3345418585266623057883815315993333646858830664910712696223119422510203121025455258448678535532358221278412297076055149171552477697430235536463734957311709383542767565999208363196416.000000000000000000
connection 25 38 1.027362502044171455 0 0.000000000000000000 -3345418585266623057883815315993333646858830664910712696223119422510203121025455258448678535532358221278412297076055149171552477697430235536463734957311709383542767565999208363196416.000000000000000000
connection 26 34 -4.543908907807010955 0 0.000000000000000000 -3345418585266623057883815315993333646858830664910712696223119422510203121025455258448678535532358221278412297076055149171552477697430235536463734957311709383542767565999208363196416.000000000000000000
connection 26 39 -4.019502070440180042 0 0.000000000000000000 -3345418585266623057883815315993333646858830664910712696223119422510203121025455258448678535532358221278412297076055149171552477697430235536463734957311709383542767565999208363196416.000000000000000000
connection 26 30 -2.497927357699474271 0 0.000000000000000000 -3345418585266623057883815315993333646858830664910712696223119422510203121025455258448678535532358221278412297076055149171552477697430235536463734957311709383542767565999208363196416.000000000000000000
connection 28 34 -3.842114153472703020 0 0.000000000000000000 -3345418585266623057883815315993333646858830664910712696223119422510203121025455258448678535532358221278412297076055149171552477697430235536463734957311709383542767565999208363196416.000000000000000000
connection 28 26 -4.511787478348226799 0 0.000000000000000000 -3345418585266623057883815315993333646858830664910712696223119422510203121025455258448678535532358221278412297076055149171552477697430235536463734957311709383542767565999208363196416.000000000000000000
connection 28 27 -2.751082705747940782 0 0.000000000000000000 -3345418585266623057883815315993333646858830664910712696223119422510203121025455258448678535532358221278412297076055149171552477697430235536463734957311709383542767565999208363196416.000000000000000000
connection 28 28 -1.508692465308306252 0 0.000000000000000000 -3345418585266623057883815315993333646858830664910712696223119422510203121025455258448678535532358221278412297076055149171552477697430235536463734957311709383542767565999208363196416.000000000000000000
connection 28 36 -1.444244206686385201 0 0.000000000000000000 -3345418585266623057883815315993333646858830664910712696223119422510203121025455258448678535532358221278412297076055149171552477697430235536463734957311709383542767565999208363196416.000000000000000000
connection 28 37 3.401422844105733923 0 0.000000000000000000 -3345418585266623057883815315993333646858830664910712696223119422510203121025455258448678535532358221278412297076055149171552477697430235536463734957311709383542767565999208363196416.000000000000000000
connection 27 34 -4.106010912038184912 0 0.000000000000000000 -3345418585266623057883815315993333646858830664910712696223119422510203121025455258448678535532358221278412297076055149171552477697430235536463734957311709383542767565999208363196416.000000000000000000
connection 27 26 -4.564043121610139586 0 0.000000000000000000 -3345418585266623057883815315993333646858830664910712696223119422510203121025455258448678535532358221278412297076055149171552477697430235536463734957311709383542767565999208363196416.000000000000000000
connection 27 39 -2.752884803568036887 0 0.000000000000000000 -3345418585266623057883815315993333646858830664910712696223119422510203121025455258448678535532358221278412297076055149171552477697430235536463734957311709383542767565999208363196416.000000000000000000
connection 27 36 -2.167636255697379166 0 0.000000000000000000 -3345418585266623057883815315993333646858830664910712696223119422510203121025455258448678535532358221278412297076055149171552477697430235536463734957311709383542767565999208363196416.000000000000000000
connection 27 38 1.017575145515176693 0 0.000000000000000000 -3345418585266623057883815315993333646858830664910712696223119422510203121025455258448678535532358221278412297076055149171552477697430235536463734957311709383542767565999208363196416.000000000000000000
connection 29 34 -3.557776417539909364 0 0.000000000000000000 -3345418585266623057883815315993333646858830664910712696223119422510203121025455258448678535532358221278412297076055149171552477697430235536463734957311709383542767565999208363196416.000000000000000000
connection 29 26 -4.402705147042657252 0 0.000000000000000000 -3345418585266623057883815315993333646858830664910712696223119422510203121025455258448678535532358221278412297076055149171552477697430235536463734957311709383542767565999208363196416.000000000000000000
connection 29 27 -2.156192483625811729 0 0.000000000000000000 -3345418585266623057883815315993333646858830664910712696223119422510203121025455258448678535532358221278412297076055149171552477697430235536463734957311709383542767565999208363196416.000000000000000000
connection 29 29 1.032059908482496624 0 0.000000000000000000 -3345418585266623057883815315993333646858830664910712696223119422510203121025455258448678535532358221278412297076055149171552477697430235536463734957311709383542767565999208363196416.000000000000000000
connection 29 35 1.130915890230006715 0 0.000000000000000000 -3345418585266623057883815315993333646858830664910712696223119422510203121025455258448678535532358221278412297076055149171552477697430235536463734957311709383542767565999208363196416.000000000000000000
connection 29 37 3.903938778389590247 0 0.000000000000000000 -3345418585266623057883815315993333646858830664910712696223119422510203121025455258448678535532358221278412297076055149171552477697430235536463734957311709383542767565999208363196416.000000000000000000
connection 30 34 -3.387990479640790920 0 0.000000000000000000 -3345418585266623057883815315993333646858830664910712696223119422510203121025455258448678535532358221278412297076055149171552477697430235536463734957311709383542767565999208363196416.000000000000000000
connection 30 26 -4.310654414369252230 0 0.000000000000000000 -3345418585266623057883815315993333646858830664910712696223119422510203121025455258448678535532358221278412297076055149171552477697430235536463734957311709383542767565999208363196416.000000000000000000
connection 30 27 -1.800497461822804235 0 0.000000000000000000 -3345418585266623057883815315993333646858830664910712696223119422510203121025455258448678535532358221278412297076055149171552477697430235536463734957311709383542767565999208363196416.000000000000000000
connection 30 38 3.050368243490840570 0 0.000000000000000000 -3345418585266623057883815315993333646858830664910712696223119422510203121025455258448678535532358221278412297076055149171552477697430235536463734957311709383542767565999208363196416.000000000000000000
connection 30 37 4.107786782664367919 0 0.000000000000000000 -3345418585266623057883815315993333646858830664910712696223119422510203121025455258448678535532358221278412297076055149171552477697430235536463734957311709383542767565999208363196416.000000000000000000
connection 31 34 -4.582028020202628227 0 0.000000000000000000 -3345418585266623057883815315993333646858830664910712696223119422510203121025455258448678535532358221278412297076055149171552477697430235536463734957311709383542767565999208363196416.000000000000000000
connection 31 39 -4.111771434321067176 0 0.000000000000000000 -3345418585266623057883815315993333646858830664910712696223119422510203121025455258448678535532358221278412297076055149171552477697430235536463734957311709383542767565999208363196416.000000000000000000
connection 31 30 -2.784568156426389773 0 0.000000000000000000 -3345418585266623057883815315993333646858830664910712696223119422510203121025455258448678535532358221278412297076055149171552477697430235536463734957311709383542767565999208363196416.000000000000000000
connection 33 34 -4.416916134702806751 0 0.000000000000000000 -3345418585266623057883815315993333646858830664910712696223119422510203121025455258448678535532358221278412297076055149171552477697430235536463734957311709383542767565999208363196416.000000000000000000
connection 33 39 -3.600416075437827157 0 0.000000000000000000 -3345418585266623057883815315993333646858830664910712696223119422510203121025455258448678535532358221278412297076055149171552477697430235536463734957311709383542767565999208363196416.000000000000000000
connection 33 35 -2.153892912259315118 0 0.000000000000000000 -3345418585266623057883815315993333646858830664910712696223119422510203121025455258448678535532358221278412297076055149171552477697430235536463734957311709383542767565999208363196416.000000000000000000
connection 33 36 -3.238251788685391652 0 0.000000000000000000 -3345418585266623057883815315993333646858830664910712696223119422510203121025455258448678535532358221278412297076055149171552477697430235536463734957311709383542767565999208363196416.000000000000000000
connection 33 37 1.026176640758817094 0 0.000000000000000000 -3345418585266623057883815315993333646858830664910712696223119422510203121025455258448678535532358221278412297076055149171552477697430235536463734957311709383542767565999208363196416.000000000000000000
connection 34 34 -4.358522938400646751 0 0.000000000000000000 -3345418585266623057883815315993333646858830664910712696223119422510203121025455258448678535532358221278412297076055149171552477697430235536463734957311709383542767565999208363196416.000000000000000000
connection 34 26 -4.593760137023902956 0 0.000000000000000000 -3345418585266623057883815315993333646858830664910712696223119422510203121025455258448678535532358221278412297076055149171552477697430235536463734957311709383542767565999208363196416.000000000000000000
connection 34 39 -3.399304611910925811 0 0.000000000000000000 -3345418585266623057883815315993333646858830664910712696223119422510203121025455258448678535532358221278412297076055149171552477697430235536463734957311709383542767565999208363196416.000000000000000000
connection 34 35 -1.841614890217169620 0 0.000000000000000000 -3345418585266623057883815315993333646858830664910712696223119422510203121025455258448678535532358221278412297076055149171552477697430235536463734957311709383542767565999208363196416.000000000000000000
connection 34 36 -2.998929014008801630 0 0.000000000000000000 -3345418585266623057883815315993333646858830664910712696223119422510203121025455258448678535532358221278412297076055149171552477697430235536463734957311709383542767565999208363196416.000000000000000000
connection 35 34 -3.569685856644118971 0 0.000000000000000000 -3345418585266623057883815315993333646858830664910712696223119422510203121025455258448678535532358221278412297076055149171552477697430235536463734957311709383542767565999208363196416.000000000000000000
connection 35 26 -4.359431380700847569 0 0.000000000000000000 -3345418585266623057883815315993333646858830664910712696223119422510203121025455258448678535532358221278412297076055149171552477697430235536463734957311709383542767565999208363196416.000000000000000000
connection 35 27 -2.129121951784278544 0 0.000000000000000000 -3345418585266623057883815315993333646858830664910712696223119422510203121025455258448678535532358221278412297076055149171552477697430235536463734957311709383542767565999208363196416.000000000000000000
connection 35 29 1.046614600364032643 0 0.000000000000000000 -3345418585266623057883815315993333646858830664910712696223119422510203121025455258448678535532358221278412297076055149171552477697430235536463734957311709383542767565999208363196416.000000000000000000
connection 35 35 1.089053631003259914 0 0.000000000000000000 -3345418585266623057883815315993333646858830664910712696223119422510203121025455258448678535532358221278412297076055149171552477697430235536463734957311709383542767565999208363196416.000000000000000000
connection 35 37 3.898432627311689824 0 0.000000000000000000 -3345418585266623057883815315993333646858830664910712696223119422510203121025455258448678535532358221278412297076055149171552477697430235536463734957311709383542767565999208363196416.000000000000000000
connection 36 34 -3.879646132889394750 0 0.000000000000000000 -3345418585266623057883815315993333646858830664910712696223119422510203121025455258448678535532358221278412297076055149171552477697430235536463734957311709383542767565999208363196416.000000000000000000
connection 36 26 -4.474908556211174115 0 0.000000000000000000 -3345418585266623057883815315993333646858830664910712696223119422510203121025455258448678535532358221278412297076055149171552477697430235536463734957311709383542767565999208363196416.000000000000000000
connection 36 27 -2.729278371952414961 0 0.000000000000000000 -3345418585266623057883815315993333646858830664910712696223119422510203121025455258448678535532358221278412297076055149171552477697430235536463734957311709383542767565999208363196416.000000000000000000
connection 36 28 -1.488295836869453215 0 0.000000000000000000 -3345418585266623057883815315993333646858830664910712696223119422510203121025455258448678535532358221278412297076055149171552477697430235536463734957311709383542767565999208363196416.000000000000000000
connection 36 36 -1.467346968934984952 0 0.000000000000000000 -3345418585266623057883815315993333646858830664910712696223119422510203121025455258448678535532358221278412297076055149171552477697430235536463734957311709383542767565999208363196416.000000000000000000
connection 36 37 3.356992290097995379 0 0.000000000000000000 -3345418585266623057883815315993333646858830664910712696223119422510203121025455258448678535532358221278412297076055149171552477697430235536463734957311709383542767565999208363196416.000000000000000000
connection 40 34 -4.496191770093429518 0 0.000000000000000000 -3345418585266623057883815315993333646858830664910712696223119422510203121025455258448678535532358221278412297076055149171552477697430235536463734957311709383542767565999208363196416.000000000000000000
connection 40 39 -3.910186614399089766 0 0.000000000000000000 -3345418585266623057883815315993333646858830664910712696223119422510203121025455258448678535532358221278412297076055149171552477697430235536463734957311709383542767565999208363196416.000000000000000000
connection 40 35 -2.712626733158682857 0 0.000000000000000000 -3345418585266623057883815315993333646858830664910712696223119422510203121025455258448678535532358221278412297076055149171552477697430235536463734957311709383542767565999208363196416.000000000000000000
connection 40 36 -3.612706901173135865 0 0.000000000000000000 -3345418585266623057883815315993333646858830664910712696223119422510203121025455258448678535532358221278412297076055149171552477697430235536463734957311709383542767565999208363196416.000000000000000000
connection 40 38 -1.529947091694241479 0 0.000000000000000000 -3345418585266623057883815315993333646858830664910712696223119422510203121025455258448678535532358221278412297076055149171552477697430235536463734957311709383542767565999208363196416.000000000000000000
connection 37 34 -2.684428242792633146 0 0.000000000000000000 -3345418585266623057883815315993333646858830664910712696223119422510203121025455258448678535532358221278412297076055149171552477697430235536463734957311709383542767565999208363196416.000000000000000000
connection 37 26 -4.056576228369358716 0 0.000000000000000000 -3345418585266623057883815315993333646858830664910712696223119422510203121025455258448678535532358221278412297076055149171552477697430235536463734957311709383542767565999208363196416.000000000000000000
connection 37 28 1.054304264697296434 0 0.000000000000000000 -3345418585266623057883815315993333646858830664910712696223119422510203121025455258448678535532358221278412297076055149171552477697430235536463734957311709383542767565999208363196416.000000000000000000
connection 32 34 -4.615904312670620513 0 0.000000000000000000 -3345418585266623057883815315993333646858830664910712696223119422510203121025455258448678535532358221278412297076055149171552477697430235536463734957311709383542767565999208363196416.000000000000000000
connection 32 39 -4.298342547860048768 0 0.000000000000000000 -3345418585266623057883815315993333646858830664910712696223119422510203121025455258448678535532358221278412297076055149171552477697430235536463734957311709383542767565999208363196416.000000000000000000
connection 32 30 -3.245141686571363593 0 0.000000000000000000 -3345418585266623057883815315993333646858830664910712696223119422510203121025455258448678535532358221278412297076055149171552477697430235536463734957311709383542767565999208363196416.000000000000000000
connection 38 34 -3.177269435648092166 0 0.000000000000000000 -3345418585266623057883815315993333646858830664910712696223119422510203121025455258448678535532358221278412297076055149171552477697430235536463734957311709383542767565999208363196416.000000000000000000
connection 38 26 -4.252215239740074537 0 0.000000000000000000 -3345418585266623057883815315993333646858830664910712696223119422510203121025455258448678535532358221278412297076055149171552477697430235536463734957311709383542767565999208363196416.000000000000000000
connection 38 27 -1.444661408293103078 0 0.000000000000000000 -3345418585266623057883815315993333646858830664910712696223119422510203121025455258448678535532358221278412297076055149171552477697430235536463734957311709383542767565999208363196416.000000000000000000
connection 38 38 3.368646442503637317 0 0.000000000000000000 -3345418585266623057883815315993333646858830664910712696223119422510203121025455258448678535532358221278412297076055149171552477697430235536463734957311709383542767565999208363196416.000000000000000000
connection 38 37 4.281082726318119036 0 0.000000000000000000 -3345418585266623057883815315993333646858830664910712696223119422510203121025455258448678535532358221278412297076055149171552477697430235536463734957311709383542767565999208363196416.000000000000000000
connection 30 14 -4.621974075517428560 0 0.000000000000000000 -3345418585266623057883815315993333646858830664910712696223119422510203121025455258448678535532358221278412297076055149171552477697430235536463734957311709383542767565999208363196416.000000000000000000
connection 39 15 -4.657284028636873074 0 0.000000000000000000 -3345418585266623057883815315993333646858830664910712696223119422510203121025455258448678535532358221278412297076055149171552477697430235536463734957311709383542767565999208363196416.000000000000000000
connection 30 15 -4.562710070000009388 0 0.000000000000000000 -3345418585266623057883815315993333646858830664910712696223119422510203121025455258448678535532358221278412297076055149171552477697430235536463734957311709383542767565999208363196416.000000000000000000
connection 34 16 -4.602820675036421783 0 0.000000000000000000 -3345418585266623057883815315993333646858830664910712696223119422510203121025455258448678535532358221278412297076055149171552477697430235536463734957311709383542767565999208363196416.000000000000000000
connection 39 16 -4.591051562069319303 0 0.000000000000000000 -3345418585266623057883815315993333646858830664910712696223119422510203121025455258448678535532358221278412297076055149171552477697430235536463734957311709383542767565999208363196416.000000000000000000
connection 30 16 -4.433107389605804194 0 0.000000000000000000 -3345418585266623057883815315993333646858830664910712696223119422510203121025455258448678535532358221278412297076055149171552477697430235536463734957311709383542767565999208363196416.000000000000000000
connection 34 17 -4.534067936368197493 0 0.000000000000000000 -3345418585266623057883815315993333646858830664910712696223119422510203121025455258448678535532358221278412297076055149171552477697430235536463734957311709383542767565999208363196416.000000000000000000
connection 26 17 -4.633687928430262559 0 0.000000000000000000 -3345418585266623057883815315993333646858830664910712696223119422510203121025455258448678535532358221278412297076055149171552477697430235536463734957311709383542767565999208363196416.000000000000000000
connection 39 17 -4.447910386408922889 0 0.000000000000000000 -3345418585266623057883815315993333646858830664910712696223119422510203121025455258448678535532358221278412297076055149171552477697430235536463734957311709383542767565999208363196416.000000000000000000
connection 30 17 -4.165900827089048519 0 0.000000000000000000 -3345418585266623057883815315993333646858830664910712696223119422510203121025455258448678535532358221278412297076055149171552477697430235536463734957311709383542767565999208363196416.000000000000000000
connection 34 18 -4.384173386981619736 0 0.000000000000000000 -3345418585266623057883815315993333646858830664910712696223119422510203121025455258448678535532358221278412297076055149171552477697430235536463734957311709383542767565999208363196416.000000000000000000
connection 26 18 -4.555950113700546922 0 0.000000000000000000 -3345418585266623057883815315993333646858830664910712696223119422510203121025455258448678535532358221278412297076055149171552477697430235536463734957311709383542767565999208363196416.000000000000000000
connection 39 18 -4.156414715660872616 0 0.000000000000000000 -3345418585266623057883815315993333646858830664910712696223119422510203121025455258448678535532358221278412297076055149171552477697430235536463734957311709383542767565999208363196416.000000000000000000
connection 30 18 -3.653275620610435759 0 0.000000000000000000 -3345418585266623057883815315993333646858830664910712696223119422510203121025455258448678535532358221278412297076055149171552477697430235536463734957311709383542767565999208363196416.000000000000000000
connection 34 20 -3.500315311960536135 0 0.000000000000000000 -3345418585266623057883815315993333646858830664910712696223119422510203121025455258448678535532358221278412297076055149171552477697430235536463734957311709383542767565999208363196416.000000000000000000
connection 26 20 -4.056178025409844068 0 0.000000000000000000 -3345418585266623057883815315993333646858830664910712696223119422510203121025455258448678535532358221278412297076055149171552477697430235536463734957311709383542767565999208363196416.000000000000000000
connection 39 20 -2.637933405142251164 0 0.000000000000000000 -3345418585266623057883815315993333646858830664910712696223119422510203121025455258448678535532358221278412297076055149171552477697430235536463734957311709383542767565999208363196416.000000000000000000
connection 30 20 -1.318997302173800845 0 0.000000000000000000 -3345418585266623057883815315993333646858830664910712696223119422510203121025455258448678535532358221278412297076055149171552477697430235536463734957311709383542767565999208363196416.000000000000000000
connection 34 21 -2.497847936881397501 0 0.000000000000000000 -3345418585266623057883815315993333646858830664910712696223119422510203121025455258448678535532358221278412297076055149171552477697430235536463734957311709383542767565999208363196416.000000000000000000
connection 26 21 -3.432759273324293314 0 0.000000000000000000 -3345418585266623057883815315993333646858830664910712696223119422510203121025455258448678535532358221278412297076055149171552477697430235536463734957311709383542767565999208363196416.000000000000000000
connection 39 21 -1.141032661537425108 0 0.000000000000000000 -3345418585266623057883815315993333646858830664910712696223119422510203121025455258448678535532358221278412297076055149171552477697430235536463734957311709383542767565999208363196416.000000000000000000
NNend

