NNstart
8 5
neuron 1 1.000000000000000000 0.000000000000000000 0.000000000000000000 0.000000000000000000 11 0.000000000000000000
neuron 1 1.000000000000000000 0.000000000000000000 0.000000000000000000 0.000000000000000000 11 0.000000000000000000
neuron 1 1.000000000000000000 0.000000000000000000 0.000000000000000000 0.000000000000000000 11 0.000000000000000000
neuron 1 1.000000000000000000 0.000000000000000000 0.000000000000000000 0.000000000000000000 11 0.000000000000000000
neuron 1 1.000000000000000000 0.000000000000000000 0.000000000000000000 0.000000000000000000 11 0.000000000000000000
neuron 1 1.000000000000000000 0.000000000000000000 0.000000000000000000 0.000000000000000000 11 0.000000000000000000
neuron 1 1.000000000000000000 0.000000000000000000 0.000000000000000000 0.000000000000000000 11 0.000000000000000000
neuron 2 1.000000000000000000 0.000000000000000000 0.000000000000000000 0.000000000000000000 11 0.000000000000000000
neuron 4 1.000000000000000000 0.000000000000000000 0.000000000000000000 0.000000000000000000 1 0.000000000000000000
neuron 4 1.000000000000000000 0.000000000000000000 0.000000000000000000 0.000000000000000000 1 0.000000000000000000
neuron 4 1.000000000000000000 0.000000000000000000 0.000000000000000000 0.000000000000000000 1 0.000000000000000000
neuron 4 1.000000000000000000 0.000000000000000000 0.000000000000000000 0.000000000000000000 1 0.000000000000000000
neuron 4 1.000000000000000000 0.000000000000000000 0.000000000000000000 0.000000000000000000 1 0.000000000000000000
neuron 3 1.000000000000000000 0.000000000000000000 0.000000000000000000 0.000000000000000000 0 0.000000000000000000
neuron 3 1.000000000000000000 0.000000000000000000 0.000000000000000000 0.000000000000000000 0 0.000000000000000000
neuron 3 1.000000000000000000 0.000000000000000000 0.000000000000000000 0.000000000000000000 0 0.000000000000000000
neuron 3 1.000000000000000000 0.000000000000000000 0.000000000000000000 0.000000000000000000 0 0.000000000000000000
neuron 3 1.000000000000000000 0.000000000000000000 0.000000000000000000 0.000000000000000000 0 0.000000000000000000
neuron 3 1.000000000000000000 0.000000000000000000 0.000000000000000000 0.000000000000000000 0 0.000000000000000000
neuron 3 1.000000000000000000 0.000000000000000000 0.000000000000000000 0.000000000000000000 0 0.000000000000000000
neuron 3 1.000000000000000000 0.000000000000000000 0.000000000000000000 0.000000000000000000 0 0.000000000000000000
neuron 3 1.000000000000000000 0.000000000000000000 0.000000000000000000 0.000000000000000000 0 0.000000000000000000
neuron 3 1.000000000000000000 0.000000000000000000 0.000000000000000000 0.000000000000000000 0 0.000000000000000000
neuron 3 1.000000000000000000 0.000000000000000000 0.000000000000000000 0.000000000000000000 0 0.000000000000000000
neuron 3 1.000000000000000000 0.000000000000000000 0.000000000000000000 0.000000000000000000 0 0.000000000000000000
neuron 3 1.000000000000000000 0.000000000000000000 0.000000000000000000 0.000000000000000000 0 0.000000000000000000
neuron 3 1.000000000000000000 0.000000000000000000 0.000000000000000000 0.000000000000000000 0 0.000000000000000000
neuron 3 1.000000000000000000 0.000000000000000000 0.000000000000000000 0.000000000000000000 0 0.000000000000000000
neuron 3 1.000000000000000000 0.000000000000000000 0.000000000000000000 0.000000000000000000 0 0.000000000000000000
neuron 3 1.000000000000000000 0.000000000000000000 0.000000000000000000 0.000000000000000000 0 0.000000000000000000
neuron 3 1.000000000000000000 0.000000000000000000 0.000000000000000000 0.000000000000000000 0 0.000000000000000000
neuron 3 1.000000000000000000 0.000000000000000000 0.000000000000000000 0.000000000000000000 0 0.000000000000000000
neuron 3 1.000000000000000000 0.000000000000000000 0.000000000000000000 0.000000000000000000 0 0.000000000000000000
neuron 3 1.000000000000000000 0.000000000000000000 0.000000000000000000 0.000000000000000000 0 0.000000000000000000
neuron 3 1.000000000000000000 0.000000000000000000 0.000000000000000000 0.000000000000000000 0 0.000000000000000000
neuron 3 1.000000000000000000 0.000000000000000000 0.000000000000000000 0.000000000000000000 0 0.000000000000000000
neuron 3 1.000000000000000000 0.000000000000000000 0.000000000000000000 0.000000000000000000 0 0.000000000000000000
neuron 3 1.000000000000000000 0.000000000000000000 0.000000000000000000 0.000000000000000000 0 0.000000000000000000
neuron 3 1.000000000000000000 0.000000000000000000 0.000000000000000000 0.000000000000000000 0 0.000000000000000000
neuron 3 1.000000000000000000 0.000000000000000000 0.000000000000000000 0.000000000000000000 0 0.000000000000000000
neuron 3 1.000000000000000000 0.000000000000000000 0.000000000000000000 0.000000000000000000 0 0.000000000000000000
neuron 3 1.000000000000000000 0.000000000000000000 0.000000000000000000 0.000000000000000000 0 0.000000000000000000
neuron 3 1.000000000000000000 0.000000000000000000 0.000000000000000000 0.000000000000000000 0 0.000000000000000000
neuron 3 1.000000000000000000 0.000000000000000000 0.000000000000000000 0.000000000000000000 0 0.000000000000000000
neuron 3 1.000000000000000000 0.000000000000000000 0.000000000000000000 0.000000000000000000 0 0.000000000000000000
neuron 3 1.000000000000000000 0.000000000000000000 0.000000000000000000 0.000000000000000000 0 0.000000000000000000
neuron 3 1.000000000000000000 0.000000000000000000 0.000000000000000000 0.000000000000000000 0 0.000000000000000000
neuron 3 1.000000000000000000 0.000000000000000000 0.000000000000000000 0.000000000000000000 0 0.000000000000000000
neuron 3 1.000000000000000000 0.000000000000000000 0.000000000000000000 0.000000000000000000 0 0.000000000000000000
neuron 3 1.000000000000000000 0.000000000000000000 0.000000000000000000 0.000000000000000000 0 0.000000000000000000
neuron 3 1.000000000000000000 0.000000000000000000 0.000000000000000000 0.000000000000000000 0 0.000000000000000000
neuron 3 1.000000000000000000 0.000000000000000000 0.000000000000000000 0.000000000000000000 0 0.000000000000000000
neuron 3 1.000000000000000000 0.000000000000000000 0.000000000000000000 0.000000000000000000 0 0.000000000000000000
neuron 3 1.000000000000000000 0.000000000000000000 0.000000000000000000 0.000000000000000000 0 0.000000000000000000
neuron 3 1.000000000000000000 0.000000000000000000 0.000000000000000000 0.000000000000000000 0 0.000000000000000000
neuron 3 1.000000000000000000 0.000000000000000000 0.000000000000000000 0.000000000000000000 0 0.000000000000000000
neuron 3 1.000000000000000000 0.000000000000000000 0.000000000000000000 0.000000000000000000 0 0.000000000000000000
neuron 3 1.000000000000000000 0.000000000000000000 0.000000000000000000 0.000000000000000000 0 0.000000000000000000
neuron 3 1.000000000000000000 0.000000000000000000 0.000000000000000000 0.000000000000000000 0 0.000000000000000000
neuron 3 1.000000000000000000 0.000000000000000000 0.000000000000000000 0.000000000000000000 0 0.000000000000000000
neuron 3 1.000000000000000000 0.000000000000000000 0.000000000000000000 0.000000000000000000 0 0.000000000000000000
neuron 3 1.000000000000000000 0.000000000000000000 0.000000000000000000 0.000000000000000000 0 0.000000000000000000
neuron 3 1.000000000000000000 0.000000000000000000 0.000000000000000000 0.000000000000000000 0 0.000000000000000000
neuron 3 1.000000000000000000 0.000000000000000000 0.000000000000000000 0.000000000000000000 0 0.000000000000000000
neuron 3 1.000000000000000000 0.000000000000000000 0.000000000000000000 0.000000000000000000 0 0.000000000000000000
neuron 3 1.000000000000000000 0.000000000000000000 0.000000000000000000 0.000000000000000000 0 0.000000000000000000
neuron 3 1.000000000000000000 0.000000000000000000 0.000000000000000000 0.000000000000000000 0 0.000000000000000000
neuron 3 1.000000000000000000 0.000000000000000000 0.000000000000000000 0.000000000000000000 0 0.000000000000000000
neuron 3 1.000000000000000000 0.000000000000000000 0.000000000000000000 0.000000000000000000 0 0.000000000000000000
neuron 3 1.000000000000000000 0.000000000000000000 0.000000000000000000 0.000000000000000000 0 0.000000000000000000
neuron 3 1.000000000000000000 0.000000000000000000 0.000000000000000000 0.000000000000000000 0 0.000000000000000000
neuron 3 1.000000000000000000 0.000000000000000000 0.000000000000000000 0.000000000000000000 0 0.000000000000000000
neuron 3 1.000000000000000000 0.000000000000000000 0.000000000000000000 0.000000000000000000 0 0.000000000000000000
neuron 3 1.000000000000000000 0.000000000000000000 0.000000000000000000 0.000000000000000000 0 0.000000000000000000
neuron 3 1.000000000000000000 0.000000000000000000 0.000000000000000000 0.000000000000000000 0 0.000000000000000000
neuron 3 1.000000000000000000 0.000000000000000000 0.000000000000000000 0.000000000000000000 0 0.000000000000000000
neuron 3 1.000000000000000000 0.000000000000000000 0.000000000000000000 0.000000000000000000 0 0.000000000000000000
neuron 3 1.000000000000000000 0.000000000000000000 0.000000000000000000 0.000000000000000000 0 0.000000000000000000
neuron 3 1.000000000000000000 0.000000000000000000 0.000000000000000000 0.000000000000000000 0 0.000000000000000000
neuron 3 1.000000000000000000 0.000000000000000000 0.000000000000000000 0.000000000000000000 0 0.000000000000000000
neuron 3 1.000000000000000000 0.000000000000000000 0.000000000000000000 0.000000000000000000 0 0.000000000000000000
neuron 3 1.000000000000000000 0.000000000000000000 0.000000000000000000 0.000000000000000000 0 0.000000000000000000
neuron 3 1.000000000000000000 0.000000000000000000 0.000000000000000000 0.000000000000000000 0 0.000000000000000000
neuron 3 1.000000000000000000 0.000000000000000000 0.000000000000000000 0.000000000000000000 0 0.000000000000000000
neuron 3 1.000000000000000000 0.000000000000000000 0.000000000000000000 0.000000000000000000 0 0.000000000000000000
neuron 3 1.000000000000000000 0.000000000000000000 0.000000000000000000 0.000000000000000000 0 0.000000000000000000
neuron 3 1.000000000000000000 0.000000000000000000 0.000000000000000000 0.000000000000000000 0 0.000000000000000000
neuron 3 1.000000000000000000 0.000000000000000000 0.000000000000000000 0.000000000000000000 0 0.000000000000000000
neuron 3 1.000000000000000000 0.000000000000000000 0.000000000000000000 0.000000000000000000 0 0.000000000000000000
neuron 3 1.000000000000000000 0.000000000000000000 0.000000000000000000 0.000000000000000000 0 0.000000000000000000
connection 0 13 1.937808944225782870 0 0.000000000000000000 0.000000000000000000
connection 0 14 4.461691478146714296 0 0.000000000000000000 0.000000000000000000
connection 0 15 -2.071810891875966121 0 0.000000000000000000 0.000000000000000000
connection 0 16 2.866565954737378963 0 0.000000000000000000 0.000000000000000000
connection 0 17 0.914794533073554739 0 0.000000000000000000 0.000000000000000000
connection 0 18 -3.815342933969948724 0 0.000000000000000000 0.000000000000000000
connection 1 19 1.939458673508094311 0 0.000000000000000000 0.000000000000000000
connection 1 20 5.187927543481717585 0 0.000000000000000000 0.000000000000000000
connection 1 21 4.179861667045409845 0 0.000000000000000000 0.000000000000000000
connection 1 22 0.312684856695549795 0 0.000000000000000000 0.000000000000000000
connection 1 23 -1.392738181510801754 0 0.000000000000000000 0.000000000000000000
connection 1 24 2.871431069976523531 0 0.000000000000000000 0.000000000000000000
connection 1 25 1.285092845261673444 0 0.000000000000000000 0.000000000000000000
connection 1 26 -3.007407906713062573 0 0.000000000000000000 0.000000000000000000
connection 1 13 -4.389786551341247289 0 0.000000000000000000 0.000000000000000000
connection 1 27 -0.471567540891013715 0 0.000000000000000000 0.000000000000000000
connection 1 14 -2.220418690643632953 0 0.000000000000000000 0.000000000000000000
connection 1 28 -5.472997936673013264 0 0.000000000000000000 0.000000000000000000
connection 1 29 3.736833505979001657 0 0.000000000000000000 0.000000000000000000
connection 1 30 2.241997389595342671 0 0.000000000000000000 0.000000000000000000
connection 1 31 0.489922655075966662 0 0.000000000000000000 0.000000000000000000
connection 1 32 4.514014570687365335 0 0.000000000000000000 0.000000000000000000
connection 1 33 3.151706159899530402 0 0.000000000000000000 0.000000000000000000
connection 1 34 -1.354002696925620475 0 0.000000000000000000 0.000000000000000000
connection 1 35 -5.730341728459952044 0 0.000000000000000000 0.000000000000000000
connection 2 19 -4.106276369481705935 0 0.000000000000000000 0.000000000000000000
connection 2 20 -0.923721319567127219 0 0.000000000000000000 0.000000000000000000
connection 2 21 -2.239801586110114151 0 0.000000000000000000 0.000000000000000000
connection 2 22 -5.041769640326892343 0 0.000000000000000000 0.000000000000000000
connection 2 36 2.615714845748795980 0 0.000000000000000000 0.000000000000000000
connection 2 37 5.245355313491593563 0 0.000000000000000000 0.000000000000000000
connection 2 38 4.482848649435360322 0 0.000000000000000000 0.000000000000000000
connection 2 39 1.389996318476464987 0 0.000000000000000000 0.000000000000000000
connection 2 40 3.526676167352644331 0 0.000000000000000000 0.000000000000000000
connection 2 41 2.365052981346358774 0 0.000000000000000000 0.000000000000000000
connection 2 42 -1.379419571296749636 0 0.000000000000000000 0.000000000000000000
connection 2 43 -5.247773232074917971 0 0.000000000000000000 0.000000000000000000
connection 2 44 5.132511815507763586 0 0.000000000000000000 0.000000000000000000
connection 2 45 1.993745214835999535 0 0.000000000000000000 0.000000000000000000
connection 2 46 5.063443491663273122 0 0.000000000000000000 0.000000000000000000
connection 2 47 4.125295138749529578 0 0.000000000000000000 0.000000000000000000
connection 2 48 0.511281164307967995 0 0.000000000000000000 0.000000000000000000
connection 2 49 -6.545875439543058505 0 0.000000000000000000 0.000000000000000000
connection 2 29 -2.753717998604436445 0 0.000000000000000000 0.000000000000000000
connection 2 50 1.017226045632152021 0 0.000000000000000000 0.000000000000000000
connection 2 51 -0.454452096595438226 0 0.000000000000000000 0.000000000000000000
connection 2 30 -3.996019307949265187 0 0.000000000000000000 0.000000000000000000
connection 2 31 -5.042047838357393452 0 0.000000000000000000 0.000000000000000000
connection 2 32 -1.947756399211300282 0 0.000000000000000000 0.000000000000000000
connection 2 33 -3.345683057122694759 0 0.000000000000000000 0.000000000000000000
connection 2 34 -5.868676217531131556 0 0.000000000000000000 0.000000000000000000
connection 2 35 -7.255704635422561388 0 0.000000000000000000 0.000000000000000000
connection 3 52 -6.327833890894822844 0 0.000000000000000000 0.000000000000000000
connection 3 36 -3.535469556827012472 0 0.000000000000000000 0.000000000000000000
connection 3 37 -0.771164303799210527 0 0.000000000000000000 0.000000000000000000
connection 3 38 -1.801398276624339267 0 0.000000000000000000 0.000000000000000000
connection 3 39 -4.337099347698901930 0 0.000000000000000000 0.000000000000000000
connection 3 53 -4.444880080519932442 0 0.000000000000000000 0.000000000000000000
connection 3 54 2.319438400418597279 0 0.000000000000000000 0.000000000000000000
connection 3 55 4.853911606617351993 0 0.000000000000000000 0.000000000000000000
connection 3 56 4.127734596387024446 0 0.000000000000000000 0.000000000000000000
connection 3 57 1.310043271946515375 0 0.000000000000000000 0.000000000000000000
connection 3 58 0.239347311361854637 0 0.000000000000000000 0.000000000000000000
connection 3 59 3.284905745884256323 0 0.000000000000000000 0.000000000000000000
connection 3 60 2.327423552452037470 0 0.000000000000000000 0.000000000000000000
connection 3 61 -0.864750757381560597 0 0.000000000000000000 0.000000000000000000
connection 3 62 -1.967179668175974783 0 0.000000000000000000 0.000000000000000000
connection 3 63 1.266334843548754474 0 0.000000000000000000 0.000000000000000000
connection 3 64 -3.028250409424664724 0 0.000000000000000000 0.000000000000000000
connection 3 65 4.907377502548783355 0 0.000000000000000000 0.000000000000000000
connection 3 66 2.272334692529289768 0 0.000000000000000000 0.000000000000000000
connection 3 67 4.914770248834602562 0 0.000000000000000000 0.000000000000000000
connection 3 68 4.147412070237077586 0 0.000000000000000000 0.000000000000000000
connection 3 69 1.136074417962790184 0 0.000000000000000000 0.000000000000000000
connection 3 45 -4.008733030336419922 0 0.000000000000000000 0.000000000000000000
connection 3 46 -1.060073839100563742 0 0.000000000000000000 0.000000000000000000
connection 3 47 -2.239303866822398792 0 0.000000000000000000 0.000000000000000000
connection 3 48 -4.876325215041521055 0 0.000000000000000000 0.000000000000000000
connection 4 70 -3.116035457643205220 0 0.000000000000000000 0.000000000000000000
connection 4 71 1.580385759206763385 0 0.000000000000000000 0.000000000000000000
connection 4 72 4.366889243833158574 0 0.000000000000000000 0.000000000000000000
connection 4 73 3.532830421603906146 0 0.000000000000000000 0.000000000000000000
connection 4 74 0.577574752567832417 0 0.000000000000000000 0.000000000000000000
connection 4 75 -0.403773479112331579 0 0.000000000000000000 0.000000000000000000
connection 4 76 2.619400227120398661 0 0.000000000000000000 0.000000000000000000
connection 4 77 1.654349243106268075 0 0.000000000000000000 0.000000000000000000
connection 4 78 -1.341168729781500035 0 0.000000000000000000 0.000000000000000000
connection 4 79 -4.414009165405354373 0 0.000000000000000000 0.000000000000000000
connection 4 44 -5.453058327057405563 0 0.000000000000000000 0.000000000000000000
connection 4 80 -2.221326419614249925 0 0.000000000000000000 0.000000000000000000
connection 4 81 0.666651723544398389 0 0.000000000000000000 0.000000000000000000
connection 4 82 -0.317695704306554583 0 0.000000000000000000 0.000000000000000000
connection 4 83 -3.037983217528594793 0 0.000000000000000000 0.000000000000000000
connection 4 84 -3.042309620725990094 0 0.000000000000000000 0.000000000000000000
connection 4 85 -6.275850486660295324 0 0.000000000000000000 0.000000000000000000
connection 5 86 -5.775771955368950827 0 0.000000000000000000 0.000000000000000000
connection 13 40 -3.068898854254372477 0 0.000000000000000000 0.000000000000000000
connection 13 41 1.735249709992978451 0 0.000000000000000000 0.000000000000000000
connection 13 42 -1.416291499355519345 0 0.000000000000000000 0.000000000000000000
connection 13 56 -0.648840447948696442 0 0.000000000000000000 0.000000000000000000
connection 13 57 -3.988352479086008096 0 0.000000000000000000 0.000000000000000000
connection 13 58 0.286410796308173121 0 0.000000000000000000 0.000000000000000000
connection 13 27 1.067827843370786400 0 0.000000000000000000 0.000000000000000000
connection 42 22 2.200662369473075142 0 0.000000000000000000 0.000000000000000000
connection 42 36 2.964819109193445712 0 0.000000000000000000 0.000000000000000000
connection 42 67 2.363718821570365947 0 0.000000000000000000 0.000000000000000000
connection 42 68 -0.943760101369368831 0 0.000000000000000000 0.000000000000000000
connection 42 69 3.700121479230615851 0 0.000000000000000000 0.000000000000000000
connection 14 40 -3.360807399537621087 0 0.000000000000000000 0.000000000000000000
connection 14 41 1.474206762182724395 0 0.000000000000000000 0.000000000000000000
connection 14 42 -1.573853113410015103 0 0.000000000000000000 0.000000000000000000
connection 14 56 -1.198596685413535923 0 0.000000000000000000 0.000000000000000000
connection 14 57 -4.343961692088569748 0 0.000000000000000000 0.000000000000000000
connection 14 59 3.250925735020416152 0 0.000000000000000000 0.000000000000000000
connection 14 61 4.277290025690001940 0 0.000000000000000000 0.000000000000000000
connection 14 29 3.593165613249766466 0 0.000000000000000000 0.000000000000000000
connection 15 78 -1.119888010847710280 0 0.000000000000000000 0.000000000000000000
connection 15 62 -3.276858000427112838 0 0.000000000000000000 0.000000000000000000
connection 15 87 4.350681826206949765 0 0.000000000000000000 0.000000000000000000
connection 15 64 1.585614691511225915 0 0.000000000000000000 0.000000000000000000
connection 15 51 -1.454519152635577406 0 0.000000000000000000 0.000000000000000000
connection 15 18 0.817019092411234382 0 0.000000000000000000 0.000000000000000000
connection 16 75 0.451168353124030197 0 0.000000000000000000 0.000000000000000000
connection 16 59 -3.109368466562631550 0 0.000000000000000000 0.000000000000000000
connection 16 60 1.438967482523319630 0 0.000000000000000000 0.000000000000000000
connection 16 61 -2.000213446545051177 0 0.000000000000000000 0.000000000000000000
connection 16 29 -2.847771302530152315 0 0.000000000000000000 0.000000000000000000
connection 16 15 2.111246866280378054 0 0.000000000000000000 0.000000000000000000
connection 16 18 5.667116991760829947 0 0.000000000000000000 0.000000000000000000
connection 56 55 3.951546352987941990 0 0.000000000000000000 0.000000000000000000
connection 56 56 0.641888975071646550 0 0.000000000000000000 0.000000000000000000
connection 56 72 -3.964826739484866636 0 0.000000000000000000 0.000000000000000000
connection 56 73 -6.107798202149885114 0 0.000000000000000000 0.000000000000000000
connection 56 74 -3.623955003518162243 0 0.000000000000000000 0.000000000000000000
connection 56 58 2.061618450928565771 0 0.000000000000000000 0.000000000000000000
connection 56 59 -2.640471601302214033 0 0.000000000000000000 0.000000000000000000
connection 56 60 -4.848259267496599634 0 0.000000000000000000 0.000000000000000000
connection 56 61 -0.998928998235848686 0 0.000000000000000000 0.000000000000000000
connection 56 29 4.470675871497828524 0 0.000000000000000000 0.000000000000000000
connection 56 51 -2.490649056770294578 0 0.000000000000000000 0.000000000000000000
connection 56 30 1.125168143160398593 0 0.000000000000000000 0.000000000000000000
connection 56 15 2.813396300885767420 0 0.000000000000000000 0.000000000000000000
connection 56 17 -4.180742944202059164 0 0.000000000000000000 0.000000000000000000
connection 56 18 -2.271117651325581743 0 0.000000000000000000 0.000000000000000000
connection 78 72 2.855580451822814059 0 0.000000000000000000 0.000000000000000000
connection 78 73 -1.009941126744994921 0 0.000000000000000000 0.000000000000000000
connection 78 74 3.278966116174055756 0 0.000000000000000000 0.000000000000000000
connection 78 76 -4.224199191619470106 0 0.000000000000000000 0.000000000000000000
connection 78 77 -6.011307334561502458 0 0.000000000000000000 0.000000000000000000
connection 78 78 -3.219704128228865869 0 0.000000000000000000 0.000000000000000000
connection 78 59 4.228925539740790995 0 0.000000000000000000 0.000000000000000000
connection 78 60 1.400455889719061986 0 0.000000000000000000 0.000000000000000000
connection 78 63 -1.602454464290651526 0 0.000000000000000000 0.000000000000000000
connection 78 31 3.399817205954463351 0 0.000000000000000000 0.000000000000000000
connection 78 33 -3.536473372405903870 0 0.000000000000000000 0.000000000000000000
connection 78 34 -1.138119172624697972 0 0.000000000000000000 0.000000000000000000
connection 78 17 1.581773441542558833 0 0.000000000000000000 0.000000000000000000
connection 78 18 4.023952250215169002 0 0.000000000000000000 0.000000000000000000
connection 17 78 -1.635300487292534966 0 0.000000000000000000 0.000000000000000000
connection 17 62 -3.515234789314078068 0 0.000000000000000000 0.000000000000000000
connection 17 63 -0.467653815573799758 0 0.000000000000000000 0.000000000000000000
connection 17 87 4.136668391776584741 0 0.000000000000000000 0.000000000000000000
connection 17 64 1.376350214429071128 0 0.000000000000000000 0.000000000000000000
connection 17 80 2.926721010585154659 0 0.000000000000000000 0.000000000000000000
connection 17 51 -1.560145877267462344 0 0.000000000000000000 0.000000000000000000
connection 17 18 0.516889881135539464 0 0.000000000000000000 0.000000000000000000
connection 54 55 3.221670106772364317 0 0.000000000000000000 0.000000000000000000
connection 54 56 -0.375036685646223222 0 0.000000000000000000 0.000000000000000000
connection 54 57 3.956234920609667860 0 0.000000000000000000 0.000000000000000000
connection 54 71 -0.943375332741455686 0 0.000000000000000000 0.000000000000000000
connection 54 72 -4.500636927837813772 0 0.000000000000000000 0.000000000000000000
connection 54 73 -6.402577072057121121 0 0.000000000000000000 0.000000000000000000
connection 54 74 -4.299602690429914276 0 0.000000000000000000 0.000000000000000000
connection 54 58 0.923799908051685104 0 0.000000000000000000 0.000000000000000000
connection 54 59 -3.555986922656026561 0 0.000000000000000000 0.000000000000000000
connection 54 60 -5.480761783713734125 0 0.000000000000000000 0.000000000000000000
connection 54 61 -2.125251996713220848 0 0.000000000000000000 0.000000000000000000
connection 54 30 0.454617846630652023 0 0.000000000000000000 0.000000000000000000
connection 54 15 2.679448437186885634 0 0.000000000000000000 0.000000000000000000
connection 54 16 -0.221075768117421606 0 0.000000000000000000 0.000000000000000000
connection 54 17 -4.196731595948247850 0 0.000000000000000000 0.000000000000000000
connection 54 18 -2.272100519085936465 0 0.000000000000000000 0.000000000000000000
connection 61 80 3.338050123896053378 0 0.000000000000000000 0.000000000000000000
connection 61 81 -1.201737237714454398 0 0.000000000000000000 0.000000000000000000
connection 61 82 -4.087280568858314922 0 0.000000000000000000 0.000000000000000000
connection 61 83 0.220468646226719828 0 0.000000000000000000 0.000000000000000000
connection 61 66 -2.671054793664221272 0 0.000000000000000000 0.000000000000000000
connection 61 67 -5.740766895569275441 0 0.000000000000000000 0.000000000000000000
connection 61 46 1.961035584887867333 0 0.000000000000000000 0.000000000000000000
connection 61 48 3.088102201856487650 0 0.000000000000000000 0.000000000000000000
connection 36 73 2.312917911195984111 0 0.000000000000000000 0.000000000000000000
connection 36 75 2.419334255353680518 0 0.000000000000000000 0.000000000000000000
connection 36 76 -1.768980127267161251 0 0.000000000000000000 0.000000000000000000
connection 36 77 -4.889955967078541299 0 0.000000000000000000 0.000000000000000000
connection 36 78 -1.361443301459758004 0 0.000000000000000000 0.000000000000000000
connection 36 60 3.082347601178220486 0 0.000000000000000000 0.000000000000000000
connection 36 62 4.234712984048607076 0 0.000000000000000000 0.000000000000000000
connection 36 63 -0.228135856791211206 0 0.000000000000000000 0.000000000000000000
connection 36 87 -3.152375722616013842 0 0.000000000000000000 0.000000000000000000
connection 36 64 1.474077521104321109 0 0.000000000000000000 0.000000000000000000
connection 36 45 -1.506758545109561753 0 0.000000000000000000 0.000000000000000000
connection 36 46 -5.041177178353684063 0 0.000000000000000000 0.000000000000000000
connection 36 33 -0.352526236482704980 0 0.000000000000000000 0.000000000000000000
connection 36 34 3.361562818620355220 0 0.000000000000000000 0.000000000000000000
connection 18 87 -1.905359218068300109 0 0.000000000000000000 0.000000000000000000
connection 18 80 -3.038281139788019392 0 0.000000000000000000 0.000000000000000000
connection 18 81 0.530582321495366771 0 0.000000000000000000 0.000000000000000000
connection 18 83 1.528609680774120738 0 0.000000000000000000 0.000000000000000000
connection 18 46 2.997405830442509078 0 0.000000000000000000 0.000000000000000000
connection 18 32 -2.735404140832315090 0 0.000000000000000000 0.000000000000000000
connection 75 55 4.632790947785510483 0 0.000000000000000000 0.000000000000000000
connection 75 56 1.686777340965918803 0 0.000000000000000000 0.000000000000000000
connection 75 71 0.770131010711995634 0 0.000000000000000000 0.000000000000000000
connection 75 72 -3.344731088012168563 0 0.000000000000000000 0.000000000000000000
connection 75 73 -5.741765286620347020 0 0.000000000000000000 0.000000000000000000
connection 75 74 -2.828472890264097650 0 0.000000000000000000 0.000000000000000000
connection 75 58 3.137743593408758080 0 0.000000000000000000 0.000000000000000000
connection 75 59 -1.595128725280769766 0 0.000000000000000000 0.000000000000000000
connection 75 60 -4.080270667302921872 0 0.000000000000000000 0.000000000000000000
connection 75 29 5.014267055242991766 0 0.000000000000000000 0.000000000000000000
connection 75 51 -1.823273871836314619 0 0.000000000000000000 0.000000000000000000
connection 75 30 1.683266937335760716 0 0.000000000000000000 0.000000000000000000
connection 75 31 -2.464507531449310562 0 0.000000000000000000 0.000000000000000000
connection 75 15 2.901001102123068609 0 0.000000000000000000 0.000000000000000000
connection 75 16 0.212088352415525511 0 0.000000000000000000 0.000000000000000000
connection 75 17 -4.195461724073863863 0 0.000000000000000000 0.000000000000000000
connection 75 18 -2.281083204252373431 0 0.000000000000000000 0.000000000000000000
connection 19 81 1.588480218953751466 0 0.000000000000000000 0.000000000000000000
connection 19 82 -2.268061761059549486 0 0.000000000000000000 0.000000000000000000
connection 19 83 2.146181487351992878 0 0.000000000000000000 0.000000000000000000
connection 19 66 -1.335144907359145927 0 0.000000000000000000 0.000000000000000000
connection 19 67 -4.997046425817130100 0 0.000000000000000000 0.000000000000000000
connection 19 68 -6.387545055645248659 0 0.000000000000000000 0.000000000000000000
connection 19 69 -4.049922480527994750 0 0.000000000000000000 0.000000000000000000
connection 19 46 3.307818193971514553 0 0.000000000000000000 0.000000000000000000
connection 19 47 0.289579589243895930 0 0.000000000000000000 0.000000000000000000
connection 20 76 3.720085253684341176 0 0.000000000000000000 0.000000000000000000
connection 20 78 3.868645725841747929 0 0.000000000000000000 0.000000000000000000
connection 20 63 4.487671363582574457 0 0.000000000000000000 0.000000000000000000
connection 20 87 1.610516329646246358 0 0.000000000000000000 0.000000000000000000
connection 20 80 0.400512720608820649 0 0.000000000000000000 0.000000000000000000
connection 20 81 -3.725064416502163578 0 0.000000000000000000 0.000000000000000000
connection 20 82 -5.861998299808715451 0 0.000000000000000000 0.000000000000000000
connection 20 83 -2.983647868139561510 0 0.000000000000000000 0.000000000000000000
connection 20 45 3.190358049695998233 0 0.000000000000000000 0.000000000000000000
connection 20 46 -1.528072717252719537 0 0.000000000000000000 0.000000000000000000
connection 20 47 -3.942433840293626091 0 0.000000000000000000 0.000000000000000000
connection 50 20 -0.362333653380312926 0 0.000000000000000000 0.000000000000000000
connection 50 22 2.146917735328236265 0 0.000000000000000000 0.000000000000000000
connection 50 36 2.702425175703276672 0 0.000000000000000000 0.000000000000000000
connection 50 67 3.326481103092949088 0 0.000000000000000000 0.000000000000000000
connection 50 68 0.216371865544095404 0 0.000000000000000000 0.000000000000000000
connection 21 81 2.379386012811475215 0 0.000000000000000000 0.000000000000000000
connection 21 82 -1.392804857318400202 0 0.000000000000000000 0.000000000000000000
connection 21 83 3.063156496879438251 0 0.000000000000000000 0.000000000000000000
connection 21 66 -0.238704100693377941 0 0.000000000000000000 0.000000000000000000
connection 21 67 -4.353957574759172999 0 0.000000000000000000 0.000000000000000000
connection 21 68 -5.985846551812537442 0 0.000000000000000000 0.000000000000000000
connection 21 69 -3.150739764976861146 0 0.000000000000000000 0.000000000000000000
connection 21 46 4.231067896085619395 0 0.000000000000000000 0.000000000000000000
connection 21 47 1.472680960548399920 0 0.000000000000000000 0.000000000000000000
connection 64 20 -0.514330419657611060 0 0.000000000000000000 0.000000000000000000
connection 64 36 2.476410247276152443 0 0.000000000000000000 0.000000000000000000
connection 22 19 -2.714631856200831805 0 0.000000000000000000 0.000000000000000000
connection 22 20 0.400769450294707841 0 0.000000000000000000 0.000000000000000000
connection 22 22 2.392115609194722214 0 0.000000000000000000 0.000000000000000000
connection 22 66 4.474643022708065132 0 0.000000000000000000 0.000000000000000000
connection 22 67 0.370283316746757574 0 0.000000000000000000 0.000000000000000000
connection 22 68 -2.996758804314719082 0 0.000000000000000000 0.000000000000000000
connection 22 69 1.601522184305543384 0 0.000000000000000000 0.000000000000000000
connection 23 21 -1.316535445631867862 0 0.000000000000000000 0.000000000000000000
connection 23 36 -2.805272538703696306 0 0.000000000000000000 0.000000000000000000
connection 23 37 0.681662215323572296 0 0.000000000000000000 0.000000000000000000
connection 23 39 1.940602118687974054 0 0.000000000000000000 0.000000000000000000
connection 23 23 0.997632433186259271 0 0.000000000000000000 0.000000000000000000
connection 23 24 3.676011928069173429 0 0.000000000000000000 0.000000000000000000
connection 55 40 0.823237560700920690 0 0.000000000000000000 0.000000000000000000
connection 55 54 2.417994969747169876 0 0.000000000000000000 0.000000000000000000
connection 55 55 -2.097888395720128862 0 0.000000000000000000 0.000000000000000000
connection 55 56 -4.792072527774996260 0 0.000000000000000000 0.000000000000000000
connection 55 57 -0.921460233309415289 0 0.000000000000000000 0.000000000000000000
connection 55 27 2.618423099144043142 0 0.000000000000000000 0.000000000000000000
connection 55 14 -1.492921066722563417 0 0.000000000000000000 0.000000000000000000
connection 55 28 1.433009377821046204 0 0.000000000000000000 0.000000000000000000
connection 55 29 -1.059882827055489862 0 0.000000000000000000 0.000000000000000000
connection 55 30 -4.028313724680993246 0 0.000000000000000000 0.000000000000000000
connection 24 19 -2.879398447301163788 0 0.000000000000000000 0.000000000000000000
connection 24 22 2.279841982705459902 0 0.000000000000000000 0.000000000000000000
connection 24 36 3.257805095862500000 0 0.000000000000000000 0.000000000000000000
connection 24 67 1.365025946124176714 0 0.000000000000000000 0.000000000000000000
connection 24 68 -2.027857897158514167 0 0.000000000000000000 0.000000000000000000
connection 24 69 2.691247897473616035 0 0.000000000000000000 0.000000000000000000
connection 27 38 -1.733236506156649481 0 0.000000000000000000 0.000000000000000000
connection 27 40 3.055936529797899759 0 0.000000000000000000 0.000000000000000000
connection 27 24 -2.888831083384078902 0 0.000000000000000000 0.000000000000000000
connection 27 25 2.325081587074797174 0 0.000000000000000000 0.000000000000000000
connection 27 54 -2.734925169448308324 0 0.000000000000000000 0.000000000000000000
connection 27 57 1.796285530101459749 0 0.000000000000000000 0.000000000000000000
connection 25 21 -1.530581835700748572 0 0.000000000000000000 0.000000000000000000
connection 25 36 -3.150535116397905178 0 0.000000000000000000 0.000000000000000000
connection 25 38 4.452001147341071885 0 0.000000000000000000 0.000000000000000000
connection 25 39 1.630770814145160230 0 0.000000000000000000 0.000000000000000000
connection 25 23 0.934370601382794153 0 0.000000000000000000 0.000000000000000000
connection 25 24 3.566159367476745778 0 0.000000000000000000 0.000000000000000000
connection 71 37 2.066196839528173346 0 0.000000000000000000 0.000000000000000000
connection 71 38 -1.000364507796267066 0 0.000000000000000000 0.000000000000000000
connection 71 42 -2.464762023633266796 0 0.000000000000000000 0.000000000000000000
connection 71 24 4.497041236798762220 0 0.000000000000000000 0.000000000000000000
connection 71 25 1.182381045211923443 0 0.000000000000000000 0.000000000000000000
connection 71 26 4.341564986847651575 0 0.000000000000000000 0.000000000000000000
connection 71 27 -2.653814338742074952 0 0.000000000000000000 0.000000000000000000
connection 71 28 -4.097535703970784482 0 0.000000000000000000 0.000000000000000000
connection 33 41 1.089081303435315951 0 0.000000000000000000 0.000000000000000000
connection 33 42 -1.749102170944907941 0 0.000000000000000000 0.000000000000000000
connection 33 56 -2.189452913628864739 0 0.000000000000000000 0.000000000000000000
connection 33 74 1.462919687655074519 0 0.000000000000000000 0.000000000000000000
connection 33 58 -0.923945725244087024 0 0.000000000000000000 0.000000000000000000
connection 33 59 2.457785353587981891 0 0.000000000000000000 0.000000000000000000
connection 33 61 3.860057260978083438 0 0.000000000000000000 0.000000000000000000
connection 33 28 3.108090081247040892 0 0.000000000000000000 0.000000000000000000
connection 26 38 -1.321650428255592091 0 0.000000000000000000 0.000000000000000000
connection 26 89 0.206276635044297441 0 0.000000000000000000 0.000000000000000000
connection 26 40 3.341158763129400189 0 0.000000000000000000 0.000000000000000000
connection 26 24 -2.775523960933777179 0 0.000000000000000000 0.000000000000000000
connection 26 25 2.400500418483595411 0 0.000000000000000000 0.000000000000000000
connection 26 26 -0.348167414720841117 0 0.000000000000000000 0.000000000000000000
connection 26 54 -2.245241719637241395 0 0.000000000000000000 0.000000000000000000
connection 26 57 2.260038579521180591 0 0.000000000000000000 0.000000000000000000
connection 83 81 0.932012734076574367 0 0.000000000000000000 0.000000000000000000
connection 83 82 -2.219379778452261753 0 0.000000000000000000 0.000000000000000000
connection 83 83 2.531343373263262642 0 0.000000000000000000 0.000000000000000000
connection 83 66 -0.476792999962798669 0 0.000000000000000000 0.000000000000000000
connection 83 67 -4.457636988855522731 0 0.000000000000000000 0.000000000000000000
connection 83 47 0.768207683959698406 0 0.000000000000000000 0.000000000000000000
connection 83 48 4.343488995211083115 0 0.000000000000000000 0.000000000000000000
connection 28 59 -2.663592706424181777 0 0.000000000000000000 0.000000000000000000
connection 28 60 1.879747621539290980 0 0.000000000000000000 0.000000000000000000
connection 28 61 -1.641874294835789838 0 0.000000000000000000 0.000000000000000000
connection 28 29 -2.780585395833062190 0 0.000000000000000000 0.000000000000000000
connection 28 30 2.448605659497928855 0 0.000000000000000000 0.000000000000000000
connection 28 18 5.864981737799351613 0 0.000000000000000000 0.000000000000000000
connection 48 38 -2.653462538551841110 0 0.000000000000000000 0.000000000000000000
connection 48 89 -0.489949531666201199 0 0.000000000000000000 0.000000000000000000
connection 48 40 2.402987874024999027 0 0.000000000000000000 0.000000000000000000
connection 48 24 -2.994764007295271036 0 0.000000000000000000 0.000000000000000000
connection 48 54 -3.922945812613671812 0 0.000000000000000000 0.000000000000000000
connection 48 55 -0.698904552793787937 0 0.000000000000000000 0.000000000000000000
connection 48 56 3.730509932110755322 0 0.000000000000000000 0.000000000000000000
connection 48 57 0.546137605666975556 0 0.000000000000000000 0.000000000000000000
connection 29 21 -1.691831661244435514 0 0.000000000000000000 0.000000000000000000
connection 29 36 -3.443299259678967328 0 0.000000000000000000 0.000000000000000000
connection 29 37 -0.254752838972702789 0 0.000000000000000000 0.000000000000000000
connection 29 38 4.203284936951015460 0 0.000000000000000000 0.000000000000000000
connection 29 39 1.362851008711391199 0 0.000000000000000000 0.000000000000000000
connection 29 23 0.894718965127354715 0 0.000000000000000000 0.000000000000000000
connection 29 24 3.485085111235110222 0 0.000000000000000000 0.000000000000000000
connection 30 38 -2.093858147312979590 0 0.000000000000000000 0.000000000000000000
connection 30 89 -0.240715321795574838 0 0.000000000000000000 0.000000000000000000
connection 30 40 2.801174947628669365 0 0.000000000000000000 0.000000000000000000
connection 30 54 -3.179515318593355566 0 0.000000000000000000 0.000000000000000000
connection 30 55 0.371926962454148247 0 0.000000000000000000 0.000000000000000000
connection 30 57 1.349429204229014134 0 0.000000000000000000 0.000000000000000000
connection 31 40 -3.600456726230409465 0 0.000000000000000000 0.000000000000000000
connection 31 41 1.258500038802299104 0 0.000000000000000000 0.000000000000000000
connection 31 42 -1.682761191368506770 0 0.000000000000000000 0.000000000000000000
connection 31 56 -1.714562742546362095 0 0.000000000000000000 0.000000000000000000
connection 31 58 -0.566415586635841573 0 0.000000000000000000 0.000000000000000000
connection 31 59 2.848390606810636605 0 0.000000000000000000 0.000000000000000000
connection 31 61 4.055815806626307918 0 0.000000000000000000 0.000000000000000000
connection 74 40 1.969332503787424082 0 0.000000000000000000 0.000000000000000000
connection 74 42 3.144683007805935571 0 0.000000000000000000 0.000000000000000000
connection 74 54 3.362528272419794462 0 0.000000000000000000 0.000000000000000000
connection 74 55 -1.154958375758997402 0 0.000000000000000000 0.000000000000000000
connection 74 56 -4.075873264594896739 0 0.000000000000000000 0.000000000000000000
connection 74 57 0.229879512229450217 0 0.000000000000000000 0.000000000000000000
connection 74 58 -2.678316632124402297 0 0.000000000000000000 0.000000000000000000
connection 74 59 -5.748897416630151191 0 0.000000000000000000 0.000000000000000000
connection 74 27 3.100906181871171619 0 0.000000000000000000 0.000000000000000000
connection 74 14 -1.223288648004263290 0 0.000000000000000000 0.000000000000000000
connection 74 28 1.597086752202052429 0 0.000000000000000000 0.000000000000000000
connection 74 29 -0.358345723339032363 0 0.000000000000000000 0.000000000000000000
connection 74 30 -3.717713691957305500 0 0.000000000000000000 0.000000000000000000
connection 32 38 -2.400864308392981705 0 0.000000000000000000 0.000000000000000000
connection 32 89 -0.388251668466340072 0 0.000000000000000000 0.000000000000000000
connection 32 40 2.582447485497978423 0 0.000000000000000000 0.000000000000000000
connection 32 24 -2.990885418210076807 0 0.000000000000000000 0.000000000000000000
connection 32 54 -3.575986620491544254 0 0.000000000000000000 0.000000000000000000
connection 32 57 0.929671601567855665 0 0.000000000000000000 0.000000000000000000
connection 34 59 -3.506930053584205176 0 0.000000000000000000 0.000000000000000000
connection 34 60 1.025220511365765086 0 0.000000000000000000 0.000000000000000000
connection 34 61 -2.304862022990162185 0 0.000000000000000000 0.000000000000000000
connection 34 29 -2.878438250919063357 0 0.000000000000000000 0.000000000000000000
connection 34 50 -0.261370038424027007 0 0.000000000000000000 0.000000000000000000
connection 34 15 1.852680476090240003 0 0.000000000000000000 0.000000000000000000
connection 34 18 5.398418072738381923 0 0.000000000000000000 0.000000000000000000
connection 81 72 3.539886674058256855 0 0.000000000000000000 0.000000000000000000
connection 81 74 4.063172074531814282 0 0.000000000000000000 0.000000000000000000
connection 81 75 0.945381198305761616 0 0.000000000000000000 0.000000000000000000
connection 81 76 -3.480251179983886001 0 0.000000000000000000 0.000000000000000000
connection 81 77 -5.531066991573001523 0 0.000000000000000000 0.000000000000000000
connection 81 78 -2.218247701683297546 0 0.000000000000000000 0.000000000000000000
connection 81 60 2.533392498222595712 0 0.000000000000000000 0.000000000000000000
connection 81 63 -0.474924943307700909 0 0.000000000000000000 0.000000000000000000
connection 81 64 0.799704304466921978 0 0.000000000000000000 0.000000000000000000
connection 81 85 -4.947642970266517004 0 0.000000000000000000 0.000000000000000000
connection 81 31 3.675668087802808071 0 0.000000000000000000 0.000000000000000000
connection 81 32 0.677944336815807791 0 0.000000000000000000 0.000000000000000000
connection 81 33 -3.366885851738400603 0 0.000000000000000000 0.000000000000000000
connection 81 34 -1.022436679407246363 0 0.000000000000000000 0.000000000000000000
connection 81 17 1.644339321880122551 0 0.000000000000000000 0.000000000000000000
connection 81 18 4.059748887831056585 0 0.000000000000000000 0.000000000000000000
connection 68 67 1.901978647570301550 0 0.000000000000000000 0.000000000000000000
connection 35 78 -1.382282094321686250 0 0.000000000000000000 0.000000000000000000
connection 35 62 -3.402535919270615494 0 0.000000000000000000 0.000000000000000000
connection 35 63 -0.272634118250395907 0 0.000000000000000000 0.000000000000000000
connection 35 87 4.240806864784476993 0 0.000000000000000000 0.000000000000000000
connection 35 64 1.475261584260565417 0 0.000000000000000000 0.000000000000000000
connection 35 80 3.123569132197014042 0 0.000000000000000000 0.000000000000000000
connection 35 51 -1.513012539995747030 0 0.000000000000000000 0.000000000000000000
connection 35 18 0.678091063598672772 0 0.000000000000000000 0.000000000000000000
connection 37 71 4.311145680291782689 0 0.000000000000000000 0.000000000000000000
connection 37 72 0.716696125167549658 0 0.000000000000000000 0.000000000000000000
connection 37 73 -3.264375623905129586 0 0.000000000000000000 0.000000000000000000
connection 37 74 0.767183539841899242 0 0.000000000000000000 0.000000000000000000
connection 37 75 -2.965582190538861962 0 0.000000000000000000 0.000000000000000000
connection 37 76 -5.767446618904823019 0 0.000000000000000000 0.000000000000000000
connection 37 77 -6.912243327875492227 0 0.000000000000000000 0.000000000000000000
connection 37 78 -5.384187618848336854 0 0.000000000000000000 0.000000000000000000
connection 37 59 1.413691939410342657 0 0.000000000000000000 0.000000000000000000
connection 37 60 -2.007017193530349353 0 0.000000000000000000 0.000000000000000000
connection 37 61 2.702202701875862978 0 0.000000000000000000 0.000000000000000000
connection 37 62 -0.364744837041655168 0 0.000000000000000000 0.000000000000000000
connection 37 63 -4.475678447755298883 0 0.000000000000000000 0.000000000000000000
connection 37 87 -5.861927354853082583 0 0.000000000000000000 0.000000000000000000
connection 37 64 -3.056428397261995222 0 0.000000000000000000 0.000000000000000000
connection 37 31 1.966968922497413397 0 0.000000000000000000 0.000000000000000000
connection 37 34 -1.914234373687240920 0 0.000000000000000000 0.000000000000000000
connection 37 17 1.097731884122375323 0 0.000000000000000000 0.000000000000000000
connection 37 18 3.809975697143027418 0 0.000000000000000000 0.000000000000000000
connection 38 73 2.969014105136191795 0 0.000000000000000000 0.000000000000000000
connection 38 75 3.188864074261159587 0 0.000000000000000000 0.000000000000000000
connection 38 76 -0.991124936126473788 0 0.000000000000000000 0.000000000000000000
connection 38 77 -4.324142333460736509 0 0.000000000000000000 0.000000000000000000
connection 38 78 -0.402701074574887019 0 0.000000000000000000 0.000000000000000000
connection 38 63 0.916526897651141037 0 0.000000000000000000 0.000000000000000000
connection 38 87 -2.123106396105006954 0 0.000000000000000000 0.000000000000000000
connection 38 64 2.592874616484192263 0 0.000000000000000000 0.000000000000000000
connection 38 46 -4.330659243138348380 0 0.000000000000000000 0.000000000000000000
connection 38 33 0.408498661715516576 0 0.000000000000000000 0.000000000000000000
connection 38 34 3.843321398397312905 0 0.000000000000000000 0.000000000000000000
connection 39 87 2.696559709700248053 0 0.000000000000000000 0.000000000000000000
connection 39 80 1.389048461217872399 0 0.000000000000000000 0.000000000000000000
connection 39 81 -2.994636448850643617 0 0.000000000000000000 0.000000000000000000
connection 39 82 -5.392969996873939742 0 0.000000000000000000 0.000000000000000000
connection 39 83 -2.017742982175255051 0 0.000000000000000000 0.000000000000000000
connection 39 46 -0.364320284145185525 0 0.000000000000000000 0.000000000000000000
connection 39 47 -3.053650658627958592 0 0.000000000000000000 0.000000000000000000
connection 69 20 -0.685184888096111999 0 0.000000000000000000 0.000000000000000000
connection 69 36 2.144635232850546913 0 0.000000000000000000 0.000000000000000000
connection 40 80 2.381262186284176963 0 0.000000000000000000 0.000000000000000000
connection 40 81 -2.151972368613202402 0 0.000000000000000000 0.000000000000000000
connection 40 82 -4.807334660701974016 0 0.000000000000000000 0.000000000000000000
connection 40 83 -0.936865720492811360 0 0.000000000000000000 0.000000000000000000
connection 40 46 0.821070737064535039 0 0.000000000000000000 0.000000000000000000
connection 41 81 3.901517124503962819 0 0.000000000000000000 0.000000000000000000
connection 41 82 0.598156007847404858 0 0.000000000000000000 0.000000000000000000
connection 41 66 2.053375676963059338 0 0.000000000000000000 0.000000000000000000
connection 41 67 -2.654006489010507952 0 0.000000000000000000 0.000000000000000000
connection 41 68 -4.839953820085917791 0 0.000000000000000000 0.000000000000000000
connection 41 69 -0.996061668371972408 0 0.000000000000000000 0.000000000000000000
connection 43 21 -1.430306879321832314 0 0.000000000000000000 0.000000000000000000
connection 43 36 -2.984447021851021287 0 0.000000000000000000 0.000000000000000000
connection 43 37 0.435560861529797116 0 0.000000000000000000 0.000000000000000000
connection 43 39 1.780788662140982304 0 0.000000000000000000 0.000000000000000000
connection 43 23 0.962363744170230961 0 0.000000000000000000 0.000000000000000000
connection 43 24 3.617261131987484557 0 0.000000000000000000 0.000000000000000000
connection 44 82 2.179931973227682285 0 0.000000000000000000 0.000000000000000000
connection 44 66 3.632027581520638204 0 0.000000000000000000 0.000000000000000000
connection 44 67 -1.038795122368219914 0 0.000000000000000000 0.000000000000000000
connection 44 68 -3.635962330356195427 0 0.000000000000000000 0.000000000000000000
connection 44 69 0.743168347920838301 0 0.000000000000000000 0.000000000000000000
connection 49 40 -3.221445480844891573 0 0.000000000000000000 0.000000000000000000
connection 49 41 1.599232031981704161 0 0.000000000000000000 0.000000000000000000
connection 49 42 -1.501447924627322239 0 0.000000000000000000 0.000000000000000000
connection 49 56 -0.927422560503012194 0 0.000000000000000000 0.000000000000000000
connection 49 57 -4.172068163396958518 0 0.000000000000000000 0.000000000000000000
connection 49 59 3.453600692743583167 0 0.000000000000000000 0.000000000000000000
connection 49 61 4.395863856142121939 0 0.000000000000000000 0.000000000000000000
connection 49 27 1.046531800019642189 0 0.000000000000000000 0.000000000000000000
connection 46 19 -3.106558713073282796 0 0.000000000000000000 0.000000000000000000
connection 46 20 -0.619709279927511680 0 0.000000000000000000 0.000000000000000000
connection 46 36 2.290243370970688641 0 0.000000000000000000 0.000000000000000000
connection 45 21 -1.872941823044971699 0 0.000000000000000000 0.000000000000000000
connection 45 37 -1.025903902665395995 0 0.000000000000000000 0.000000000000000000
connection 45 38 3.771161512935775395 0 0.000000000000000000 0.000000000000000000
connection 45 39 0.965558755851239514 0 0.000000000000000000 0.000000000000000000
connection 47 21 -1.906696674064265684 0 0.000000000000000000 0.000000000000000000
connection 47 37 -1.335050587474054362 0 0.000000000000000000 0.000000000000000000
connection 47 38 3.598433636826162019 0 0.000000000000000000 0.000000000000000000
connection 47 39 0.835546664691771412 0 0.000000000000000000 0.000000000000000000
connection 51 21 -1.803998737759716864 0 0.000000000000000000 0.000000000000000000
connection 51 37 -0.664398172303752532 0 0.000000000000000000 0.000000000000000000
connection 51 38 3.974286344444694752 0 0.000000000000000000 0.000000000000000000
connection 51 39 1.140729796503478832 0 0.000000000000000000 0.000000000000000000
connection 52 81 1.984575726462969314 0 0.000000000000000000 0.000000000000000000
connection 52 82 -1.842355948782046671 0 0.000000000000000000 0.000000000000000000
connection 52 83 2.608893215910520702 0 0.000000000000000000 0.000000000000000000
connection 52 66 -0.796520954164152140 0 0.000000000000000000 0.000000000000000000
connection 52 67 -4.691739200808632049 0 0.000000000000000000 0.000000000000000000
connection 52 68 -6.199067342697786032 0 0.000000000000000000 0.000000000000000000
connection 52 69 -3.618025108039597537 0 0.000000000000000000 0.000000000000000000
connection 52 46 3.783093022903447622 0 0.000000000000000000 0.000000000000000000
connection 52 47 0.885441641781713140 0 0.000000000000000000 0.000000000000000000
connection 53 81 3.534089384431520209 0 0.000000000000000000 0.000000000000000000
connection 53 83 4.335879241404121842 0 0.000000000000000000 0.000000000000000000
connection 53 66 1.485956221239562502 0 0.000000000000000000 0.000000000000000000
connection 53 67 -3.131771381386615705 0 0.000000000000000000 0.000000000000000000
connection 53 68 -5.174248204596404221 0 0.000000000000000000 0.000000000000000000
connection 53 69 -1.567144350983893153 0 0.000000000000000000 0.000000000000000000
connection 57 72 1.433218045776197380 0 0.000000000000000000 0.000000000000000000
connection 57 73 -2.593532203510496181 0 0.000000000000000000 0.000000000000000000
connection 57 74 1.608249398558923238 0 0.000000000000000000 0.000000000000000000
connection 57 75 -2.125289330922106590 0 0.000000000000000000 0.000000000000000000
connection 57 76 -5.351993815881272099 0 0.000000000000000000 0.000000000000000000
connection 57 77 -6.682862108689833214 0 0.000000000000000000 0.000000000000000000
connection 57 78 -4.799947451628147732 0 0.000000000000000000 0.000000000000000000
connection 57 59 2.399354111793005284 0 0.000000000000000000 0.000000000000000000
connection 57 60 -0.929436463808560931 0 0.000000000000000000 0.000000000000000000
connection 57 61 3.706230284605139147 0 0.000000000000000000 0.000000000000000000
connection 57 62 0.822214673598455681 0 0.000000000000000000 0.000000000000000000
connection 57 63 -3.642147873961250948 0 0.000000000000000000 0.000000000000000000
connection 57 87 -5.320442763239999096 0 0.000000000000000000 0.000000000000000000
connection 57 31 2.558427545023726157 0 0.000000000000000000 0.000000000000000000
connection 57 32 -1.096673467491839693 0 0.000000000000000000 0.000000000000000000
connection 57 33 -4.068837465628457828 0 0.000000000000000000 0.000000000000000000
connection 57 34 -1.575431579165673002 0 0.000000000000000000 0.000000000000000000
connection 57 17 1.324490659208830134 0 0.000000000000000000 0.000000000000000000
connection 57 18 3.912068491287101324 0 0.000000000000000000 0.000000000000000000
connection 58 75 3.926357402326657642 0 0.000000000000000000 0.000000000000000000
connection 58 77 -3.647675809011829084 0 0.000000000000000000 0.000000000000000000
connection 58 78 0.619691953698126241 0 0.000000000000000000 0.000000000000000000
connection 58 63 2.057350035644003761 0 0.000000000000000000 0.000000000000000000
connection 58 87 -0.997486814099400654 0 0.000000000000000000 0.000000000000000000
connection 58 80 -2.647514261550576897 0 0.000000000000000000 0.000000000000000000
connection 58 81 -5.728525945063816849 0 0.000000000000000000 0.000000000000000000
connection 58 82 -6.717204924208139083 0 0.000000000000000000 0.000000000000000000
connection 58 83 -4.844230003853905231 0 0.000000000000000000 0.000000000000000000
connection 58 48 -2.517549381800818331 0 0.000000000000000000 0.000000000000000000
connection 63 80 4.221866740910434679 0 0.000000000000000000 0.000000000000000000
connection 63 82 -3.222913487660242104 0 0.000000000000000000 0.000000000000000000
connection 63 83 1.397879639991608247 0 0.000000000000000000 0.000000000000000000
connection 63 66 -1.600461367901619303 0 0.000000000000000000 0.000000000000000000
connection 63 67 -5.161786036087518070 0 0.000000000000000000 0.000000000000000000
connection 63 48 3.783581782084634249 0 0.000000000000000000 0.000000000000000000
connection 59 72 2.149658715816137988 0 0.000000000000000000 0.000000000000000000
connection 59 73 -1.841325938024112263 0 0.000000000000000000 0.000000000000000000
connection 59 74 2.452890365365692382 0 0.000000000000000000 0.000000000000000000
connection 59 75 -1.178704773386076265 0 0.000000000000000000 0.000000000000000000
connection 59 76 -4.843256782494305135 0 0.000000000000000000 0.000000000000000000
connection 59 77 -6.388529916926525942 0 0.000000000000000000 0.000000000000000000
connection 59 78 -4.081829053195879631 0 0.000000000000000000 0.000000000000000000
connection 59 59 3.350064570432771838 0 0.000000000000000000 0.000000000000000000
connection 59 60 0.224965895788161702 0 0.000000000000000000 0.000000000000000000
connection 59 62 1.965353494374679544 0 0.000000000000000000 0.000000000000000000
connection 59 63 -2.674732947102642644 0 0.000000000000000000 0.000000000000000000
connection 59 51 3.116936553230684304 0 0.000000000000000000 0.000000000000000000
connection 59 31 3.032277154651817241 0 0.000000000000000000 0.000000000000000000
connection 59 32 -0.409090320231140392 0 0.000000000000000000 0.000000000000000000
connection 59 33 -3.771162661430858432 0 0.000000000000000000 0.000000000000000000
connection 59 34 -1.318784122343169107 0 0.000000000000000000 0.000000000000000000
connection 59 17 1.480617460991151546 0 0.000000000000000000 0.000000000000000000
connection 59 18 3.978895937960944540 0 0.000000000000000000 0.000000000000000000
connection 73 37 3.140461203162582482 0 0.000000000000000000 0.000000000000000000
connection 73 42 -1.783664681511752281 0 0.000000000000000000 0.000000000000000000
connection 73 25 1.752040719537024227 0 0.000000000000000000 0.000000000000000000
connection 73 13 0.326805861735179115 0 0.000000000000000000 0.000000000000000000
connection 73 27 -2.383180054389884894 0 0.000000000000000000 0.000000000000000000
connection 73 28 -4.107631782446737212 0 0.000000000000000000 0.000000000000000000
connection 60 75 4.614754985395259190 0 0.000000000000000000 0.000000000000000000
connection 60 76 0.731408551847410493 0 0.000000000000000000 0.000000000000000000
connection 60 77 -2.850266964254376756 0 0.000000000000000000 0.000000000000000000
connection 60 78 1.670462878329268541 0 0.000000000000000000 0.000000000000000000
connection 60 63 3.135151902425231896 0 0.000000000000000000 0.000000000000000000
connection 60 80 -1.599489572156476358 0 0.000000000000000000 0.000000000000000000
connection 60 81 -5.197569730970493573 0 0.000000000000000000 0.000000000000000000
connection 60 82 -6.387852531243257914 0 0.000000000000000000 0.000000000000000000
connection 60 83 -4.075288455851568514 0 0.000000000000000000 0.000000000000000000
connection 60 48 -1.864012949673611308 0 0.000000000000000000 0.000000000000000000
connection 62 81 4.597047254459566190 0 0.000000000000000000 0.000000000000000000
connection 62 82 1.654729308044600611 0 0.000000000000000000 0.000000000000000000
connection 62 66 3.132668607483094725 0 0.000000000000000000 0.000000000000000000
connection 62 67 -1.603376889252523085 0 0.000000000000000000 0.000000000000000000
connection 62 68 -4.070156245517230431 0 0.000000000000000000 0.000000000000000000
connection 65 76 2.101132305353528462 0 0.000000000000000000 0.000000000000000000
connection 65 77 -1.427505001205967794 0 0.000000000000000000 0.000000000000000000
connection 65 78 3.202606602885134990 0 0.000000000000000000 0.000000000000000000
connection 65 81 -4.153380619368333804 0 0.000000000000000000 0.000000000000000000
connection 65 82 -5.718524524257522224 0 0.000000000000000000 0.000000000000000000
connection 65 83 -2.684861020362934170 0 0.000000000000000000 0.000000000000000000
connection 65 45 2.740097837165207828 0 0.000000000000000000 0.000000000000000000
connection 65 48 -1.014938779247552603 0 0.000000000000000000 0.000000000000000000
connection 66 67 0.734494260210013294 0 0.000000000000000000 0.000000000000000000
connection 66 68 -2.169597213792826995 0 0.000000000000000000 0.000000000000000000
connection 67 81 2.033963917865394766 0 0.000000000000000000 0.000000000000000000
connection 67 82 -1.103062849577293836 0 0.000000000000000000 0.000000000000000000
connection 67 67 -3.631590892063302878 0 0.000000000000000000 0.000000000000000000
connection 67 47 1.563415146863573080 0 0.000000000000000000 0.000000000000000000
connection 70 55 3.591687640265179837 0 0.000000000000000000 0.000000000000000000
connection 70 57 4.356178078056974989 0 0.000000000000000000 0.000000000000000000
connection 70 71 -0.532963954270307627 0 0.000000000000000000 0.000000000000000000
connection 70 72 -4.242710593503907113 0 0.000000000000000000 0.000000000000000000
connection 70 73 -6.263112687510364651 0 0.000000000000000000 0.000000000000000000
connection 70 74 -3.976265740471027765 0 0.000000000000000000 0.000000000000000000
connection 70 58 1.496822355924426029 0 0.000000000000000000 0.000000000000000000
connection 70 59 -3.115573521408676161 0 0.000000000000000000 0.000000000000000000
connection 70 60 -5.181078224404431332 0 0.000000000000000000 0.000000000000000000
connection 70 61 -1.571271223157105767 0 0.000000000000000000 0.000000000000000000
connection 70 30 0.803671056196482492 0 0.000000000000000000 0.000000000000000000
connection 70 15 2.753194495271203746 0 0.000000000000000000 0.000000000000000000
connection 70 17 -4.184146034141499548 0 0.000000000000000000 0.000000000000000000
connection 70 18 -2.269281883928651933 0 0.000000000000000000 0.000000000000000000
connection 72 36 1.972997190614684815 0 0.000000000000000000 0.000000000000000000
connection 72 37 -2.681785557043364410 0 0.000000000000000000 0.000000000000000000
connection 72 23 3.167845279586360974 0 0.000000000000000000 0.000000000000000000
connection 72 24 -0.308901776660264027 0 0.000000000000000000 0.000000000000000000
connection 72 25 -3.664860800631401183 0 0.000000000000000000 0.000000000000000000
connection 72 26 -1.128516177602642001 0 0.000000000000000000 0.000000000000000000
connection 76 42 3.853625979294565962 0 0.000000000000000000 0.000000000000000000
connection 76 54 4.236311278698092764 0 0.000000000000000000 0.000000000000000000
connection 76 56 -3.216013858470611719 0 0.000000000000000000 0.000000000000000000
connection 76 57 1.403270639224647676 0 0.000000000000000000 0.000000000000000000
connection 76 58 -1.604559873459632247 0 0.000000000000000000 0.000000000000000000
connection 76 59 -5.172662740013858951 0 0.000000000000000000 0.000000000000000000
connection 76 27 3.475903907298030227 0 0.000000000000000000 0.000000000000000000
connection 76 14 -1.031269316987523998 0 0.000000000000000000 0.000000000000000000
connection 76 28 1.704466550067705422 0 0.000000000000000000 0.000000000000000000
connection 76 29 0.250116022062275845 0 0.000000000000000000 0.000000000000000000
connection 76 50 -3.090375210874391154 0 0.000000000000000000 0.000000000000000000
connection 76 30 -3.470352243174646301 0 0.000000000000000000 0.000000000000000000
connection 77 56 2.716275776257256691 0 0.000000000000000000 0.000000000000000000
connection 77 71 1.675325480367669595 0 0.000000000000000000 0.000000000000000000
connection 77 72 -2.633028594646492415 0 0.000000000000000000 0.000000000000000000
connection 77 73 -5.287286567048683494 0 0.000000000000000000 0.000000000000000000
connection 77 74 -1.911537720148996256 0 0.000000000000000000 0.000000000000000000
connection 77 59 -0.451796267749301206 0 0.000000000000000000 0.000000000000000000
connection 77 60 -3.180939341024156874 0 0.000000000000000000 0.000000000000000000
connection 77 50 2.407980927301567320 0 0.000000000000000000 0.000000000000000000
connection 77 51 -1.221867870821313318 0 0.000000000000000000 0.000000000000000000
connection 77 30 2.130561516260748522 0 0.000000000000000000 0.000000000000000000
connection 77 31 -2.279918380656241528 0 0.000000000000000000 0.000000000000000000
connection 77 32 -4.372734416062102447 0 0.000000000000000000 0.000000000000000000
connection 77 15 2.957691887430967448 0 0.000000000000000000 0.000000000000000000
connection 77 16 0.327657849456868877 0 0.000000000000000000 0.000000000000000000
connection 77 18 -2.287300697103736624 0 0.000000000000000000 0.000000000000000000
connection 79 75 4.277692648100952511 0 0.000000000000000000 0.000000000000000000
connection 79 76 0.284260016943579386 0 0.000000000000000000 0.000000000000000000
connection 79 77 -3.264455465100442044 0 0.000000000000000000 0.000000000000000000
connection 79 78 1.144150605522408215 0 0.000000000000000000 0.000000000000000000
connection 79 63 2.607586731676865721 0 0.000000000000000000 0.000000000000000000
connection 79 87 -0.415386324509464278 0 0.000000000000000000 0.000000000000000000
connection 79 80 -2.138245798388297647 0 0.000000000000000000 0.000000000000000000
connection 79 81 -5.478122732748722079 0 0.000000000000000000 0.000000000000000000
connection 79 82 -6.562866308247447655 0 0.000000000000000000 0.000000000000000000
connection 79 83 -4.476721152890565492 0 0.000000000000000000 0.000000000000000000
connection 79 48 -2.183925780573637176 0 0.000000000000000000 0.000000000000000000
connection 80 76 1.643135786266213927 0 0.000000000000000000 0.000000000000000000
connection 80 77 -1.930292529334720397 0 0.000000000000000000 0.000000000000000000
connection 80 78 2.705482777772300729 0 0.000000000000000000 0.000000000000000000
connection 80 80 -0.454013689749693305 0 0.000000000000000000 0.000000000000000000
connection 80 81 -4.536907507674870388 0 0.000000000000000000 0.000000000000000000
connection 80 82 -5.967560154144925910 0 0.000000000000000000 0.000000000000000000
connection 80 83 -3.176342808127500472 0 0.000000000000000000 0.000000000000000000
connection 80 45 2.372997942628621626 0 0.000000000000000000 0.000000000000000000
connection 80 48 -1.277291716978455227 0 0.000000000000000000 0.000000000000000000
connection 82 76 2.555682313941974648 0 0.000000000000000000 0.000000000000000000
connection 82 77 -0.900007167021306009 0 0.000000000000000000 0.000000000000000000
connection 82 78 3.678990150849475782 0 0.000000000000000000 0.000000000000000000
connection 82 80 0.735582754241743353 0 0.000000000000000000 0.000000000000000000
connection 82 81 -3.733318791425228600 0 0.000000000000000000 0.000000000000000000
connection 82 82 -5.441566357230914086 0 0.000000000000000000 0.000000000000000000
connection 82 83 -2.171550553583589505 0 0.000000000000000000 0.000000000000000000
connection 82 45 3.073858965441139457 0 0.000000000000000000 0.000000000000000000
connection 82 47 -3.711191267616135381 0 0.000000000000000000 0.000000000000000000
connection 82 48 -0.775178806770556283 0 0.000000000000000000 0.000000000000000000
connection 84 67 1.325286641857445824 0 0.000000000000000000 0.000000000000000000
connection 84 68 -1.642757027773084078 0 0.000000000000000000 0.000000000000000000
connection 86 55 4.299212747338049034 0 0.000000000000000000 0.000000000000000000
connection 86 56 1.163410508539524546 0 0.000000000000000000 0.000000000000000000
connection 86 71 0.325817365016211336 0 0.000000000000000000 0.000000000000000000
connection 86 72 -3.665842189703850451 0 0.000000000000000000 0.000000000000000000
connection 86 73 -5.934710982216104824 0 0.000000000000000000 0.000000000000000000
connection 86 74 -3.241554303535573389 0 0.000000000000000000 0.000000000000000000
connection 86 58 2.610838026081761409 0 0.000000000000000000 0.000000000000000000
connection 86 59 -2.132569129994682289 0 0.000000000000000000 0.000000000000000000
connection 86 60 -4.481347288036469756 0 0.000000000000000000 0.000000000000000000
connection 86 61 -0.415765457222170232 0 0.000000000000000000 0.000000000000000000
connection 86 29 4.758900884414988042 0 0.000000000000000000 0.000000000000000000
connection 86 51 -2.150270439079755125 0 0.000000000000000000 0.000000000000000000
connection 86 30 1.418382321023534010 0 0.000000000000000000 0.000000000000000000
connection 86 15 2.862016548125478010 0 0.000000000000000000 0.000000000000000000
connection 86 17 -4.185034140541540992 0 0.000000000000000000 0.000000000000000000
connection 86 18 -2.275678073796852274 0 0.000000000000000000 0.000000000000000000
connection 85 21 -1.893629716773890470 0 0.000000000000000000 0.000000000000000000
connection 85 37 -1.187200273964799990 0 0.000000000000000000 0.000000000000000000
connection 85 38 3.680796214781216324 0 0.000000000000000000 0.000000000000000000
connection 85 39 0.895137636859398733 0 0.000000000000000000 0.000000000000000000
connection 75 8 -3.399223400468062817 0 0.000000000000000000 0.000000000000000000
connection 77 8 -2.752666929533207796 0 0.000000000000000000 0.000000000000000000
connection 33 8 0.473537648571089431 0 0.000000000000000000 0.000000000000000000
connection 36 9 -1.768699080091856946 0 0.000000000000000000 0.000000000000000000
connection 38 9 -1.050241689249918231 0 0.000000000000000000 0.000000000000000000
connection 58 9 -0.283243794541275407 0 0.000000000000000000 0.000000000000000000
connection 59 9 -5.014285123068906280 0 0.000000000000000000 0.000000000000000000
connection 60 9 0.523666604654758006 0 0.000000000000000000 0.000000000000000000
connection 80 9 1.357510255247185604 0 0.000000000000000000 0.000000000000000000
connection 81 9 -3.840190381054670254 0 0.000000000000000000 0.000000000000000000
connection 82 9 2.200872542616033822 0 0.000000000000000000 0.000000000000000000
connection 15 9 -2.080634236099185852 0 0.000000000000000000 0.000000000000000000
connection 17 9 -2.636259161319855160 0 0.000000000000000000 0.000000000000000000
connection 19 10 1.531343879432906174 0 0.000000000000000000 0.000000000000000000
connection 20 10 -3.866905064476918952 0 0.000000000000000000 0.000000000000000000
connection 21 10 2.259622979399185549 0 0.000000000000000000 0.000000000000000000
connection 38 10 -6.321365037553253075 0 0.000000000000000000 0.000000000000000000
connection 39 10 -3.219275382120407869 0 0.000000000000000000 0.000000000000000000
connection 89 10 2.976207896465565383 0 0.000000000000000000 0.000000000000000000
connection 40 10 -2.475472110743883292 0 0.000000000000000000 0.000000000000000000
connection 41 10 3.668882398882312490 0 0.000000000000000000 0.000000000000000000
connection 63 10 -0.701969597730135120 0 0.000000000000000000 0.000000000000000000
connection 80 10 -4.994308468678940294 0 0.000000000000000000 0.000000000000000000
connection 82 10 -4.320460864097947606 0 0.000000000000000000 0.000000000000000000
connection 83 10 0.301852571713318529 0 0.000000000000000000 0.000000000000000000
connection 67 10 1.346119460009955304 0 0.000000000000000000 0.000000000000000000
connection 19 11 -5.246681371045880837 0 0.000000000000000000 0.000000000000000000
connection 21 11 -4.704446091263449148 0 0.000000000000000000 0.000000000000000000
connection 89 11 -4.044928844431736614 0 0.000000000000000000 0.000000000000000000
connection 40 11 -6.493262680548146371 0 0.000000000000000000 0.000000000000000000
connection 41 11 -3.254996694569635807 0 0.000000000000000000 0.000000000000000000
connection 42 11 1.862864916191503628 0 0.000000000000000000 0.000000000000000000
connection 24 11 0.931919932393122652 0 0.000000000000000000 0.000000000000000000
connection 62 11 -2.330811154442252064 0 0.000000000000000000 0.000000000000000000
connection 63 11 -5.651627108718884962 0 0.000000000000000000 0.000000000000000000
connection 87 11 -1.284039476057824869 0 0.000000000000000000 0.000000000000000000
connection 64 11 3.670188990311719746 0 0.000000000000000000 0.000000000000000000
connection 68 11 1.030684610482429875 0 0.000000000000000000 0.000000000000000000
connection 23 12 -0.931629594366090052 0 0.000000000000000000 0.000000000000000000
connection 24 12 -5.011699823091735340 0 0.000000000000000000 0.000000000000000000
connection 29 12 1.254256981965291562 0 0.000000000000000000 0.000000000000000000
connection 50 12 -3.448874454920882293 0 0.000000000000000000 0.000000000000000000
connection 51 12 2.357421275501165425 0 0.000000000000000000 0.000000000000000000
NNend

