NNstart
14 8
neuron 1 1.000000000000000000 0.000000000000000000 0.000000000000000000 22460583297283265675363855393449197341956137646334386237506870718988955187447746385569488806175489496859736385351092245391942265369068735688897972947941603118415872.000000000000000000 11 0.000000000000000000
neuron 1 1.000000000000000000 0.000000000000000000 0.000000000000000000 22460583297283265675363855393449197341956137646334386237506870718988955187447746385569488806175489496859736385351092245391942265369068735688897972947941603118415872.000000000000000000 11 0.000000000000000000
neuron 1 1.000000000000000000 0.000000000000000000 0.000000000000000000 22460583297283265675363855393449197341956137646334386237506870718988955187447746385569488806175489496859736385351092245391942265369068735688897972947941603118415872.000000000000000000 11 0.000000000000000000
neuron 1 1.000000000000000000 0.000000000000000000 0.000000000000000000 22460583297283265675363855393449197341956137646334386237506870718988955187447746385569488806175489496859736385351092245391942265369068735688897972947941603118415872.000000000000000000 11 0.000000000000000000
neuron 1 1.000000000000000000 0.000000000000000000 0.000000000000000000 22460583297283265675363855393449197341956137646334386237506870718988955187447746385569488806175489496859736385351092245391942265369068735688897972947941603118415872.000000000000000000 11 0.000000000000000000
neuron 1 1.000000000000000000 0.000000000000000000 0.000000000000000000 22460583297283265675363855393449197341956137646334386237506870718988955187447746385569488806175489496859736385351092245391942265369068735688897972947941603118415872.000000000000000000 11 0.000000000000000000
neuron 1 1.000000000000000000 0.000000000000000000 0.000000000000000000 22460583297283265675363855393449197341956137646334386237506870718988955187447746385569488806175489496859736385351092245391942265369068735688897972947941603118415872.000000000000000000 11 0.000000000000000000
neuron 1 1.000000000000000000 0.000000000000000000 0.000000000000000000 22460583297283265675363855393449197341956137646334386237506870718988955187447746385569488806175489496859736385351092245391942265369068735688897972947941603118415872.000000000000000000 11 0.000000000000000000
neuron 1 1.000000000000000000 0.000000000000000000 0.000000000000000000 22460583297283265675363855393449197341956137646334386237506870718988955187447746385569488806175489496859736385351092245391942265369068735688897972947941603118415872.000000000000000000 11 0.000000000000000000
neuron 1 1.000000000000000000 0.000000000000000000 0.000000000000000000 22460583297283265675363855393449197341956137646334386237506870718988955187447746385569488806175489496859736385351092245391942265369068735688897972947941603118415872.000000000000000000 11 0.000000000000000000
neuron 1 1.000000000000000000 0.000000000000000000 0.000000000000000000 22460583297283265675363855393449197341956137646334386237506870718988955187447746385569488806175489496859736385351092245391942265369068735688897972947941603118415872.000000000000000000 11 0.000000000000000000
neuron 1 1.000000000000000000 0.000000000000000000 0.000000000000000000 22460583297283265675363855393449197341956137646334386237506870718988955187447746385569488806175489496859736385351092245391942265369068735688897972947941603118415872.000000000000000000 11 0.000000000000000000
neuron 1 1.000000000000000000 0.000000000000000000 0.000000000000000000 22460583297283265675363855393449197341956137646334386237506870718988955187447746385569488806175489496859736385351092245391942265369068735688897972947941603118415872.000000000000000000 11 0.000000000000000000
neuron 2 1.000000000000000000 0.000000000000000000 0.000000000000000000 0.000000000000000000 11 0.000000000000000000
neuron 4 1.000000000000000000 0.000000000000000000 0.000000000000000000 22460583297283265675363855393449197341956137646334386237506870718988955187447746385569488806175489496859736385351092245391942265369068735688897972947941603118415872.000000000000000000 1 0.000000000000000000
neuron 4 1.000000000000000000 0.000000000000000000 0.000000000000000000 22460583297283265675363855393449197341956137646334386237506870718988955187447746385569488806175489496859736385351092245391942265369068735688897972947941603118415872.000000000000000000 1 0.000000000000000000
neuron 4 1.000000000000000000 0.000000000000000000 0.000000000000000000 22460583297283265675363855393449197341956137646334386237506870718988955187447746385569488806175489496859736385351092245391942265369068735688897972947941603118415872.000000000000000000 1 0.000000000000000000
neuron 4 1.000000000000000000 0.000000000000000000 0.000000000000000000 22460583297283265675363855393449197341956137646334386237506870718988955187447746385569488806175489496859736385351092245391942265369068735688897972947941603118415872.000000000000000000 1 0.000000000000000000
neuron 4 1.000000000000000000 0.000000000000000000 0.000000000000000000 22460583297283265675363855393449197341956137646334386237506870718988955187447746385569488806175489496859736385351092245391942265369068735688897972947941603118415872.000000000000000000 1 0.000000000000000000
neuron 4 1.000000000000000000 0.000000000000000000 0.000000000000000000 22460583297283265675363855393449197341956137646334386237506870718988955187447746385569488806175489496859736385351092245391942265369068735688897972947941603118415872.000000000000000000 1 0.000000000000000000
neuron 4 1.000000000000000000 0.000000000000000000 0.000000000000000000 22460583297283265675363855393449197341956137646334386237506870718988955187447746385569488806175489496859736385351092245391942265369068735688897972947941603118415872.000000000000000000 1 0.000000000000000000
neuron 4 1.000000000000000000 0.000000000000000000 0.000000000000000000 22460583297283265675363855393449197341956137646334386237506870718988955187447746385569488806175489496859736385351092245391942265369068735688897972947941603118415872.000000000000000000 1 0.000000000000000000
neuron 3 1.000000000000000000 0.000000000000000000 0.000000000000000000 22460583297283265675363855393449197341956137646334386237506870718988955187447746385569488806175489496859736385351092245391942265369068735688897972947941603118415872.000000000000000000 0 0.000000000000000000
neuron 3 1.000000000000000000 0.000000000000000000 0.000000000000000000 22460583297283265675363855393449197341956137646334386237506870718988955187447746385569488806175489496859736385351092245391942265369068735688897972947941603118415872.000000000000000000 0 0.000000000000000000
neuron 3 1.000000000000000000 0.000000000000000000 0.000000000000000000 22460583297283265675363855393449197341956137646334386237506870718988955187447746385569488806175489496859736385351092245391942265369068735688897972947941603118415872.000000000000000000 0 0.000000000000000000
neuron 3 1.000000000000000000 0.000000000000000000 0.000000000000000000 22460583297283265675363855393449197341956137646334386237506870718988955187447746385569488806175489496859736385351092245391942265369068735688897972947941603118415872.000000000000000000 0 0.000000000000000000
connection 0 22 1.196631815981922919 0 0.000000000000000000 22460583297283265675363855393449197341956137646334386237506870718988955187447746385569488806175489496859736385351092245391942265369068735688897972947941603118415872.000000000000000000
connection 0 23 -1.371898357009958103 0 0.000000000000000000 22460583297283265675363855393449197341956137646334386237506870718988955187447746385569488806175489496859736385351092245391942265369068735688897972947941603118415872.000000000000000000
connection 0 24 -2.451579846106627603 0 0.000000000000000000 22460583297283265675363855393449197341956137646334386237506870718988955187447746385569488806175489496859736385351092245391942265369068735688897972947941603118415872.000000000000000000
connection 1 22 1.321990264970830609 0 0.000000000000000000 22460583297283265675363855393449197341956137646334386237506870718988955187447746385569488806175489496859736385351092245391942265369068735688897972947941603118415872.000000000000000000
connection 1 23 -1.251953978266284073 0 0.000000000000000000 22460583297283265675363855393449197341956137646334386237506870718988955187447746385569488806175489496859736385351092245391942265369068735688897972947941603118415872.000000000000000000
connection 1 24 -2.293896602921014161 0 0.000000000000000000 22460583297283265675363855393449197341956137646334386237506870718988955187447746385569488806175489496859736385351092245391942265369068735688897972947941603118415872.000000000000000000
connection 1 25 0.340886130094945283 0 0.000000000000000000 22460583297283265675363855393449197341956137646334386237506870718988955187447746385569488806175489496859736385351092245391942265369068735688897972947941603118415872.000000000000000000
connection 2 22 1.449466534878738999 0 0.000000000000000000 22460583297283265675363855393449197341956137646334386237506870718988955187447746385569488806175489496859736385351092245391942265369068735688897972947941603118415872.000000000000000000
connection 2 23 -1.129482203944001562 0 0.000000000000000000 22460583297283265675363855393449197341956137646334386237506870718988955187447746385569488806175489496859736385351092245391942265369068735688897972947941603118415872.000000000000000000
connection 2 24 -2.134897656199392646 0 0.000000000000000000 22460583297283265675363855393449197341956137646334386237506870718988955187447746385569488806175489496859736385351092245391942265369068735688897972947941603118415872.000000000000000000
connection 2 25 0.509952965399938729 0 0.000000000000000000 22460583297283265675363855393449197341956137646334386237506870718988955187447746385569488806175489496859736385351092245391942265369068735688897972947941603118415872.000000000000000000
connection 3 22 1.579243386937664528 0 0.000000000000000000 22460583297283265675363855393449197341956137646334386237506870718988955187447746385569488806175489496859736385351092245391942265369068735688897972947941603118415872.000000000000000000
connection 3 23 -1.004115348440261846 0 0.000000000000000000 22460583297283265675363855393449197341956137646334386237506870718988955187447746385569488806175489496859736385351092245391942265369068735688897972947941603118415872.000000000000000000
connection 3 24 -1.974980876869397273 0 0.000000000000000000 22460583297283265675363855393449197341956137646334386237506870718988955187447746385569488806175489496859736385351092245391942265369068735688897972947941603118415872.000000000000000000
connection 3 25 0.677131576631213150 0 0.000000000000000000 22460583297283265675363855393449197341956137646334386237506870718988955187447746385569488806175489496859736385351092245391942265369068735688897972947941603118415872.000000000000000000
connection 4 22 1.711430281387637198 0 0.000000000000000000 22460583297283265675363855393449197341956137646334386237506870718988955187447746385569488806175489496859736385351092245391942265369068735688897972947941603118415872.000000000000000000
connection 4 23 -0.875519254388388846 0 0.000000000000000000 22460583297283265675363855393449197341956137646334386237506870718988955187447746385569488806175489496859736385351092245391942265369068735688897972947941603118415872.000000000000000000
connection 4 24 -1.814512692308985820 0 0.000000000000000000 22460583297283265675363855393449197341956137646334386237506870718988955187447746385569488806175489496859736385351092245391942265369068735688897972947941603118415872.000000000000000000
connection 4 25 0.842174159757506979 0 0.000000000000000000 22460583297283265675363855393449197341956137646334386237506870718988955187447746385569488806175489496859736385351092245391942265369068735688897972947941603118415872.000000000000000000
connection 5 22 1.846055671991810199 0 0.000000000000000000 22460583297283265675363855393449197341956137646334386237506870718988955187447746385569488806175489496859736385351092245391942265369068735688897972947941603118415872.000000000000000000
connection 5 23 -0.743407815776516934 0 0.000000000000000000 22460583297283265675363855393449197341956137646334386237506870718988955187447746385569488806175489496859736385351092245391942265369068735688897972947941603118415872.000000000000000000
connection 5 24 -1.653822141770468601 0 0.000000000000000000 22460583297283265675363855393449197341956137646334386237506870718988955187447746385569488806175489496859736385351092245391942265369068735688897972947941603118415872.000000000000000000
connection 5 25 1.004888916302759228 0 0.000000000000000000 22460583297283265675363855393449197341956137646334386237506870718988955187447746385569488806175489496859736385351092245391942265369068735688897972947941603118415872.000000000000000000
connection 6 22 1.983062390646443962 0 0.000000000000000000 22460583297283265675363855393449197341956137646334386237506870718988955187447746385569488806175489496859736385351092245391942265369068735688897972947941603118415872.000000000000000000
connection 6 23 -0.607556531189384241 0 0.000000000000000000 22460583297283265675363855393449197341956137646334386237506870718988955187447746385569488806175489496859736385351092245391942265369068735688897972947941603118415872.000000000000000000
connection 6 24 -1.493197023602516493 0 0.000000000000000000 22460583297283265675363855393449197341956137646334386237506870718988955187447746385569488806175489496859736385351092245391942265369068735688897972947941603118415872.000000000000000000
connection 6 25 1.165136164057822166 0 0.000000000000000000 22460583297283265675363855393449197341956137646334386237506870718988955187447746385569488806175489496859736385351092245391942265369068735688897972947941603118415872.000000000000000000
connection 7 22 2.122306467123050933 0 0.000000000000000000 22460583297283265675363855393449197341956137646334386237506870718988955187447746385569488806175489496859736385351092245391942265369068735688897972947941603118415872.000000000000000000
connection 7 23 -0.467814428380594616 0 0.000000000000000000 22460583297283265675363855393449197341956137646334386237506870718988955187447746385569488806175489496859736385351092245391942265369068735688897972947941603118415872.000000000000000000
connection 7 24 -1.332882112761774929 0 0.000000000000000000 22460583297283265675363855393449197341956137646334386237506870718988955187447746385569488806175489496859736385351092245391942265369068735688897972947941603118415872.000000000000000000
connection 7 25 1.322823079224414888 0 0.000000000000000000 22460583297283265675363855393449197341956137646334386237506870718988955187447746385569488806175489496859736385351092245391942265369068735688897972947941603118415872.000000000000000000
connection 8 22 2.263559546555555801 0 0.000000000000000000 22460583297283265675363855393449197341956137646334386237506870718988955187447746385569488806175489496859736385351092245391942265369068735688897972947941603118415872.000000000000000000
connection 8 23 -0.324113734115410002 0 0.000000000000000000 22460583297283265675363855393449197341956137646334386237506870718988955187447746385569488806175489496859736385351092245391942265369068735688897972947941603118415872.000000000000000000
connection 8 24 -1.173079306366690222 0 0.000000000000000000 22460583297283265675363855393449197341956137646334386237506870718988955187447746385569488806175489496859736385351092245391942265369068735688897972947941603118415872.000000000000000000
connection 8 25 1.477897518819588640 0 0.000000000000000000 22460583297283265675363855393449197341956137646334386237506870718988955187447746385569488806175489496859736385351092245391942265369068735688897972947941603118415872.000000000000000000
connection 9 22 2.406514860980073944 0 0.000000000000000000 22460583297283265675363855393449197341956137646334386237506870718988955187447746385569488806175489496859736385351092245391942265369068735688897972947941603118415872.000000000000000000
connection 9 24 -1.013949458205122056 0 0.000000000000000000 22460583297283265675363855393449197341956137646334386237506870718988955187447746385569488806175489496859736385351092245391942265369068735688897972947941603118415872.000000000000000000
connection 9 25 1.630341352673347455 0 0.000000000000000000 22460583297283265675363855393449197341956137646334386237506870718988955187447746385569488806175489496859736385351092245391942265369068735688897972947941603118415872.000000000000000000
connection 10 22 2.550796496099273725 0 0.000000000000000000 22460583297283265675363855393449197341956137646334386237506870718988955187447746385569488806175489496859736385351092245391942265369068735688897972947941603118415872.000000000000000000
connection 10 24 -0.855615595077455438 0 0.000000000000000000 22460583297283265675363855393449197341956137646334386237506870718988955187447746385569488806175489496859736385351092245391942265369068735688897972947941603118415872.000000000000000000
connection 10 25 1.780163690760209416 0 0.000000000000000000 22460583297283265675363855393449197341956137646334386237506870718988955187447746385569488806175489496859736385351092245391942265369068735688897972947941603118415872.000000000000000000
connection 11 22 2.695971488377844061 0 0.000000000000000000 22460583297283265675363855393449197341956137646334386237506870718988955187447746385569488806175489496859736385351092245391942265369068735688897972947941603118415872.000000000000000000
connection 11 24 -0.698167170037833795 0 0.000000000000000000 22460583297283265675363855393449197341956137646334386237506870718988955187447746385569488806175489496859736385351092245391942265369068735688897972947941603118415872.000000000000000000
connection 11 25 1.927394331571987918 0 0.000000000000000000 22460583297283265675363855393449197341956137646334386237506870718988955187447746385569488806175489496859736385351092245391942265369068735688897972947941603118415872.000000000000000000
connection 12 22 2.841564109428871721 0 0.000000000000000000 22460583297283265675363855393449197341956137646334386237506870718988955187447746385569488806175489496859736385351092245391942265369068735688897972947941603118415872.000000000000000000
connection 12 23 0.288427756696277460 0 0.000000000000000000 22460583297283265675363855393449197341956137646334386237506870718988955187447746385569488806175489496859736385351092245391942265369068735688897972947941603118415872.000000000000000000
connection 12 24 -0.541664998342776149 0 0.000000000000000000 22460583297283265675363855393449197341956137646334386237506870718988955187447746385569488806175489496859736385351092245391942265369068735688897972947941603118415872.000000000000000000
connection 12 25 2.072077688164338127 0 0.000000000000000000 22460583297283265675363855393449197341956137646334386237506870718988955187447746385569488806175489496859736385351092245391942265369068735688897972947941603118415872.000000000000000000
connection 13 22 2.987071561811356801 0 0.000000000000000000 22460583297283265675363855393449197341956137646334386237506870718988955187447746385569488806175489496859736385351092245391942265369068735688897972947941603118415872.000000000000000000
connection 13 23 0.449735239285578625 0 0.000000000000000000 22460583297283265675363855393449197341956137646334386237506870718988955187447746385569488806175489496859736385351092245391942265369068735688897972947941603118415872.000000000000000000
connection 13 24 -0.386146537292182956 0 0.000000000000000000 22460583297283265675363855393449197341956137646334386237506870718988955187447746385569488806175489496859736385351092245391942265369068735688897972947941603118415872.000000000000000000
connection 13 25 2.214267376926210229 0 0.000000000000000000 22460583297283265675363855393449197341956137646334386237506870718988955187447746385569488806175489496859736385351092245391942265369068735688897972947941603118415872.000000000000000000
connection 22 14 -6.453654335922877294 0 0.000000000000000000 22460583297283265675363855393449197341956137646334386237506870718988955187447746385569488806175489496859736385351092245391942265369068735688897972947941603118415872.000000000000000000
connection 23 14 -3.194941155070694094 0 0.000000000000000000 22460583297283265675363855393449197341956137646334386237506870718988955187447746385569488806175489496859736385351092245391942265369068735688897972947941603118415872.000000000000000000
connection 24 14 -2.406030438426889351 0 0.000000000000000000 22460583297283265675363855393449197341956137646334386237506870718988955187447746385569488806175489496859736385351092245391942265369068735688897972947941603118415872.000000000000000000
connection 25 14 -6.149158002056057448 0 0.000000000000000000 22460583297283265675363855393449197341956137646334386237506870718988955187447746385569488806175489496859736385351092245391942265369068735688897972947941603118415872.000000000000000000
connection 22 15 -6.694497533243195520 0 0.000000000000000000 22460583297283265675363855393449197341956137646334386237506870718988955187447746385569488806175489496859736385351092245391942265369068735688897972947941603118415872.000000000000000000
connection 23 15 -3.802519347866358590 0 0.000000000000000000 22460583297283265675363855393449197341956137646334386237506870718988955187447746385569488806175489496859736385351092245391942265369068735688897972947941603118415872.000000000000000000
connection 24 15 -3.065182017361244959 0 0.000000000000000000 22460583297283265675363855393449197341956137646334386237506870718988955187447746385569488806175489496859736385351092245391942265369068735688897972947941603118415872.000000000000000000
connection 25 15 -6.430208089498179014 0 0.000000000000000000 22460583297283265675363855393449197341956137646334386237506870718988955187447746385569488806175489496859736385351092245391942265369068735688897972947941603118415872.000000000000000000
connection 23 16 -4.358496435474695119 0 0.000000000000000000 22460583297283265675363855393449197341956137646334386237506870718988955187447746385569488806175489496859736385351092245391942265369068735688897972947941603118415872.000000000000000000
connection 24 16 -3.679434088313094708 0 0.000000000000000000 22460583297283265675363855393449197341956137646334386237506870718988955187447746385569488806175489496859736385351092245391942265369068735688897972947941603118415872.000000000000000000
connection 25 16 -6.672693494493499244 0 0.000000000000000000 22460583297283265675363855393449197341956137646334386237506870718988955187447746385569488806175489496859736385351092245391942265369068735688897972947941603118415872.000000000000000000
connection 23 17 -4.860610592031083144 0 0.000000000000000000 22460583297283265675363855393449197341956137646334386237506870718988955187447746385569488806175489496859736385351092245391942265369068735688897972947941603118415872.000000000000000000
connection 24 17 -4.243637706942943844 0 0.000000000000000000 22460583297283265675363855393449197341956137646334386237506870718988955187447746385569488806175489496859736385351092245391942265369068735688897972947941603118415872.000000000000000000
connection 25 17 -6.880742105264370245 0 0.000000000000000000 22460583297283265675363855393449197341956137646334386237506870718988955187447746385569488806175489496859736385351092245391942265369068735688897972947941603118415872.000000000000000000
connection 22 18 -7.226226054613142935 0 0.000000000000000000 22460583297283265675363855393449197341956137646334386237506870718988955187447746385569488806175489496859736385351092245391942265369068735688897972947941603118415872.000000000000000000
connection 23 18 -5.308719764246982109 0 0.000000000000000000 22460583297283265675363855393449197341956137646334386237506870718988955187447746385569488806175489496859736385351092245391942265369068735688897972947941603118415872.000000000000000000
connection 24 18 -4.755021966506364883 0 0.000000000000000000 22460583297283265675363855393449197341956137646334386237506870718988955187447746385569488806175489496859736385351092245391942265369068735688897972947941603118415872.000000000000000000
connection 25 18 -7.058386362838978911 0 0.000000000000000000 22460583297283265675363855393449197341956137646334386237506870718988955187447746385569488806175489496859736385351092245391942265369068735688897972947941603118415872.000000000000000000
connection 23 19 -5.704404455407214414 0 0.000000000000000000 22460583297283265675363855393449197341956137646334386237506870718988955187447746385569488806175489496859736385351092245391942265369068735688897972947941603118415872.000000000000000000
connection 24 19 -5.212959730917872569 0 0.000000000000000000 22460583297283265675363855393449197341956137646334386237506870718988955187447746385569488806175489496859736385351092245391942265369068735688897972947941603118415872.000000000000000000
connection 23 20 -6.050529109530463856 0 0.000000000000000000 22460583297283265675363855393449197341956137646334386237506870718988955187447746385569488806175489496859736385351092245391942265369068735688897972947941603118415872.000000000000000000
connection 24 20 -5.618606380463655015 0 0.000000000000000000 22460583297283265675363855393449197341956137646334386237506870718988955187447746385569488806175489496859736385351092245391942265369068735688897972947941603118415872.000000000000000000
connection 24 21 -5.974481400740097037 0 0.000000000000000000 22460583297283265675363855393449197341956137646334386237506870718988955187447746385569488806175489496859736385351092245391942265369068735688897972947941603118415872.000000000000000000
NNend

