NNstart
16 6
neuron 1 1.000000000000000000 0.000000000000000000 0.000000000000000000 0.000000000000000000 11 0.000000000000000000
neuron 1 1.000000000000000000 0.000000000000000000 0.000000000000000000 0.000000000000000000 11 0.000000000000000000
neuron 1 1.000000000000000000 0.000000000000000000 0.000000000000000000 0.000000000000000000 11 0.000000000000000000
neuron 1 1.000000000000000000 0.000000000000000000 0.000000000000000000 0.000000000000000000 11 0.000000000000000000
neuron 1 1.000000000000000000 0.000000000000000000 0.000000000000000000 0.000000000000000000 11 0.000000000000000000
neuron 1 1.000000000000000000 0.000000000000000000 0.000000000000000000 0.000000000000000000 11 0.000000000000000000
neuron 1 1.000000000000000000 0.000000000000000000 0.000000000000000000 0.000000000000000000 11 0.000000000000000000
neuron 1 1.000000000000000000 0.000000000000000000 0.000000000000000000 0.000000000000000000 11 0.000000000000000000
neuron 1 1.000000000000000000 0.000000000000000000 0.000000000000000000 0.000000000000000000 11 0.000000000000000000
neuron 1 1.000000000000000000 0.000000000000000000 0.000000000000000000 0.000000000000000000 11 0.000000000000000000
neuron 1 1.000000000000000000 0.000000000000000000 0.000000000000000000 0.000000000000000000 11 0.000000000000000000
neuron 1 1.000000000000000000 0.000000000000000000 0.000000000000000000 0.000000000000000000 11 0.000000000000000000
neuron 1 1.000000000000000000 0.000000000000000000 0.000000000000000000 0.000000000000000000 11 0.000000000000000000
neuron 1 1.000000000000000000 0.000000000000000000 0.000000000000000000 0.000000000000000000 11 0.000000000000000000
neuron 1 1.000000000000000000 0.000000000000000000 0.000000000000000000 0.000000000000000000 11 0.000000000000000000
neuron 2 1.000000000000000000 0.000000000000000000 0.000000000000000000 0.000000000000000000 11 0.000000000000000000
neuron 4 1.000000000000000000 0.000000000000000000 0.000000000000000000 0.000000000000000000 1 0.000000000000000000
neuron 4 1.000000000000000000 0.000000000000000000 0.000000000000000000 0.000000000000000000 1 0.000000000000000000
neuron 4 1.000000000000000000 0.000000000000000000 0.000000000000000000 0.000000000000000000 1 0.000000000000000000
neuron 4 1.000000000000000000 0.000000000000000000 0.000000000000000000 0.000000000000000000 1 0.000000000000000000
neuron 4 1.000000000000000000 0.000000000000000000 0.000000000000000000 0.000000000000000000 1 0.000000000000000000
neuron 4 1.000000000000000000 0.000000000000000000 0.000000000000000000 0.000000000000000000 1 0.000000000000000000
neuron 3 1.000000000000000000 0.000000000000000000 0.000000000000000000 0.000000000000000000 0 0.000000000000000000
neuron 3 1.000000000000000000 0.000000000000000000 0.000000000000000000 0.000000000000000000 0 0.000000000000000000
neuron 3 1.000000000000000000 0.000000000000000000 0.000000000000000000 0.000000000000000000 0 0.000000000000000000
neuron 3 1.000000000000000000 0.000000000000000000 0.000000000000000000 0.000000000000000000 0 0.000000000000000000
neuron 3 1.000000000000000000 0.000000000000000000 0.000000000000000000 0.000000000000000000 0 0.000000000000000000
neuron 3 1.000000000000000000 0.000000000000000000 0.000000000000000000 0.000000000000000000 0 0.000000000000000000
neuron 3 1.000000000000000000 0.000000000000000000 0.000000000000000000 0.000000000000000000 0 0.000000000000000000
neuron 3 1.000000000000000000 0.000000000000000000 0.000000000000000000 0.000000000000000000 0 0.000000000000000000
neuron 3 1.000000000000000000 0.000000000000000000 0.000000000000000000 0.000000000000000000 0 0.000000000000000000
neuron 3 1.000000000000000000 0.000000000000000000 0.000000000000000000 0.000000000000000000 0 0.000000000000000000
neuron 3 1.000000000000000000 0.000000000000000000 0.000000000000000000 0.000000000000000000 0 0.000000000000000000
neuron 3 1.000000000000000000 0.000000000000000000 0.000000000000000000 0.000000000000000000 0 0.000000000000000000
neuron 3 1.000000000000000000 0.000000000000000000 0.000000000000000000 0.000000000000000000 0 0.000000000000000000
neuron 3 1.000000000000000000 0.000000000000000000 0.000000000000000000 0.000000000000000000 0 0.000000000000000000
neuron 3 1.000000000000000000 0.000000000000000000 0.000000000000000000 0.000000000000000000 0 0.000000000000000000
neuron 3 1.000000000000000000 0.000000000000000000 0.000000000000000000 0.000000000000000000 0 0.000000000000000000
neuron 3 1.000000000000000000 0.000000000000000000 0.000000000000000000 0.000000000000000000 0 0.000000000000000000
neuron 3 1.000000000000000000 0.000000000000000000 0.000000000000000000 0.000000000000000000 0 0.000000000000000000
neuron 3 1.000000000000000000 0.000000000000000000 0.000000000000000000 0.000000000000000000 0 0.000000000000000000
neuron 3 1.000000000000000000 0.000000000000000000 0.000000000000000000 0.000000000000000000 0 0.000000000000000000
neuron 3 1.000000000000000000 0.000000000000000000 0.000000000000000000 0.000000000000000000 0 0.000000000000000000
neuron 3 1.000000000000000000 0.000000000000000000 0.000000000000000000 0.000000000000000000 0 0.000000000000000000
neuron 3 1.000000000000000000 0.000000000000000000 0.000000000000000000 0.000000000000000000 0 0.000000000000000000
neuron 3 1.000000000000000000 0.000000000000000000 0.000000000000000000 0.000000000000000000 0 0.000000000000000000
neuron 3 1.000000000000000000 0.000000000000000000 0.000000000000000000 0.000000000000000000 0 0.000000000000000000
neuron 3 1.000000000000000000 0.000000000000000000 0.000000000000000000 0.000000000000000000 0 0.000000000000000000
neuron 3 1.000000000000000000 0.000000000000000000 0.000000000000000000 0.000000000000000000 0 0.000000000000000000
neuron 3 1.000000000000000000 0.000000000000000000 0.000000000000000000 0.000000000000000000 0 0.000000000000000000
neuron 3 1.000000000000000000 0.000000000000000000 0.000000000000000000 0.000000000000000000 0 0.000000000000000000
neuron 3 1.000000000000000000 0.000000000000000000 0.000000000000000000 0.000000000000000000 0 0.000000000000000000
neuron 3 1.000000000000000000 0.000000000000000000 0.000000000000000000 0.000000000000000000 0 0.000000000000000000
neuron 3 1.000000000000000000 0.000000000000000000 0.000000000000000000 0.000000000000000000 0 0.000000000000000000
neuron 3 1.000000000000000000 0.000000000000000000 0.000000000000000000 0.000000000000000000 0 0.000000000000000000
neuron 3 1.000000000000000000 0.000000000000000000 0.000000000000000000 0.000000000000000000 0 0.000000000000000000
neuron 3 1.000000000000000000 0.000000000000000000 0.000000000000000000 0.000000000000000000 0 0.000000000000000000
neuron 3 1.000000000000000000 0.000000000000000000 0.000000000000000000 0.000000000000000000 0 0.000000000000000000
neuron 3 1.000000000000000000 0.000000000000000000 0.000000000000000000 0.000000000000000000 0 0.000000000000000000
neuron 3 1.000000000000000000 0.000000000000000000 0.000000000000000000 0.000000000000000000 0 0.000000000000000000
neuron 3 1.000000000000000000 0.000000000000000000 0.000000000000000000 0.000000000000000000 0 0.000000000000000000
neuron 3 1.000000000000000000 0.000000000000000000 0.000000000000000000 0.000000000000000000 0 0.000000000000000000
neuron 3 1.000000000000000000 0.000000000000000000 0.000000000000000000 0.000000000000000000 0 0.000000000000000000
neuron 3 1.000000000000000000 0.000000000000000000 0.000000000000000000 0.000000000000000000 0 0.000000000000000000
neuron 3 1.000000000000000000 0.000000000000000000 0.000000000000000000 0.000000000000000000 0 0.000000000000000000
neuron 3 1.000000000000000000 0.000000000000000000 0.000000000000000000 0.000000000000000000 0 0.000000000000000000
neuron 3 1.000000000000000000 0.000000000000000000 0.000000000000000000 0.000000000000000000 0 0.000000000000000000
neuron 3 1.000000000000000000 0.000000000000000000 0.000000000000000000 0.000000000000000000 0 0.000000000000000000
neuron 3 1.000000000000000000 0.000000000000000000 0.000000000000000000 0.000000000000000000 0 0.000000000000000000
neuron 3 1.000000000000000000 0.000000000000000000 0.000000000000000000 0.000000000000000000 0 0.000000000000000000
neuron 3 1.000000000000000000 0.000000000000000000 0.000000000000000000 0.000000000000000000 0 0.000000000000000000
neuron 3 1.000000000000000000 0.000000000000000000 0.000000000000000000 0.000000000000000000 0 0.000000000000000000
neuron 3 1.000000000000000000 0.000000000000000000 0.000000000000000000 0.000000000000000000 0 0.000000000000000000
neuron 3 1.000000000000000000 0.000000000000000000 0.000000000000000000 0.000000000000000000 0 0.000000000000000000
neuron 3 1.000000000000000000 0.000000000000000000 0.000000000000000000 0.000000000000000000 0 0.000000000000000000
neuron 3 1.000000000000000000 0.000000000000000000 0.000000000000000000 0.000000000000000000 0 0.000000000000000000
neuron 3 1.000000000000000000 0.000000000000000000 0.000000000000000000 0.000000000000000000 0 0.000000000000000000
neuron 3 1.000000000000000000 0.000000000000000000 0.000000000000000000 0.000000000000000000 0 0.000000000000000000
neuron 3 1.000000000000000000 0.000000000000000000 0.000000000000000000 0.000000000000000000 0 0.000000000000000000
neuron 3 1.000000000000000000 0.000000000000000000 0.000000000000000000 0.000000000000000000 0 0.000000000000000000
neuron 3 1.000000000000000000 0.000000000000000000 0.000000000000000000 0.000000000000000000 0 0.000000000000000000
neuron 3 1.000000000000000000 0.000000000000000000 0.000000000000000000 0.000000000000000000 0 0.000000000000000000
neuron 3 1.000000000000000000 0.000000000000000000 0.000000000000000000 0.000000000000000000 0 0.000000000000000000
neuron 3 1.000000000000000000 0.000000000000000000 0.000000000000000000 0.000000000000000000 0 0.000000000000000000
neuron 3 1.000000000000000000 0.000000000000000000 0.000000000000000000 0.000000000000000000 0 0.000000000000000000
neuron 3 1.000000000000000000 0.000000000000000000 0.000000000000000000 0.000000000000000000 0 0.000000000000000000
neuron 3 1.000000000000000000 0.000000000000000000 0.000000000000000000 0.000000000000000000 0 0.000000000000000000
neuron 3 1.000000000000000000 0.000000000000000000 0.000000000000000000 0.000000000000000000 0 0.000000000000000000
neuron 3 1.000000000000000000 0.000000000000000000 0.000000000000000000 0.000000000000000000 0 0.000000000000000000
connection 0 22 8.000000000000000000 0 0.000000000000000000 0.000000000000000000
connection 0 23 8.000000000000000000 0 0.000000000000000000 0.000000000000000000
connection 0 24 8.000000000000000000 0 0.000000000000000000 0.000000000000000000
connection 0 25 8.000000000000000000 0 0.000000000000000000 0.000000000000000000
connection 0 26 8.000000000000000000 0 0.000000000000000000 0.000000000000000000
connection 1 22 8.000000000000000000 0 0.000000000000000000 0.000000000000000000
connection 1 27 8.000000000000000000 0 0.000000000000000000 0.000000000000000000
connection 1 25 8.000000000000000000 0 0.000000000000000000 0.000000000000000000
connection 1 28 8.000000000000000000 0 0.000000000000000000 0.000000000000000000
connection 1 29 8.000000000000000000 0 0.000000000000000000 0.000000000000000000
connection 1 30 8.000000000000000000 0 0.000000000000000000 0.000000000000000000
connection 1 26 8.000000000000000000 0 0.000000000000000000 0.000000000000000000
connection 2 27 8.000000000000000000 0 0.000000000000000000 0.000000000000000000
connection 2 31 8.000000000000000000 0 0.000000000000000000 0.000000000000000000
connection 2 32 8.000000000000000000 0 0.000000000000000000 0.000000000000000000
connection 2 25 8.000000000000000000 0 0.000000000000000000 0.000000000000000000
connection 2 28 8.000000000000000000 0 0.000000000000000000 0.000000000000000000
connection 2 29 8.000000000000000000 0 0.000000000000000000 0.000000000000000000
connection 2 30 8.000000000000000000 0 0.000000000000000000 0.000000000000000000
connection 2 26 8.000000000000000000 0 0.000000000000000000 0.000000000000000000
connection 3 27 8.000000000000000000 0 0.000000000000000000 0.000000000000000000
connection 3 33 8.000000000000000000 0 0.000000000000000000 0.000000000000000000
connection 3 34 8.000000000000000000 0 0.000000000000000000 0.000000000000000000
connection 3 31 8.000000000000000000 0 0.000000000000000000 0.000000000000000000
connection 3 32 8.000000000000000000 0 0.000000000000000000 0.000000000000000000
connection 3 25 8.000000000000000000 0 0.000000000000000000 0.000000000000000000
connection 3 35 8.000000000000000000 0 0.000000000000000000 0.000000000000000000
connection 3 36 8.000000000000000000 0 0.000000000000000000 0.000000000000000000
connection 3 26 8.000000000000000000 0 0.000000000000000000 0.000000000000000000
connection 4 37 8.000000000000000000 0 0.000000000000000000 0.000000000000000000
connection 4 35 8.000000000000000000 0 0.000000000000000000 0.000000000000000000
connection 4 36 8.000000000000000000 0 0.000000000000000000 0.000000000000000000
connection 4 38 8.000000000000000000 0 0.000000000000000000 0.000000000000000000
connection 4 26 8.000000000000000000 0 0.000000000000000000 0.000000000000000000
connection 5 37 8.000000000000000000 0 0.000000000000000000 0.000000000000000000
connection 5 35 8.000000000000000000 0 0.000000000000000000 0.000000000000000000
connection 5 36 8.000000000000000000 0 0.000000000000000000 0.000000000000000000
connection 5 39 8.000000000000000000 0 0.000000000000000000 0.000000000000000000
connection 5 40 8.000000000000000000 0 0.000000000000000000 0.000000000000000000
connection 5 38 8.000000000000000000 0 0.000000000000000000 0.000000000000000000
connection 5 26 8.000000000000000000 0 0.000000000000000000 0.000000000000000000
connection 6 41 -8.000000000000000000 0 0.000000000000000000 0.000000000000000000
connection 6 42 -8.000000000000000000 0 0.000000000000000000 0.000000000000000000
connection 6 43 8.000000000000000000 0 0.000000000000000000 0.000000000000000000
connection 6 44 8.000000000000000000 0 0.000000000000000000 0.000000000000000000
connection 6 37 8.000000000000000000 0 0.000000000000000000 0.000000000000000000
connection 6 35 8.000000000000000000 0 0.000000000000000000 0.000000000000000000
connection 6 36 8.000000000000000000 0 0.000000000000000000 0.000000000000000000
connection 6 39 8.000000000000000000 0 0.000000000000000000 0.000000000000000000
connection 6 40 8.000000000000000000 0 0.000000000000000000 0.000000000000000000
connection 6 38 8.000000000000000000 0 0.000000000000000000 0.000000000000000000
connection 6 45 8.000000000000000000 0 0.000000000000000000 0.000000000000000000
connection 6 46 8.000000000000000000 0 0.000000000000000000 0.000000000000000000
connection 7 41 -8.000000000000000000 0 0.000000000000000000 0.000000000000000000
connection 7 47 -8.000000000000000000 0 0.000000000000000000 0.000000000000000000
connection 7 42 -8.000000000000000000 0 0.000000000000000000 0.000000000000000000
connection 7 44 8.000000000000000000 0 0.000000000000000000 0.000000000000000000
connection 7 37 8.000000000000000000 0 0.000000000000000000 0.000000000000000000
connection 7 35 8.000000000000000000 0 0.000000000000000000 0.000000000000000000
connection 7 48 8.000000000000000000 0 0.000000000000000000 0.000000000000000000
connection 7 38 8.000000000000000000 0 0.000000000000000000 0.000000000000000000
connection 7 45 8.000000000000000000 0 0.000000000000000000 0.000000000000000000
connection 7 46 8.000000000000000000 0 0.000000000000000000 0.000000000000000000
connection 8 49 -8.000000000000000000 0 0.000000000000000000 0.000000000000000000
connection 8 50 -8.000000000000000000 0 0.000000000000000000 0.000000000000000000
connection 8 37 8.000000000000000000 0 0.000000000000000000 0.000000000000000000
connection 8 35 8.000000000000000000 0 0.000000000000000000 0.000000000000000000
connection 8 48 8.000000000000000000 0 0.000000000000000000 0.000000000000000000
connection 8 51 8.000000000000000000 0 0.000000000000000000 0.000000000000000000
connection 8 52 8.000000000000000000 0 0.000000000000000000 0.000000000000000000
connection 9 49 -8.000000000000000000 0 0.000000000000000000 0.000000000000000000
connection 9 53 -8.000000000000000000 0 0.000000000000000000 0.000000000000000000
connection 9 50 -8.000000000000000000 0 0.000000000000000000 0.000000000000000000
connection 9 37 8.000000000000000000 0 0.000000000000000000 0.000000000000000000
connection 9 35 8.000000000000000000 0 0.000000000000000000 0.000000000000000000
connection 9 48 8.000000000000000000 0 0.000000000000000000 0.000000000000000000
connection 9 51 8.000000000000000000 0 0.000000000000000000 0.000000000000000000
connection 9 52 8.000000000000000000 0 0.000000000000000000 0.000000000000000000
connection 10 49 -8.000000000000000000 0 0.000000000000000000 0.000000000000000000
connection 10 53 -8.000000000000000000 0 0.000000000000000000 0.000000000000000000
connection 10 54 -8.000000000000000000 0 0.000000000000000000 0.000000000000000000
connection 10 50 -8.000000000000000000 0 0.000000000000000000 0.000000000000000000
connection 10 55 -8.000000000000000000 0 0.000000000000000000 0.000000000000000000
connection 10 37 8.000000000000000000 0 0.000000000000000000 0.000000000000000000
connection 10 56 8.000000000000000000 0 0.000000000000000000 0.000000000000000000
connection 11 49 -8.000000000000000000 0 0.000000000000000000 0.000000000000000000
connection 11 53 -8.000000000000000000 0 0.000000000000000000 0.000000000000000000
connection 11 57 -8.000000000000000000 0 0.000000000000000000 0.000000000000000000
connection 11 54 -8.000000000000000000 0 0.000000000000000000 0.000000000000000000
connection 11 50 -8.000000000000000000 0 0.000000000000000000 0.000000000000000000
connection 11 55 -8.000000000000000000 0 0.000000000000000000 0.000000000000000000
connection 11 58 -8.000000000000000000 0 0.000000000000000000 0.000000000000000000
connection 11 37 8.000000000000000000 0 0.000000000000000000 0.000000000000000000
connection 11 56 8.000000000000000000 0 0.000000000000000000 0.000000000000000000
connection 12 49 -8.000000000000000000 0 0.000000000000000000 0.000000000000000000
connection 12 43 -8.000000000000000000 0 0.000000000000000000 0.000000000000000000
connection 12 59 -8.000000000000000000 0 0.000000000000000000 0.000000000000000000
connection 12 50 -8.000000000000000000 0 0.000000000000000000 0.000000000000000000
connection 12 55 -8.000000000000000000 0 0.000000000000000000 0.000000000000000000
connection 12 58 -8.000000000000000000 0 0.000000000000000000 0.000000000000000000
connection 13 49 -8.000000000000000000 0 0.000000000000000000 0.000000000000000000
connection 13 43 -8.000000000000000000 0 0.000000000000000000 0.000000000000000000
connection 13 59 -8.000000000000000000 0 0.000000000000000000 0.000000000000000000
connection 13 60 -8.000000000000000000 0 0.000000000000000000 0.000000000000000000
connection 14 49 -8.000000000000000000 0 0.000000000000000000 0.000000000000000000
connection 14 43 -8.000000000000000000 0 0.000000000000000000 0.000000000000000000
connection 14 59 -8.000000000000000000 0 0.000000000000000000 0.000000000000000000
connection 14 61 -8.000000000000000000 0 0.000000000000000000 0.000000000000000000
connection 14 60 -8.000000000000000000 0 0.000000000000000000 0.000000000000000000
connection 15 22 -8.000000000000000000 0 0.000000000000000000 0.000000000000000000
connection 15 62 -8.000000000000000000 0 0.000000000000000000 0.000000000000000000
connection 15 63 -8.000000000000000000 0 0.000000000000000000 0.000000000000000000
connection 15 64 -8.000000000000000000 0 0.000000000000000000 0.000000000000000000
connection 15 65 -8.000000000000000000 0 0.000000000000000000 0.000000000000000000
connection 15 66 -8.000000000000000000 0 0.000000000000000000 0.000000000000000000
connection 22 54 -8.000000000000000000 0 0.000000000000000000 0.000000000000000000
connection 22 44 -8.000000000000000000 0 0.000000000000000000 0.000000000000000000
connection 22 60 -8.000000000000000000 0 0.000000000000000000 0.000000000000000000
connection 22 34 -8.000000000000000000 0 0.000000000000000000 0.000000000000000000
connection 22 25 -8.000000000000000000 0 0.000000000000000000 0.000000000000000000
connection 22 56 -8.000000000000000000 0 0.000000000000000000 0.000000000000000000
connection 22 26 -8.000000000000000000 0 0.000000000000000000 0.000000000000000000
connection 23 22 -8.000000000000000000 0 0.000000000000000000 0.000000000000000000
connection 23 37 -8.000000000000000000 0 0.000000000000000000 0.000000000000000000
connection 53 22 -8.000000000000000000 0 0.000000000000000000 0.000000000000000000
connection 53 37 -8.000000000000000000 0 0.000000000000000000 0.000000000000000000
connection 66 38 -8.000000000000000000 0 0.000000000000000000 0.000000000000000000
connection 66 46 -8.000000000000000000 0 0.000000000000000000 0.000000000000000000
connection 66 66 -8.000000000000000000 0 0.000000000000000000 0.000000000000000000
connection 24 22 -8.000000000000000000 0 0.000000000000000000 0.000000000000000000
connection 24 37 -8.000000000000000000 0 0.000000000000000000 0.000000000000000000
connection 25 42 -8.000000000000000000 0 0.000000000000000000 0.000000000000000000
connection 25 54 -8.000000000000000000 0 0.000000000000000000 0.000000000000000000
connection 25 44 -8.000000000000000000 0 0.000000000000000000 0.000000000000000000
connection 25 60 -8.000000000000000000 0 0.000000000000000000 0.000000000000000000
connection 25 24 -8.000000000000000000 0 0.000000000000000000 0.000000000000000000
connection 25 34 -8.000000000000000000 0 0.000000000000000000 0.000000000000000000
connection 25 25 -8.000000000000000000 0 0.000000000000000000 0.000000000000000000
connection 25 56 -8.000000000000000000 0 0.000000000000000000 0.000000000000000000
connection 25 26 -8.000000000000000000 0 0.000000000000000000 0.000000000000000000
connection 26 56 -8.000000000000000000 0 0.000000000000000000 0.000000000000000000
connection 26 26 -8.000000000000000000 0 0.000000000000000000 0.000000000000000000
connection 27 22 -8.000000000000000000 0 0.000000000000000000 0.000000000000000000
connection 27 37 -8.000000000000000000 0 0.000000000000000000 0.000000000000000000
connection 28 58 -8.000000000000000000 0 0.000000000000000000 0.000000000000000000
connection 28 32 -8.000000000000000000 0 0.000000000000000000 0.000000000000000000
connection 28 56 -8.000000000000000000 0 0.000000000000000000 0.000000000000000000
connection 28 26 -8.000000000000000000 0 0.000000000000000000 0.000000000000000000
connection 29 44 -8.000000000000000000 0 0.000000000000000000 0.000000000000000000
connection 29 55 -8.000000000000000000 0 0.000000000000000000 0.000000000000000000
connection 29 58 -8.000000000000000000 0 0.000000000000000000 0.000000000000000000
connection 29 25 -8.000000000000000000 0 0.000000000000000000 0.000000000000000000
connection 29 56 -8.000000000000000000 0 0.000000000000000000 0.000000000000000000
connection 29 26 -8.000000000000000000 0 0.000000000000000000 0.000000000000000000
connection 30 56 -8.000000000000000000 0 0.000000000000000000 0.000000000000000000
connection 30 26 -8.000000000000000000 0 0.000000000000000000 0.000000000000000000
connection 31 22 -8.000000000000000000 0 0.000000000000000000 0.000000000000000000
connection 31 37 -8.000000000000000000 0 0.000000000000000000 0.000000000000000000
connection 31 56 -8.000000000000000000 0 0.000000000000000000 0.000000000000000000
connection 31 26 -8.000000000000000000 0 0.000000000000000000 0.000000000000000000
connection 41 22 -8.000000000000000000 0 0.000000000000000000 0.000000000000000000
connection 41 37 -8.000000000000000000 0 0.000000000000000000 0.000000000000000000
connection 32 42 -8.000000000000000000 0 0.000000000000000000 0.000000000000000000
connection 32 54 -8.000000000000000000 0 0.000000000000000000 0.000000000000000000
connection 32 44 -8.000000000000000000 0 0.000000000000000000 0.000000000000000000
connection 32 60 -8.000000000000000000 0 0.000000000000000000 0.000000000000000000
connection 32 24 -8.000000000000000000 0 0.000000000000000000 0.000000000000000000
connection 32 34 -8.000000000000000000 0 0.000000000000000000 0.000000000000000000
connection 32 25 -8.000000000000000000 0 0.000000000000000000 0.000000000000000000
connection 32 56 -8.000000000000000000 0 0.000000000000000000 0.000000000000000000
connection 32 26 -8.000000000000000000 0 0.000000000000000000 0.000000000000000000
connection 33 22 -8.000000000000000000 0 0.000000000000000000 0.000000000000000000
connection 33 37 -8.000000000000000000 0 0.000000000000000000 0.000000000000000000
connection 40 56 -8.000000000000000000 0 0.000000000000000000 0.000000000000000000
connection 40 26 -8.000000000000000000 0 0.000000000000000000 0.000000000000000000
connection 58 58 -8.000000000000000000 0 0.000000000000000000 0.000000000000000000
connection 58 32 -8.000000000000000000 0 0.000000000000000000 0.000000000000000000
connection 58 56 -8.000000000000000000 0 0.000000000000000000 0.000000000000000000
connection 58 26 -8.000000000000000000 0 0.000000000000000000 0.000000000000000000
connection 34 22 -8.000000000000000000 0 0.000000000000000000 0.000000000000000000
connection 34 37 -8.000000000000000000 0 0.000000000000000000 0.000000000000000000
connection 35 58 -8.000000000000000000 0 0.000000000000000000 0.000000000000000000
connection 35 32 -8.000000000000000000 0 0.000000000000000000 0.000000000000000000
connection 35 56 -8.000000000000000000 0 0.000000000000000000 0.000000000000000000
connection 35 26 -8.000000000000000000 0 0.000000000000000000 0.000000000000000000
connection 36 49 8.000000000000000000 0 0.000000000000000000 0.000000000000000000
connection 36 44 -8.000000000000000000 0 0.000000000000000000 0.000000000000000000
connection 36 60 -8.000000000000000000 0 0.000000000000000000 0.000000000000000000
connection 36 27 8.000000000000000000 0 0.000000000000000000 0.000000000000000000
connection 36 25 -8.000000000000000000 0 0.000000000000000000 0.000000000000000000
connection 36 56 -8.000000000000000000 0 0.000000000000000000 0.000000000000000000
connection 36 26 -8.000000000000000000 0 0.000000000000000000 0.000000000000000000
connection 37 22 -8.000000000000000000 0 0.000000000000000000 0.000000000000000000
connection 37 37 -8.000000000000000000 0 0.000000000000000000 0.000000000000000000
connection 42 42 -8.000000000000000000 0 0.000000000000000000 0.000000000000000000
connection 42 54 -8.000000000000000000 0 0.000000000000000000 0.000000000000000000
connection 42 44 -8.000000000000000000 0 0.000000000000000000 0.000000000000000000
connection 42 60 -8.000000000000000000 0 0.000000000000000000 0.000000000000000000
connection 42 24 -8.000000000000000000 0 0.000000000000000000 0.000000000000000000
connection 42 34 -8.000000000000000000 0 0.000000000000000000 0.000000000000000000
connection 42 25 -8.000000000000000000 0 0.000000000000000000 0.000000000000000000
connection 42 56 -8.000000000000000000 0 0.000000000000000000 0.000000000000000000
connection 42 26 -8.000000000000000000 0 0.000000000000000000 0.000000000000000000
connection 38 56 -8.000000000000000000 0 0.000000000000000000 0.000000000000000000
connection 38 26 -8.000000000000000000 0 0.000000000000000000 0.000000000000000000
connection 45 22 8.000000000000000000 0 0.000000000000000000 0.000000000000000000
connection 45 37 8.000000000000000000 0 0.000000000000000000 0.000000000000000000
connection 45 56 -8.000000000000000000 0 0.000000000000000000 0.000000000000000000
connection 45 26 -8.000000000000000000 0 0.000000000000000000 0.000000000000000000
connection 39 49 8.000000000000000000 0 0.000000000000000000 0.000000000000000000
connection 39 43 8.000000000000000000 0 0.000000000000000000 0.000000000000000000
connection 39 44 -8.000000000000000000 0 0.000000000000000000 0.000000000000000000
connection 39 60 -8.000000000000000000 0 0.000000000000000000 0.000000000000000000
connection 39 27 8.000000000000000000 0 0.000000000000000000 0.000000000000000000
connection 39 83 8.000000000000000000 0 0.000000000000000000 0.000000000000000000
connection 39 25 -8.000000000000000000 0 0.000000000000000000 0.000000000000000000
connection 39 56 -8.000000000000000000 0 0.000000000000000000 0.000000000000000000
connection 39 26 -8.000000000000000000 0 0.000000000000000000 0.000000000000000000
connection 43 22 -8.000000000000000000 0 0.000000000000000000 0.000000000000000000
connection 43 37 -8.000000000000000000 0 0.000000000000000000 0.000000000000000000
connection 44 44 -8.000000000000000000 0 0.000000000000000000 0.000000000000000000
connection 44 60 -8.000000000000000000 0 0.000000000000000000 0.000000000000000000
connection 44 25 -8.000000000000000000 0 0.000000000000000000 0.000000000000000000
connection 44 56 -8.000000000000000000 0 0.000000000000000000 0.000000000000000000
connection 44 26 -8.000000000000000000 0 0.000000000000000000 0.000000000000000000
connection 56 22 8.000000000000000000 0 0.000000000000000000 0.000000000000000000
connection 56 37 8.000000000000000000 0 0.000000000000000000 0.000000000000000000
connection 56 56 -8.000000000000000000 0 0.000000000000000000 0.000000000000000000
connection 56 26 -8.000000000000000000 0 0.000000000000000000 0.000000000000000000
connection 46 22 8.000000000000000000 0 0.000000000000000000 0.000000000000000000
connection 46 37 8.000000000000000000 0 0.000000000000000000 0.000000000000000000
connection 46 56 -8.000000000000000000 0 0.000000000000000000 0.000000000000000000
connection 46 26 -8.000000000000000000 0 0.000000000000000000 0.000000000000000000
connection 64 56 -8.000000000000000000 0 0.000000000000000000 0.000000000000000000
connection 64 26 -8.000000000000000000 0 0.000000000000000000 0.000000000000000000
connection 47 22 -8.000000000000000000 0 0.000000000000000000 0.000000000000000000
connection 47 37 -8.000000000000000000 0 0.000000000000000000 0.000000000000000000
connection 48 49 8.000000000000000000 0 0.000000000000000000 0.000000000000000000
connection 48 43 8.000000000000000000 0 0.000000000000000000 0.000000000000000000
connection 48 58 -8.000000000000000000 0 0.000000000000000000 0.000000000000000000
connection 48 27 8.000000000000000000 0 0.000000000000000000 0.000000000000000000
connection 48 83 8.000000000000000000 0 0.000000000000000000 0.000000000000000000
connection 48 32 -8.000000000000000000 0 0.000000000000000000 0.000000000000000000
connection 48 56 -8.000000000000000000 0 0.000000000000000000 0.000000000000000000
connection 48 26 -8.000000000000000000 0 0.000000000000000000 0.000000000000000000
connection 51 22 8.000000000000000000 0 0.000000000000000000 0.000000000000000000
connection 51 37 8.000000000000000000 0 0.000000000000000000 0.000000000000000000
connection 51 56 -8.000000000000000000 0 0.000000000000000000 0.000000000000000000
connection 51 26 -8.000000000000000000 0 0.000000000000000000 0.000000000000000000
connection 49 22 -8.000000000000000000 0 0.000000000000000000 0.000000000000000000
connection 49 37 -8.000000000000000000 0 0.000000000000000000 0.000000000000000000
connection 49 56 -8.000000000000000000 0 0.000000000000000000 0.000000000000000000
connection 49 26 -8.000000000000000000 0 0.000000000000000000 0.000000000000000000
connection 50 44 -8.000000000000000000 0 0.000000000000000000 0.000000000000000000
connection 50 60 -8.000000000000000000 0 0.000000000000000000 0.000000000000000000
connection 50 25 -8.000000000000000000 0 0.000000000000000000 0.000000000000000000
connection 50 56 -8.000000000000000000 0 0.000000000000000000 0.000000000000000000
connection 50 26 -8.000000000000000000 0 0.000000000000000000 0.000000000000000000
connection 52 22 8.000000000000000000 0 0.000000000000000000 0.000000000000000000
connection 52 37 8.000000000000000000 0 0.000000000000000000 0.000000000000000000
connection 52 56 -8.000000000000000000 0 0.000000000000000000 0.000000000000000000
connection 52 26 -8.000000000000000000 0 0.000000000000000000 0.000000000000000000
connection 54 22 -8.000000000000000000 0 0.000000000000000000 0.000000000000000000
connection 54 37 -8.000000000000000000 0 0.000000000000000000 0.000000000000000000
connection 54 56 -8.000000000000000000 0 0.000000000000000000 0.000000000000000000
connection 54 26 -8.000000000000000000 0 0.000000000000000000 0.000000000000000000
connection 55 44 -8.000000000000000000 0 0.000000000000000000 0.000000000000000000
connection 55 60 -8.000000000000000000 0 0.000000000000000000 0.000000000000000000
connection 55 25 -8.000000000000000000 0 0.000000000000000000 0.000000000000000000
connection 55 56 -8.000000000000000000 0 0.000000000000000000 0.000000000000000000
connection 55 26 -8.000000000000000000 0 0.000000000000000000 0.000000000000000000
connection 63 56 -8.000000000000000000 0 0.000000000000000000 0.000000000000000000
connection 63 26 -8.000000000000000000 0 0.000000000000000000 0.000000000000000000
connection 57 22 -8.000000000000000000 0 0.000000000000000000 0.000000000000000000
connection 57 37 -8.000000000000000000 0 0.000000000000000000 0.000000000000000000
connection 59 44 -8.000000000000000000 0 0.000000000000000000 0.000000000000000000
connection 59 60 -8.000000000000000000 0 0.000000000000000000 0.000000000000000000
connection 59 25 -8.000000000000000000 0 0.000000000000000000 0.000000000000000000
connection 59 56 -8.000000000000000000 0 0.000000000000000000 0.000000000000000000
connection 59 26 -8.000000000000000000 0 0.000000000000000000 0.000000000000000000
connection 60 58 -8.000000000000000000 0 0.000000000000000000 0.000000000000000000
connection 60 32 -8.000000000000000000 0 0.000000000000000000 0.000000000000000000
connection 60 56 -8.000000000000000000 0 0.000000000000000000 0.000000000000000000
connection 60 26 -8.000000000000000000 0 0.000000000000000000 0.000000000000000000
connection 61 42 -8.000000000000000000 0 0.000000000000000000 0.000000000000000000
connection 61 54 -8.000000000000000000 0 0.000000000000000000 0.000000000000000000
connection 61 44 -8.000000000000000000 0 0.000000000000000000 0.000000000000000000
connection 61 60 -8.000000000000000000 0 0.000000000000000000 0.000000000000000000
connection 61 24 -8.000000000000000000 0 0.000000000000000000 0.000000000000000000
connection 61 34 -8.000000000000000000 0 0.000000000000000000 0.000000000000000000
connection 61 25 -8.000000000000000000 0 0.000000000000000000 0.000000000000000000
connection 61 56 -8.000000000000000000 0 0.000000000000000000 0.000000000000000000
connection 61 26 -8.000000000000000000 0 0.000000000000000000 0.000000000000000000
connection 62 56 -8.000000000000000000 0 0.000000000000000000 0.000000000000000000
connection 62 26 -8.000000000000000000 0 0.000000000000000000 0.000000000000000000
connection 65 40 -8.000000000000000000 0 0.000000000000000000 0.000000000000000000
connection 65 52 -8.000000000000000000 0 0.000000000000000000 0.000000000000000000
connection 27 16 -8.000000000000000000 0 0.000000000000000000 0.000000000000000000
connection 83 16 -8.000000000000000000 0 0.000000000000000000 0.000000000000000000
connection 56 16 8.000000000000000000 0 0.000000000000000000 0.000000000000000000
connection 26 16 8.000000000000000000 0 0.000000000000000000 0.000000000000000000
connection 49 17 -8.000000000000000000 0 0.000000000000000000 0.000000000000000000
connection 43 17 -8.000000000000000000 0 0.000000000000000000 0.000000000000000000
connection 61 17 -8.000000000000000000 0 0.000000000000000000 0.000000000000000000
connection 37 17 -8.000000000000000000 0 0.000000000000000000 0.000000000000000000
connection 22 18 -8.000000000000000000 0 0.000000000000000000 0.000000000000000000
connection 37 18 -8.000000000000000000 0 0.000000000000000000 0.000000000000000000
connection 28 18 -8.000000000000000000 0 0.000000000000000000 0.000000000000000000
connection 29 18 -8.000000000000000000 0 0.000000000000000000 0.000000000000000000
connection 48 18 -8.000000000000000000 0 0.000000000000000000 0.000000000000000000
connection 22 19 -8.000000000000000000 0 0.000000000000000000 0.000000000000000000
connection 37 19 -8.000000000000000000 0 0.000000000000000000 0.000000000000000000
connection 35 19 -8.000000000000000000 0 0.000000000000000000 0.000000000000000000
connection 48 19 -8.000000000000000000 0 0.000000000000000000 0.000000000000000000
connection 51 19 -8.000000000000000000 0 0.000000000000000000 0.000000000000000000
connection 38 19 -8.000000000000000000 0 0.000000000000000000 0.000000000000000000
connection 45 19 -8.000000000000000000 0 0.000000000000000000 0.000000000000000000
connection 37 20 -8.000000000000000000 0 0.000000000000000000 0.000000000000000000
connection 56 20 -8.000000000000000000 0 0.000000000000000000 0.000000000000000000
connection 26 20 -8.000000000000000000 0 0.000000000000000000 0.000000000000000000
connection 56 21 -8.000000000000000000 0 0.000000000000000000 0.000000000000000000
connection 26 21 -8.000000000000000000 0 0.000000000000000000 0.000000000000000000
NNend

