NNstart
14 8
neuron 1 1.000000000000000000 0.000000000000000000 0.000000000000000000 0.000000000000000000 11 0.000000000000000000
neuron 1 1.000000000000000000 0.000000000000000000 0.000000000000000000 0.000000000000000000 11 0.000000000000000000
neuron 1 1.000000000000000000 0.000000000000000000 0.000000000000000000 0.000000000000000000 11 0.000000000000000000
neuron 1 1.000000000000000000 0.000000000000000000 0.000000000000000000 0.000000000000000000 11 0.000000000000000000
neuron 1 1.000000000000000000 0.000000000000000000 0.000000000000000000 0.000000000000000000 11 0.000000000000000000
neuron 1 1.000000000000000000 0.000000000000000000 0.000000000000000000 0.000000000000000000 11 0.000000000000000000
neuron 1 1.000000000000000000 0.000000000000000000 0.000000000000000000 0.000000000000000000 11 0.000000000000000000
neuron 1 1.000000000000000000 0.000000000000000000 0.000000000000000000 0.000000000000000000 11 0.000000000000000000
neuron 1 1.000000000000000000 0.000000000000000000 0.000000000000000000 0.000000000000000000 11 0.000000000000000000
neuron 1 1.000000000000000000 0.000000000000000000 0.000000000000000000 0.000000000000000000 11 0.000000000000000000
neuron 1 1.000000000000000000 0.000000000000000000 0.000000000000000000 0.000000000000000000 11 0.000000000000000000
neuron 1 1.000000000000000000 0.000000000000000000 0.000000000000000000 0.000000000000000000 11 0.000000000000000000
neuron 1 1.000000000000000000 0.000000000000000000 0.000000000000000000 0.000000000000000000 11 0.000000000000000000
neuron 2 1.000000000000000000 0.000000000000000000 0.000000000000000000 0.000000000000000000 11 0.000000000000000000
neuron 4 1.000000000000000000 0.000000000000000000 0.000000000000000000 0.000000000000000000 1 0.000000000000000000
neuron 4 1.000000000000000000 0.000000000000000000 0.000000000000000000 0.000000000000000000 1 0.000000000000000000
neuron 4 1.000000000000000000 0.000000000000000000 0.000000000000000000 0.000000000000000000 1 0.000000000000000000
neuron 4 1.000000000000000000 0.000000000000000000 0.000000000000000000 0.000000000000000000 1 0.000000000000000000
neuron 4 1.000000000000000000 0.000000000000000000 0.000000000000000000 0.000000000000000000 1 0.000000000000000000
neuron 4 1.000000000000000000 0.000000000000000000 0.000000000000000000 0.000000000000000000 1 0.000000000000000000
neuron 4 1.000000000000000000 0.000000000000000000 0.000000000000000000 0.000000000000000000 1 0.000000000000000000
neuron 4 1.000000000000000000 0.000000000000000000 0.000000000000000000 0.000000000000000000 1 0.000000000000000000
neuron 3 1.000000000000000000 0.000000000000000000 0.000000000000000000 0.000000000000000000 0 0.000000000000000000
neuron 3 1.000000000000000000 0.000000000000000000 0.000000000000000000 0.000000000000000000 0 0.000000000000000000
neuron 3 1.000000000000000000 0.000000000000000000 0.000000000000000000 0.000000000000000000 0 0.000000000000000000
neuron 3 1.000000000000000000 0.000000000000000000 0.000000000000000000 0.000000000000000000 0 0.000000000000000000
neuron 3 1.000000000000000000 0.000000000000000000 0.000000000000000000 0.000000000000000000 0 0.000000000000000000
neuron 3 1.000000000000000000 0.000000000000000000 0.000000000000000000 0.000000000000000000 0 0.000000000000000000
neuron 3 1.000000000000000000 0.000000000000000000 0.000000000000000000 0.000000000000000000 0 0.000000000000000000
neuron 3 1.000000000000000000 0.000000000000000000 0.000000000000000000 0.000000000000000000 0 0.000000000000000000
neuron 3 1.000000000000000000 0.000000000000000000 0.000000000000000000 0.000000000000000000 0 0.000000000000000000
neuron 3 1.000000000000000000 0.000000000000000000 0.000000000000000000 0.000000000000000000 0 0.000000000000000000
neuron 3 1.000000000000000000 0.000000000000000000 0.000000000000000000 0.000000000000000000 0 0.000000000000000000
neuron 3 1.000000000000000000 0.000000000000000000 0.000000000000000000 0.000000000000000000 0 0.000000000000000000
neuron 3 1.000000000000000000 0.000000000000000000 0.000000000000000000 0.000000000000000000 0 0.000000000000000000
neuron 3 1.000000000000000000 0.000000000000000000 0.000000000000000000 0.000000000000000000 0 0.000000000000000000
neuron 3 1.000000000000000000 0.000000000000000000 0.000000000000000000 0.000000000000000000 0 0.000000000000000000
neuron 3 1.000000000000000000 0.000000000000000000 0.000000000000000000 0.000000000000000000 0 0.000000000000000000
neuron 3 1.000000000000000000 0.000000000000000000 0.000000000000000000 0.000000000000000000 0 0.000000000000000000
neuron 3 1.000000000000000000 0.000000000000000000 0.000000000000000000 0.000000000000000000 0 0.000000000000000000
neuron 3 1.000000000000000000 0.000000000000000000 0.000000000000000000 0.000000000000000000 0 0.000000000000000000
neuron 3 1.000000000000000000 0.000000000000000000 0.000000000000000000 0.000000000000000000 0 0.000000000000000000
neuron 3 1.000000000000000000 0.000000000000000000 0.000000000000000000 0.000000000000000000 0 0.000000000000000000
neuron 3 1.000000000000000000 0.000000000000000000 0.000000000000000000 0.000000000000000000 0 0.000000000000000000
neuron 3 1.000000000000000000 0.000000000000000000 0.000000000000000000 0.000000000000000000 0 0.000000000000000000
neuron 3 1.000000000000000000 0.000000000000000000 0.000000000000000000 0.000000000000000000 0 0.000000000000000000
neuron 3 1.000000000000000000 0.000000000000000000 0.000000000000000000 0.000000000000000000 0 0.000000000000000000
neuron 3 1.000000000000000000 0.000000000000000000 0.000000000000000000 0.000000000000000000 0 0.000000000000000000
neuron 3 1.000000000000000000 0.000000000000000000 0.000000000000000000 0.000000000000000000 0 0.000000000000000000
neuron 3 1.000000000000000000 0.000000000000000000 0.000000000000000000 0.000000000000000000 0 0.000000000000000000
neuron 3 1.000000000000000000 0.000000000000000000 0.000000000000000000 0.000000000000000000 0 0.000000000000000000
neuron 3 1.000000000000000000 0.000000000000000000 0.000000000000000000 0.000000000000000000 0 0.000000000000000000
neuron 3 1.000000000000000000 0.000000000000000000 0.000000000000000000 0.000000000000000000 0 0.000000000000000000
neuron 3 1.000000000000000000 0.000000000000000000 0.000000000000000000 0.000000000000000000 0 0.000000000000000000
neuron 3 1.000000000000000000 0.000000000000000000 0.000000000000000000 0.000000000000000000 0 0.000000000000000000
neuron 3 1.000000000000000000 0.000000000000000000 0.000000000000000000 0.000000000000000000 0 0.000000000000000000
neuron 3 1.000000000000000000 0.000000000000000000 0.000000000000000000 0.000000000000000000 0 0.000000000000000000
neuron 3 1.000000000000000000 0.000000000000000000 0.000000000000000000 0.000000000000000000 0 0.000000000000000000
neuron 3 1.000000000000000000 0.000000000000000000 0.000000000000000000 0.000000000000000000 0 0.000000000000000000
neuron 3 1.000000000000000000 0.000000000000000000 0.000000000000000000 0.000000000000000000 0 0.000000000000000000
neuron 3 1.000000000000000000 0.000000000000000000 0.000000000000000000 0.000000000000000000 0 0.000000000000000000
neuron 3 1.000000000000000000 0.000000000000000000 0.000000000000000000 0.000000000000000000 0 0.000000000000000000
neuron 3 1.000000000000000000 0.000000000000000000 0.000000000000000000 0.000000000000000000 0 0.000000000000000000
neuron 3 1.000000000000000000 0.000000000000000000 0.000000000000000000 0.000000000000000000 0 0.000000000000000000
neuron 3 1.000000000000000000 0.000000000000000000 0.000000000000000000 0.000000000000000000 0 0.000000000000000000
neuron 3 1.000000000000000000 0.000000000000000000 0.000000000000000000 0.000000000000000000 0 0.000000000000000000
neuron 3 1.000000000000000000 0.000000000000000000 0.000000000000000000 0.000000000000000000 0 0.000000000000000000
neuron 3 1.000000000000000000 0.000000000000000000 0.000000000000000000 0.000000000000000000 0 0.000000000000000000
neuron 3 1.000000000000000000 0.000000000000000000 0.000000000000000000 0.000000000000000000 0 0.000000000000000000
neuron 3 1.000000000000000000 0.000000000000000000 0.000000000000000000 0.000000000000000000 0 0.000000000000000000
neuron 3 1.000000000000000000 0.000000000000000000 0.000000000000000000 0.000000000000000000 0 0.000000000000000000
neuron 3 1.000000000000000000 0.000000000000000000 0.000000000000000000 0.000000000000000000 0 0.000000000000000000
neuron 3 1.000000000000000000 0.000000000000000000 0.000000000000000000 0.000000000000000000 0 0.000000000000000000
neuron 3 1.000000000000000000 0.000000000000000000 0.000000000000000000 0.000000000000000000 0 0.000000000000000000
neuron 3 1.000000000000000000 0.000000000000000000 0.000000000000000000 0.000000000000000000 0 0.000000000000000000
neuron 3 1.000000000000000000 0.000000000000000000 0.000000000000000000 0.000000000000000000 0 0.000000000000000000
neuron 3 1.000000000000000000 0.000000000000000000 0.000000000000000000 0.000000000000000000 0 0.000000000000000000
neuron 3 1.000000000000000000 0.000000000000000000 0.000000000000000000 0.000000000000000000 0 0.000000000000000000
neuron 3 1.000000000000000000 0.000000000000000000 0.000000000000000000 0.000000000000000000 0 0.000000000000000000
neuron 3 1.000000000000000000 0.000000000000000000 0.000000000000000000 0.000000000000000000 0 0.000000000000000000
neuron 3 1.000000000000000000 0.000000000000000000 0.000000000000000000 0.000000000000000000 0 0.000000000000000000
neuron 3 1.000000000000000000 0.000000000000000000 0.000000000000000000 0.000000000000000000 0 0.000000000000000000
neuron 3 1.000000000000000000 0.000000000000000000 0.000000000000000000 0.000000000000000000 0 0.000000000000000000
neuron 3 1.000000000000000000 0.000000000000000000 0.000000000000000000 0.000000000000000000 0 0.000000000000000000
neuron 3 1.000000000000000000 0.000000000000000000 0.000000000000000000 0.000000000000000000 0 0.000000000000000000
neuron 3 1.000000000000000000 0.000000000000000000 0.000000000000000000 0.000000000000000000 0 0.000000000000000000
neuron 3 1.000000000000000000 0.000000000000000000 0.000000000000000000 0.000000000000000000 0 0.000000000000000000
neuron 3 1.000000000000000000 0.000000000000000000 0.000000000000000000 0.000000000000000000 0 0.000000000000000000
neuron 3 1.000000000000000000 0.000000000000000000 0.000000000000000000 0.000000000000000000 0 0.000000000000000000
neuron 3 1.000000000000000000 0.000000000000000000 0.000000000000000000 0.000000000000000000 0 0.000000000000000000
neuron 3 1.000000000000000000 0.000000000000000000 0.000000000000000000 0.000000000000000000 0 0.000000000000000000
neuron 3 1.000000000000000000 0.000000000000000000 0.000000000000000000 0.000000000000000000 0 0.000000000000000000
neuron 3 1.000000000000000000 0.000000000000000000 0.000000000000000000 0.000000000000000000 0 0.000000000000000000
neuron 3 1.000000000000000000 0.000000000000000000 0.000000000000000000 0.000000000000000000 0 0.000000000000000000
neuron 3 1.000000000000000000 0.000000000000000000 0.000000000000000000 0.000000000000000000 0 0.000000000000000000
neuron 3 1.000000000000000000 0.000000000000000000 0.000000000000000000 0.000000000000000000 0 0.000000000000000000
neuron 3 1.000000000000000000 0.000000000000000000 0.000000000000000000 0.000000000000000000 0 0.000000000000000000
neuron 3 1.000000000000000000 0.000000000000000000 0.000000000000000000 0.000000000000000000 0 0.000000000000000000
neuron 3 1.000000000000000000 0.000000000000000000 0.000000000000000000 0.000000000000000000 0 0.000000000000000000
neuron 3 1.000000000000000000 0.000000000000000000 0.000000000000000000 0.000000000000000000 0 0.000000000000000000
neuron 3 1.000000000000000000 0.000000000000000000 0.000000000000000000 0.000000000000000000 0 0.000000000000000000
neuron 3 1.000000000000000000 0.000000000000000000 0.000000000000000000 0.000000000000000000 0 0.000000000000000000
neuron 3 1.000000000000000000 0.000000000000000000 0.000000000000000000 0.000000000000000000 0 0.000000000000000000
neuron 3 1.000000000000000000 0.000000000000000000 0.000000000000000000 0.000000000000000000 0 0.000000000000000000
neuron 3 1.000000000000000000 0.000000000000000000 0.000000000000000000 0.000000000000000000 0 0.000000000000000000
neuron 3 1.000000000000000000 0.000000000000000000 0.000000000000000000 0.000000000000000000 0 0.000000000000000000
connection 0 22 -4.056142034382187234 0 0.000000000000000000 0.000000000000000000
connection 0 23 -5.249186962766171582 0 0.000000000000000000 0.000000000000000000
connection 0 24 -2.907855912801481146 0 0.000000000000000000 0.000000000000000000
connection 0 25 -0.703175179328837774 0 0.000000000000000000 0.000000000000000000
connection 0 26 -1.466766770849946777 0 0.000000000000000000 0.000000000000000000
connection 0 27 -3.517159385861356125 0 0.000000000000000000 0.000000000000000000
connection 0 28 2.682343693337428725 0 0.000000000000000000 0.000000000000000000
connection 0 29 3.377150191216343522 0 0.000000000000000000 0.000000000000000000
connection 0 30 1.019995456355895058 0 0.000000000000000000 0.000000000000000000
connection 1 31 -2.991894805446667860 0 0.000000000000000000 0.000000000000000000
connection 1 32 -4.553931554678928961 0 0.000000000000000000 0.000000000000000000
connection 1 33 -1.505598475210054188 0 0.000000000000000000 0.000000000000000000
connection 1 34 0.937615726607780253 0 0.000000000000000000 0.000000000000000000
connection 1 22 -1.633665830611648273 0 0.000000000000000000 0.000000000000000000
connection 1 23 -3.609466561576176513 0 0.000000000000000000 0.000000000000000000
connection 1 25 2.495336327386977526 0 0.000000000000000000 0.000000000000000000
connection 1 26 1.741661437390852107 0 0.000000000000000000 0.000000000000000000
connection 1 27 -0.785863381973383568 0 0.000000000000000000 0.000000000000000000
connection 1 35 3.318206402435868618 0 0.000000000000000000 0.000000000000000000
connection 2 36 -4.109553778574857041 0 0.000000000000000000 0.000000000000000000
connection 2 37 -5.229471262965087242 0 0.000000000000000000 0.000000000000000000
connection 2 39 -0.745321323980968509 0 0.000000000000000000 0.000000000000000000
connection 2 32 -2.384309410491099790 0 0.000000000000000000 0.000000000000000000
connection 2 33 1.692955054235398160 0 0.000000000000000000 0.000000000000000000
connection 2 34 3.905538326656403214 0 0.000000000000000000 0.000000000000000000
connection 2 22 1.539639321360141366 0 0.000000000000000000 0.000000000000000000
connection 2 23 -0.948239013667179331 0 0.000000000000000000 0.000000000000000000
connection 2 24 3.164640022939596342 0 0.000000000000000000 0.000000000000000000
connection 2 40 -3.114214932527222590 0 0.000000000000000000 0.000000000000000000
connection 2 41 -4.664019024017121318 0 0.000000000000000000 0.000000000000000000
connection 2 42 -1.715704671709607609 0 0.000000000000000000 0.000000000000000000
connection 2 43 0.754072244423326987 0 0.000000000000000000 0.000000000000000000
connection 2 27 2.434104124377508782 0 0.000000000000000000 0.000000000000000000
connection 3 44 -3.239383156903099970 0 0.000000000000000000 0.000000000000000000
connection 3 45 -4.715523013696386379 0 0.000000000000000000 0.000000000000000000
connection 3 46 -1.860996339450446291 0 0.000000000000000000 0.000000000000000000
connection 3 47 0.546250380661456925 0 0.000000000000000000 0.000000000000000000
connection 3 48 -4.292088117482092180 0 0.000000000000000000 0.000000000000000000
connection 3 49 -5.399851350331243971 0 0.000000000000000000 0.000000000000000000
connection 3 50 -3.167578935020259667 0 0.000000000000000000 0.000000000000000000
connection 3 51 -1.038622976352982175 0 0.000000000000000000 0.000000000000000000
connection 3 36 -1.689264191392838566 0 0.000000000000000000 0.000000000000000000
connection 3 37 -3.579205470621588780 0 0.000000000000000000 0.000000000000000000
connection 3 39 2.448727855813541243 0 0.000000000000000000 0.000000000000000000
connection 3 31 3.092343419410896299 0 0.000000000000000000 0.000000000000000000
connection 3 32 0.697247609815507929 0 0.000000000000000000 0.000000000000000000
connection 3 23 2.262768884967391703 0 0.000000000000000000 0.000000000000000000
connection 3 40 -0.239903723653127010 0 0.000000000000000000 0.000000000000000000
connection 3 41 -2.564579901117228999 0 0.000000000000000000 0.000000000000000000
connection 3 42 1.476748384465913944 0 0.000000000000000000 0.000000000000000000
connection 3 43 3.769596628972364805 0 0.000000000000000000 0.000000000000000000
connection 4 52 -4.364568127313019907 0 0.000000000000000000 0.000000000000000000
connection 4 53 -5.461112951230078671 0 0.000000000000000000 0.000000000000000000
connection 4 55 -1.200139717787146454 0 0.000000000000000000 0.000000000000000000
connection 4 44 -0.443718435486872009 0 0.000000000000000000 0.000000000000000000
connection 4 45 -2.689011001882176899 0 0.000000000000000000 0.000000000000000000
connection 4 46 1.294967599569168293 0 0.000000000000000000 0.000000000000000000
connection 4 47 3.594552773272987167 0 0.000000000000000000 0.000000000000000000
connection 4 48 -1.952504335928093582 0 0.000000000000000000 0.000000000000000000
connection 4 49 -3.847432361588146055 0 0.000000000000000000 0.000000000000000000
connection 4 50 -0.304335747503518939 0 0.000000000000000000 0.000000000000000000
connection 4 51 2.185038875405893144 0 0.000000000000000000 0.000000000000000000
connection 4 36 1.484329910796970076 0 0.000000000000000000 0.000000000000000000
connection 4 37 -0.913936376108308246 0 0.000000000000000000 0.000000000000000000
connection 4 56 6.707535069804251293 0 0.000000000000000000 0.000000000000000000
connection 5 57 -4.446966350565205062 0 0.000000000000000000 0.000000000000000000
connection 5 58 -5.482923969821914767 0 0.000000000000000000 0.000000000000000000
connection 5 59 -3.418618813704956683 0 0.000000000000000000 0.000000000000000000
connection 5 60 -1.391250157363737916 0 0.000000000000000000 0.000000000000000000
connection 5 52 -2.093371724062595529 0 0.000000000000000000 0.000000000000000000
connection 5 53 -3.965642054986938447 0 0.000000000000000000 0.000000000000000000
connection 5 55 2.015602991466208582 0 0.000000000000000000 0.000000000000000000
connection 5 44 2.736089330336327397 0 0.000000000000000000 0.000000000000000000
connection 5 45 0.299153709890829012 0 0.000000000000000000 0.000000000000000000
connection 5 48 1.212685021423430154 0 0.000000000000000000 0.000000000000000000
connection 5 49 -1.270938869193606990 0 0.000000000000000000 0.000000000000000000
connection 5 50 2.873115927741599851 0 0.000000000000000000 0.000000000000000000
connection 5 61 -3.316879752994865704 0 0.000000000000000000 0.000000000000000000
connection 5 62 -4.723768800499075660 0 0.000000000000000000 0.000000000000000000
connection 5 63 -1.846638215421702700 0 0.000000000000000000 0.000000000000000000
connection 5 64 0.480905496464091919 0 0.000000000000000000 0.000000000000000000
connection 5 37 2.275747947552436479 0 0.000000000000000000 0.000000000000000000
connection 5 56 7.051089759061330398 0 0.000000000000000000 0.000000000000000000
connection 6 57 -2.265439048444575221 0 0.000000000000000000 0.000000000000000000
connection 6 58 -4.046617875448608181 0 0.000000000000000000 0.000000000000000000
connection 6 59 -0.683465484285594949 0 0.000000000000000000 0.000000000000000000
connection 6 60 1.795883731425042651 0 0.000000000000000000 0.000000000000000000
connection 6 52 1.037244985076398285 0 0.000000000000000000 0.000000000000000000
connection 6 53 -1.453992460235610018 0 0.000000000000000000 0.000000000000000000
connection 6 65 -3.507109659605207597 0 0.000000000000000000 0.000000000000000000
connection 6 66 -4.908914985704592837 0 0.000000000000000000 0.000000000000000000
connection 6 67 -2.168800919856269438 0 0.000000000000000000 0.000000000000000000
connection 6 68 0.213668534503673291 0 0.000000000000000000 0.000000000000000000
connection 6 49 1.944517593184715176 0 0.000000000000000000 0.000000000000000000
connection 6 61 -0.519449804815207195 0 0.000000000000000000 0.000000000000000000
connection 6 62 -2.694179981759002640 0 0.000000000000000000 0.000000000000000000
connection 6 63 1.298681266905351128 0 0.000000000000000000 0.000000000000000000
connection 6 64 3.532777864278004998 0 0.000000000000000000 0.000000000000000000
connection 7 57 0.807892646985020502 0 0.000000000000000000 0.000000000000000000
connection 7 58 -1.615381490261944997 0 0.000000000000000000 0.000000000000000000
connection 7 59 2.515929191639315832 0 0.000000000000000000 0.000000000000000000
connection 7 69 -3.600736526547386074 0 0.000000000000000000 0.000000000000000000
connection 7 70 -4.975531414901642080 0 0.000000000000000000 0.000000000000000000
connection 7 71 -2.326428793989407939 0 0.000000000000000000 0.000000000000000000
connection 7 53 1.756677730356303480 0 0.000000000000000000 0.000000000000000000
connection 7 72 -4.536579054011071754 0 0.000000000000000000 0.000000000000000000
connection 7 73 -5.516295564757593972 0 0.000000000000000000 0.000000000000000000
connection 7 74 -3.441358930299119212 0 0.000000000000000000 0.000000000000000000
connection 7 75 -1.476624114182921943 0 0.000000000000000000 0.000000000000000000
connection 7 65 -0.770495564257692278 0 0.000000000000000000 0.000000000000000000
connection 7 66 -2.975321260756776276 0 0.000000000000000000 0.000000000000000000
connection 7 67 0.959262130704754967 0 0.000000000000000000 0.000000000000000000
connection 7 68 3.331533949408571615 0 0.000000000000000000 0.000000000000000000
connection 7 61 2.668312831481912895 0 0.000000000000000000 0.000000000000000000
connection 7 62 0.290255991434990646 0 0.000000000000000000 0.000000000000000000
connection 7 63 4.151806590463278823 0 0.000000000000000000 0.000000000000000000
connection 8 57 3.800475880116733318 0 0.000000000000000000 0.000000000000000000
connection 8 58 1.561807251633309690 0 0.000000000000000000 0.000000000000000000
connection 8 69 -0.931917431243393657 0 0.000000000000000000 0.000000000000000000
connection 8 70 -3.105295334735553858 0 0.000000000000000000 0.000000000000000000
connection 8 71 0.769429863342703468 0 0.000000000000000000 0.000000000000000000
connection 8 76 3.180778073778525172 0 0.000000000000000000 0.000000000000000000
connection 8 77 -4.658569547133385669 0 0.000000000000000000 0.000000000000000000
connection 8 78 -5.638038324803021695 0 0.000000000000000000 0.000000000000000000
connection 8 79 -3.679807006881582687 0 0.000000000000000000 0.000000000000000000
connection 8 80 -1.702224875105299962 0 0.000000000000000000 0.000000000000000000
connection 8 72 -2.358803018179245203 0 0.000000000000000000 0.000000000000000000
connection 8 73 -4.084123604588506318 0 0.000000000000000000 0.000000000000000000
connection 8 74 -0.707032856793715081 0 0.000000000000000000 0.000000000000000000
connection 8 75 1.721008262733040750 0 0.000000000000000000 0.000000000000000000
connection 8 65 2.448790707775399422 0 0.000000000000000000 0.000000000000000000
connection 8 67 3.920266109968892909 0 0.000000000000000000 0.000000000000000000
connection 8 26 5.428189010848815776 0 0.000000000000000000 0.000000000000000000
connection 8 27 6.330603015506901521 0 0.000000000000000000 0.000000000000000000
connection 8 35 4.329420485346304304 0 0.000000000000000000 0.000000000000000000
connection 8 28 2.342693639086169455 0 0.000000000000000000 0.000000000000000000
connection 8 29 1.753525076554423690 0 0.000000000000000000 0.000000000000000000
connection 8 30 3.906861089194823666 0 0.000000000000000000 0.000000000000000000
connection 8 82 -2.288961360547344004 0 0.000000000000000000 0.000000000000000000
connection 9 69 2.280818433087356656 0 0.000000000000000000 0.000000000000000000
connection 9 70 -0.224993060671449863 0 0.000000000000000000 0.000000000000000000
connection 9 71 3.782009407372091125 0 0.000000000000000000 0.000000000000000000
connection 9 77 -2.553322718600783858 0 0.000000000000000000 0.000000000000000000
connection 9 78 -4.281630022107599132 0 0.000000000000000000 0.000000000000000000
connection 9 79 -1.019665179080075701 0 0.000000000000000000 0.000000000000000000
connection 9 80 1.492126229868400156 0 0.000000000000000000 0.000000000000000000
connection 9 72 0.725306250258618390 0 0.000000000000000000 0.000000000000000000
connection 9 73 -1.654054105118505147 0 0.000000000000000000 0.000000000000000000
connection 9 74 2.482537157395134919 0 0.000000000000000000 0.000000000000000000
connection 9 22 5.617865282969995100 0 0.000000000000000000 0.000000000000000000
connection 9 23 6.455127306840581447 0 0.000000000000000000 0.000000000000000000
connection 9 24 4.620044133902046823 0 0.000000000000000000 0.000000000000000000
connection 9 25 2.699695301394281266 0 0.000000000000000000 0.000000000000000000
connection 9 26 3.244548322022732023 0 0.000000000000000000 0.000000000000000000
connection 9 27 4.976419180179178170 0 0.000000000000000000 0.000000000000000000
connection 9 35 1.543090964734988413 0 0.000000000000000000 0.000000000000000000
connection 9 28 -0.834747250251276052 0 0.000000000000000000 0.000000000000000000
connection 9 29 -1.415489060126777776 0 0.000000000000000000 0.000000000000000000
connection 9 30 0.959853126642927212 0 0.000000000000000000 0.000000000000000000
connection 9 83 -2.921954389497235294 0 0.000000000000000000 0.000000000000000000
connection 10 84 7.013410020041185078 0 0.000000000000000000 0.000000000000000000
connection 10 77 0.497783327522751007 0 0.000000000000000000 0.000000000000000000
connection 10 78 -1.935974868985633313 0 0.000000000000000000 0.000000000000000000
connection 10 79 2.202778631641230334 0 0.000000000000000000 0.000000000000000000
connection 10 85 -3.829478322588503847 0 0.000000000000000000 0.000000000000000000
connection 10 86 -5.078552959572316006 0 0.000000000000000000 0.000000000000000000
connection 10 87 -2.520947781716348590 0 0.000000000000000000 0.000000000000000000
connection 10 88 -0.277519095156731788 0 0.000000000000000000 0.000000000000000000
connection 10 72 3.732947495175240604 0 0.000000000000000000 0.000000000000000000
connection 10 73 1.519586565845992387 0 0.000000000000000000 0.000000000000000000
connection 10 22 3.565177432162812909 0 0.000000000000000000 0.000000000000000000
connection 10 23 5.217837297269629637 0 0.000000000000000000 0.000000000000000000
connection 10 24 1.946842580054111815 0 0.000000000000000000 0.000000000000000000
connection 10 25 -0.467427957588863185 0 0.000000000000000000 0.000000000000000000
connection 10 27 2.506115182479741410 0 0.000000000000000000 0.000000000000000000
connection 10 35 -1.604487428236831770 0 0.000000000000000000 0.000000000000000000
connection 11 77 3.566549045768276915 0 0.000000000000000000 0.000000000000000000
connection 11 78 1.230809645705240207 0 0.000000000000000000 0.000000000000000000
connection 11 85 -1.246419555557927827 0 0.000000000000000000 0.000000000000000000
connection 11 86 -3.289882333459348551 0 0.000000000000000000 0.000000000000000000
connection 11 87 0.516132495603046526 0 0.000000000000000000 0.000000000000000000
connection 11 88 2.894950727110778388 0 0.000000000000000000 0.000000000000000000
connection 11 36 5.328781669973960966 0 0.000000000000000000 0.000000000000000000
connection 11 37 6.258357671733779881 0 0.000000000000000000 0.000000000000000000
connection 11 39 2.189993178953821396 0 0.000000000000000000 0.000000000000000000
connection 11 31 1.702781128841234004 0 0.000000000000000000 0.000000000000000000
connection 11 32 3.811714564290304530 0 0.000000000000000000 0.000000000000000000
connection 11 34 -2.334887468262713206 0 0.000000000000000000 0.000000000000000000
connection 11 22 0.524525766394831283 0 0.000000000000000000 0.000000000000000000
connection 11 23 2.879961580689202272 0 0.000000000000000000 0.000000000000000000
connection 11 24 -1.230452093717510298 0 0.000000000000000000 0.000000000000000000
connection 11 25 -3.238077100486894455 0 0.000000000000000000 0.000000000000000000
connection 11 40 4.740839518190446356 0 0.000000000000000000 0.000000000000000000
connection 11 41 5.937359188066684723 0 0.000000000000000000 0.000000000000000000
connection 11 42 3.393468657707629621 0 0.000000000000000000 0.000000000000000000
connection 11 43 1.150676283104125064 0 0.000000000000000000 0.000000000000000000
connection 11 26 -2.776998932792828612 0 0.000000000000000000 0.000000000000000000
connection 11 27 -0.663568329473768870 0 0.000000000000000000 0.000000000000000000
connection 12 85 1.967571575581574583 0 0.000000000000000000 0.000000000000000000
connection 12 86 -0.485729865486365819 0 0.000000000000000000 0.000000000000000000
connection 12 87 3.558884834078838377 0 0.000000000000000000 0.000000000000000000
connection 12 48 5.581203439735189065 0 0.000000000000000000 0.000000000000000000
connection 12 49 6.399924750453542366 0 0.000000000000000000 0.000000000000000000
connection 12 50 4.538341775343315732 0 0.000000000000000000 0.000000000000000000
connection 12 51 2.656980130019642949 0 0.000000000000000000 0.000000000000000000
connection 12 36 3.106724383268502976 0 0.000000000000000000 0.000000000000000000
connection 12 37 4.863860391616007917 0 0.000000000000000000 0.000000000000000000
connection 12 39 -0.991818553814635795 0 0.000000000000000000 0.000000000000000000
connection 12 31 -1.456136610096043560 0 0.000000000000000000 0.000000000000000000
connection 12 32 0.855536367317175861 0 0.000000000000000000 0.000000000000000000
connection 12 33 -3.011841014113292747 0 0.000000000000000000 0.000000000000000000
connection 12 22 -2.482640040823685723 0 0.000000000000000000 0.000000000000000000
connection 12 23 -0.269945607040886881 0 0.000000000000000000 0.000000000000000000
connection 12 40 2.131392249754966883 0 0.000000000000000000 0.000000000000000000
connection 12 41 4.179273372230935202 0 0.000000000000000000 0.000000000000000000
connection 12 42 0.327801565883798773 0 0.000000000000000000 0.000000000000000000
connection 12 43 -1.956637154496514208 0 0.000000000000000000 0.000000000000000000
connection 13 44 2.481547408908749475 0 0.000000000000000000 0.000000000000000000
connection 13 45 4.465768617823155928 0 0.000000000000000000 0.000000000000000000
connection 13 46 0.727014086061104736 0 0.000000000000000000 0.000000000000000000
connection 13 47 -1.630564269651950227 0 0.000000000000000000 0.000000000000000000
connection 13 89 6.947814867292054331 0 0.000000000000000000 0.000000000000000000
connection 13 48 3.529803907667320662 0 0.000000000000000000 0.000000000000000000
connection 13 49 5.148189107797821684 0 0.000000000000000000 0.000000000000000000
connection 13 50 1.852752990148724521 0 0.000000000000000000 0.000000000000000000
connection 13 51 -0.501850023453459193 0 0.000000000000000000 0.000000000000000000
connection 13 37 2.344104825325547647 0 0.000000000000000000 0.000000000000000000
connection 13 40 -1.048516974258636658 0 0.000000000000000000 0.000000000000000000
connection 13 41 1.331269324719000613 0 0.000000000000000000 0.000000000000000000
connection 13 42 -2.636226596834303493 0 0.000000000000000000 0.000000000000000000
connection 34 56 -4.424664853220880545 0 0.000000000000000000 0.000000000000000000
connection 26 84 -4.302010263465557927 0 0.000000000000000000 0.000000000000000000
connection 26 89 -4.812046329034102676 0 0.000000000000000000 0.000000000000000000
connection 27 84 -5.344588990118896099 0 0.000000000000000000 0.000000000000000000
connection 27 89 -5.675395342125294285 0 0.000000000000000000 0.000000000000000000
connection 62 84 -4.912459221093474326 0 0.000000000000000000 0.000000000000000000
connection 62 89 -5.280425891581529640 0 0.000000000000000000 0.000000000000000000
connection 79 56 5.692391331433612756 0 0.000000000000000000 0.000000000000000000
connection 33 56 -5.394350475293715697 0 0.000000000000000000 0.000000000000000000
connection 64 84 -5.896366757673932923 0 0.000000000000000000 0.000000000000000000
connection 47 56 5.064179898117791900 0 0.000000000000000000 0.000000000000000000
connection 50 84 -5.161490991831205299 0 0.000000000000000000 0.000000000000000000
connection 50 89 -5.513711039027714200 0 0.000000000000000000 0.000000000000000000
connection 37 56 -5.086339518412762217 0 0.000000000000000000 0.000000000000000000
connection 53 56 5.915920856424785157 0 0.000000000000000000 0.000000000000000000
connection 51 89 -4.560653573410249351 0 0.000000000000000000 0.000000000000000000
connection 59 84 5.804015734618022115 0 0.000000000000000000 0.000000000000000000
connection 59 89 6.126518561142299646 0 0.000000000000000000 0.000000000000000000
connection 46 56 6.098302334724337470 0 0.000000000000000000 0.000000000000000000
connection 60 89 5.153533305435239242 0 0.000000000000000000 0.000000000000000000
connection 65 56 6.591639272754795442 0 0.000000000000000000 0.000000000000000000
connection 77 84 6.335752547826155379 0 0.000000000000000000 0.000000000000000000
connection 77 89 6.566778906450563724 0 0.000000000000000000 0.000000000000000000
connection 82 84 -4.568963461496415412 0 0.000000000000000000 0.000000000000000000
connection 82 89 -5.022690104690438417 0 0.000000000000000000 0.000000000000000000
connection 70 84 5.501084066610929746 0 0.000000000000000000 0.000000000000000000
connection 70 89 5.904784368613848144 0 0.000000000000000000 0.000000000000000000
connection 76 84 6.497593027260718301 0 0.000000000000000000 0.000000000000000000
connection 83 84 -5.501489107923497102 0 0.000000000000000000 0.000000000000000000
connection 83 89 -5.797769263856587862 0 0.000000000000000000 0.000000000000000000
connection 86 56 5.412829916941176656 0 0.000000000000000000 0.000000000000000000
connection 88 56 6.470436348457050180 0 0.000000000000000000 0.000000000000000000
connection 84 14 6.970458645194565150 0 0.000000000000000000 0.000000000000000000
connection 87 14 2.872217755639557168 0 0.000000000000000000 0.000000000000000000
connection 73 14 -2.193704132067176182 0 0.000000000000000000 0.000000000000000000
connection 74 14 -5.326088976860749113 0 0.000000000000000000 0.000000000000000000
connection 75 14 -4.270049633772423192 0 0.000000000000000000 0.000000000000000000
connection 66 14 2.283387343930642910 0 0.000000000000000000 0.000000000000000000
connection 67 14 -2.693770978844291619 0 0.000000000000000000 0.000000000000000000
connection 68 14 -0.594947475207575738 0 0.000000000000000000 0.000000000000000000
connection 22 14 3.383622282508174095 0 0.000000000000000000 0.000000000000000000
connection 23 14 1.204125003156155005 0 0.000000000000000000 0.000000000000000000
connection 24 14 -3.472364469204792137 0 0.000000000000000000 0.000000000000000000
connection 25 14 -1.619544530054733089 0 0.000000000000000000 0.000000000000000000
connection 40 14 -1.112255361940755138 0 0.000000000000000000 0.000000000000000000
connection 41 14 -3.101820387679724345 0 0.000000000000000000 0.000000000000000000
connection 43 14 -4.788653825861474367 0 0.000000000000000000 0.000000000000000000
connection 84 15 7.024207216379135588 0 0.000000000000000000 0.000000000000000000
connection 72 15 2.737237465734550401 0 0.000000000000000000 0.000000000000000000
connection 73 15 0.513920040590821747 0 0.000000000000000000 0.000000000000000000
connection 74 15 -3.985906677064823267 0 0.000000000000000000 0.000000000000000000
connection 75 15 -2.326791756167757796 0 0.000000000000000000 0.000000000000000000
connection 68 15 2.120947127181322944 0 0.000000000000000000 0.000000000000000000
connection 23 15 3.678332596800854670 0 0.000000000000000000 0.000000000000000000
connection 24 15 -1.288201605736051913 0 0.000000000000000000 0.000000000000000000
connection 25 15 1.019928662450579226 0 0.000000000000000000 0.000000000000000000
connection 40 15 1.559022815843249088 0 0.000000000000000000 0.000000000000000000
connection 41 15 -0.772800925609871237 0 0.000000000000000000 0.000000000000000000
connection 42 15 -4.648032138164151839 0 0.000000000000000000 0.000000000000000000
connection 43 15 -3.240328994569969367 0 0.000000000000000000 0.000000000000000000
connection 84 16 6.848292526197472085 0 0.000000000000000000 0.000000000000000000
connection 73 16 3.269991674570321916 0 0.000000000000000000 0.000000000000000000
connection 74 16 -1.814960090157176298 0 0.000000000000000000 0.000000000000000000
connection 75 16 0.372567144176986942 0 0.000000000000000000 0.000000000000000000
connection 67 16 2.604221172380177141 0 0.000000000000000000 0.000000000000000000
connection 24 16 1.378239605418432934 0 0.000000000000000000 0.000000000000000000
connection 25 16 3.528704405066686256 0 0.000000000000000000 0.000000000000000000
connection 41 16 1.960974738761796843 0 0.000000000000000000 0.000000000000000000
connection 42 16 -2.969595526830559606 0 0.000000000000000000 0.000000000000000000
connection 43 16 -0.946154996803816539 0 0.000000000000000000 0.000000000000000000
connection 29 16 -1.462260005871549362 0 0.000000000000000000 0.000000000000000000
connection 30 16 -3.374885279553294204 0 0.000000000000000000 0.000000000000000000
connection 82 16 -4.960664420859231427 0 0.000000000000000000 0.000000000000000000
connection 57 17 -2.054770882286876432 0 0.000000000000000000 0.000000000000000000
connection 59 17 4.745868525035439767 0 0.000000000000000000 0.000000000000000000
connection 60 17 2.983444225200805544 0 0.000000000000000000 0.000000000000000000
connection 69 17 2.474140206991788382 0 0.000000000000000000 0.000000000000000000
connection 70 17 4.388992171809045217 0 0.000000000000000000 0.000000000000000000
connection 76 17 5.905795500524059882 0 0.000000000000000000 0.000000000000000000
connection 89 17 6.922429066754824944 0 0.000000000000000000 0.000000000000000000
connection 48 17 2.472944317689900640 0 0.000000000000000000 0.000000000000000000
connection 49 17 0.234388248994642612 0 0.000000000000000000 0.000000000000000000
connection 50 17 -4.150930336469285109 0 0.000000000000000000 0.000000000000000000
connection 51 17 -2.572900494308295372 0 0.000000000000000000 0.000000000000000000
connection 61 17 -1.932208699354786452 0 0.000000000000000000 0.000000000000000000
connection 62 17 -3.666750079123215045 0 0.000000000000000000 0.000000000000000000
connection 64 17 -5.218951018240099771 0 0.000000000000000000 0.000000000000000000
connection 42 17 -0.492631673816763149 0 0.000000000000000000 0.000000000000000000
connection 43 17 1.804023716921254072 0 0.000000000000000000 0.000000000000000000
connection 29 17 1.198830711278048522 0 0.000000000000000000 0.000000000000000000
connection 30 17 -1.114205810932737073 0 0.000000000000000000 0.000000000000000000
connection 83 17 -4.827022537784888101 0 0.000000000000000000 0.000000000000000000
connection 82 17 -3.504886783833565556 0 0.000000000000000000 0.000000000000000000
connection 58 18 -2.350430727951138277 0 0.000000000000000000 0.000000000000000000
connection 59 18 2.645258825546667580 0 0.000000000000000000 0.000000000000000000
connection 60 18 0.353432822683262038 0 0.000000000000000000 0.000000000000000000
connection 70 18 2.134171425522517485 0 0.000000000000000000 0.000000000000000000
connection 71 18 5.775499358353762602 0 0.000000000000000000 0.000000000000000000
connection 76 18 4.515876325344037490 0 0.000000000000000000 0.000000000000000000
connection 89 18 7.084541512632682725 0 0.000000000000000000 0.000000000000000000
connection 49 18 3.039287132618963216 0 0.000000000000000000 0.000000000000000000
connection 50 18 -2.046667361782807948 0 0.000000000000000000 0.000000000000000000
connection 61 18 0.872106366791835508 0 0.000000000000000000 0.000000000000000000
connection 62 18 -1.352927566882033528 0 0.000000000000000000 0.000000000000000000
connection 63 18 -4.936275457965191293 0 0.000000000000000000 0.000000000000000000
connection 64 18 -3.748657354083413829 0 0.000000000000000000 0.000000000000000000
connection 42 18 2.343041714697490008 0 0.000000000000000000 0.000000000000000000
connection 26 18 -0.639590445410234354 0 0.000000000000000000 0.000000000000000000
connection 27 18 -2.686762838911595619 0 0.000000000000000000 0.000000000000000000
connection 28 18 -4.618490159357780733 0 0.000000000000000000 0.000000000000000000
connection 30 18 1.650462399069155595 0 0.000000000000000000 0.000000000000000000
connection 83 18 -3.218605570909116587 0 0.000000000000000000 0.000000000000000000
connection 82 18 -1.276296743530926259 0 0.000000000000000000 0.000000000000000000
connection 60 19 -2.192606989425490038 0 0.000000000000000000 0.000000000000000000
connection 69 19 -2.642644236765810284 0 0.000000000000000000 0.000000000000000000
connection 70 19 -0.567222158788684983 0 0.000000000000000000 0.000000000000000000
connection 71 19 4.257855485614823188 0 0.000000000000000000 0.000000000000000000
connection 76 19 2.305266790542156663 0 0.000000000000000000 0.000000000000000000
connection 44 19 2.813797223690947202 0 0.000000000000000000 0.000000000000000000
connection 45 19 4.638442136427438633 0 0.000000000000000000 0.000000000000000000
connection 47 19 6.043906904137898550 0 0.000000000000000000 0.000000000000000000
connection 89 19 7.009068849879986907 0 0.000000000000000000 0.000000000000000000
connection 50 19 0.735500658160552212 0 0.000000000000000000 0.000000000000000000
connection 51 19 2.920655430734545366 0 0.000000000000000000 0.000000000000000000
connection 61 19 3.558992302395421081 0 0.000000000000000000 0.000000000000000000
connection 62 19 1.469307076960955527 0 0.000000000000000000 0.000000000000000000
connection 63 19 -3.321139838311491399 0 0.000000000000000000 0.000000000000000000
connection 64 19 -1.479204101609340904 0 0.000000000000000000 0.000000000000000000
connection 31 19 -2.158997201268941346 0 0.000000000000000000 0.000000000000000000
connection 32 19 -3.829056415822484905 0 0.000000000000000000 0.000000000000000000
connection 26 19 2.214039701648216063 0 0.000000000000000000 0.000000000000000000
connection 35 19 -4.298153025731730636 0 0.000000000000000000 0.000000000000000000
connection 28 19 -2.795268070020369144 0 0.000000000000000000 0.000000000000000000
connection 83 19 -0.781046715498617261 0 0.000000000000000000 0.000000000000000000
connection 82 19 1.500459292718785198 0 0.000000000000000000 0.000000000000000000
connection 71 20 1.903811215537776880 0 0.000000000000000000 0.000000000000000000
connection 76 20 -0.398644811800584975 0 0.000000000000000000 0.000000000000000000
connection 45 20 2.472184443724373182 0 0.000000000000000000 0.000000000000000000
connection 46 20 5.923819522558028794 0 0.000000000000000000 0.000000000000000000
connection 47 20 4.756394638629554805 0 0.000000000000000000 0.000000000000000000
connection 77 20 -0.996318695786964414 0 0.000000000000000000 0.000000000000000000
connection 78 20 1.284813237661922791 0 0.000000000000000000 0.000000000000000000
connection 79 20 5.400321398511791493 0 0.000000000000000000 0.000000000000000000
connection 80 20 3.936632141451912315 0 0.000000000000000000 0.000000000000000000
connection 63 20 -0.941246217550343212 0 0.000000000000000000 0.000000000000000000
connection 64 20 1.323401326954095181 0 0.000000000000000000 0.000000000000000000
connection 31 20 0.597131790018114672 0 0.000000000000000000 0.000000000000000000
connection 32 20 -1.605823884067893115 0 0.000000000000000000 0.000000000000000000
connection 33 20 -5.040369239936413059 0 0.000000000000000000 0.000000000000000000
connection 34 20 -3.908353648812393111 0 0.000000000000000000 0.000000000000000000
connection 27 20 2.799265166916708125 0 0.000000000000000000 0.000000000000000000
connection 35 20 -2.269782835216601846 0 0.000000000000000000 0.000000000000000000
connection 83 20 2.085393967530186465 0 0.000000000000000000 0.000000000000000000
connection 71 21 -0.840266713927945719 0 0.000000000000000000 0.000000000000000000
connection 76 21 -2.843506844141256984 0 0.000000000000000000 0.000000000000000000
connection 52 21 2.065212829973104736 0 0.000000000000000000 0.000000000000000000
connection 53 21 4.061744307903070172 0 0.000000000000000000 0.000000000000000000
connection 55 21 5.763951227560451862 0 0.000000000000000000 0.000000000000000000
connection 44 21 -2.358586310479263481 0 0.000000000000000000 0.000000000000000000
connection 45 21 -0.230943793056828856 0 0.000000000000000000 0.000000000000000000
connection 46 21 4.500388256434657563 0 0.000000000000000000 0.000000000000000000
connection 47 21 2.634756804961237098 0 0.000000000000000000 0.000000000000000000
connection 78 21 -1.443752374152522000 0 0.000000000000000000 0.000000000000000000
connection 79 21 3.560156131582632000 0 0.000000000000000000 0.000000000000000000
connection 80 21 1.445804015320818259 0 0.000000000000000000 0.000000000000000000
connection 85 21 0.799375660862272741 0 0.000000000000000000 0.000000000000000000
connection 86 21 3.006817988480177117 0 0.000000000000000000 0.000000000000000000
connection 87 21 6.152940118670367831 0 0.000000000000000000 0.000000000000000000
connection 88 21 5.145940637742612012 0 0.000000000000000000 0.000000000000000000
connection 63 21 1.847169605756414645 0 0.000000000000000000 0.000000000000000000
connection 36 21 -1.084429901906098781 0 0.000000000000000000 0.000000000000000000
connection 37 21 -3.023976152905781145 0 0.000000000000000000 0.000000000000000000
connection 39 21 -4.777789705310760304 0 0.000000000000000000 0.000000000000000000
connection 31 21 3.317448000200865277 0 0.000000000000000000 0.000000000000000000
connection 32 21 1.174951122758600919 0 0.000000000000000000 0.000000000000000000
connection 33 21 -3.514561458086345791 0 0.000000000000000000 0.000000000000000000
connection 34 21 -1.732761900149306866 0 0.000000000000000000 0.000000000000000000
connection 56 21 6.876120923199541934 0 0.000000000000000000 0.000000000000000000
NNend

