NNstart
14 8
neuron 1 1.000000000000000000 0.000000000000000000 0.000000000000000000 -0.000000000000000000 11 0.000000000000000000
neuron 1 1.000000000000000000 0.000000000000000000 0.000000000000000000 -0.000000000000000000 11 0.000000000000000000
neuron 1 1.000000000000000000 0.000000000000000000 0.000000000000000000 -0.000000000000000000 11 0.000000000000000000
neuron 1 1.000000000000000000 0.000000000000000000 0.000000000000000000 -0.000000000000000000 11 0.000000000000000000
neuron 1 1.000000000000000000 0.000000000000000000 0.000000000000000000 -0.000000000000000000 11 0.000000000000000000
neuron 1 1.000000000000000000 0.000000000000000000 0.000000000000000000 -0.000000000000000000 11 0.000000000000000000
neuron 1 1.000000000000000000 0.000000000000000000 0.000000000000000000 -0.000000000000000000 11 0.000000000000000000
neuron 1 1.000000000000000000 0.000000000000000000 0.000000000000000000 -0.000000000000000000 11 0.000000000000000000
neuron 1 1.000000000000000000 0.000000000000000000 0.000000000000000000 -0.000000000000000000 11 0.000000000000000000
neuron 1 1.000000000000000000 0.000000000000000000 0.000000000000000000 -0.000000000000000000 11 0.000000000000000000
neuron 1 1.000000000000000000 0.000000000000000000 0.000000000000000000 -0.000000000000000000 11 0.000000000000000000
neuron 1 1.000000000000000000 0.000000000000000000 0.000000000000000000 -0.000000000000000000 11 0.000000000000000000
neuron 1 1.000000000000000000 0.000000000000000000 0.000000000000000000 -0.000000000000000000 11 0.000000000000000000
neuron 2 1.000000000000000000 0.000000000000000000 0.000000000000000000 0.000000000000000000 11 0.000000000000000000
neuron 4 1.000000000000000000 0.000000000000000000 0.000000000000000000 -0.000000000000000000 1 0.000000000000000000
neuron 4 1.000000000000000000 0.000000000000000000 0.000000000000000000 -0.000000000000000000 1 0.000000000000000000
neuron 4 1.000000000000000000 0.000000000000000000 0.000000000000000000 -0.000000000000000000 1 0.000000000000000000
neuron 4 1.000000000000000000 0.000000000000000000 0.000000000000000000 -0.000000000000000000 1 0.000000000000000000
neuron 4 1.000000000000000000 0.000000000000000000 0.000000000000000000 -0.000000000000000000 1 0.000000000000000000
neuron 4 1.000000000000000000 0.000000000000000000 0.000000000000000000 -0.000000000000000000 1 0.000000000000000000
neuron 4 1.000000000000000000 0.000000000000000000 0.000000000000000000 -0.000000000000000000 1 0.000000000000000000
neuron 4 1.000000000000000000 0.000000000000000000 0.000000000000000000 -0.000000000000000000 1 0.000000000000000000
neuron 3 1.000000000000000000 0.000000000000000000 0.000000000000000000 -0.000000000000000000 0 0.000000000000000000
neuron 3 1.000000000000000000 0.000000000000000000 0.000000000000000000 -0.000000000000000000 0 0.000000000000000000
neuron 3 1.000000000000000000 0.000000000000000000 0.000000000000000000 -0.000000000000000000 0 0.000000000000000000
neuron 3 1.000000000000000000 0.000000000000000000 0.000000000000000000 -0.000000000000000000 0 0.000000000000000000
neuron 3 1.000000000000000000 0.000000000000000000 0.000000000000000000 -0.000000000000000000 0 0.000000000000000000
neuron 3 1.000000000000000000 0.000000000000000000 0.000000000000000000 -0.000000000000000000 0 0.000000000000000000
neuron 3 1.000000000000000000 0.000000000000000000 0.000000000000000000 -0.000000000000000000 0 0.000000000000000000
neuron 3 1.000000000000000000 0.000000000000000000 0.000000000000000000 -0.000000000000000000 0 0.000000000000000000
neuron 3 1.000000000000000000 0.000000000000000000 0.000000000000000000 -0.000000000000000000 0 0.000000000000000000
neuron 3 1.000000000000000000 0.000000000000000000 0.000000000000000000 -0.000000000000000000 0 0.000000000000000000
neuron 3 1.000000000000000000 0.000000000000000000 0.000000000000000000 -0.000000000000000000 0 0.000000000000000000
neuron 3 1.000000000000000000 0.000000000000000000 0.000000000000000000 -0.000000000000000000 0 0.000000000000000000
neuron 3 1.000000000000000000 0.000000000000000000 0.000000000000000000 -0.000000000000000000 0 0.000000000000000000
neuron 3 1.000000000000000000 0.000000000000000000 0.000000000000000000 -0.000000000000000000 0 0.000000000000000000
neuron 3 1.000000000000000000 0.000000000000000000 0.000000000000000000 -0.000000000000000000 0 0.000000000000000000
neuron 3 1.000000000000000000 0.000000000000000000 0.000000000000000000 -0.000000000000000000 0 0.000000000000000000
neuron 3 1.000000000000000000 0.000000000000000000 0.000000000000000000 -0.000000000000000000 0 0.000000000000000000
neuron 3 1.000000000000000000 0.000000000000000000 0.000000000000000000 -0.000000000000000000 0 0.000000000000000000
neuron 3 1.000000000000000000 0.000000000000000000 0.000000000000000000 -0.000000000000000000 0 0.000000000000000000
neuron 3 1.000000000000000000 0.000000000000000000 0.000000000000000000 -0.000000000000000000 0 0.000000000000000000
neuron 3 1.000000000000000000 0.000000000000000000 0.000000000000000000 -0.000000000000000000 0 0.000000000000000000
neuron 3 1.000000000000000000 0.000000000000000000 0.000000000000000000 -0.000000000000000000 0 0.000000000000000000
neuron 3 1.000000000000000000 0.000000000000000000 0.000000000000000000 -0.000000000000000000 0 0.000000000000000000
neuron 3 1.000000000000000000 0.000000000000000000 0.000000000000000000 -0.000000000000000000 0 0.000000000000000000
neuron 3 1.000000000000000000 0.000000000000000000 0.000000000000000000 -0.000000000000000000 0 0.000000000000000000
neuron 3 1.000000000000000000 0.000000000000000000 0.000000000000000000 -0.000000000000000000 0 0.000000000000000000
neuron 3 1.000000000000000000 0.000000000000000000 0.000000000000000000 -0.000000000000000000 0 0.000000000000000000
neuron 3 1.000000000000000000 0.000000000000000000 0.000000000000000000 -0.000000000000000000 0 0.000000000000000000
neuron 3 1.000000000000000000 0.000000000000000000 0.000000000000000000 -0.000000000000000000 0 0.000000000000000000
neuron 3 1.000000000000000000 0.000000000000000000 0.000000000000000000 -0.000000000000000000 0 0.000000000000000000
neuron 3 1.000000000000000000 0.000000000000000000 0.000000000000000000 -0.000000000000000000 0 0.000000000000000000
neuron 3 1.000000000000000000 0.000000000000000000 0.000000000000000000 -0.000000000000000000 0 0.000000000000000000
neuron 3 1.000000000000000000 0.000000000000000000 0.000000000000000000 -0.000000000000000000 0 0.000000000000000000
neuron 3 1.000000000000000000 0.000000000000000000 0.000000000000000000 -0.000000000000000000 0 0.000000000000000000
neuron 3 1.000000000000000000 0.000000000000000000 0.000000000000000000 -0.000000000000000000 0 0.000000000000000000
neuron 3 1.000000000000000000 0.000000000000000000 0.000000000000000000 -0.000000000000000000 0 0.000000000000000000
neuron 3 1.000000000000000000 0.000000000000000000 0.000000000000000000 -0.000000000000000000 0 0.000000000000000000
neuron 3 1.000000000000000000 0.000000000000000000 0.000000000000000000 -0.000000000000000000 0 0.000000000000000000
neuron 3 1.000000000000000000 0.000000000000000000 0.000000000000000000 -0.000000000000000000 0 0.000000000000000000
neuron 3 1.000000000000000000 0.000000000000000000 0.000000000000000000 -0.000000000000000000 0 0.000000000000000000
neuron 3 1.000000000000000000 0.000000000000000000 0.000000000000000000 -0.000000000000000000 0 0.000000000000000000
neuron 3 1.000000000000000000 0.000000000000000000 0.000000000000000000 -0.000000000000000000 0 0.000000000000000000
neuron 3 1.000000000000000000 0.000000000000000000 0.000000000000000000 -0.000000000000000000 0 0.000000000000000000
neuron 3 1.000000000000000000 0.000000000000000000 0.000000000000000000 -0.000000000000000000 0 0.000000000000000000
neuron 3 1.000000000000000000 0.000000000000000000 0.000000000000000000 -0.000000000000000000 0 0.000000000000000000
neuron 3 1.000000000000000000 0.000000000000000000 0.000000000000000000 -0.000000000000000000 0 0.000000000000000000
neuron 3 1.000000000000000000 0.000000000000000000 0.000000000000000000 -0.000000000000000000 0 0.000000000000000000
neuron 3 1.000000000000000000 0.000000000000000000 0.000000000000000000 -0.000000000000000000 0 0.000000000000000000
neuron 3 1.000000000000000000 0.000000000000000000 0.000000000000000000 -0.000000000000000000 0 0.000000000000000000
neuron 3 1.000000000000000000 0.000000000000000000 0.000000000000000000 -0.000000000000000000 0 0.000000000000000000
neuron 3 1.000000000000000000 0.000000000000000000 0.000000000000000000 -0.000000000000000000 0 0.000000000000000000
neuron 3 1.000000000000000000 0.000000000000000000 0.000000000000000000 -0.000000000000000000 0 0.000000000000000000
neuron 3 1.000000000000000000 0.000000000000000000 0.000000000000000000 -0.000000000000000000 0 0.000000000000000000
neuron 3 1.000000000000000000 0.000000000000000000 0.000000000000000000 -0.000000000000000000 0 0.000000000000000000
neuron 3 1.000000000000000000 0.000000000000000000 0.000000000000000000 -0.000000000000000000 0 0.000000000000000000
neuron 3 1.000000000000000000 0.000000000000000000 0.000000000000000000 -0.000000000000000000 0 0.000000000000000000
neuron 3 1.000000000000000000 0.000000000000000000 0.000000000000000000 -0.000000000000000000 0 0.000000000000000000
neuron 3 1.000000000000000000 0.000000000000000000 0.000000000000000000 -0.000000000000000000 0 0.000000000000000000
neuron 3 1.000000000000000000 0.000000000000000000 0.000000000000000000 -0.000000000000000000 0 0.000000000000000000
neuron 3 1.000000000000000000 0.000000000000000000 0.000000000000000000 -0.000000000000000000 0 0.000000000000000000
neuron 3 1.000000000000000000 0.000000000000000000 0.000000000000000000 -0.000000000000000000 0 0.000000000000000000
neuron 3 1.000000000000000000 0.000000000000000000 0.000000000000000000 -0.000000000000000000 0 0.000000000000000000
neuron 3 1.000000000000000000 0.000000000000000000 0.000000000000000000 -0.000000000000000000 0 0.000000000000000000
neuron 3 1.000000000000000000 0.000000000000000000 0.000000000000000000 -0.000000000000000000 0 0.000000000000000000
neuron 3 1.000000000000000000 0.000000000000000000 0.000000000000000000 -0.000000000000000000 0 0.000000000000000000
neuron 3 1.000000000000000000 0.000000000000000000 0.000000000000000000 -0.000000000000000000 0 0.000000000000000000
neuron 3 1.000000000000000000 0.000000000000000000 0.000000000000000000 -0.000000000000000000 0 0.000000000000000000
neuron 3 1.000000000000000000 0.000000000000000000 0.000000000000000000 -0.000000000000000000 0 0.000000000000000000
neuron 3 1.000000000000000000 0.000000000000000000 0.000000000000000000 -0.000000000000000000 0 0.000000000000000000
neuron 3 1.000000000000000000 0.000000000000000000 0.000000000000000000 -0.000000000000000000 0 0.000000000000000000
neuron 3 1.000000000000000000 0.000000000000000000 0.000000000000000000 -0.000000000000000000 0 0.000000000000000000
connection 0 22 1.785235740539598215 0 0.000000000000000000 -0.000000000000000000
connection 0 23 7.879977156406690497 0 0.000000000000000000 -0.000000000000000000
connection 0 24 1.081927373882240362 0 0.000000000000000000 -0.000000000000000000
connection 0 25 -6.082057791612852427 0 0.000000000000000000 -0.000000000000000000
connection 0 26 7.964849890154793499 0 0.000000000000000000 -0.000000000000000000
connection 0 27 0.989898787854999185 0 0.000000000000000000 -0.000000000000000000
connection 0 28 1.241007147214852058 0 0.000000000000000000 -0.000000000000000000
connection 0 29 -7.349623982213053353 0 0.000000000000000000 -0.000000000000000000
connection 0 30 -7.445622746485820009 0 0.000000000000000000 -0.000000000000000000
connection 0 31 7.221746901463756529 0 0.000000000000000000 -0.000000000000000000
connection 0 32 1.799387316010826021 0 0.000000000000000000 -0.000000000000000000
connection 0 33 7.471876697915252663 0 0.000000000000000000 -0.000000000000000000
connection 0 34 7.935363397649548567 0 0.000000000000000000 -0.000000000000000000
connection 0 35 -4.954207023415783340 0 0.000000000000000000 -0.000000000000000000
connection 0 36 -4.290426791498389569 0 0.000000000000000000 -0.000000000000000000
connection 0 37 3.139158678615377784 0 0.000000000000000000 -0.000000000000000000
connection 0 38 7.639701306155591176 0 0.000000000000000000 -0.000000000000000000
connection 0 39 4.331940827127049864 0 0.000000000000000000 -0.000000000000000000
connection 0 40 7.751422324904725158 0 0.000000000000000000 -0.000000000000000000
connection 0 41 7.956967487938502614 0 0.000000000000000000 -0.000000000000000000
connection 0 42 1.211153148848186811 0 0.000000000000000000 -0.000000000000000000
connection 0 43 0.701249629074250480 0 0.000000000000000000 -0.000000000000000000
connection 0 44 -7.734463401031747232 0 0.000000000000000000 -0.000000000000000000
connection 0 45 -1.095114410253068549 0 0.000000000000000000 -0.000000000000000000
connection 0 46 -7.803646615647560125 0 0.000000000000000000 -0.000000000000000000
connection 0 47 -7.921789976888146789 0 0.000000000000000000 -0.000000000000000000
connection 1 22 2.339826494109082500 0 0.000000000000000000 -0.000000000000000000
connection 1 23 7.884891117493521229 0 0.000000000000000000 -0.000000000000000000
connection 1 24 1.449434422239747500 0 0.000000000000000000 -0.000000000000000000
connection 1 25 -5.480983487300226997 0 0.000000000000000000 -0.000000000000000000
connection 1 26 7.964178727913903799 0 0.000000000000000000 -0.000000000000000000
connection 1 27 1.046195273043506457 0 0.000000000000000000 -0.000000000000000000
connection 1 28 1.202166220714931510 0 0.000000000000000000 -0.000000000000000000
connection 1 29 -7.138829358361285848 0 0.000000000000000000 -0.000000000000000000
connection 1 30 -7.285934096423719808 0 0.000000000000000000 -0.000000000000000000
connection 1 31 7.045192396033209015 0 0.000000000000000000 -0.000000000000000000
connection 1 32 1.055068748304117454 0 0.000000000000000000 -0.000000000000000000
connection 1 33 7.352402405327001844 0 0.000000000000000000 -0.000000000000000000
connection 1 34 7.925985375020825785 0 0.000000000000000000 -0.000000000000000000
connection 1 36 -4.656234879237437063 0 0.000000000000000000 -0.000000000000000000
connection 1 37 2.447796959521897797 0 0.000000000000000000 -0.000000000000000000
connection 1 38 7.559744787443198888 0 0.000000000000000000 -0.000000000000000000
connection 1 39 3.725585977589893627 0 0.000000000000000000 -0.000000000000000000
connection 1 40 7.698268795687587485 0 0.000000000000000000 -0.000000000000000000
connection 1 41 7.952905381471595092 0 0.000000000000000000 -0.000000000000000000
connection 1 42 1.365042853854897764 0 0.000000000000000000 -0.000000000000000000
connection 1 43 1.079856662784600907 0 0.000000000000000000 -0.000000000000000000
connection 1 44 -7.679478554843014670 0 0.000000000000000000 -0.000000000000000000
connection 1 48 0.372666855201288838 0 0.000000000000000000 -0.000000000000000000
connection 1 45 -0.556403089731761114 0 0.000000000000000000 -0.000000000000000000
connection 1 46 -7.800579498085753016 0 0.000000000000000000 -0.000000000000000000
connection 1 47 -7.904691948168793836 0 0.000000000000000000 -0.000000000000000000
connection 2 22 2.897600581803379427 0 0.000000000000000000 -0.000000000000000000
connection 2 23 7.886428696418025019 0 0.000000000000000000 -0.000000000000000000
connection 2 24 1.931934196313317420 0 0.000000000000000000 -0.000000000000000000
connection 2 25 -4.717363262863710993 0 0.000000000000000000 -0.000000000000000000
connection 2 26 7.962714885806124521 0 0.000000000000000000 -0.000000000000000000
connection 2 27 1.251537691096261673 0 0.000000000000000000 -0.000000000000000000
connection 2 28 1.167263307144376094 0 0.000000000000000000 -0.000000000000000000
connection 2 29 -6.857114177492205975 0 0.000000000000000000 -0.000000000000000000
connection 2 30 -7.091737821069303394 0 0.000000000000000000 -0.000000000000000000
connection 2 31 6.829470187904806977 0 0.000000000000000000 -0.000000000000000000
connection 2 32 0.291353462739982416 0 0.000000000000000000 -0.000000000000000000
connection 2 33 7.205416565220003733 0 0.000000000000000000 -0.000000000000000000
connection 2 34 7.914264025328612284 0 0.000000000000000000 -0.000000000000000000
connection 2 36 -4.985522139753985726 0 0.000000000000000000 -0.000000000000000000
connection 2 37 1.725017098708601759 0 0.000000000000000000 -0.000000000000000000
connection 2 38 7.460839175812859381 0 0.000000000000000000 -0.000000000000000000
connection 2 39 3.070574538945531895 0 0.000000000000000000 -0.000000000000000000
connection 2 40 7.632325018448830711 0 0.000000000000000000 -0.000000000000000000
connection 2 41 7.947826211639058336 0 0.000000000000000000 -0.000000000000000000
connection 2 42 1.406631633396457470 0 0.000000000000000000 -0.000000000000000000
connection 2 43 1.358166948002569097 0 0.000000000000000000 -0.000000000000000000
connection 2 44 -7.598844814326570329 0 0.000000000000000000 -0.000000000000000000
connection 2 48 0.832990607126722682 0 0.000000000000000000 -0.000000000000000000
connection 2 46 -7.788217391689986613 0 0.000000000000000000 -0.000000000000000000
connection 2 47 -7.880324724715024765 0 0.000000000000000000 -0.000000000000000000
connection 3 22 3.419597193145064384 0 0.000000000000000000 -0.000000000000000000
connection 3 23 7.884547999208129987 0 0.000000000000000000 -0.000000000000000000
connection 3 24 2.470880641499829444 0 0.000000000000000000 -0.000000000000000000
connection 3 25 -3.792278776602970858 0 0.000000000000000000 -0.000000000000000000
connection 3 26 7.960294392090744076 0 0.000000000000000000 -0.000000000000000000
connection 3 27 1.608546285959875810 0 0.000000000000000000 -0.000000000000000000
connection 3 49 7.874619038763150058 0 0.000000000000000000 -0.000000000000000000
connection 3 28 1.221635254130494452 0 0.000000000000000000 -0.000000000000000000
connection 3 29 -6.487149855565659706 0 0.000000000000000000 -0.000000000000000000
connection 3 30 -6.860056486967930134 0 0.000000000000000000 -0.000000000000000000
connection 3 31 6.566713830910256178 0 0.000000000000000000 -0.000000000000000000
connection 3 32 -0.493610530960294280 0 0.000000000000000000 -0.000000000000000000
connection 3 33 7.025243743691053311 0 0.000000000000000000 -0.000000000000000000
connection 3 34 7.899534162366254719 0 0.000000000000000000 -0.000000000000000000
connection 3 37 0.979059079574546964 0 0.000000000000000000 -0.000000000000000000
connection 3 38 7.338812121439470815 0 0.000000000000000000 -0.000000000000000000
connection 3 39 2.375696886579800715 0 0.000000000000000000 -0.000000000000000000
connection 3 40 7.550613968560186073 0 0.000000000000000000 -0.000000000000000000
connection 3 41 7.941503524385820079 0 0.000000000000000000 -0.000000000000000000
connection 3 50 7.964949252400533197 0 0.000000000000000000 -0.000000000000000000
connection 3 42 1.374739875224853192 0 0.000000000000000000 -0.000000000000000000
connection 3 43 1.520141821619866551 0 0.000000000000000000 -0.000000000000000000
connection 3 44 -7.483514646526681524 0 0.000000000000000000 -0.000000000000000000
connection 3 48 1.218079043565543085 0 0.000000000000000000 -0.000000000000000000
connection 3 45 0.497143928848906957 0 0.000000000000000000 -0.000000000000000000
connection 3 46 -7.764533272536045416 0 0.000000000000000000 -0.000000000000000000
connection 3 47 -7.846250456662131612 0 0.000000000000000000 -0.000000000000000000
connection 4 22 3.887882854170411129 0 0.000000000000000000 -0.000000000000000000
connection 4 23 7.878979715250675753 0 0.000000000000000000 -0.000000000000000000
connection 4 24 3.011544733957134845 0 0.000000000000000000 -0.000000000000000000
connection 4 25 -2.760130840590393486 0 0.000000000000000000 -0.000000000000000000
connection 4 26 7.956661491241950657 0 0.000000000000000000 -0.000000000000000000
connection 4 27 2.077435469660033451 0 0.000000000000000000 -0.000000000000000000
connection 4 49 7.882480660602441347 0 0.000000000000000000 -0.000000000000000000
connection 4 28 1.420280065732476782 0 0.000000000000000000 -0.000000000000000000
connection 4 29 -6.005540081485475135 0 0.000000000000000000 -0.000000000000000000
connection 4 30 -6.588384863307079620 0 0.000000000000000000 -0.000000000000000000
connection 4 31 6.247090671472591339 0 0.000000000000000000 -0.000000000000000000
connection 4 32 -1.310918598393804979 0 0.000000000000000000 -0.000000000000000000
connection 4 33 6.805215856316001677 0 0.000000000000000000 -0.000000000000000000
connection 4 34 7.880889134550426611 0 0.000000000000000000 -0.000000000000000000
connection 4 37 0.214279755725675813 0 0.000000000000000000 -0.000000000000000000
connection 4 38 7.188749021578854759 0 0.000000000000000000 -0.000000000000000000
connection 4 39 1.650465946916937821 0 0.000000000000000000 -0.000000000000000000
connection 4 40 7.449564230890231009 0 0.000000000000000000 -0.000000000000000000
connection 4 41 7.933640362854074368 0 0.000000000000000000 -0.000000000000000000
connection 4 50 7.964858531508212103 0 0.000000000000000000 -0.000000000000000000
connection 4 42 1.343146905759136756 0 0.000000000000000000 -0.000000000000000000
connection 4 43 1.570094125151891173 0 0.000000000000000000 -0.000000000000000000
connection 4 44 -7.322352470140772951 0 0.000000000000000000 -0.000000000000000000
connection 4 48 1.503300473824739081 0 0.000000000000000000 -0.000000000000000000
connection 4 45 0.963677866312550702 0 0.000000000000000000 -0.000000000000000000
connection 4 46 -7.726196782771094895 0 0.000000000000000000 -0.000000000000000000
connection 4 47 -7.799411211111856090 0 0.000000000000000000 -0.000000000000000000
connection 5 22 4.302652994145887533 0 0.000000000000000000 -0.000000000000000000
connection 5 23 7.869200854673612966 0 0.000000000000000000 -0.000000000000000000
connection 5 24 3.516314631779973610 0 0.000000000000000000 -0.000000000000000000
connection 5 25 -1.733756645958743459 0 0.000000000000000000 -0.000000000000000000
connection 5 26 7.951426384201604414 0 0.000000000000000000 -0.000000000000000000
connection 5 27 2.600366538703780428 0 0.000000000000000000 -0.000000000000000000
connection 5 49 7.886881255620481923 0 0.000000000000000000 -0.000000000000000000
connection 5 28 1.766581439366827544 0 0.000000000000000000 -0.000000000000000000
connection 5 29 -5.382913416920040994 0 0.000000000000000000 -0.000000000000000000
connection 5 30 -6.274706748278086721 0 0.000000000000000000 -0.000000000000000000
connection 5 31 5.857279283453157070 0 0.000000000000000000 -0.000000000000000000
connection 5 32 -2.182048871215932273 0 0.000000000000000000 -0.000000000000000000
connection 5 33 6.537349582519055957 0 0.000000000000000000 -0.000000000000000000
connection 5 34 7.857073327820473629 0 0.000000000000000000 -0.000000000000000000
connection 5 37 -0.571719962075205479 0 0.000000000000000000 -0.000000000000000000
connection 5 38 7.004894722522712946 0 0.000000000000000000 -0.000000000000000000
connection 5 39 0.902969593779589630 0 0.000000000000000000 -0.000000000000000000
connection 5 40 7.324935118066731476 0 0.000000000000000000 -0.000000000000000000
connection 5 41 7.923845090795134993 0 0.000000000000000000 -0.000000000000000000
connection 5 50 7.964066155901915245 0 0.000000000000000000 -0.000000000000000000
connection 5 42 1.395852129793408336 0 0.000000000000000000 -0.000000000000000000
connection 5 43 1.545262735465144699 0 0.000000000000000000 -0.000000000000000000
connection 5 44 -7.102571886067758911 0 0.000000000000000000 -0.000000000000000000
connection 5 48 1.673028569752577965 0 0.000000000000000000 -0.000000000000000000
connection 5 45 1.354746536682427172 0 0.000000000000000000 -0.000000000000000000
connection 5 46 -7.668176075077249187 0 0.000000000000000000 -0.000000000000000000
connection 5 47 -7.736191822660584805 0 0.000000000000000000 -0.000000000000000000
connection 6 22 4.675447306771465250 0 0.000000000000000000 -0.000000000000000000
connection 6 23 7.854402877249671455 0 0.000000000000000000 -0.000000000000000000
connection 6 24 3.968603412209231074 0 0.000000000000000000 -0.000000000000000000
connection 6 25 -0.860746364322659385 0 0.000000000000000000 -0.000000000000000000
connection 6 26 7.943997509769076260 0 0.000000000000000000 -0.000000000000000000
connection 6 27 3.123697533315972663 0 0.000000000000000000 -0.000000000000000000
connection 6 49 7.887959790690650230 0 0.000000000000000000 -0.000000000000000000
connection 6 28 2.221521174177862878 0 0.000000000000000000 -0.000000000000000000
connection 6 29 -4.595325519355917265 0 0.000000000000000000 -0.000000000000000000
connection 6 51 -5.531811952355926820 0 0.000000000000000000 -0.000000000000000000
connection 6 52 -2.684822709702360033 0 0.000000000000000000 -0.000000000000000000
connection 6 53 -6.262506483018239756 0 0.000000000000000000 -0.000000000000000000
connection 6 54 -6.956581092269006561 0 0.000000000000000000 -0.000000000000000000
connection 6 31 5.376973067565457676 0 0.000000000000000000 -0.000000000000000000
connection 6 32 -3.132927131409112054 0 0.000000000000000000 -0.000000000000000000
connection 6 33 6.211629633373709325 0 0.000000000000000000 -0.000000000000000000
connection 6 34 7.826315831909075982 0 0.000000000000000000 -0.000000000000000000
connection 6 37 -1.390681204084580624 0 0.000000000000000000 -0.000000000000000000
connection 6 38 6.780489993568502349 0 0.000000000000000000 -0.000000000000000000
connection 6 40 7.171738304268520992 0 0.000000000000000000 -0.000000000000000000
connection 6 41 7.911596628776035978 0 0.000000000000000000 -0.000000000000000000
connection 6 50 7.962465176213067153 0 0.000000000000000000 -0.000000000000000000
connection 6 42 1.587852831705009793 0 0.000000000000000000 -0.000000000000000000
connection 6 55 7.866607612887849044 0 0.000000000000000000 -0.000000000000000000
connection 6 43 1.517247503702957800 0 0.000000000000000000 -0.000000000000000000
connection 6 44 -6.809677267300963344 0 0.000000000000000000 -0.000000000000000000
connection 6 48 1.731189965993263469 0 0.000000000000000000 -0.000000000000000000
connection 6 45 1.646425686440768033 0 0.000000000000000000 -0.000000000000000000
connection 6 46 -7.583363927089003198 0 0.000000000000000000 -0.000000000000000000
connection 6 47 -7.652582061287152904 0 0.000000000000000000 -0.000000000000000000
connection 7 22 5.021172479712004311 0 0.000000000000000000 -0.000000000000000000
connection 7 23 7.833468158864707931 0 0.000000000000000000 -0.000000000000000000
connection 7 24 4.369567060046547269 0 0.000000000000000000 -0.000000000000000000
connection 7 25 -0.280230751010723478 0 0.000000000000000000 -0.000000000000000000
connection 7 26 7.933472241005200765 0 0.000000000000000000 -0.000000000000000000
connection 7 27 3.611214546559013527 0 0.000000000000000000 -0.000000000000000000
connection 7 49 7.885644203406807051 0 0.000000000000000000 -0.000000000000000000
connection 7 28 2.728125386866253610 0 0.000000000000000000 -0.000000000000000000
connection 7 29 -3.649827015077775183 0 0.000000000000000000 -0.000000000000000000
connection 7 51 -5.086709784013157432 0 0.000000000000000000 -0.000000000000000000
connection 7 52 -1.663818804426758780 0 0.000000000000000000 -0.000000000000000000
connection 7 53 -5.903276286220831004 0 0.000000000000000000 -0.000000000000000000
connection 7 54 -6.851774660373913584 0 0.000000000000000000 -0.000000000000000000
connection 7 31 4.770103409986699461 0 0.000000000000000000 -0.000000000000000000
connection 7 32 -4.166389148933310693 0 0.000000000000000000 -0.000000000000000000
connection 7 33 5.814392210600685118 0 0.000000000000000000 -0.000000000000000000
connection 7 34 7.786066380063621395 0 0.000000000000000000 -0.000000000000000000
connection 7 37 -2.264516750709123283 0 0.000000000000000000 -0.000000000000000000
connection 7 38 6.507432450056725770 0 0.000000000000000000 -0.000000000000000000
connection 7 39 -0.649812524300081185 0 0.000000000000000000 -0.000000000000000000
connection 7 40 6.984138713066174731 0 0.000000000000000000 -0.000000000000000000
connection 7 41 7.896193651521027590 0 0.000000000000000000 -0.000000000000000000
connection 7 50 7.959880455382509545 0 0.000000000000000000 -0.000000000000000000
connection 7 42 1.923276846666053697 0 0.000000000000000000 -0.000000000000000000
connection 7 55 7.877584813867549940 0 0.000000000000000000 -0.000000000000000000
connection 7 43 1.568534412244471987 0 0.000000000000000000 -0.000000000000000000
connection 7 44 -6.425695292197404207 0 0.000000000000000000 -0.000000000000000000
connection 7 56 7.965050329959212583 0 0.000000000000000000 -0.000000000000000000
connection 7 48 1.713484323828004641 0 0.000000000000000000 -0.000000000000000000
connection 7 45 1.823552454457995520 0 0.000000000000000000 -0.000000000000000000
connection 7 46 -7.462403569482011889 0 0.000000000000000000 -0.000000000000000000
connection 7 47 -7.544410738842902475 0 0.000000000000000000 -0.000000000000000000
connection 8 23 7.804984947370677162 0 0.000000000000000000 -0.000000000000000000
connection 8 24 4.731142373107083188 0 0.000000000000000000 -0.000000000000000000
connection 8 26 7.918458506886259407 0 0.000000000000000000 -0.000000000000000000
connection 8 27 4.047648743323010834 0 0.000000000000000000 -0.000000000000000000
connection 8 49 7.879634103597957129 0 0.000000000000000000 -0.000000000000000000
connection 8 28 3.233960039950268150 0 0.000000000000000000 -0.000000000000000000
connection 8 29 -2.609575049659786483 0 0.000000000000000000 -0.000000000000000000
connection 8 51 -4.595885983204828662 0 0.000000000000000000 -0.000000000000000000
connection 8 52 -0.807279338536480928 0 0.000000000000000000 -0.000000000000000000
connection 8 53 -5.499246444581937787 0 0.000000000000000000 -0.000000000000000000
connection 8 54 -6.741596963917105612 0 0.000000000000000000 -0.000000000000000000
connection 8 31 3.957451182582880644 0 0.000000000000000000 -0.000000000000000000
connection 8 32 -5.209650591669387154 0 0.000000000000000000 -0.000000000000000000
connection 8 33 5.324596370145157742 0 0.000000000000000000 -0.000000000000000000
connection 8 34 7.732562597917537417 0 0.000000000000000000 -0.000000000000000000
connection 8 37 -3.218391244248503646 0 0.000000000000000000 -0.000000000000000000
connection 8 38 6.175517665566863990 0 0.000000000000000000 -0.000000000000000000
connection 8 39 -1.470433890141849664 0 0.000000000000000000 -0.000000000000000000
connection 8 40 6.755285320042969666 0 0.000000000000000000 -0.000000000000000000
connection 8 41 7.876679006232714109 0 0.000000000000000000 -0.000000000000000000
connection 8 50 7.956040510473794569 0 0.000000000000000000 -0.000000000000000000
connection 8 42 2.363981198432907327 0 0.000000000000000000 -0.000000000000000000
connection 8 55 7.884869066701041262 0 0.000000000000000000 -0.000000000000000000
connection 8 43 1.753962205988852441 0 0.000000000000000000 -0.000000000000000000
connection 8 44 -5.926226139030366546 0 0.000000000000000000 -0.000000000000000000
connection 8 56 7.964845719550358361 0 0.000000000000000000 -0.000000000000000000
connection 8 48 1.689277970406529938 0 0.000000000000000000 -0.000000000000000000
connection 8 45 1.889732139757811513 0 0.000000000000000000 -0.000000000000000000
connection 8 46 -7.293895385807992682 0 0.000000000000000000 -0.000000000000000000
connection 8 47 -7.407588257129053666 0 0.000000000000000000 -0.000000000000000000
connection 9 23 7.767357184184294994 0 0.000000000000000000 -0.000000000000000000
connection 9 26 7.896779605227372656 0 0.000000000000000000 -0.000000000000000000
connection 9 27 4.435047947311083760 0 0.000000000000000000 -0.000000000000000000
connection 9 49 7.869372553161585238 0 0.000000000000000000 -0.000000000000000000
connection 9 28 3.704248401305188843 0 0.000000000000000000 -0.000000000000000000
connection 9 29 -1.594750455575683956 0 0.000000000000000000 -0.000000000000000000
connection 9 51 -4.059443746767145811 0 0.000000000000000000 -0.000000000000000000
connection 9 52 -0.251525492794523797 0 0.000000000000000000 -0.000000000000000000
connection 9 53 -5.049700578718045563 0 0.000000000000000000 -0.000000000000000000
connection 9 54 -6.624584029770159255 0 0.000000000000000000 -0.000000000000000000
connection 9 31 2.700819708172427891 0 0.000000000000000000 -0.000000000000000000
connection 9 33 4.704361158165784040 0 0.000000000000000000 -0.000000000000000000
connection 9 34 7.660090287113072272 0 0.000000000000000000 -0.000000000000000000
connection 9 38 5.770722249194469633 0 0.000000000000000000 -0.000000000000000000
connection 9 39 -2.346965024259869192 0 0.000000000000000000 -0.000000000000000000
connection 9 40 6.476954317998851351 0 0.000000000000000000 -0.000000000000000000
connection 9 41 7.851725022483778460 0 0.000000000000000000 -0.000000000000000000
connection 9 50 7.950532450881435231 0 0.000000000000000000 -0.000000000000000000
connection 9 42 2.854008045658618098 0 0.000000000000000000 -0.000000000000000000
connection 9 55 7.888772135563720589 0 0.000000000000000000 -0.000000000000000000
connection 9 43 2.078377991802298652 0 0.000000000000000000 -0.000000000000000000
connection 9 44 -5.281529367192995039 0 0.000000000000000000 -0.000000000000000000
connection 9 56 7.963930700938333551 0 0.000000000000000000 -0.000000000000000000
connection 9 48 1.739382781269324774 0 0.000000000000000000 -0.000000000000000000
connection 9 45 1.879172685021490929 0 0.000000000000000000 -0.000000000000000000
connection 9 46 -7.064838755081378707 0 0.000000000000000000 -0.000000000000000000
connection 9 47 -7.238295367981815609 0 0.000000000000000000 -0.000000000000000000
connection 10 23 7.719097375179039489 0 0.000000000000000000 -0.000000000000000000
connection 10 26 7.864976976074886217 0 0.000000000000000000 -0.000000000000000000
connection 10 27 4.785672536844312042 0 0.000000000000000000 -0.000000000000000000
connection 10 49 7.854012710356523819 0 0.000000000000000000 -0.000000000000000000
connection 10 28 4.125005563269533937 0 0.000000000000000000 -0.000000000000000000
connection 10 29 -0.755473080456353641 0 0.000000000000000000 -0.000000000000000000
connection 10 51 -3.478199161513412019 0 0.000000000000000000 -0.000000000000000000
connection 10 53 -4.554326310973686454 0 0.000000000000000000 -0.000000000000000000
connection 10 54 -6.498918969941937185 0 0.000000000000000000 -0.000000000000000000
connection 10 33 3.868835991212498104 0 0.000000000000000000 -0.000000000000000000
connection 10 34 7.559639233404557679 0 0.000000000000000000 -0.000000000000000000
connection 10 38 5.271225376682095565 0 0.000000000000000000 -0.000000000000000000
connection 10 39 -3.303656450584485427 0 0.000000000000000000 -0.000000000000000000
connection 10 40 6.138745156181847129 0 0.000000000000000000 -0.000000000000000000
connection 10 41 7.819455541539131360 0 0.000000000000000000 -0.000000000000000000
connection 10 50 7.942729723916143847 0 0.000000000000000000 -0.000000000000000000
connection 10 42 3.342242590169515637 0 0.000000000000000000 -0.000000000000000000
connection 10 55 7.889402351117396961 0 0.000000000000000000 -0.000000000000000000
connection 10 43 2.504615413819028191 0 0.000000000000000000 -0.000000000000000000
connection 10 44 -4.470032922647889428 0 0.000000000000000000 -0.000000000000000000
connection 10 56 7.962189656928124748 0 0.000000000000000000 -0.000000000000000000
connection 10 48 1.918325000911536460 0 0.000000000000000000 -0.000000000000000000
connection 10 57 7.870105709878396638 0 0.000000000000000000 -0.000000000000000000
connection 10 45 1.858968364434762099 0 0.000000000000000000 -0.000000000000000000
connection 10 46 -6.760416677214111658 0 0.000000000000000000 -0.000000000000000000
connection 10 47 -7.033098574535811665 0 0.000000000000000000 -0.000000000000000000
connection 11 23 7.659401829596736988 0 0.000000000000000000 -0.000000000000000000
connection 11 26 7.817452133834660977 0 0.000000000000000000 -0.000000000000000000
connection 11 49 7.832394229845310640 0 0.000000000000000000 -0.000000000000000000
connection 11 28 4.499102193628107926 0 0.000000000000000000 -0.000000000000000000
connection 11 29 -0.224776042421074435 0 0.000000000000000000 -0.000000000000000000
connection 11 51 -2.853893629304258717 0 0.000000000000000000 -0.000000000000000000
connection 11 53 -4.013341354261229732 0 0.000000000000000000 -0.000000000000000000
connection 11 54 -6.362458636515894383 0 0.000000000000000000 -0.000000000000000000
connection 11 31 -4.176491280469258882 0 0.000000000000000000 -0.000000000000000000
connection 11 33 2.556761055871845656 0 0.000000000000000000 -0.000000000000000000
connection 11 34 7.416197656129045690 0 0.000000000000000000 -0.000000000000000000
connection 11 38 4.637194646816950261 0 0.000000000000000000 -0.000000000000000000
connection 11 39 -4.335559816310973424 0 0.000000000000000000 -0.000000000000000000
connection 11 40 5.726256374384216308 0 0.000000000000000000 -0.000000000000000000
connection 11 41 7.777162348739243392 0 0.000000000000000000 -0.000000000000000000
connection 11 50 7.931675315181360375 0 0.000000000000000000 -0.000000000000000000
connection 11 42 3.795375054503550505 0 0.000000000000000000 -0.000000000000000000
connection 11 55 7.886657796316312918 0 0.000000000000000000 -0.000000000000000000
connection 11 43 2.977875981812440731 0 0.000000000000000000 -0.000000000000000000
connection 11 44 -3.505343231276524030 0 0.000000000000000000 -0.000000000000000000
connection 11 56 7.959435787225988435 0 0.000000000000000000 -0.000000000000000000
connection 11 48 2.231641110301110231 0 0.000000000000000000 -0.000000000000000000
connection 11 57 7.880419251296504335 0 0.000000000000000000 -0.000000000000000000
connection 11 45 1.908112682432806961 0 0.000000000000000000 -0.000000000000000000
connection 11 46 -6.361951277882111455 0 0.000000000000000000 -0.000000000000000000
connection 11 47 -6.789017253021548903 0 0.000000000000000000 -0.000000000000000000
connection 12 23 7.589030326622696165 0 0.000000000000000000 -0.000000000000000000
connection 12 26 7.744934592640374760 0 0.000000000000000000 -0.000000000000000000
connection 12 49 7.803061457218634978 0 0.000000000000000000 -0.000000000000000000
connection 12 28 4.839052073694507072 0 0.000000000000000000 -0.000000000000000000
connection 12 51 -2.189308441923278448 0 0.000000000000000000 -0.000000000000000000
connection 12 53 -3.427701249462786759 0 0.000000000000000000 -0.000000000000000000
connection 12 54 -6.212755102126990003 0 0.000000000000000000 -0.000000000000000000
connection 12 34 7.202106861409705019 0 0.000000000000000000 -0.000000000000000000
connection 12 38 3.777591858830291915 0 0.000000000000000000 -0.000000000000000000
connection 12 39 -5.358164855178377373 0 0.000000000000000000 -0.000000000000000000
connection 12 40 5.216838139134127417 0 0.000000000000000000 -0.000000000000000000
connection 12 41 7.720838171534041727 0 0.000000000000000000 -0.000000000000000000
connection 12 50 7.915890731673465019 0 0.000000000000000000 -0.000000000000000000
connection 12 42 4.200665538885666628 0 0.000000000000000000 -0.000000000000000000
connection 12 55 7.880206965632438276 0 0.000000000000000000 -0.000000000000000000
connection 12 43 3.448465105965520916 0 0.000000000000000000 -0.000000000000000000
connection 12 44 -2.459487643321931039 0 0.000000000000000000 -0.000000000000000000
connection 12 56 7.955381064262110336 0 0.000000000000000000 -0.000000000000000000
connection 12 48 2.643235205204011340 0 0.000000000000000000 -0.000000000000000000
connection 12 57 7.887146579327995788 0 0.000000000000000000 -0.000000000000000000
connection 12 45 2.080671127204043902 0 0.000000000000000000 -0.000000000000000000
connection 12 46 -5.844036444002142616 0 0.000000000000000000 -0.000000000000000000
connection 12 47 -6.503572447643799492 0 0.000000000000000000 -0.000000000000000000
connection 13 23 7.511256233805999827 0 0.000000000000000000 -0.000000000000000000
connection 13 58 7.457791450568310054 0 0.000000000000000000 -0.000000000000000000
connection 13 59 3.886013353947950666 0 0.000000000000000000 -0.000000000000000000
connection 13 60 7.741818962982354613 0 0.000000000000000000 -0.000000000000000000
connection 13 61 7.656607624218496611 0 0.000000000000000000 -0.000000000000000000
connection 13 49 7.764382937253966332 0 0.000000000000000000 -0.000000000000000000
connection 13 51 -1.488268847902028069 0 0.000000000000000000 -0.000000000000000000
connection 13 53 -2.799297121456055581 0 0.000000000000000000 -0.000000000000000000
connection 13 54 -6.047070522565895168 0 0.000000000000000000 -0.000000000000000000
connection 13 33 -4.432850093036821093 0 0.000000000000000000 -0.000000000000000000
connection 13 34 6.853045457321437439 0 0.000000000000000000 -0.000000000000000000
connection 13 38 2.405584002478991845 0 0.000000000000000000 -0.000000000000000000
connection 13 40 4.568554130842402472 0 0.000000000000000000 -0.000000000000000000
connection 13 41 7.644372799587776157 0 0.000000000000000000 -0.000000000000000000
connection 13 50 7.893059012898923754 0 0.000000000000000000 -0.000000000000000000
connection 13 42 4.561739098959287197 0 0.000000000000000000 -0.000000000000000000
connection 13 55 7.869458583150171549 0 0.000000000000000000 -0.000000000000000000
connection 13 43 3.884560681721974884 0 0.000000000000000000 -0.000000000000000000
connection 13 44 -1.459478264791543634 0 0.000000000000000000 -0.000000000000000000
connection 13 56 7.949588181161665545 0 0.000000000000000000 -0.000000000000000000
connection 13 48 3.099602050962021682 0 0.000000000000000000 -0.000000000000000000
connection 13 57 7.890566982440381238 0 0.000000000000000000 -0.000000000000000000
connection 13 45 2.382835217701031905 0 0.000000000000000000 -0.000000000000000000
connection 13 46 -5.176798610457379546 0 0.000000000000000000 -0.000000000000000000
connection 13 47 -6.174818159409346308 0 0.000000000000000000 -0.000000000000000000
connection 22 22 -2.888535954102860792 0 0.000000000000000000 -0.000000000000000000
connection 22 23 -0.711365310024663855 0 0.000000000000000000 -0.000000000000000000
connection 22 24 2.139291339124248736 0 0.000000000000000000 -0.000000000000000000
connection 22 59 1.833823710503983850 0 0.000000000000000000 -0.000000000000000000
connection 22 60 5.362204539342110721 0 0.000000000000000000 -0.000000000000000000
connection 22 61 3.896904085720481081 0 0.000000000000000000 -0.000000000000000000
connection 22 62 7.811736663191108931 0 0.000000000000000000 -0.000000000000000000
connection 22 30 7.928701759602061472 0 0.000000000000000000 -0.000000000000000000
connection 22 43 -6.618705890786265478 0 0.000000000000000000 -0.000000000000000000
connection 22 44 -6.110437926852298141 0 0.000000000000000000 -0.000000000000000000
connection 22 66 -7.920795479128688754 0 0.000000000000000000 -0.000000000000000000
connection 22 47 -7.808347207778045806 0 0.000000000000000000 -0.000000000000000000
connection 22 68 -6.716635296713215020 0 0.000000000000000000 -0.000000000000000000
connection 38 38 -0.750946435720729055 0 0.000000000000000000 -0.000000000000000000
connection 38 40 -6.454539757801127209 0 0.000000000000000000 -0.000000000000000000
connection 38 41 -6.730440060099702748 0 0.000000000000000000 -0.000000000000000000
connection 38 73 1.928576767946604820 0 0.000000000000000000 -0.000000000000000000
connection 38 74 -1.008768008894485257 0 0.000000000000000000 -0.000000000000000000
connection 38 75 -6.848033955197859513 0 0.000000000000000000 -0.000000000000000000
connection 38 76 -6.641321230190248670 0 0.000000000000000000 -0.000000000000000000
connection 23 22 -2.269330634278576397 0 0.000000000000000000 -0.000000000000000000
connection 23 23 -0.229497778311264611 0 0.000000000000000000 -0.000000000000000000
connection 23 24 5.757595914646215896 0 0.000000000000000000 -0.000000000000000000
connection 23 25 6.076230227177964238 0 0.000000000000000000 -0.000000000000000000
connection 23 58 0.258070741917847180 0 0.000000000000000000 -0.000000000000000000
connection 23 59 2.306731956818047102 0 0.000000000000000000 -0.000000000000000000
connection 23 60 6.240616917914602269 0 0.000000000000000000 -0.000000000000000000
connection 23 61 5.793087802683741572 0 0.000000000000000000 -0.000000000000000000
connection 23 62 7.867656432768661112 0 0.000000000000000000 -0.000000000000000000
connection 23 30 7.951019609250779219 0 0.000000000000000000 -0.000000000000000000
connection 23 77 -7.775460311090708565 0 0.000000000000000000 -0.000000000000000000
connection 23 68 -6.844923761390956152 0 0.000000000000000000 -0.000000000000000000
connection 24 22 -0.808756390366692335 0 0.000000000000000000 -0.000000000000000000
connection 24 24 5.898979490131491588 0 0.000000000000000000 -0.000000000000000000
connection 24 25 6.098255922184982580 0 0.000000000000000000 -0.000000000000000000
connection 24 58 1.325317651588785450 0 0.000000000000000000 -0.000000000000000000
connection 24 59 4.026230379595874709 0 0.000000000000000000 -0.000000000000000000
connection 24 60 6.626151869651775606 0 0.000000000000000000 -0.000000000000000000
connection 24 61 6.112751890628185691 0 0.000000000000000000 -0.000000000000000000
connection 24 62 7.791675373504655333 0 0.000000000000000000 -0.000000000000000000
connection 24 30 7.941314037725096142 0 0.000000000000000000 -0.000000000000000000
connection 24 77 -7.796389940948142083 0 0.000000000000000000 -0.000000000000000000
connection 24 68 -7.277808078265131542 0 0.000000000000000000 -0.000000000000000000
connection 44 80 7.465136086891437373 0 0.000000000000000000 -0.000000000000000000
connection 44 26 7.396593433851192501 0 0.000000000000000000 -0.000000000000000000
connection 44 49 4.261915629739521094 0 0.000000000000000000 -0.000000000000000000
connection 44 28 -3.985968143120015572 0 0.000000000000000000 -0.000000000000000000
connection 44 29 -3.302045010005881576 0 0.000000000000000000 -0.000000000000000000
connection 44 38 2.683709983814128286 0 0.000000000000000000 -0.000000000000000000
connection 44 39 3.326282957700191112 0 0.000000000000000000 -0.000000000000000000
connection 44 40 -2.921681257886167060 0 0.000000000000000000 -0.000000000000000000
connection 44 41 -2.631572772423375284 0 0.000000000000000000 -0.000000000000000000
connection 44 73 3.272971407073670402 0 0.000000000000000000 -0.000000000000000000
connection 44 74 2.648269252134634044 0 0.000000000000000000 -0.000000000000000000
connection 44 75 -2.690155535573777623 0 0.000000000000000000 -0.000000000000000000
connection 44 76 -3.365577116160486604 0 0.000000000000000000 -0.000000000000000000
connection 44 77 -7.943141569742029340 0 0.000000000000000000 -0.000000000000000000
connection 25 22 -1.373457975316612290 0 0.000000000000000000 -0.000000000000000000
connection 25 24 3.346001515380762292 0 0.000000000000000000 -0.000000000000000000
connection 25 25 1.552792295289631586 0 0.000000000000000000 -0.000000000000000000
connection 25 58 0.941167951320938889 0 0.000000000000000000 -0.000000000000000000
connection 25 59 3.419210435744396204 0 0.000000000000000000 -0.000000000000000000
connection 25 60 6.128232857068815598 0 0.000000000000000000 -0.000000000000000000
connection 25 61 4.883735961529810155 0 0.000000000000000000 -0.000000000000000000
connection 25 62 7.723350060531563699 0 0.000000000000000000 -0.000000000000000000
connection 25 30 7.915960018805456855 0 0.000000000000000000 -0.000000000000000000
connection 25 42 1.311104229890835082 0 0.000000000000000000 -0.000000000000000000
connection 25 55 -0.710854404195022771 0 0.000000000000000000 -0.000000000000000000
connection 25 43 -6.709196586561520625 0 0.000000000000000000 -0.000000000000000000
connection 25 44 -6.583014199524928500 0 0.000000000000000000 -0.000000000000000000
connection 25 66 -7.920565559586133730 0 0.000000000000000000 -0.000000000000000000
connection 25 47 -7.873848242645173023 0 0.000000000000000000 -0.000000000000000000
connection 25 68 -7.296224494681308848 0 0.000000000000000000 -0.000000000000000000
connection 26 81 7.872287126210731678 0 0.000000000000000000 -0.000000000000000000
connection 26 82 7.161230767016650844 0 0.000000000000000000 -0.000000000000000000
connection 26 83 7.791091116260838056 0 0.000000000000000000 -0.000000000000000000
connection 26 41 0.454662005389106394 0 0.000000000000000000 -0.000000000000000000
connection 26 73 7.496739450508599134 0 0.000000000000000000 -0.000000000000000000
connection 26 75 1.812972220118932665 0 0.000000000000000000 -0.000000000000000000
connection 26 77 -7.885432292106610674 0 0.000000000000000000 -0.000000000000000000
connection 26 68 -7.120482842049394634 0 0.000000000000000000 -0.000000000000000000
connection 26 86 -6.251329839121178011 0 0.000000000000000000 -0.000000000000000000
connection 27 81 7.733570845432469198 0 0.000000000000000000 -0.000000000000000000
connection 27 77 -7.887284059625162769 0 0.000000000000000000 -0.000000000000000000
connection 27 68 -7.500158773722140459 0 0.000000000000000000 -0.000000000000000000
connection 27 86 -6.524151729418113277 0 0.000000000000000000 -0.000000000000000000
connection 28 82 7.654527787952888573 0 0.000000000000000000 -0.000000000000000000
connection 28 40 -0.228004273570415888 0 0.000000000000000000 -0.000000000000000000
connection 28 41 -0.200363540935331125 0 0.000000000000000000 -0.000000000000000000
connection 28 75 -0.814756755173817404 0 0.000000000000000000 -0.000000000000000000
connection 28 76 -1.083926623271293854 0 0.000000000000000000 -0.000000000000000000
connection 28 77 -7.927399971767941977 0 0.000000000000000000 -0.000000000000000000
connection 28 89 -7.305544952667568204 0 0.000000000000000000 -0.000000000000000000
connection 28 86 -6.979508972323745120 0 0.000000000000000000 -0.000000000000000000
connection 29 81 7.643906021106489312 0 0.000000000000000000 -0.000000000000000000
connection 29 82 7.706971094593990657 0 0.000000000000000000 -0.000000000000000000
connection 29 83 7.926255911105715590 0 0.000000000000000000 -0.000000000000000000
connection 29 40 0.639735519486798299 0 0.000000000000000000 -0.000000000000000000
connection 29 41 0.462502817877957606 0 0.000000000000000000 -0.000000000000000000
connection 29 75 0.981895458702045532 0 0.000000000000000000 -0.000000000000000000
connection 29 76 1.804923837688958699 0 0.000000000000000000 -0.000000000000000000
connection 29 77 -7.882394187253494167 0 0.000000000000000000 -0.000000000000000000
connection 29 68 -7.677646908153559657 0 0.000000000000000000 -0.000000000000000000
connection 29 86 -6.853934181914542734 0 0.000000000000000000 -0.000000000000000000
connection 30 23 0.821765404251137976 0 0.000000000000000000 -0.000000000000000000
connection 30 24 5.501796924311157966 0 0.000000000000000000 -0.000000000000000000
connection 30 25 4.704968087216513162 0 0.000000000000000000 -0.000000000000000000
connection 30 26 5.949695554924505636 0 0.000000000000000000 -0.000000000000000000
connection 30 62 7.530076412697188637 0 0.000000000000000000 -0.000000000000000000
connection 30 30 7.896722239655605158 0 0.000000000000000000 -0.000000000000000000
connection 30 42 -2.265585832309601422 0 0.000000000000000000 -0.000000000000000000
connection 30 55 -1.593845628558084870 0 0.000000000000000000 -0.000000000000000000
connection 30 43 -7.114721591254340005 0 0.000000000000000000 -0.000000000000000000
connection 30 44 -7.197568670841733685 0 0.000000000000000000 -0.000000000000000000
connection 30 66 -7.925405195496410649 0 0.000000000000000000 -0.000000000000000000
connection 30 47 -7.922468044265351672 0 0.000000000000000000 -0.000000000000000000
connection 30 68 -7.686038373582237959 0 0.000000000000000000 -0.000000000000000000
connection 30 86 -6.263299914907559440 0 0.000000000000000000 -0.000000000000000000
connection 31 81 7.940561575916883719 0 0.000000000000000000 -0.000000000000000000
connection 31 82 7.283556661423463474 0 0.000000000000000000 -0.000000000000000000
connection 31 38 4.884333407728373544 0 0.000000000000000000 -0.000000000000000000
connection 31 40 -2.410831578349121429 0 0.000000000000000000 -0.000000000000000000
connection 31 41 -3.183856043092464727 0 0.000000000000000000 -0.000000000000000000
connection 31 73 7.603922038665966276 0 0.000000000000000000 -0.000000000000000000
connection 31 75 -2.359396002795196789 0 0.000000000000000000 -0.000000000000000000
connection 31 77 -7.868548333258631011 0 0.000000000000000000 -0.000000000000000000
connection 31 68 -7.107555304545323693 0 0.000000000000000000 -0.000000000000000000
connection 31 86 -6.702352352237928912 0 0.000000000000000000 -0.000000000000000000
connection 58 22 -2.163694237773531981 0 0.000000000000000000 -0.000000000000000000
connection 58 24 7.453223096754148180 0 0.000000000000000000 -0.000000000000000000
connection 58 25 7.557581104604633282 0 0.000000000000000000 -0.000000000000000000
connection 58 58 1.476161717892768399 0 0.000000000000000000 -0.000000000000000000
connection 58 59 3.573228826004330116 0 0.000000000000000000 -0.000000000000000000
connection 58 60 7.081325801355065508 0 0.000000000000000000 -0.000000000000000000
connection 58 61 7.253457686969404072 0 0.000000000000000000 -0.000000000000000000
connection 58 62 7.881060836570038752 0 0.000000000000000000 -0.000000000000000000
connection 58 30 7.956052746644341589 0 0.000000000000000000 -0.000000000000000000
connection 58 77 -7.851895905683126564 0 0.000000000000000000 -0.000000000000000000
connection 58 68 -6.943581574344371177 0 0.000000000000000000 -0.000000000000000000
connection 58 86 -5.789196684718607600 0 0.000000000000000000 -0.000000000000000000
connection 32 81 7.945811257340012368 0 0.000000000000000000 -0.000000000000000000
connection 32 82 7.450900776407974213 0 0.000000000000000000 -0.000000000000000000
connection 32 38 2.555743919648292284 0 0.000000000000000000 -0.000000000000000000
connection 32 39 1.520574622176969815 0 0.000000000000000000 -0.000000000000000000
connection 32 40 -5.038853441713763814 0 0.000000000000000000 -0.000000000000000000
connection 32 41 -5.351120247519249418 0 0.000000000000000000 -0.000000000000000000
connection 32 75 -4.889575022309114338 0 0.000000000000000000 -0.000000000000000000
connection 32 76 3.226720098153002425 0 0.000000000000000000 -0.000000000000000000
connection 32 68 -7.173686289996737742 0 0.000000000000000000 -0.000000000000000000
connection 32 86 -6.930506216914849915 0 0.000000000000000000 -0.000000000000000000
connection 51 22 -0.355165220240953372 0 0.000000000000000000 -0.000000000000000000
connection 51 23 0.328917771390990599 0 0.000000000000000000 -0.000000000000000000
connection 51 24 4.395482748600989531 0 0.000000000000000000 -0.000000000000000000
connection 51 25 2.804569719156413399 0 0.000000000000000000 -0.000000000000000000
connection 51 58 2.362715736243131470 0 0.000000000000000000 -0.000000000000000000
connection 51 59 4.881333627284838883 0 0.000000000000000000 -0.000000000000000000
connection 51 60 6.733648927948843621 0 0.000000000000000000 -0.000000000000000000
connection 51 61 5.711230080059531033 0 0.000000000000000000 -0.000000000000000000
connection 51 62 7.588117768421827947 0 0.000000000000000000 -0.000000000000000000
connection 51 30 7.892173291826798831 0 0.000000000000000000 -0.000000000000000000
connection 51 42 -0.595135391112702972 0 0.000000000000000000 -0.000000000000000000
connection 51 55 -0.768384161356405637 0 0.000000000000000000 -0.000000000000000000
connection 51 43 -6.700135245436830367 0 0.000000000000000000 -0.000000000000000000
connection 51 44 -6.771907261752830642 0 0.000000000000000000 -0.000000000000000000
connection 51 66 -7.911317570805178612 0 0.000000000000000000 -0.000000000000000000
connection 51 47 -7.907532472071207685 0 0.000000000000000000 -0.000000000000000000
connection 51 68 -7.607645630183600183 0 0.000000000000000000 -0.000000000000000000
connection 33 81 7.927944133231307866 0 0.000000000000000000 -0.000000000000000000
connection 33 82 7.374565149602613445 0 0.000000000000000000 -0.000000000000000000
connection 33 38 1.658665067224754486 0 0.000000000000000000 -0.000000000000000000
connection 33 39 0.921152368578481373 0 0.000000000000000000 -0.000000000000000000
connection 33 40 -4.881198999076623579 0 0.000000000000000000 -0.000000000000000000
connection 33 41 -5.351660006941949987 0 0.000000000000000000 -0.000000000000000000
connection 33 74 3.524366447938135138 0 0.000000000000000000 -0.000000000000000000
connection 33 75 -5.409628898278973530 0 0.000000000000000000 -0.000000000000000000
connection 33 76 -4.227518044421890053 0 0.000000000000000000 -0.000000000000000000
connection 33 68 -7.258930705628476865 0 0.000000000000000000 -0.000000000000000000
connection 33 86 -7.013339414537423266 0 0.000000000000000000 -0.000000000000000000
connection 41 80 7.908000581019280162 0 0.000000000000000000 -0.000000000000000000
connection 41 26 7.650020077017366305 0 0.000000000000000000 -0.000000000000000000
connection 41 49 5.120442869410326558 0 0.000000000000000000 -0.000000000000000000
connection 41 28 -6.422956975375480049 0 0.000000000000000000 -0.000000000000000000
connection 41 29 0.470407953835252468 0 0.000000000000000000 -0.000000000000000000
connection 41 38 -0.408455374283757777 0 0.000000000000000000 -0.000000000000000000
connection 41 40 -6.350523817256021886 0 0.000000000000000000 -0.000000000000000000
connection 41 41 -6.649834136818451924 0 0.000000000000000000 -0.000000000000000000
connection 41 73 -0.766996172020852462 0 0.000000000000000000 -0.000000000000000000
connection 41 74 -1.162414156841923063 0 0.000000000000000000 -0.000000000000000000
connection 41 75 -6.866803827027100127 0 0.000000000000000000 -0.000000000000000000
connection 41 76 -6.876750304750956388 0 0.000000000000000000 -0.000000000000000000
connection 34 81 7.922211940233480298 0 0.000000000000000000 -0.000000000000000000
connection 34 82 7.349521832874659211 0 0.000000000000000000 -0.000000000000000000
connection 34 39 3.580596768486520531 0 0.000000000000000000 -0.000000000000000000
connection 34 40 -2.092265606027729152 0 0.000000000000000000 -0.000000000000000000
connection 34 41 -2.984135750093223738 0 0.000000000000000000 -0.000000000000000000
connection 34 75 -3.289687539250170101 0 0.000000000000000000 -0.000000000000000000
connection 34 76 -0.520980508505535789 0 0.000000000000000000 -0.000000000000000000
connection 34 77 -7.910662891640904526 0 0.000000000000000000 -0.000000000000000000
connection 34 68 -7.244171111810120856 0 0.000000000000000000 -0.000000000000000000
connection 34 86 -6.837245853401000772 0 0.000000000000000000 -0.000000000000000000
connection 35 81 7.936226721741359569 0 0.000000000000000000 -0.000000000000000000
connection 35 82 7.574050068463048291 0 0.000000000000000000 -0.000000000000000000
connection 35 38 -0.449662981971243936 0 0.000000000000000000 -0.000000000000000000
connection 35 39 -0.637729411588129347 0 0.000000000000000000 -0.000000000000000000
connection 35 40 -6.629662346890988545 0 0.000000000000000000 -0.000000000000000000
connection 35 41 -6.716068340753565735 0 0.000000000000000000 -0.000000000000000000
connection 35 74 4.114486410783637638 0 0.000000000000000000 -0.000000000000000000
connection 35 75 -6.393903444552902826 0 0.000000000000000000 -0.000000000000000000
connection 35 76 -1.672124321966702354 0 0.000000000000000000 -0.000000000000000000
connection 35 68 -7.227592601764353475 0 0.000000000000000000 -0.000000000000000000
connection 35 86 -7.079759148373396371 0 0.000000000000000000 -0.000000000000000000
connection 54 23 1.354252586518542412 0 0.000000000000000000 -0.000000000000000000
connection 54 24 5.281333853316182214 0 0.000000000000000000 -0.000000000000000000
connection 54 25 3.906600812960570490 0 0.000000000000000000 -0.000000000000000000
connection 54 26 6.182953315833596974 0 0.000000000000000000 -0.000000000000000000
connection 54 62 7.405320725567549722 0 0.000000000000000000 -0.000000000000000000
connection 54 30 7.850511472902850230 0 0.000000000000000000 -0.000000000000000000
connection 54 42 -1.071781365247009399 0 0.000000000000000000 -0.000000000000000000
connection 54 55 -0.461863178421984100 0 0.000000000000000000 -0.000000000000000000
connection 54 43 -6.631859080541337548 0 0.000000000000000000 -0.000000000000000000
connection 54 44 -6.824525016048109904 0 0.000000000000000000 -0.000000000000000000
connection 54 66 -7.892441852195060115 0 0.000000000000000000 -0.000000000000000000
connection 54 47 -7.923487957674124615 0 0.000000000000000000 -0.000000000000000000
connection 54 68 -7.770052512109663745 0 0.000000000000000000 -0.000000000000000000
connection 36 35 7.263380615592719636 0 0.000000000000000000 -0.000000000000000000
connection 36 38 -3.360270596264989695 0 0.000000000000000000 -0.000000000000000000
connection 36 39 -2.505238557772650143 0 0.000000000000000000 -0.000000000000000000
connection 36 40 -7.357650531867184540 0 0.000000000000000000 -0.000000000000000000
connection 36 41 -7.445343717493135394 0 0.000000000000000000 -0.000000000000000000
connection 36 73 4.244233532129296549 0 0.000000000000000000 -0.000000000000000000
connection 36 74 -3.030364676856067252 0 0.000000000000000000 -0.000000000000000000
connection 36 75 -7.367585484373967653 0 0.000000000000000000 -0.000000000000000000
connection 36 76 -6.863427646229911971 0 0.000000000000000000 -0.000000000000000000
connection 36 92 -6.959246856693452443 0 0.000000000000000000 -0.000000000000000000
connection 55 80 7.786437828700484509 0 0.000000000000000000 -0.000000000000000000
connection 55 26 7.413064980499318501 0 0.000000000000000000 -0.000000000000000000
connection 55 49 3.897807426954793097 0 0.000000000000000000 -0.000000000000000000
connection 55 28 -5.656394561686008515 0 0.000000000000000000 -0.000000000000000000
connection 55 29 -3.610330801026584879 0 0.000000000000000000 -0.000000000000000000
connection 55 38 0.280959807594761135 0 0.000000000000000000 -0.000000000000000000
connection 55 39 0.606806740283174717 0 0.000000000000000000 -0.000000000000000000
connection 55 40 -4.788313002386757944 0 0.000000000000000000 -0.000000000000000000
connection 55 41 -4.995763136721880215 0 0.000000000000000000 -0.000000000000000000
connection 55 73 1.283727126630386461 0 0.000000000000000000 -0.000000000000000000
connection 55 74 0.633654508839372577 0 0.000000000000000000 -0.000000000000000000
connection 55 75 -5.411871942871012919 0 0.000000000000000000 -0.000000000000000000
connection 55 76 -5.762918310588598381 0 0.000000000000000000 -0.000000000000000000
connection 37 82 7.394550539802901667 0 0.000000000000000000 -0.000000000000000000
connection 37 38 -0.921830472917177124 0 0.000000000000000000 -0.000000000000000000
connection 37 39 -0.369717067645885078 0 0.000000000000000000 -0.000000000000000000
connection 37 40 -6.556172042089948526 0 0.000000000000000000 -0.000000000000000000
connection 37 41 -6.763469215776130916 0 0.000000000000000000 -0.000000000000000000
connection 37 75 -6.721311335089923844 0 0.000000000000000000 -0.000000000000000000
connection 37 76 -6.027758898818550648 0 0.000000000000000000 -0.000000000000000000
connection 37 68 -7.279360666760612553 0 0.000000000000000000 -0.000000000000000000
connection 37 86 -7.131788355939809421 0 0.000000000000000000 -0.000000000000000000
connection 39 36 3.201149707015294332 0 0.000000000000000000 -0.000000000000000000
connection 39 38 -3.070408245092495658 0 0.000000000000000000 -0.000000000000000000
connection 39 39 -2.278269912899343552 0 0.000000000000000000 -0.000000000000000000
connection 39 40 -7.291153787592843827 0 0.000000000000000000 -0.000000000000000000
connection 39 41 -7.439810335427768706 0 0.000000000000000000 -0.000000000000000000
connection 39 73 -2.318723624855107079 0 0.000000000000000000 -0.000000000000000000
connection 39 74 -3.606814731427558041 0 0.000000000000000000 -0.000000000000000000
connection 39 75 -7.466649096262033325 0 0.000000000000000000 -0.000000000000000000
connection 39 76 -7.280273469862707181 0 0.000000000000000000 -0.000000000000000000
connection 40 80 7.932022856759142648 0 0.000000000000000000 -0.000000000000000000
connection 40 26 7.709784174389348266 0 0.000000000000000000 -0.000000000000000000
connection 40 49 1.057772120800019477 0 0.000000000000000000 -0.000000000000000000
connection 40 28 -7.097257623095829970 0 0.000000000000000000 -0.000000000000000000
connection 40 29 -3.715178007648358260 0 0.000000000000000000 -0.000000000000000000
connection 40 53 2.762728799909325073 0 0.000000000000000000 -0.000000000000000000
connection 40 54 4.696106209110775254 0 0.000000000000000000 -0.000000000000000000
connection 40 36 2.856103568170949458 0 0.000000000000000000 -0.000000000000000000
connection 40 37 3.240146187114744780 0 0.000000000000000000 -0.000000000000000000
connection 40 38 -2.736281894867165665 0 0.000000000000000000 -0.000000000000000000
connection 40 39 -2.314707594894551246 0 0.000000000000000000 -0.000000000000000000
connection 40 40 -7.204095839992530337 0 0.000000000000000000 -0.000000000000000000
connection 40 41 -7.396948461853837919 0 0.000000000000000000 -0.000000000000000000
connection 40 73 -3.580377208222761620 0 0.000000000000000000 -0.000000000000000000
connection 40 74 -3.576459792625217293 0 0.000000000000000000 -0.000000000000000000
connection 40 75 -7.495619894516162951 0 0.000000000000000000 -0.000000000000000000
connection 40 76 -7.452722817877166506 0 0.000000000000000000 -0.000000000000000000
connection 42 80 7.550968739921804840 0 0.000000000000000000 -0.000000000000000000
connection 42 26 7.339065295757694507 0 0.000000000000000000 -0.000000000000000000
connection 42 28 -3.642103677630684100 0 0.000000000000000000 -0.000000000000000000
connection 42 29 1.115771309410202861 0 0.000000000000000000 -0.000000000000000000
connection 42 38 2.762617153904986633 0 0.000000000000000000 -0.000000000000000000
connection 42 39 3.119297946500064089 0 0.000000000000000000 -0.000000000000000000
connection 42 40 -2.571309189027437103 0 0.000000000000000000 -0.000000000000000000
connection 42 41 -2.401818964884776975 0 0.000000000000000000 -0.000000000000000000
connection 42 74 3.169944165500425015 0 0.000000000000000000 -0.000000000000000000
connection 42 75 -2.837253393256930600 0 0.000000000000000000 -0.000000000000000000
connection 42 76 -3.661469658387619841 0 0.000000000000000000 -0.000000000000000000
connection 42 77 -7.946683589524303315 0 0.000000000000000000 -0.000000000000000000
connection 43 80 7.709614569050685873 0 0.000000000000000000 -0.000000000000000000
connection 43 26 7.332926570489970430 0 0.000000000000000000 -0.000000000000000000
connection 43 49 1.602342142148465376 0 0.000000000000000000 -0.000000000000000000
connection 43 28 -5.899657898469265582 0 0.000000000000000000 -0.000000000000000000
connection 43 29 -5.481246768202490571 0 0.000000000000000000 -0.000000000000000000
connection 43 53 1.986231814300150500 0 0.000000000000000000 -0.000000000000000000
connection 43 38 0.303282878067252404 0 0.000000000000000000 -0.000000000000000000
connection 43 39 0.918634091902620353 0 0.000000000000000000 -0.000000000000000000
connection 43 40 -4.879569241155536474 0 0.000000000000000000 -0.000000000000000000
connection 43 41 -4.973101018987960309 0 0.000000000000000000 -0.000000000000000000
connection 43 73 0.701491137709903678 0 0.000000000000000000 -0.000000000000000000
connection 43 74 0.279033297583762496 0 0.000000000000000000 -0.000000000000000000
connection 43 75 -5.285518945360699661 0 0.000000000000000000 -0.000000000000000000
connection 43 76 -5.703381501438317791 0 0.000000000000000000 -0.000000000000000000
connection 57 80 7.764727624618527280 0 0.000000000000000000 -0.000000000000000000
connection 57 58 7.311835275558259184 0 0.000000000000000000 -0.000000000000000000
connection 57 27 -3.866405653860190750 0 0.000000000000000000 -0.000000000000000000
connection 57 49 -4.169031928730416503 0 0.000000000000000000 -0.000000000000000000
connection 57 28 -7.571512845830932648 0 0.000000000000000000 -0.000000000000000000
connection 57 29 -7.482899709066209937 0 0.000000000000000000 -0.000000000000000000
connection 57 52 3.166506333749020907 0 0.000000000000000000 -0.000000000000000000
connection 57 53 -7.002937122897398226 0 0.000000000000000000 -0.000000000000000000
connection 57 54 -2.379286598001233433 0 0.000000000000000000 -0.000000000000000000
connection 57 33 2.267222098883626913 0 0.000000000000000000 -0.000000000000000000
connection 57 34 2.857083697984864390 0 0.000000000000000000 -0.000000000000000000
connection 57 36 3.178007024781363654 0 0.000000000000000000 -0.000000000000000000
connection 57 37 2.472053170342907169 0 0.000000000000000000 -0.000000000000000000
connection 57 38 -2.939741844681698968 0 0.000000000000000000 -0.000000000000000000
connection 57 39 -3.209783811957271471 0 0.000000000000000000 -0.000000000000000000
connection 57 40 -6.934413352723518109 0 0.000000000000000000 -0.000000000000000000
connection 57 41 -7.143182953172601657 0 0.000000000000000000 -0.000000000000000000
connection 57 73 -3.488488789903181342 0 0.000000000000000000 -0.000000000000000000
connection 57 74 -2.930005103852741044 0 0.000000000000000000 -0.000000000000000000
connection 57 75 -7.357941075064768910 0 0.000000000000000000 -0.000000000000000000
connection 57 76 -7.513746721873533652 0 0.000000000000000000 -0.000000000000000000
connection 45 80 7.589603199368350595 0 0.000000000000000000 -0.000000000000000000
connection 45 58 7.172707563794154417 0 0.000000000000000000 -0.000000000000000000
connection 45 60 2.986749500853391304 0 0.000000000000000000 -0.000000000000000000
connection 45 61 4.319921430279335617 0 0.000000000000000000 -0.000000000000000000
connection 45 27 -4.367313204287261108 0 0.000000000000000000 -0.000000000000000000
connection 45 49 -3.982341479639207371 0 0.000000000000000000 -0.000000000000000000
connection 45 28 -7.573959788623284339 0 0.000000000000000000 -0.000000000000000000
connection 45 29 -7.578475628895637861 0 0.000000000000000000 -0.000000000000000000
connection 45 52 -3.324020027263962174 0 0.000000000000000000 -0.000000000000000000
connection 45 53 -7.391534752629275395 0 0.000000000000000000 -0.000000000000000000
connection 45 54 -6.355711986067106523 0 0.000000000000000000 -0.000000000000000000
connection 45 33 2.075940560189000195 0 0.000000000000000000 -0.000000000000000000
connection 45 34 2.248679406456818075 0 0.000000000000000000 -0.000000000000000000
connection 45 36 3.291057166994706851 0 0.000000000000000000 -0.000000000000000000
connection 45 37 2.704580883094870547 0 0.000000000000000000 -0.000000000000000000
connection 45 38 -3.243443695268476201 0 0.000000000000000000 -0.000000000000000000
connection 45 39 -3.521917755715228360 0 0.000000000000000000 -0.000000000000000000
connection 45 40 -6.877341358991589715 0 0.000000000000000000 -0.000000000000000000
connection 45 41 -7.051865760340603195 0 0.000000000000000000 -0.000000000000000000
connection 45 73 -3.286881888075918745 0 0.000000000000000000 -0.000000000000000000
connection 45 74 -3.058845147230880634 0 0.000000000000000000 -0.000000000000000000
connection 45 75 -7.269212548078758829 0 0.000000000000000000 -0.000000000000000000
connection 45 76 -7.460381088043392062 0 0.000000000000000000 -0.000000000000000000
connection 46 80 7.556452304073797421 0 0.000000000000000000 -0.000000000000000000
connection 46 27 -1.915461527988396417 0 0.000000000000000000 -0.000000000000000000
connection 46 49 -1.412321764884060027 0 0.000000000000000000 -0.000000000000000000
connection 46 28 -7.035745165227240250 0 0.000000000000000000 -0.000000000000000000
connection 46 29 -7.113237380221194783 0 0.000000000000000000 -0.000000000000000000
connection 46 52 0.519351518666874123 0 0.000000000000000000 -0.000000000000000000
connection 46 53 -6.907815201415017370 0 0.000000000000000000 -0.000000000000000000
connection 46 54 -5.152361537301671568 0 0.000000000000000000 -0.000000000000000000
connection 46 38 -1.000083668552842253 0 0.000000000000000000 -0.000000000000000000
connection 46 39 -1.358447444573155583 0 0.000000000000000000 -0.000000000000000000
connection 46 40 -6.204423929332372190 0 0.000000000000000000 -0.000000000000000000
connection 46 41 -6.306798184516690498 0 0.000000000000000000 -0.000000000000000000
connection 46 73 -0.613510429210598507 0 0.000000000000000000 -0.000000000000000000
connection 46 74 -0.639569839367369219 0 0.000000000000000000 -0.000000000000000000
connection 46 75 -6.531004558138335803 0 0.000000000000000000 -0.000000000000000000
connection 46 76 -6.809527875640227990 0 0.000000000000000000 -0.000000000000000000
connection 49 81 7.847026226688022632 0 0.000000000000000000 -0.000000000000000000
connection 49 82 7.508288435864344912 0 0.000000000000000000 -0.000000000000000000
connection 49 41 -0.414432083661816220 0 0.000000000000000000 -0.000000000000000000
connection 49 75 -0.996544393091884140 0 0.000000000000000000 -0.000000000000000000
connection 49 77 -7.923099107420615184 0 0.000000000000000000 -0.000000000000000000
connection 49 68 -7.434980737473093626 0 0.000000000000000000 -0.000000000000000000
connection 49 86 -6.780720878207008084 0 0.000000000000000000 -0.000000000000000000
connection 47 80 7.462080972070010532 0 0.000000000000000000 -0.000000000000000000
connection 47 27 3.005623431571565973 0 0.000000000000000000 -0.000000000000000000
connection 47 49 1.786990501810284959 0 0.000000000000000000 -0.000000000000000000
connection 47 28 -4.961154686151663107 0 0.000000000000000000 -0.000000000000000000
connection 47 29 -5.232837467968042056 0 0.000000000000000000 -0.000000000000000000
connection 47 53 -4.593881638421190239 0 0.000000000000000000 -0.000000000000000000
connection 47 54 4.537666921473436865 0 0.000000000000000000 -0.000000000000000000
connection 47 38 1.654562565842743860 0 0.000000000000000000 -0.000000000000000000
connection 47 39 2.267464281569641749 0 0.000000000000000000 -0.000000000000000000
connection 47 40 -4.318204150586491430 0 0.000000000000000000 -0.000000000000000000
connection 47 41 -4.157498765364429083 0 0.000000000000000000 -0.000000000000000000
connection 47 73 1.044680854138146708 0 0.000000000000000000 -0.000000000000000000
connection 47 74 0.937777407099852023 0 0.000000000000000000 -0.000000000000000000
connection 47 75 -4.138447119673263508 0 0.000000000000000000 -0.000000000000000000
connection 47 76 -4.426537512920782902 0 0.000000000000000000 -0.000000000000000000
connection 47 77 -7.940203556897202475 0 0.000000000000000000 -0.000000000000000000
connection 48 80 7.717465839873641542 0 0.000000000000000000 -0.000000000000000000
connection 48 27 -0.996840566122379812 0 0.000000000000000000 -0.000000000000000000
connection 48 49 -1.733166080903592698 0 0.000000000000000000 -0.000000000000000000
connection 48 28 -7.056048625577945543 0 0.000000000000000000 -0.000000000000000000
connection 48 29 -6.994325444838926487 0 0.000000000000000000 -0.000000000000000000
connection 48 53 -6.359256815301291610 0 0.000000000000000000 -0.000000000000000000
connection 48 54 1.784880475517027332 0 0.000000000000000000 -0.000000000000000000
connection 48 38 -0.663700469837022244 0 0.000000000000000000 -0.000000000000000000
connection 48 39 -0.989752309722511714 0 0.000000000000000000 -0.000000000000000000
connection 48 40 -6.186738411669480797 0 0.000000000000000000 -0.000000000000000000
connection 48 41 -6.361317666110056557 0 0.000000000000000000 -0.000000000000000000
connection 48 73 -0.880755438876893226 0 0.000000000000000000 -0.000000000000000000
connection 48 74 -0.428006236325518707 0 0.000000000000000000 -0.000000000000000000
connection 48 75 -6.631036841661070547 0 0.000000000000000000 -0.000000000000000000
connection 48 76 -6.899418807846178225 0 0.000000000000000000 -0.000000000000000000
connection 56 80 7.872305530976540844 0 0.000000000000000000 -0.000000000000000000
connection 56 27 4.265492674787206617 0 0.000000000000000000 -0.000000000000000000
connection 56 49 -2.411576826496349302 0 0.000000000000000000 -0.000000000000000000
connection 56 28 -7.261796069194874192 0 0.000000000000000000 -0.000000000000000000
connection 56 29 -6.798535745467499503 0 0.000000000000000000 -0.000000000000000000
connection 56 53 -1.035518243758575929 0 0.000000000000000000 -0.000000000000000000
connection 56 54 4.073276475881458580 0 0.000000000000000000 -0.000000000000000000
connection 56 31 7.346666714255115416 0 0.000000000000000000 -0.000000000000000000
connection 56 34 4.825783412091132263 0 0.000000000000000000 -0.000000000000000000
connection 56 36 4.333950286806046215 0 0.000000000000000000 -0.000000000000000000
connection 56 37 4.043108395828098445 0 0.000000000000000000 -0.000000000000000000
connection 56 38 -1.238498513084191677 0 0.000000000000000000 -0.000000000000000000
connection 56 39 -1.511804630065932242 0 0.000000000000000000 -0.000000000000000000
connection 56 40 -6.703816681015397627 0 0.000000000000000000 -0.000000000000000000
connection 56 41 -6.956852907053399981 0 0.000000000000000000 -0.000000000000000000
connection 56 73 -2.649552688932689914 0 0.000000000000000000 -0.000000000000000000
connection 56 74 -1.690455735363968204 0 0.000000000000000000 -0.000000000000000000
connection 56 75 -7.185466458278489732 0 0.000000000000000000 -0.000000000000000000
connection 56 76 -7.311018337431426595 0 0.000000000000000000 -0.000000000000000000
connection 50 38 2.004560537246747653 0 0.000000000000000000 -0.000000000000000000
connection 50 39 1.551287433983955522 0 0.000000000000000000 -0.000000000000000000
connection 50 40 -3.511414651306678181 0 0.000000000000000000 -0.000000000000000000
connection 50 41 -3.921987919138726131 0 0.000000000000000000 -0.000000000000000000
connection 50 73 4.882956393543410378 0 0.000000000000000000 -0.000000000000000000
connection 50 74 2.814656694350539112 0 0.000000000000000000 -0.000000000000000000
connection 50 75 -4.557503822023814877 0 0.000000000000000000 -0.000000000000000000
connection 50 76 -4.611270618732465465 0 0.000000000000000000 -0.000000000000000000
connection 50 77 -7.940229984197330282 0 0.000000000000000000 -0.000000000000000000
connection 50 89 -7.348101747240317394 0 0.000000000000000000 -0.000000000000000000
connection 50 86 -7.076934345919373648 0 0.000000000000000000 -0.000000000000000000
connection 52 23 0.596028554070369587 0 0.000000000000000000 -0.000000000000000000
connection 52 24 6.092815157777805801 0 0.000000000000000000 -0.000000000000000000
connection 52 25 6.130726847215958841 0 0.000000000000000000 -0.000000000000000000
connection 52 58 2.975585571791468542 0 0.000000000000000000 -0.000000000000000000
connection 52 59 5.444110719845322244 0 0.000000000000000000 -0.000000000000000000
connection 52 60 6.969228346316481471 0 0.000000000000000000 -0.000000000000000000
connection 52 61 6.454584883246070603 0 0.000000000000000000 -0.000000000000000000
connection 52 62 7.653039164975995234 0 0.000000000000000000 -0.000000000000000000
connection 52 30 7.923325157930299234 0 0.000000000000000000 -0.000000000000000000
connection 52 77 -7.793405260093555498 0 0.000000000000000000 -0.000000000000000000
connection 52 68 -7.564031487665589637 0 0.000000000000000000 -0.000000000000000000
connection 52 86 -6.148548283216705101 0 0.000000000000000000 -0.000000000000000000
connection 53 23 1.946858273542955819 0 0.000000000000000000 -0.000000000000000000
connection 53 24 6.346657694887663403 0 0.000000000000000000 -0.000000000000000000
connection 53 25 6.200461103503616123 0 0.000000000000000000 -0.000000000000000000
connection 53 26 6.526342824333585924 0 0.000000000000000000 -0.000000000000000000
connection 53 30 7.890692604872359794 0 0.000000000000000000 -0.000000000000000000
connection 53 77 -7.771161660011688177 0 0.000000000000000000 -0.000000000000000000
connection 53 68 -7.737533180739953664 0 0.000000000000000000 -0.000000000000000000
connection 53 86 -6.697305435275840324 0 0.000000000000000000 -0.000000000000000000
connection 59 81 7.914157697045041573 0 0.000000000000000000 -0.000000000000000000
connection 59 82 7.098234195764964838 0 0.000000000000000000 -0.000000000000000000
connection 59 83 7.713021428197088802 0 0.000000000000000000 -0.000000000000000000
connection 59 40 -0.366941848027423134 0 0.000000000000000000 -0.000000000000000000
connection 59 41 -0.635695811165674307 0 0.000000000000000000 -0.000000000000000000
connection 59 73 7.624464832393414326 0 0.000000000000000000 -0.000000000000000000
connection 59 74 7.029530774423390582 0 0.000000000000000000 -0.000000000000000000
connection 59 75 1.352794277704229220 0 0.000000000000000000 -0.000000000000000000
connection 59 77 -7.874802047753238554 0 0.000000000000000000 -0.000000000000000000
connection 59 68 -7.030343445861394258 0 0.000000000000000000 -0.000000000000000000
connection 59 86 -6.348555595780150718 0 0.000000000000000000 -0.000000000000000000
connection 60 81 7.889712779862044556 0 0.000000000000000000 -0.000000000000000000
connection 60 82 7.320411889475153089 0 0.000000000000000000 -0.000000000000000000
connection 60 83 7.804485978374872346 0 0.000000000000000000 -0.000000000000000000
connection 60 41 -0.702353480316584400 0 0.000000000000000000 -0.000000000000000000
connection 60 73 7.325861564758715083 0 0.000000000000000000 -0.000000000000000000
connection 60 75 -0.522458697590443943 0 0.000000000000000000 -0.000000000000000000
connection 60 76 4.133448293474635271 0 0.000000000000000000 -0.000000000000000000
connection 60 77 -7.907683518299890579 0 0.000000000000000000 -0.000000000000000000
connection 60 68 -7.241191526144683976 0 0.000000000000000000 -0.000000000000000000
connection 60 86 -6.573393259316786086 0 0.000000000000000000 -0.000000000000000000
connection 61 22 -0.839029817052364235 0 0.000000000000000000 -0.000000000000000000
connection 61 23 0.879478370493533501 0 0.000000000000000000 -0.000000000000000000
connection 61 24 7.390844156136797238 0 0.000000000000000000 -0.000000000000000000
connection 61 25 7.545290340136535434 0 0.000000000000000000 -0.000000000000000000
connection 61 58 2.806050080467585417 0 0.000000000000000000 -0.000000000000000000
connection 61 59 4.894154971540365828 0 0.000000000000000000 -0.000000000000000000
connection 61 60 7.110004162005614248 0 0.000000000000000000 -0.000000000000000000
connection 61 61 7.183742367911498228 0 0.000000000000000000 -0.000000000000000000
connection 61 62 7.807314722530272810 0 0.000000000000000000 -0.000000000000000000
connection 61 30 7.946063661306665971 0 0.000000000000000000 -0.000000000000000000
connection 61 77 -7.878783086192522767 0 0.000000000000000000 -0.000000000000000000
connection 61 68 -7.253790017163069592 0 0.000000000000000000 -0.000000000000000000
connection 61 86 -6.171127752440391134 0 0.000000000000000000 -0.000000000000000000
connection 81 14 7.796898137051573308 0 0.000000000000000000 -0.000000000000000000
connection 92 14 7.935266554989626187 0 0.000000000000000000 -0.000000000000000000
connection 82 16 3.970175416636281263 0 0.000000000000000000 -0.000000000000000000
connection 73 16 4.975111916032219028 0 0.000000000000000000 -0.000000000000000000
connection 74 16 2.057514125241517444 0 0.000000000000000000 -0.000000000000000000
connection 75 16 2.098980122462001940 0 0.000000000000000000 -0.000000000000000000
connection 76 16 5.002834177349605227 0 0.000000000000000000 -0.000000000000000000
connection 56 16 -0.397984571566660283 0 0.000000000000000000 -0.000000000000000000
connection 66 16 -1.012588637113263523 0 0.000000000000000000 -0.000000000000000000
connection 47 16 3.831341284043541240 0 0.000000000000000000 -0.000000000000000000
connection 26 17 0.294036805056415385 0 0.000000000000000000 -0.000000000000000000
connection 62 17 0.386393207944862316 0 0.000000000000000000 -0.000000000000000000
connection 31 17 -1.415205311336288130 0 0.000000000000000000 -0.000000000000000000
connection 32 17 -4.259861811143769827 0 0.000000000000000000 -0.000000000000000000
connection 33 17 -4.136221919515207901 0 0.000000000000000000 -0.000000000000000000
connection 34 17 -1.303239425833208509 0 0.000000000000000000 -0.000000000000000000
connection 83 17 -6.777755051243010698 0 0.000000000000000000 -0.000000000000000000
connection 50 17 -2.942740528340330286 0 0.000000000000000000 -0.000000000000000000
connection 77 17 -5.358147308423952815 0 0.000000000000000000 -0.000000000000000000
connection 89 17 0.779475267181396148 0 0.000000000000000000 -0.000000000000000000
connection 68 17 0.277497121601141927 0 0.000000000000000000 -0.000000000000000000
connection 86 17 5.043961397871585817 0 0.000000000000000000 -0.000000000000000000
connection 80 18 -0.934339206377143405 0 0.000000000000000000 -0.000000000000000000
connection 26 18 -5.864414524709185450 0 0.000000000000000000 -0.000000000000000000
connection 62 18 -5.723605233553082705 0 0.000000000000000000 -0.000000000000000000
connection 30 18 -1.568653408041043473 0 0.000000000000000000 -0.000000000000000000
connection 77 18 -7.478593608737421405 0 0.000000000000000000 -0.000000000000000000
connection 89 18 -5.743847740668518220 0 0.000000000000000000 -0.000000000000000000
connection 68 18 -5.925728846108640369 0 0.000000000000000000 -0.000000000000000000
connection 86 18 -3.219318546345608212 0 0.000000000000000000 -0.000000000000000000
connection 81 19 -7.544482096442684416 0 0.000000000000000000 -0.000000000000000000
connection 92 19 -7.222605455491661886 0 0.000000000000000000 -0.000000000000000000
connection 81 20 -7.933781114960360981 0 0.000000000000000000 -0.000000000000000000
connection 92 20 -7.806240727399979207 0 0.000000000000000000 -0.000000000000000000
NNend

