NNstart
10 4
neuron 1 1.000000000000000000 0.000000000000000000 0.000000000000000000 0.000000000000000000 11 0.000000000000000000
neuron 1 1.000000000000000000 0.000000000000000000 0.000000000000000000 0.000000000000000000 11 0.000000000000000000
neuron 1 1.000000000000000000 0.000000000000000000 0.000000000000000000 0.000000000000000000 11 0.000000000000000000
neuron 1 1.000000000000000000 0.000000000000000000 0.000000000000000000 0.000000000000000000 11 0.000000000000000000
neuron 1 1.000000000000000000 0.000000000000000000 0.000000000000000000 0.000000000000000000 11 0.000000000000000000
neuron 1 1.000000000000000000 0.000000000000000000 0.000000000000000000 0.000000000000000000 11 0.000000000000000000
neuron 1 1.000000000000000000 0.000000000000000000 0.000000000000000000 0.000000000000000000 11 0.000000000000000000
neuron 1 1.000000000000000000 0.000000000000000000 0.000000000000000000 0.000000000000000000 11 0.000000000000000000
neuron 1 1.000000000000000000 0.000000000000000000 0.000000000000000000 0.000000000000000000 11 0.000000000000000000
neuron 2 1.000000000000000000 0.000000000000000000 0.000000000000000000 0.000000000000000000 11 0.000000000000000000
neuron 4 1.000000000000000000 0.000000000000000000 0.000000000000000000 0.000000000000000000 1 0.000000000000000000
neuron 4 1.000000000000000000 0.000000000000000000 0.000000000000000000 0.000000000000000000 1 0.000000000000000000
neuron 4 1.000000000000000000 0.000000000000000000 0.000000000000000000 0.000000000000000000 1 0.000000000000000000
neuron 4 1.000000000000000000 0.000000000000000000 0.000000000000000000 0.000000000000000000 1 0.000000000000000000
neuron 3 1.000000000000000000 0.000000000000000000 0.000000000000000000 0.000000000000000000 0 0.000000000000000000
neuron 3 1.000000000000000000 0.000000000000000000 0.000000000000000000 0.000000000000000000 0 0.000000000000000000
neuron 3 1.000000000000000000 0.000000000000000000 0.000000000000000000 0.000000000000000000 0 0.000000000000000000
neuron 3 1.000000000000000000 0.000000000000000000 0.000000000000000000 0.000000000000000000 0 0.000000000000000000
neuron 3 1.000000000000000000 0.000000000000000000 0.000000000000000000 0.000000000000000000 0 0.000000000000000000
neuron 3 1.000000000000000000 0.000000000000000000 0.000000000000000000 0.000000000000000000 0 0.000000000000000000
neuron 3 1.000000000000000000 0.000000000000000000 0.000000000000000000 0.000000000000000000 0 0.000000000000000000
neuron 3 1.000000000000000000 0.000000000000000000 0.000000000000000000 0.000000000000000000 0 0.000000000000000000
neuron 3 1.000000000000000000 0.000000000000000000 0.000000000000000000 0.000000000000000000 0 0.000000000000000000
neuron 3 1.000000000000000000 0.000000000000000000 0.000000000000000000 0.000000000000000000 0 0.000000000000000000
neuron 3 1.000000000000000000 0.000000000000000000 0.000000000000000000 0.000000000000000000 0 0.000000000000000000
neuron 3 1.000000000000000000 0.000000000000000000 0.000000000000000000 0.000000000000000000 0 0.000000000000000000
neuron 3 1.000000000000000000 0.000000000000000000 0.000000000000000000 0.000000000000000000 0 0.000000000000000000
neuron 3 1.000000000000000000 0.000000000000000000 0.000000000000000000 0.000000000000000000 0 0.000000000000000000
neuron 3 1.000000000000000000 0.000000000000000000 0.000000000000000000 0.000000000000000000 0 0.000000000000000000
neuron 3 1.000000000000000000 0.000000000000000000 0.000000000000000000 0.000000000000000000 0 0.000000000000000000
neuron 3 1.000000000000000000 0.000000000000000000 0.000000000000000000 0.000000000000000000 0 0.000000000000000000
neuron 3 1.000000000000000000 0.000000000000000000 0.000000000000000000 0.000000000000000000 0 0.000000000000000000
neuron 3 1.000000000000000000 0.000000000000000000 0.000000000000000000 0.000000000000000000 0 0.000000000000000000
neuron 3 1.000000000000000000 0.000000000000000000 0.000000000000000000 0.000000000000000000 0 0.000000000000000000
neuron 3 1.000000000000000000 0.000000000000000000 0.000000000000000000 0.000000000000000000 0 0.000000000000000000
neuron 3 1.000000000000000000 0.000000000000000000 0.000000000000000000 0.000000000000000000 0 0.000000000000000000
neuron 3 1.000000000000000000 0.000000000000000000 0.000000000000000000 0.000000000000000000 0 0.000000000000000000
neuron 3 1.000000000000000000 0.000000000000000000 0.000000000000000000 0.000000000000000000 0 0.000000000000000000
neuron 3 1.000000000000000000 0.000000000000000000 0.000000000000000000 0.000000000000000000 0 0.000000000000000000
neuron 3 1.000000000000000000 0.000000000000000000 0.000000000000000000 0.000000000000000000 0 0.000000000000000000
neuron 3 1.000000000000000000 0.000000000000000000 0.000000000000000000 0.000000000000000000 0 0.000000000000000000
neuron 3 1.000000000000000000 0.000000000000000000 0.000000000000000000 0.000000000000000000 0 0.000000000000000000
neuron 3 1.000000000000000000 0.000000000000000000 0.000000000000000000 0.000000000000000000 0 0.000000000000000000
neuron 3 1.000000000000000000 0.000000000000000000 0.000000000000000000 0.000000000000000000 0 0.000000000000000000
neuron 3 1.000000000000000000 0.000000000000000000 0.000000000000000000 0.000000000000000000 0 0.000000000000000000
neuron 3 1.000000000000000000 0.000000000000000000 0.000000000000000000 0.000000000000000000 0 0.000000000000000000
neuron 3 1.000000000000000000 0.000000000000000000 0.000000000000000000 0.000000000000000000 0 0.000000000000000000
neuron 3 1.000000000000000000 0.000000000000000000 0.000000000000000000 0.000000000000000000 0 0.000000000000000000
neuron 3 1.000000000000000000 0.000000000000000000 0.000000000000000000 0.000000000000000000 0 0.000000000000000000
neuron 3 1.000000000000000000 0.000000000000000000 0.000000000000000000 0.000000000000000000 0 0.000000000000000000
neuron 3 1.000000000000000000 0.000000000000000000 0.000000000000000000 0.000000000000000000 0 0.000000000000000000
neuron 3 1.000000000000000000 0.000000000000000000 0.000000000000000000 0.000000000000000000 0 0.000000000000000000
neuron 3 1.000000000000000000 0.000000000000000000 0.000000000000000000 0.000000000000000000 0 0.000000000000000000
neuron 3 1.000000000000000000 0.000000000000000000 0.000000000000000000 0.000000000000000000 0 0.000000000000000000
neuron 3 1.000000000000000000 0.000000000000000000 0.000000000000000000 0.000000000000000000 0 0.000000000000000000
neuron 3 1.000000000000000000 0.000000000000000000 0.000000000000000000 0.000000000000000000 0 0.000000000000000000
neuron 3 1.000000000000000000 0.000000000000000000 0.000000000000000000 0.000000000000000000 0 0.000000000000000000
neuron 3 1.000000000000000000 0.000000000000000000 0.000000000000000000 0.000000000000000000 0 0.000000000000000000
neuron 3 1.000000000000000000 0.000000000000000000 0.000000000000000000 0.000000000000000000 0 0.000000000000000000
neuron 3 1.000000000000000000 0.000000000000000000 0.000000000000000000 0.000000000000000000 0 0.000000000000000000
neuron 3 1.000000000000000000 0.000000000000000000 0.000000000000000000 0.000000000000000000 0 0.000000000000000000
neuron 3 1.000000000000000000 0.000000000000000000 0.000000000000000000 0.000000000000000000 0 0.000000000000000000
neuron 3 1.000000000000000000 0.000000000000000000 0.000000000000000000 0.000000000000000000 0 0.000000000000000000
neuron 3 1.000000000000000000 0.000000000000000000 0.000000000000000000 0.000000000000000000 0 0.000000000000000000
neuron 3 1.000000000000000000 0.000000000000000000 0.000000000000000000 0.000000000000000000 0 0.000000000000000000
neuron 3 1.000000000000000000 0.000000000000000000 0.000000000000000000 0.000000000000000000 0 0.000000000000000000
neuron 3 1.000000000000000000 0.000000000000000000 0.000000000000000000 0.000000000000000000 0 0.000000000000000000
neuron 3 1.000000000000000000 0.000000000000000000 0.000000000000000000 0.000000000000000000 0 0.000000000000000000
neuron 3 1.000000000000000000 0.000000000000000000 0.000000000000000000 0.000000000000000000 0 0.000000000000000000
neuron 3 1.000000000000000000 0.000000000000000000 0.000000000000000000 0.000000000000000000 0 0.000000000000000000
neuron 3 1.000000000000000000 0.000000000000000000 0.000000000000000000 0.000000000000000000 0 0.000000000000000000
neuron 3 1.000000000000000000 0.000000000000000000 0.000000000000000000 0.000000000000000000 0 0.000000000000000000
neuron 3 1.000000000000000000 0.000000000000000000 0.000000000000000000 0.000000000000000000 0 0.000000000000000000
neuron 3 1.000000000000000000 0.000000000000000000 0.000000000000000000 0.000000000000000000 0 0.000000000000000000
neuron 3 1.000000000000000000 0.000000000000000000 0.000000000000000000 0.000000000000000000 0 0.000000000000000000
neuron 3 1.000000000000000000 0.000000000000000000 0.000000000000000000 0.000000000000000000 0 0.000000000000000000
neuron 3 1.000000000000000000 0.000000000000000000 0.000000000000000000 0.000000000000000000 0 0.000000000000000000
neuron 3 1.000000000000000000 0.000000000000000000 0.000000000000000000 0.000000000000000000 0 0.000000000000000000
neuron 3 1.000000000000000000 0.000000000000000000 0.000000000000000000 0.000000000000000000 0 0.000000000000000000
neuron 3 1.000000000000000000 0.000000000000000000 0.000000000000000000 0.000000000000000000 0 0.000000000000000000
neuron 3 1.000000000000000000 0.000000000000000000 0.000000000000000000 0.000000000000000000 0 0.000000000000000000
neuron 3 1.000000000000000000 0.000000000000000000 0.000000000000000000 0.000000000000000000 0 0.000000000000000000
neuron 3 1.000000000000000000 0.000000000000000000 0.000000000000000000 0.000000000000000000 0 0.000000000000000000
neuron 3 1.000000000000000000 0.000000000000000000 0.000000000000000000 0.000000000000000000 0 0.000000000000000000
neuron 3 1.000000000000000000 0.000000000000000000 0.000000000000000000 0.000000000000000000 0 0.000000000000000000
neuron 3 1.000000000000000000 0.000000000000000000 0.000000000000000000 0.000000000000000000 0 0.000000000000000000
neuron 3 1.000000000000000000 0.000000000000000000 0.000000000000000000 0.000000000000000000 0 0.000000000000000000
neuron 3 1.000000000000000000 0.000000000000000000 0.000000000000000000 0.000000000000000000 0 0.000000000000000000
neuron 3 1.000000000000000000 0.000000000000000000 0.000000000000000000 0.000000000000000000 0 0.000000000000000000
neuron 3 1.000000000000000000 0.000000000000000000 0.000000000000000000 0.000000000000000000 0 0.000000000000000000
neuron 3 1.000000000000000000 0.000000000000000000 0.000000000000000000 0.000000000000000000 0 0.000000000000000000
neuron 3 1.000000000000000000 0.000000000000000000 0.000000000000000000 0.000000000000000000 0 0.000000000000000000
neuron 3 1.000000000000000000 0.000000000000000000 0.000000000000000000 0.000000000000000000 0 0.000000000000000000
neuron 3 1.000000000000000000 0.000000000000000000 0.000000000000000000 0.000000000000000000 0 0.000000000000000000
neuron 3 1.000000000000000000 0.000000000000000000 0.000000000000000000 0.000000000000000000 0 0.000000000000000000
neuron 3 1.000000000000000000 0.000000000000000000 0.000000000000000000 0.000000000000000000 0 0.000000000000000000
connection 0 14 2.493587578655102721 0 0.000000000000000000 0.000000000000000000
connection 0 15 -1.926959081624952441 0 0.000000000000000000 0.000000000000000000
connection 0 16 -4.922875129621002266 0 0.000000000000000000 0.000000000000000000
connection 0 17 -3.840821354787116615 0 0.000000000000000000 0.000000000000000000
connection 0 18 -0.887637527518186031 0 0.000000000000000000 0.000000000000000000
connection 0 19 -1.356716690953822191 0 0.000000000000000000 0.000000000000000000
connection 0 20 1.059465576966035050 0 0.000000000000000000 0.000000000000000000
connection 0 21 2.054088417037827963 0 0.000000000000000000 0.000000000000000000
connection 0 22 -3.113918653860696217 0 0.000000000000000000 0.000000000000000000
connection 0 23 -1.225435691574096042 0 0.000000000000000000 0.000000000000000000
connection 0 24 1.258218018208057121 0 0.000000000000000000 0.000000000000000000
connection 0 25 0.381466310720421364 0 0.000000000000000000 0.000000000000000000
connection 1 14 2.509812501657449513 0 0.000000000000000000 0.000000000000000000
connection 1 15 -2.443596660695095402 0 0.000000000000000000 0.000000000000000000
connection 1 26 -0.258709775797680508 0 0.000000000000000000 0.000000000000000000
connection 1 19 -1.796763498218010957 0 0.000000000000000000 0.000000000000000000
connection 1 20 0.868322247889045551 0 0.000000000000000000 0.000000000000000000
connection 1 27 1.817959008233137164 0 0.000000000000000000 0.000000000000000000
connection 1 22 -3.578707450545524082 0 0.000000000000000000 0.000000000000000000
connection 1 23 -1.562103751531938256 0 0.000000000000000000 0.000000000000000000
connection 1 24 1.187870791452151131 0 0.000000000000000000 0.000000000000000000
connection 1 25 0.273871368872232068 0 0.000000000000000000 0.000000000000000000
connection 2 14 2.531098716495052692 0 0.000000000000000000 0.000000000000000000
connection 2 15 -2.974765966924330041 0 0.000000000000000000 0.000000000000000000
connection 2 26 -0.624945667409202654 0 0.000000000000000000 0.000000000000000000
connection 2 19 -2.249741682249072561 0 0.000000000000000000 0.000000000000000000
connection 2 20 0.662570880972089715 0 0.000000000000000000 0.000000000000000000
connection 2 28 -0.458478595887555962 0 0.000000000000000000 0.000000000000000000
connection 2 27 1.789227992671985179 0 0.000000000000000000 0.000000000000000000
connection 2 22 -4.025581826185095302 0 0.000000000000000000 0.000000000000000000
connection 2 23 -1.896640502311766951 0 0.000000000000000000 0.000000000000000000
connection 2 24 1.122172694003595650 0 0.000000000000000000 0.000000000000000000
connection 2 29 4.337088152916851236 0 0.000000000000000000 0.000000000000000000
connection 3 14 2.558390317608435272 0 0.000000000000000000 0.000000000000000000
connection 3 15 -3.509910092804370496 0 0.000000000000000000 0.000000000000000000
connection 3 26 -1.016269843660287275 0 0.000000000000000000 0.000000000000000000
connection 3 19 -2.707872790136583330 0 0.000000000000000000 0.000000000000000000
connection 3 20 0.443374383404758265 0 0.000000000000000000 0.000000000000000000
connection 3 30 2.204305303660800242 0 0.000000000000000000 0.000000000000000000
connection 3 28 -0.750702361640444460 0 0.000000000000000000 0.000000000000000000
connection 3 27 1.765424433505555335 0 0.000000000000000000 0.000000000000000000
connection 3 24 1.061609311566255931 0 0.000000000000000000 0.000000000000000000
connection 3 29 4.487054219702964808 0 0.000000000000000000 0.000000000000000000
connection 4 14 2.592673303433225218 0 0.000000000000000000 0.000000000000000000
connection 4 31 -7.184500141502028647 0 0.000000000000000000 0.000000000000000000
connection 4 26 -1.428603947172020883 0 0.000000000000000000 0.000000000000000000
connection 4 19 -3.162622910453673164 0 0.000000000000000000 0.000000000000000000
connection 4 20 0.212413831408418630 0 0.000000000000000000 0.000000000000000000
connection 4 30 2.215266115287063187 0 0.000000000000000000 0.000000000000000000
connection 4 28 -1.046906215419280306 0 0.000000000000000000 0.000000000000000000
connection 4 27 1.746875312303299843 0 0.000000000000000000 0.000000000000000000
connection 4 32 -7.002920583428080548 0 0.000000000000000000 0.000000000000000000
connection 4 33 -6.086017102777910637 0 0.000000000000000000 0.000000000000000000
connection 4 29 4.624733762051089769 0 0.000000000000000000 0.000000000000000000
connection 4 34 6.423078761203443676 0 0.000000000000000000 0.000000000000000000
connection 5 35 2.627230771920919583 0 0.000000000000000000 0.000000000000000000
connection 5 36 0.293528820102383847 0 0.000000000000000000 0.000000000000000000
connection 5 37 2.575741219270301308 0 0.000000000000000000 0.000000000000000000
connection 5 31 -7.322716518921090767 0 0.000000000000000000 0.000000000000000000
connection 5 26 -1.856495190976927834 0 0.000000000000000000 0.000000000000000000
connection 5 19 -3.605286019950026954 0 0.000000000000000000 0.000000000000000000
connection 5 30 2.232773095757168313 0 0.000000000000000000 0.000000000000000000
connection 5 28 -1.342730434944708451 0 0.000000000000000000 0.000000000000000000
connection 5 27 1.733574885137419308 0 0.000000000000000000 0.000000000000000000
connection 5 32 -7.147199505559367338 0 0.000000000000000000 0.000000000000000000
connection 5 33 -6.295649141111354652 0 0.000000000000000000 0.000000000000000000
connection 5 24 0.955916602979379304 0 0.000000000000000000 0.000000000000000000
connection 5 38 -4.214869495446155412 0 0.000000000000000000 0.000000000000000000
connection 5 29 4.745967794747568469 0 0.000000000000000000 0.000000000000000000
connection 5 34 6.592113366075111003 0 0.000000000000000000 0.000000000000000000
connection 6 35 2.672481567561000304 0 0.000000000000000000 0.000000000000000000
connection 6 37 2.625041119842034476 0 0.000000000000000000 0.000000000000000000
connection 6 31 -7.432745013020245928 0 0.000000000000000000 0.000000000000000000
connection 6 26 -2.293266305935211857 0 0.000000000000000000 0.000000000000000000
connection 6 20 -0.275473708635675996 0 0.000000000000000000 0.000000000000000000
connection 6 30 2.256861306738266570 0 0.000000000000000000 0.000000000000000000
connection 6 27 1.725110992109586183 0 0.000000000000000000 0.000000000000000000
connection 6 32 -7.261867093766419146 0 0.000000000000000000 0.000000000000000000
connection 6 33 -6.467454913137534511 0 0.000000000000000000 0.000000000000000000
connection 6 24 0.909641113398533596 0 0.000000000000000000 0.000000000000000000
connection 6 38 -4.405798390880518944 0 0.000000000000000000 0.000000000000000000
connection 6 29 4.846627168755236248 0 0.000000000000000000 0.000000000000000000
connection 6 34 6.737310267123145735 0 0.000000000000000000 0.000000000000000000
connection 7 35 2.727059215969831918 0 0.000000000000000000 0.000000000000000000
connection 7 39 0.272297081688628706 0 0.000000000000000000 0.000000000000000000
connection 7 40 -1.064239936295643840 0 0.000000000000000000 0.000000000000000000
connection 7 41 1.379485029908158689 0 0.000000000000000000 0.000000000000000000
connection 7 37 2.683443616549351152 0 0.000000000000000000 0.000000000000000000
connection 7 31 -7.519286650383793180 0 0.000000000000000000 0.000000000000000000
connection 7 26 -2.731327007115815775 0 0.000000000000000000 0.000000000000000000
connection 7 20 -0.526551958595232072 0 0.000000000000000000 0.000000000000000000
connection 7 30 2.287189481275107461 0 0.000000000000000000 0.000000000000000000
connection 7 22 -5.764868181565032224 0 0.000000000000000000 0.000000000000000000
connection 7 32 -7.351216976111162538 0 0.000000000000000000 0.000000000000000000
connection 7 33 -6.604326374692411683 0 0.000000000000000000 0.000000000000000000
connection 7 24 0.866107844346728273 0 0.000000000000000000 0.000000000000000000
connection 7 25 -0.222908225728494197 0 0.000000000000000000 0.000000000000000000
connection 7 29 4.922592204999785004 0 0.000000000000000000 0.000000000000000000
connection 7 34 6.858683452044768813 0 0.000000000000000000 0.000000000000000000
connection 8 35 2.792001675533148930 0 0.000000000000000000 0.000000000000000000
connection 8 40 -1.462676887770382628 0 0.000000000000000000 0.000000000000000000
connection 8 41 1.247842231137353375 0 0.000000000000000000 0.000000000000000000
connection 8 42 0.397350425172925958 0 0.000000000000000000 0.000000000000000000
connection 8 43 2.661250275672246701 0 0.000000000000000000 0.000000000000000000
connection 8 31 -7.586445394706883505 0 0.000000000000000000 0.000000000000000000
connection 8 26 -3.162628849395296537 0 0.000000000000000000 0.000000000000000000
connection 8 20 -0.777859562365745494 0 0.000000000000000000 0.000000000000000000
connection 8 30 2.322972836426659970 0 0.000000000000000000 0.000000000000000000
connection 8 27 1.718637272760120904 0 0.000000000000000000 0.000000000000000000
connection 8 44 5.205633144901767650 0 0.000000000000000000 0.000000000000000000
connection 8 22 -5.993554641846639441 0 0.000000000000000000 0.000000000000000000
connection 8 32 -7.418946928615513414 0 0.000000000000000000 0.000000000000000000
connection 8 33 -6.709081434707321101 0 0.000000000000000000 0.000000000000000000
connection 8 24 0.823394419850164927 0 0.000000000000000000 0.000000000000000000
connection 8 25 -0.289840390951660143 0 0.000000000000000000 0.000000000000000000
connection 8 29 4.969658757330551957 0 0.000000000000000000 0.000000000000000000
connection 8 34 6.956747772987249334 0 0.000000000000000000 0.000000000000000000
connection 9 35 2.868233912002401631 0 0.000000000000000000 0.000000000000000000
connection 9 39 -0.357382485776596093 0 0.000000000000000000 0.000000000000000000
connection 9 40 -1.872624574711271972 0 0.000000000000000000 0.000000000000000000
connection 9 41 1.109233683643759960 0 0.000000000000000000 0.000000000000000000
connection 9 43 2.729622053543966143 0 0.000000000000000000 0.000000000000000000
connection 9 45 -7.352715744626230787 0 0.000000000000000000 0.000000000000000000
connection 9 30 2.362927324589680023 0 0.000000000000000000 0.000000000000000000
connection 9 27 1.717262326140338136 0 0.000000000000000000 0.000000000000000000
connection 9 44 5.375511263025690489 0 0.000000000000000000 0.000000000000000000
connection 9 22 -6.183279134304956237 0 0.000000000000000000 0.000000000000000000
connection 9 32 -7.468027683478085876 0 0.000000000000000000 0.000000000000000000
connection 9 33 -6.784120026679580917 0 0.000000000000000000 0.000000000000000000
connection 9 24 0.779029580200114036 0 0.000000000000000000 0.000000000000000000
connection 9 25 -0.357970050253210992 0 0.000000000000000000 0.000000000000000000
connection 9 29 4.983370973104601198 0 0.000000000000000000 0.000000000000000000
connection 9 34 7.032213913422248552 0 0.000000000000000000 0.000000000000000000
connection 14 19 -2.192628747539754563 0 0.000000000000000000 0.000000000000000000
connection 14 54 5.958889331152425584 0 0.000000000000000000 0.000000000000000000
connection 14 55 2.503387845931465350 0 0.000000000000000000 0.000000000000000000
connection 14 56 4.834784970295682882 0 0.000000000000000000 0.000000000000000000
connection 14 61 -1.813300639127510827 0 0.000000000000000000 0.000000000000000000
connection 14 62 -3.788590392069066670 0 0.000000000000000000 0.000000000000000000
connection 15 39 3.436736815992631033 0 0.000000000000000000 0.000000000000000000
connection 15 64 0.850890717658453144 0 0.000000000000000000 0.000000000000000000
connection 15 40 -2.248664999338483295 0 0.000000000000000000 0.000000000000000000
connection 15 41 1.464437516202845790 0 0.000000000000000000 0.000000000000000000
connection 15 42 -5.087521290047376965 0 0.000000000000000000 0.000000000000000000
connection 15 43 -6.439432563030203838 0 0.000000000000000000 0.000000000000000000
connection 15 67 2.255136443820478842 0 0.000000000000000000 0.000000000000000000
connection 15 45 -7.439699307703679487 0 0.000000000000000000 0.000000000000000000
connection 15 30 -6.791716822493103933 0 0.000000000000000000 0.000000000000000000
connection 15 28 -6.532404434890486833 0 0.000000000000000000 0.000000000000000000
connection 15 27 -3.300250126128626338 0 0.000000000000000000 0.000000000000000000
connection 15 44 -4.869453829423064484 0 0.000000000000000000 0.000000000000000000
connection 15 22 -5.761243936087899975 0 0.000000000000000000 0.000000000000000000
connection 15 32 -4.282459256061385666 0 0.000000000000000000 0.000000000000000000
connection 15 33 1.226355903292035698 0 0.000000000000000000 0.000000000000000000
connection 15 23 -1.056035194140268807 0 0.000000000000000000 0.000000000000000000
connection 15 56 -3.110061370569140227 0 0.000000000000000000 0.000000000000000000
connection 15 69 -6.230373190237359360 0 0.000000000000000000 0.000000000000000000
connection 20 71 4.232408779344605243 0 0.000000000000000000 0.000000000000000000
connection 20 73 0.395546492769670910 0 0.000000000000000000 0.000000000000000000
connection 20 74 3.274466507229864654 0 0.000000000000000000 0.000000000000000000
connection 20 64 -2.989574277887496745 0 0.000000000000000000 0.000000000000000000
connection 20 40 -5.695076464289467566 0 0.000000000000000000 0.000000000000000000
connection 20 41 -3.051578329858710692 0 0.000000000000000000 0.000000000000000000
connection 20 37 -6.953094617120457066 0 0.000000000000000000 0.000000000000000000
connection 20 75 1.016025795188411962 0 0.000000000000000000 0.000000000000000000
connection 20 67 -2.827123241461973802 0 0.000000000000000000 0.000000000000000000
connection 20 76 -2.318194556514326266 0 0.000000000000000000 0.000000000000000000
connection 20 45 -7.714546114261444210 0 0.000000000000000000 0.000000000000000000
connection 20 30 -7.050396899426800701 0 0.000000000000000000 0.000000000000000000
connection 20 28 -6.524706812392059518 0 0.000000000000000000 0.000000000000000000
connection 20 27 -2.977375535322940969 0 0.000000000000000000 0.000000000000000000
connection 20 44 -4.859944134586752895 0 0.000000000000000000 0.000000000000000000
connection 20 22 -5.416058716735519418 0 0.000000000000000000 0.000000000000000000
connection 20 32 -3.603101189035703644 0 0.000000000000000000 0.000000000000000000
connection 20 33 1.323276965095991242 0 0.000000000000000000 0.000000000000000000
connection 20 23 -0.690348555034379197 0 0.000000000000000000 0.000000000000000000
connection 20 69 -6.912072792057985637 0 0.000000000000000000 0.000000000000000000
connection 20 62 -0.320939170310567068 0 0.000000000000000000 0.000000000000000000
connection 39 31 -5.240709211555414804 0 0.000000000000000000 0.000000000000000000
connection 39 26 3.923422211354921085 0 0.000000000000000000 0.000000000000000000
connection 39 19 -2.806631901473654711 0 0.000000000000000000 0.000000000000000000
connection 39 20 0.546526288360684287 0 0.000000000000000000 0.000000000000000000
connection 39 54 5.832085520364902465 0 0.000000000000000000 0.000000000000000000
connection 39 55 2.401574392369727473 0 0.000000000000000000 0.000000000000000000
connection 39 56 4.814021497905963898 0 0.000000000000000000 0.000000000000000000
connection 39 82 0.249694199957391200 0 0.000000000000000000 0.000000000000000000
connection 39 61 -1.690125281831476478 0 0.000000000000000000 0.000000000000000000
connection 39 62 -3.459963069217148135 0 0.000000000000000000 0.000000000000000000
connection 16 71 3.449733322821458614 0 0.000000000000000000 0.000000000000000000
connection 16 73 -0.903097412437866787 0 0.000000000000000000 0.000000000000000000
connection 16 74 2.133334344346421663 0 0.000000000000000000 0.000000000000000000
connection 16 39 -0.986702000958045056 0 0.000000000000000000 0.000000000000000000
connection 16 64 -3.836562212995286103 0 0.000000000000000000 0.000000000000000000
connection 16 40 -6.236202538945273766 0 0.000000000000000000 0.000000000000000000
connection 16 41 -4.080920120855546784 0 0.000000000000000000 0.000000000000000000
connection 16 37 -7.237730403687729464 0 0.000000000000000000 0.000000000000000000
connection 16 75 -0.531817789068446567 0 0.000000000000000000 0.000000000000000000
connection 16 67 -4.068127614285837801 0 0.000000000000000000 0.000000000000000000
connection 16 76 -3.777060322749462351 0 0.000000000000000000 0.000000000000000000
connection 16 45 -7.757060667348769201 0 0.000000000000000000 0.000000000000000000
connection 16 30 -7.188290452011881548 0 0.000000000000000000 0.000000000000000000
connection 16 28 -6.669499756414701608 0 0.000000000000000000 0.000000000000000000
connection 16 27 -3.431118360537038114 0 0.000000000000000000 0.000000000000000000
connection 16 44 -5.234619855991613058 0 0.000000000000000000 0.000000000000000000
connection 16 22 -5.584038817249505904 0 0.000000000000000000 0.000000000000000000
connection 16 32 -3.804453835169354647 0 0.000000000000000000 0.000000000000000000
connection 16 33 0.816470280203310583 0 0.000000000000000000 0.000000000000000000
connection 16 23 -1.195988195956893652 0 0.000000000000000000 0.000000000000000000
connection 16 69 -7.133572834556021647 0 0.000000000000000000 0.000000000000000000
connection 16 82 -5.852021739552881741 0 0.000000000000000000 0.000000000000000000
connection 16 61 -5.467873604803103582 0 0.000000000000000000 0.000000000000000000
connection 17 71 2.681518682889734606 0 0.000000000000000000 0.000000000000000000
connection 17 73 -2.228613844701409885 0 0.000000000000000000 0.000000000000000000
connection 17 74 0.916399082091339356 0 0.000000000000000000 0.000000000000000000
connection 17 39 -2.087357754533326837 0 0.000000000000000000 0.000000000000000000
connection 17 64 -4.723810731994139367 0 0.000000000000000000 0.000000000000000000
connection 17 40 -6.716670105644801936 0 0.000000000000000000 0.000000000000000000
connection 17 41 -5.050342660592350263 0 0.000000000000000000 0.000000000000000000
connection 17 37 -7.439126116957544887 0 0.000000000000000000 0.000000000000000000
connection 17 75 -2.093540674434282600 0 0.000000000000000000 0.000000000000000000
connection 17 67 -5.151059231245318948 0 0.000000000000000000 0.000000000000000000
connection 17 76 -5.008175973374767054 0 0.000000000000000000 0.000000000000000000
connection 17 45 -7.781368750444793925 0 0.000000000000000000 0.000000000000000000
connection 17 30 -7.173644749258619946 0 0.000000000000000000 0.000000000000000000
connection 17 28 -6.561295893488897413 0 0.000000000000000000 0.000000000000000000
connection 17 27 -3.203859753820198719 0 0.000000000000000000 0.000000000000000000
connection 17 44 -5.101287104341210465 0 0.000000000000000000 0.000000000000000000
connection 17 22 -5.339696534800938643 0 0.000000000000000000 0.000000000000000000
connection 17 32 -3.452543688075838446 0 0.000000000000000000 0.000000000000000000
connection 17 33 0.915373302372724407 0 0.000000000000000000 0.000000000000000000
connection 17 23 -0.985058621718207461 0 0.000000000000000000 0.000000000000000000
connection 17 69 -7.194197130516975847 0 0.000000000000000000 0.000000000000000000
connection 17 82 -6.090181199388036148 0 0.000000000000000000 0.000000000000000000
connection 17 61 -5.570323489731805466 0 0.000000000000000000 0.000000000000000000
connection 18 39 2.382694782865111272 0 0.000000000000000000 0.000000000000000000
connection 18 64 -0.488440872017013417 0 0.000000000000000000 0.000000000000000000
connection 18 40 -3.666017732909953253 0 0.000000000000000000 0.000000000000000000
connection 18 37 -5.842104219462310510 0 0.000000000000000000 0.000000000000000000
connection 18 75 3.961508438242843155 0 0.000000000000000000 0.000000000000000000
connection 18 67 0.552374934832738917 0 0.000000000000000000 0.000000000000000000
connection 18 76 1.344030356854407193 0 0.000000000000000000 0.000000000000000000
connection 18 45 -7.570328858719546972 0 0.000000000000000000 0.000000000000000000
connection 18 30 -6.921992791994649785 0 0.000000000000000000 0.000000000000000000
connection 18 28 -6.569456413482042123 0 0.000000000000000000 0.000000000000000000
connection 18 27 -3.228396923062561985 0 0.000000000000000000 0.000000000000000000
connection 18 44 -4.911753533905073965 0 0.000000000000000000 0.000000000000000000
connection 18 22 -5.691661010427880640 0 0.000000000000000000 0.000000000000000000
connection 18 32 -4.098434648206463748 0 0.000000000000000000 0.000000000000000000
connection 18 33 1.256173505904764509 0 0.000000000000000000 0.000000000000000000
connection 18 23 -0.950027936335538725 0 0.000000000000000000 0.000000000000000000
connection 18 69 -6.536237165146363992 0 0.000000000000000000 0.000000000000000000
connection 19 71 1.010960929104083084 0 0.000000000000000000 0.000000000000000000
connection 19 73 -4.436455335087284624 0 0.000000000000000000 0.000000000000000000
connection 19 74 -1.568380923827465301 0 0.000000000000000000 0.000000000000000000
connection 19 37 -7.662172126792083482 0 0.000000000000000000 0.000000000000000000
connection 19 45 -7.799059260564620288 0 0.000000000000000000 0.000000000000000000
connection 19 30 -7.059549589841694228 0 0.000000000000000000 0.000000000000000000
connection 19 28 -6.219497059319534671 0 0.000000000000000000 0.000000000000000000
connection 19 27 -2.645729260350532019 0 0.000000000000000000 0.000000000000000000
connection 19 44 -4.694829475249436612 0 0.000000000000000000 0.000000000000000000
connection 19 22 -4.703929333875755958 0 0.000000000000000000 0.000000000000000000
connection 19 32 -2.658733407373601310 0 0.000000000000000000 0.000000000000000000
connection 19 33 1.128977069761469165 0 0.000000000000000000 0.000000000000000000
connection 19 23 -0.522951845844338514 0 0.000000000000000000 0.000000000000000000
connection 19 69 -7.222068579816859568 0 0.000000000000000000 0.000000000000000000
connection 19 82 -6.381129462991793844 0 0.000000000000000000 0.000000000000000000
connection 19 61 -5.630674260437696255 0 0.000000000000000000 0.000000000000000000
connection 19 62 -0.790125192634165252 0 0.000000000000000000 0.000000000000000000
connection 21 71 1.410708701460163583 0 0.000000000000000000 0.000000000000000000
connection 21 73 -4.045956443655563284 0 0.000000000000000000 0.000000000000000000
connection 21 74 -1.036258108163374381 0 0.000000000000000000 0.000000000000000000
connection 21 36 -6.031714326826694617 0 0.000000000000000000 0.000000000000000000
connection 21 37 -7.623073135840870762 0 0.000000000000000000 0.000000000000000000
connection 21 45 -7.793520962286720533 0 0.000000000000000000 0.000000000000000000
connection 21 30 -7.030391403432092012 0 0.000000000000000000 0.000000000000000000
connection 21 28 -6.195695069293002177 0 0.000000000000000000 0.000000000000000000
connection 21 27 -2.508221461843841205 0 0.000000000000000000 0.000000000000000000
connection 21 44 -4.579560539444280209 0 0.000000000000000000 0.000000000000000000
connection 21 22 -4.684990524426883240 0 0.000000000000000000 0.000000000000000000
connection 21 32 -2.634972518851190326 0 0.000000000000000000 0.000000000000000000
connection 21 33 1.285622723119749233 0 0.000000000000000000 0.000000000000000000
connection 21 23 -0.370240060125400783 0 0.000000000000000000 0.000000000000000000
connection 21 69 -7.168831702217559609 0 0.000000000000000000 0.000000000000000000
connection 21 82 -6.205206695646631410 0 0.000000000000000000 0.000000000000000000
connection 21 61 -5.436384500948830301 0 0.000000000000000000 0.000000000000000000
connection 21 62 -0.420485796814165314 0 0.000000000000000000 0.000000000000000000
connection 22 14 -7.599624674329954033 0 0.000000000000000000 0.000000000000000000
connection 22 30 -6.344161880594096914 0 0.000000000000000000 0.000000000000000000
connection 22 28 -4.821605691165232521 0 0.000000000000000000 0.000000000000000000
connection 22 27 -1.290122597729386422 0 0.000000000000000000 0.000000000000000000
connection 22 44 -3.357680849103191090 0 0.000000000000000000 0.000000000000000000
connection 22 22 -2.797388850906252777 0 0.000000000000000000 0.000000000000000000
connection 22 32 -0.844101425317428600 0 0.000000000000000000 0.000000000000000000
connection 22 33 1.475401720802850702 0 0.000000000000000000 0.000000000000000000
connection 22 23 0.377216557144097409 0 0.000000000000000000 0.000000000000000000
connection 22 34 2.392437918161383070 0 0.000000000000000000 0.000000000000000000
connection 22 69 -6.939043648547333021 0 0.000000000000000000 0.000000000000000000
connection 22 82 -6.555944391431397733 0 0.000000000000000000 0.000000000000000000
connection 22 61 -5.376074668659899913 0 0.000000000000000000 0.000000000000000000
connection 22 62 -0.876993172402875443 0 0.000000000000000000 0.000000000000000000
connection 23 14 -7.679438599128341814 0 0.000000000000000000 0.000000000000000000
connection 23 30 -6.033169804325869912 0 0.000000000000000000 0.000000000000000000
connection 23 28 -4.341989872622768587 0 0.000000000000000000 0.000000000000000000
connection 23 27 -0.897220965953805627 0 0.000000000000000000 0.000000000000000000
connection 23 44 -2.899811534411946390 0 0.000000000000000000 0.000000000000000000
connection 23 22 -2.278936531549260014 0 0.000000000000000000 0.000000000000000000
connection 23 32 -0.432896154067905659 0 0.000000000000000000 0.000000000000000000
connection 23 33 1.603139091693488005 0 0.000000000000000000 0.000000000000000000
connection 23 23 0.630710079053812156 0 0.000000000000000000 0.000000000000000000
connection 23 34 2.363838651040027994 0 0.000000000000000000 0.000000000000000000
connection 23 69 -6.760379153130381624 0 0.000000000000000000 0.000000000000000000
connection 23 82 -6.432388071133066099 0 0.000000000000000000 0.000000000000000000
connection 23 61 -5.114328314832796707 0 0.000000000000000000 0.000000000000000000
connection 23 62 -0.679995799807652457 0 0.000000000000000000 0.000000000000000000
connection 24 14 -7.736504136178690594 0 0.000000000000000000 0.000000000000000000
connection 24 30 -5.664815903656563734 0 0.000000000000000000 0.000000000000000000
connection 24 28 -3.824596145978259809 0 0.000000000000000000 0.000000000000000000
connection 24 27 -0.517813853465886265 0 0.000000000000000000 0.000000000000000000
connection 24 44 -2.426902605844390770 0 0.000000000000000000 0.000000000000000000
connection 24 34 2.344037185593676575 0 0.000000000000000000 0.000000000000000000
connection 24 82 -6.266341258032414707 0 0.000000000000000000 0.000000000000000000
connection 24 61 -4.804017019670288491 0 0.000000000000000000 0.000000000000000000
connection 24 62 -0.470408394729376900 0 0.000000000000000000 0.000000000000000000
connection 25 14 -7.843038949998735632 0 0.000000000000000000 0.000000000000000000
connection 25 90 1.845620305309428000 0 0.000000000000000000 0.000000000000000000
connection 25 82 -5.022962626562938127 0 0.000000000000000000 0.000000000000000000
connection 25 61 -3.030842028534622923 0 0.000000000000000000 0.000000000000000000
connection 25 62 0.312503160046333162 0 0.000000000000000000 0.000000000000000000
connection 26 35 3.879907516204817775 0 0.000000000000000000 0.000000000000000000
connection 26 39 1.235483477380344253 0 0.000000000000000000 0.000000000000000000
connection 26 64 -1.791011658073303092 0 0.000000000000000000 0.000000000000000000
connection 26 40 -4.816110154493564721 0 0.000000000000000000 0.000000000000000000
connection 26 41 -1.642791366610934389 0 0.000000000000000000 0.000000000000000000
connection 26 37 -6.506152639693309148 0 0.000000000000000000 0.000000000000000000
connection 26 75 2.591846182093667572 0 0.000000000000000000 0.000000000000000000
connection 26 67 -1.200817825454692622 0 0.000000000000000000 0.000000000000000000
connection 26 76 -0.516671806023151770 0 0.000000000000000000 0.000000000000000000
connection 26 45 -7.657102458563719516 0 0.000000000000000000 0.000000000000000000
connection 26 30 -7.005468140695986001 0 0.000000000000000000 0.000000000000000000
connection 26 28 -6.566376216869969085 0 0.000000000000000000 0.000000000000000000
connection 26 27 -3.120836611644352221 0 0.000000000000000000 0.000000000000000000
connection 26 44 -4.908555288942831218 0 0.000000000000000000 0.000000000000000000
connection 26 22 -5.576906308118409150 0 0.000000000000000000 0.000000000000000000
connection 26 32 -3.871327189179153194 0 0.000000000000000000 0.000000000000000000
connection 26 33 1.287686014937447165 0 0.000000000000000000 0.000000000000000000
connection 26 23 -0.828225136359653002 0 0.000000000000000000 0.000000000000000000
connection 26 69 -6.757139646981235259 0 0.000000000000000000 0.000000000000000000
connection 26 62 -0.448375674972445737 0 0.000000000000000000 0.000000000000000000
connection 27 71 -0.750027615967697292 0 0.000000000000000000 0.000000000000000000
connection 27 73 -5.923086036986587644 0 0.000000000000000000 0.000000000000000000
connection 27 74 -3.746591449911599536 0 0.000000000000000000 0.000000000000000000
connection 27 37 -7.760928509012193999 0 0.000000000000000000 0.000000000000000000
connection 27 45 -7.783768470917035387 0 0.000000000000000000 0.000000000000000000
connection 27 30 -6.816072330985175398 0 0.000000000000000000 0.000000000000000000
connection 27 28 -5.685933317417208421 0 0.000000000000000000 0.000000000000000000
connection 27 27 -1.980984208081226550 0 0.000000000000000000 0.000000000000000000
connection 27 44 -4.105074345406089620 0 0.000000000000000000 0.000000000000000000
connection 27 22 -3.886253365938973303 0 0.000000000000000000 0.000000000000000000
connection 27 32 -1.799378772189160314 0 0.000000000000000000 0.000000000000000000
connection 27 33 1.352269895242135700 0 0.000000000000000000 0.000000000000000000
connection 27 69 -7.140146132546781210 0 0.000000000000000000 0.000000000000000000
connection 27 82 -6.475966540559625173 0 0.000000000000000000 0.000000000000000000
connection 27 61 -5.507532015860274299 0 0.000000000000000000 0.000000000000000000
connection 27 62 -0.601984058544365208 0 0.000000000000000000 0.000000000000000000
connection 38 14 -7.834343618472686011 0 0.000000000000000000 0.000000000000000000
connection 38 27 0.578489162798363710 0 0.000000000000000000 0.000000000000000000
connection 38 44 -0.869944836177318881 0 0.000000000000000000 0.000000000000000000
connection 38 34 2.221715027042686419 0 0.000000000000000000 0.000000000000000000
connection 38 82 -5.424099882984252829 0 0.000000000000000000 0.000000000000000000
connection 38 61 -3.527542526939806411 0 0.000000000000000000 0.000000000000000000
connection 28 73 -5.267126561017541952 0 0.000000000000000000 0.000000000000000000
connection 28 74 -2.718425687915546174 0 0.000000000000000000 0.000000000000000000
connection 28 37 -7.721709437602599202 0 0.000000000000000000 0.000000000000000000
connection 28 45 -7.795394606964332951 0 0.000000000000000000 0.000000000000000000
connection 28 30 -6.955895119506573465 0 0.000000000000000000 0.000000000000000000
connection 28 28 -5.978373128933240466 0 0.000000000000000000 0.000000000000000000
connection 28 27 -2.323764205000077521 0 0.000000000000000000 0.000000000000000000
connection 28 44 -4.422115429566104261 0 0.000000000000000000 0.000000000000000000
connection 28 22 -4.315601874935394378 0 0.000000000000000000 0.000000000000000000
connection 28 32 -2.232698694556038088 0 0.000000000000000000 0.000000000000000000
connection 28 33 1.240344521709662917 0 0.000000000000000000 0.000000000000000000
connection 28 23 -0.280066088777200684 0 0.000000000000000000 0.000000000000000000
connection 28 69 -7.194806581160230863 0 0.000000000000000000 0.000000000000000000
connection 28 82 -6.450302387464821763 0 0.000000000000000000 0.000000000000000000
connection 28 61 -5.591795328419036260 0 0.000000000000000000 0.000000000000000000
connection 28 62 -0.701660837173812557 0 0.000000000000000000 0.000000000000000000
connection 29 14 -7.777172267697809893 0 0.000000000000000000 0.000000000000000000
connection 29 30 -5.239298740216573158 0 0.000000000000000000 0.000000000000000000
connection 29 28 -3.281476047053319967 0 0.000000000000000000 0.000000000000000000
connection 29 44 -1.949794354537750740 0 0.000000000000000000 0.000000000000000000
connection 29 34 2.332113740426565052 0 0.000000000000000000 0.000000000000000000
connection 29 82 -6.054248041287297433 0 0.000000000000000000 0.000000000000000000
connection 29 61 -4.446683127646402056 0 0.000000000000000000 0.000000000000000000
connection 29 62 -0.251828890655163118 0 0.000000000000000000 0.000000000000000000
connection 42 64 3.356403030754795402 0 0.000000000000000000 0.000000000000000000
connection 42 40 0.981370260954209761 0 0.000000000000000000 0.000000000000000000
connection 42 41 4.191674179117318211 0 0.000000000000000000 0.000000000000000000
connection 42 42 -2.389314913443208788 0 0.000000000000000000 0.000000000000000000
connection 42 43 -4.859067616251737221 0 0.000000000000000000 0.000000000000000000
connection 42 15 0.316415398725129915 0 0.000000000000000000 0.000000000000000000
connection 42 16 -3.244510069658544715 0 0.000000000000000000 0.000000000000000000
connection 42 17 -5.756177337373668657 0 0.000000000000000000 0.000000000000000000
connection 42 18 -2.953918006800464902 0 0.000000000000000000 0.000000000000000000
connection 42 31 -7.295244552690855144 0 0.000000000000000000 0.000000000000000000
connection 42 30 -6.176358930825998961 0 0.000000000000000000 0.000000000000000000
connection 42 28 -6.080226078463741857 0 0.000000000000000000 0.000000000000000000
connection 42 22 -5.386318665706311570 0 0.000000000000000000 0.000000000000000000
connection 42 32 -3.943600430621958086 0 0.000000000000000000 0.000000000000000000
connection 42 54 -0.937536424655588396 0 0.000000000000000000 0.000000000000000000
connection 42 69 -5.131536122544789080 0 0.000000000000000000 0.000000000000000000
connection 30 71 3.494501047734467569 0 0.000000000000000000 0.000000000000000000
connection 30 73 -1.041641639067318881 0 0.000000000000000000 0.000000000000000000
connection 30 74 2.106217035947413496 0 0.000000000000000000 0.000000000000000000
connection 30 39 -1.150101409322295432 0 0.000000000000000000 0.000000000000000000
connection 30 64 -4.038478652349575704 0 0.000000000000000000 0.000000000000000000
connection 30 40 -6.339035703538942634 0 0.000000000000000000 0.000000000000000000
connection 30 41 -4.247873358177879588 0 0.000000000000000000 0.000000000000000000
connection 30 37 -7.249596417543795468 0 0.000000000000000000 0.000000000000000000
connection 30 75 -0.642752657458403043 0 0.000000000000000000 0.000000000000000000
connection 30 67 -4.198793943130992190 0 0.000000000000000000 0.000000000000000000
connection 30 76 -3.872980158363488634 0 0.000000000000000000 0.000000000000000000
connection 30 45 -7.751815129370182689 0 0.000000000000000000 0.000000000000000000
connection 30 30 -7.061876389843822821 0 0.000000000000000000 0.000000000000000000
connection 30 28 -6.444231531010570890 0 0.000000000000000000 0.000000000000000000
connection 30 27 -2.798718855348609313 0 0.000000000000000000 0.000000000000000000
connection 30 44 -4.765851983829564098 0 0.000000000000000000 0.000000000000000000
connection 30 22 -5.208031625584484736 0 0.000000000000000000 0.000000000000000000
connection 30 32 -3.296951809165447056 0 0.000000000000000000 0.000000000000000000
connection 30 33 1.364455739878231100 0 0.000000000000000000 0.000000000000000000
connection 30 23 -0.537044575317911610 0 0.000000000000000000 0.000000000000000000
connection 30 69 -7.015441629802613654 0 0.000000000000000000 0.000000000000000000
connection 30 82 -5.599237804757376757 0 0.000000000000000000 0.000000000000000000
connection 31 14 -7.629706015965067145 0 0.000000000000000000 0.000000000000000000
connection 31 30 -6.300565245656869706 0 0.000000000000000000 0.000000000000000000
connection 31 28 -4.745295903147215277 0 0.000000000000000000 0.000000000000000000
connection 31 27 -1.279197414380729647 0 0.000000000000000000 0.000000000000000000
connection 31 44 -3.334343405635286750 0 0.000000000000000000 0.000000000000000000
connection 31 22 -2.711534607309031397 0 0.000000000000000000 0.000000000000000000
connection 31 32 -0.778790290622640824 0 0.000000000000000000 0.000000000000000000
connection 31 33 1.447283078542968227 0 0.000000000000000000 0.000000000000000000
connection 31 23 0.366513448147876730 0 0.000000000000000000 0.000000000000000000
connection 31 34 2.241552034282098038 0 0.000000000000000000 0.000000000000000000
connection 31 69 -6.929043145231418066 0 0.000000000000000000 0.000000000000000000
connection 31 82 -6.610224495751449325 0 0.000000000000000000 0.000000000000000000
connection 31 61 -5.435951264842341146 0 0.000000000000000000 0.000000000000000000
connection 31 62 -1.092019593544607092 0 0.000000000000000000 0.000000000000000000
connection 44 71 2.688391387086181528 0 0.000000000000000000 0.000000000000000000
connection 44 73 -2.400351319870638989 0 0.000000000000000000 0.000000000000000000
connection 44 74 0.837360951325306524 0 0.000000000000000000 0.000000000000000000
connection 44 39 -2.285236004886198380 0 0.000000000000000000 0.000000000000000000
connection 44 64 -4.917611151333733055 0 0.000000000000000000 0.000000000000000000
connection 44 40 -6.798295355650670224 0 0.000000000000000000 0.000000000000000000
connection 44 41 -5.205786510699852876 0 0.000000000000000000 0.000000000000000000
connection 44 37 -7.445675260207283763 0 0.000000000000000000 0.000000000000000000
connection 44 75 -2.234201523855949389 0 0.000000000000000000 0.000000000000000000
connection 44 67 -5.269202325023782052 0 0.000000000000000000 0.000000000000000000
connection 44 76 -5.090517394085265046 0 0.000000000000000000 0.000000000000000000
connection 44 45 -7.774588799285618634 0 0.000000000000000000 0.000000000000000000
connection 44 30 -7.042405119382444845 0 0.000000000000000000 0.000000000000000000
connection 44 28 -6.323313853120373196 0 0.000000000000000000 0.000000000000000000
connection 44 27 -2.586551029540955060 0 0.000000000000000000 0.000000000000000000
connection 44 44 -4.626169436014356151 0 0.000000000000000000 0.000000000000000000
connection 44 22 -4.952113550826771515 0 0.000000000000000000 0.000000000000000000
connection 44 32 -2.957476191791251097 0 0.000000000000000000 0.000000000000000000
connection 44 33 1.411926648562454201 0 0.000000000000000000 0.000000000000000000
connection 44 23 -0.369804797192215262 0 0.000000000000000000 0.000000000000000000
connection 44 69 -7.077441036221363113 0 0.000000000000000000 0.000000000000000000
connection 44 82 -5.833854049576209455 0 0.000000000000000000 0.000000000000000000
connection 44 61 -5.172184996189132633 0 0.000000000000000000 0.000000000000000000
connection 32 14 -7.796912035165629362 0 0.000000000000000000 0.000000000000000000
connection 32 44 -1.813271992537644817 0 0.000000000000000000 0.000000000000000000
connection 32 34 2.168986450521711795 0 0.000000000000000000 0.000000000000000000
connection 32 82 -6.065865013474055267 0 0.000000000000000000 0.000000000000000000
connection 32 61 -4.437461366944952523 0 0.000000000000000000 0.000000000000000000
connection 32 62 -0.487994702318968021 0 0.000000000000000000 0.000000000000000000
connection 33 14 -7.819440760458103767 0 0.000000000000000000 0.000000000000000000
connection 33 27 0.268068666718192850 0 0.000000000000000000 0.000000000000000000
connection 33 44 -1.330448963813541718 0 0.000000000000000000 0.000000000000000000
connection 33 34 2.194763990148218991 0 0.000000000000000000 0.000000000000000000
connection 33 82 -5.771867192515459877 0 0.000000000000000000 0.000000000000000000
connection 33 61 -3.999790579983592220 0 0.000000000000000000 0.000000000000000000
connection 33 62 -0.215846152169823252 0 0.000000000000000000 0.000000000000000000
connection 34 71 -0.386358143018407374 0 0.000000000000000000 0.000000000000000000
connection 34 73 -5.696064741032484058 0 0.000000000000000000 0.000000000000000000
connection 34 74 -3.352392073445669141 0 0.000000000000000000 0.000000000000000000
connection 34 37 -7.742215871450322418 0 0.000000000000000000 0.000000000000000000
connection 34 45 -7.783911934256459553 0 0.000000000000000000 0.000000000000000000
connection 34 30 -6.808795022184082057 0 0.000000000000000000 0.000000000000000000
connection 34 28 -5.694075149939595626 0 0.000000000000000000 0.000000000000000000
connection 34 27 -1.893620429569647268 0 0.000000000000000000 0.000000000000000000
connection 34 44 -4.032387769255935339 0 0.000000000000000000 0.000000000000000000
connection 34 22 -3.905254444669361558 0 0.000000000000000000 0.000000000000000000
connection 34 32 -1.810735289283108340 0 0.000000000000000000 0.000000000000000000
connection 34 33 1.460579886269070649 0 0.000000000000000000 0.000000000000000000
connection 34 69 -7.108309811551411173 0 0.000000000000000000 0.000000000000000000
connection 34 82 -6.343556794493974138 0 0.000000000000000000 0.000000000000000000
connection 34 61 -5.351494025669795818 0 0.000000000000000000 0.000000000000000000
connection 34 62 -0.259489400283126448 0 0.000000000000000000 0.000000000000000000
connection 35 14 7.783009588158608771 0 0.000000000000000000 0.000000000000000000
connection 35 30 1.692920729550341896 0 0.000000000000000000 0.000000000000000000
connection 35 28 -0.705618456407733463 0 0.000000000000000000 0.000000000000000000
connection 35 27 -2.975714993970487665 0 0.000000000000000000 0.000000000000000000
connection 35 44 -2.495945830422016343 0 0.000000000000000000 0.000000000000000000
connection 35 38 3.329592586674759769 0 0.000000000000000000 0.000000000000000000
connection 35 25 5.990858098931788334 0 0.000000000000000000 0.000000000000000000
connection 35 29 3.565396559190478154 0 0.000000000000000000 0.000000000000000000
connection 35 61 -2.121182520664774529 0 0.000000000000000000 0.000000000000000000
connection 36 16 2.209548778576093220 0 0.000000000000000000 0.000000000000000000
connection 36 17 -0.989823992682675513 0 0.000000000000000000 0.000000000000000000
connection 36 31 -6.584412027520937905 0 0.000000000000000000 0.000000000000000000
connection 36 21 -4.212058865055129608 0 0.000000000000000000 0.000000000000000000
connection 36 33 2.072165238889716044 0 0.000000000000000000 0.000000000000000000
connection 36 23 -0.351155573162842627 0 0.000000000000000000 0.000000000000000000
connection 36 54 4.068434829127515862 0 0.000000000000000000 0.000000000000000000
connection 36 55 0.410971113547953792 0 0.000000000000000000 0.000000000000000000
connection 36 56 3.388585838717220078 0 0.000000000000000000 0.000000000000000000
connection 37 15 2.514229881074765860 0 0.000000000000000000 0.000000000000000000
connection 37 16 -1.063184034777511666 0 0.000000000000000000 0.000000000000000000
connection 37 17 -4.217972293391919258 0 0.000000000000000000 0.000000000000000000
connection 37 18 -0.450166164902309762 0 0.000000000000000000 0.000000000000000000
connection 37 31 -7.069338463340697487 0 0.000000000000000000 0.000000000000000000
connection 37 21 -4.786231718054889228 0 0.000000000000000000 0.000000000000000000
connection 37 22 -5.070563974275698271 0 0.000000000000000000 0.000000000000000000
connection 37 32 -3.708647582657161657 0 0.000000000000000000 0.000000000000000000
connection 37 54 1.439266304285719889 0 0.000000000000000000 0.000000000000000000
connection 37 55 -1.699321649950658264 0 0.000000000000000000 0.000000000000000000
connection 37 56 1.309591726041004822 0 0.000000000000000000 0.000000000000000000
connection 40 42 -0.578269051441621107 0 0.000000000000000000 0.000000000000000000
connection 40 15 1.815965651953819426 0 0.000000000000000000 0.000000000000000000
connection 40 16 -1.795170559877440786 0 0.000000000000000000 0.000000000000000000
connection 40 17 -4.784330370419770162 0 0.000000000000000000 0.000000000000000000
connection 40 18 -1.295516147786061500 0 0.000000000000000000 0.000000000000000000
connection 40 31 -7.185136212086480789 0 0.000000000000000000 0.000000000000000000
connection 40 21 -5.080245799382728578 0 0.000000000000000000 0.000000000000000000
connection 40 22 -5.324760637966284627 0 0.000000000000000000 0.000000000000000000
connection 40 32 -4.001694299346356232 0 0.000000000000000000 0.000000000000000000
connection 40 54 0.723463709812249611 0 0.000000000000000000 0.000000000000000000
connection 40 56 0.804644816388386697 0 0.000000000000000000 0.000000000000000000
connection 41 31 -5.877950483507537349 0 0.000000000000000000 0.000000000000000000
connection 41 26 2.426643086957699591 0 0.000000000000000000 0.000000000000000000
connection 41 20 -1.021790502249669386 0 0.000000000000000000 0.000000000000000000
connection 41 54 5.249755206974916710 0 0.000000000000000000 0.000000000000000000
connection 41 55 1.634013273573817759 0 0.000000000000000000 0.000000000000000000
connection 41 56 4.294452492484076345 0 0.000000000000000000 0.000000000000000000
connection 43 39 4.422380951471817312 0 0.000000000000000000 0.000000000000000000
connection 43 64 2.122108109227500261 0 0.000000000000000000 0.000000000000000000
connection 43 40 -0.740166155391021485 0 0.000000000000000000 0.000000000000000000
connection 43 41 2.905274644661407724 0 0.000000000000000000 0.000000000000000000
connection 43 42 -3.944774642511111207 0 0.000000000000000000 0.000000000000000000
connection 43 43 -5.773454219117405195 0 0.000000000000000000 0.000000000000000000
connection 43 76 4.402656647907765119 0 0.000000000000000000 0.000000000000000000
connection 43 45 -7.245709662232821202 0 0.000000000000000000 0.000000000000000000
connection 43 30 -6.443641759465889685 0 0.000000000000000000 0.000000000000000000
connection 43 28 -6.211000628630049647 0 0.000000000000000000 0.000000000000000000
connection 43 22 -5.400804199541846984 0 0.000000000000000000 0.000000000000000000
connection 43 32 -3.844297536364762458 0 0.000000000000000000 0.000000000000000000
connection 43 33 1.938782445815292244 0 0.000000000000000000 0.000000000000000000
connection 43 23 -0.331612454413302060 0 0.000000000000000000 0.000000000000000000
connection 43 56 -1.864617194107478948 0 0.000000000000000000 0.000000000000000000
connection 43 69 -5.664816656800778283 0 0.000000000000000000 0.000000000000000000
connection 45 71 0.628981506284664538 0 0.000000000000000000 0.000000000000000000
connection 45 73 -4.782205008820572090 0 0.000000000000000000 0.000000000000000000
connection 45 74 -2.062356640353957715 0 0.000000000000000000 0.000000000000000000
connection 45 37 -7.694535408153888589 0 0.000000000000000000 0.000000000000000000
connection 45 45 -7.803099397034308993 0 0.000000000000000000 0.000000000000000000
connection 45 30 -7.080644809726611477 0 0.000000000000000000 0.000000000000000000
connection 45 28 -6.231587036485793263 0 0.000000000000000000 0.000000000000000000
connection 45 27 -2.757265647393003505 0 0.000000000000000000 0.000000000000000000
connection 45 44 -4.788157276560803588 0 0.000000000000000000 0.000000000000000000
connection 45 22 -4.706529753439016694 0 0.000000000000000000 0.000000000000000000
connection 45 32 -2.663484856392416944 0 0.000000000000000000 0.000000000000000000
connection 45 33 0.995277802362740882 0 0.000000000000000000 0.000000000000000000
connection 45 23 -0.649766320573872180 0 0.000000000000000000 0.000000000000000000
connection 45 69 -7.265774392787156089 0 0.000000000000000000 0.000000000000000000
connection 45 82 -6.535063347967305702 0 0.000000000000000000 0.000000000000000000
connection 45 61 -5.802002117414280846 0 0.000000000000000000 0.000000000000000000
connection 45 62 -1.147747555705338485 0 0.000000000000000000 0.000000000000000000
connection 73 10 3.378885616234995393 0 0.000000000000000000 0.000000000000000000
connection 39 10 -1.689490183582605276 0 0.000000000000000000 0.000000000000000000
connection 64 10 -6.194700285171238718 0 0.000000000000000000 0.000000000000000000
connection 40 10 -6.712958292717091879 0 0.000000000000000000 0.000000000000000000
connection 41 10 -3.276167392331799544 0 0.000000000000000000 0.000000000000000000
connection 37 10 -6.516174178352393653 0 0.000000000000000000 0.000000000000000000
connection 67 10 1.771632933574264213 0 0.000000000000000000 0.000000000000000000
connection 54 10 -1.801750953054502169 0 0.000000000000000000 0.000000000000000000
connection 55 10 -3.395051255168427318 0 0.000000000000000000 0.000000000000000000
connection 56 10 3.338587375950071490 0 0.000000000000000000 0.000000000000000000
connection 69 10 -7.229613651505957250 0 0.000000000000000000 0.000000000000000000
connection 82 10 1.705606435023221623 0 0.000000000000000000 0.000000000000000000
connection 61 10 -4.687858472855443104 0 0.000000000000000000 0.000000000000000000
connection 62 10 -5.661162918137049971 0 0.000000000000000000 0.000000000000000000
connection 71 11 1.532308395268287882 0 0.000000000000000000 0.000000000000000000
connection 74 11 0.456670005057475181 0 0.000000000000000000 0.000000000000000000
connection 36 11 -6.987383676734348015 0 0.000000000000000000 0.000000000000000000
connection 37 11 -7.251090491942634664 0 0.000000000000000000 0.000000000000000000
connection 75 11 -0.696771042585335731 0 0.000000000000000000 0.000000000000000000
connection 76 11 -1.859120171346689832 0 0.000000000000000000 0.000000000000000000
connection 45 11 -6.904225761404692463 0 0.000000000000000000 0.000000000000000000
connection 21 11 -6.970665277625318623 0 0.000000000000000000 0.000000000000000000
connection 34 11 -6.503137334840613626 0 0.000000000000000000 0.000000000000000000
connection 14 12 2.407265452720024346 0 0.000000000000000000 0.000000000000000000
connection 45 12 1.144766211029369041 0 0.000000000000000000 0.000000000000000000
connection 90 12 1.633487432783529369 0 0.000000000000000000 0.000000000000000000
connection 45 13 4.981275138296438421 0 0.000000000000000000 0.000000000000000000
connection 90 13 3.834119787524587597 0 0.000000000000000000 0.000000000000000000
NNend

