NNstart
14 8
neuron 1 1.000000000000000000 0.000000000000000000 0.000000000000000000 -0.000000000000000000 11 0.000000000000000000
neuron 1 1.000000000000000000 0.000000000000000000 0.000000000000000000 -0.000000000000000000 11 0.000000000000000000
neuron 1 1.000000000000000000 0.000000000000000000 0.000000000000000000 -0.000000000000000000 11 0.000000000000000000
neuron 1 1.000000000000000000 0.000000000000000000 0.000000000000000000 -0.000000000000000000 11 0.000000000000000000
neuron 1 1.000000000000000000 0.000000000000000000 0.000000000000000000 -0.000000000000000000 11 0.000000000000000000
neuron 1 1.000000000000000000 0.000000000000000000 0.000000000000000000 -0.000000000000000000 11 0.000000000000000000
neuron 1 1.000000000000000000 0.000000000000000000 0.000000000000000000 -0.000000000000000000 11 0.000000000000000000
neuron 1 1.000000000000000000 0.000000000000000000 0.000000000000000000 -0.000000000000000000 11 0.000000000000000000
neuron 1 1.000000000000000000 0.000000000000000000 0.000000000000000000 -0.000000000000000000 11 0.000000000000000000
neuron 1 1.000000000000000000 0.000000000000000000 0.000000000000000000 -0.000000000000000000 11 0.000000000000000000
neuron 1 1.000000000000000000 0.000000000000000000 0.000000000000000000 -0.000000000000000000 11 0.000000000000000000
neuron 1 1.000000000000000000 0.000000000000000000 0.000000000000000000 -0.000000000000000000 11 0.000000000000000000
neuron 1 1.000000000000000000 0.000000000000000000 0.000000000000000000 -0.000000000000000000 11 0.000000000000000000
neuron 2 1.000000000000000000 0.000000000000000000 0.000000000000000000 0.000000000000000000 11 0.000000000000000000
neuron 4 1.000000000000000000 0.000000000000000000 0.000000000000000000 -0.000000000000000000 1 0.000000000000000000
neuron 4 1.000000000000000000 0.000000000000000000 0.000000000000000000 -0.000000000000000000 1 0.000000000000000000
neuron 4 1.000000000000000000 0.000000000000000000 0.000000000000000000 -0.000000000000000000 1 0.000000000000000000
neuron 4 1.000000000000000000 0.000000000000000000 0.000000000000000000 -0.000000000000000000 1 0.000000000000000000
neuron 4 1.000000000000000000 0.000000000000000000 0.000000000000000000 -0.000000000000000000 1 0.000000000000000000
neuron 4 1.000000000000000000 0.000000000000000000 0.000000000000000000 -0.000000000000000000 1 0.000000000000000000
neuron 4 1.000000000000000000 0.000000000000000000 0.000000000000000000 -0.000000000000000000 1 0.000000000000000000
neuron 4 1.000000000000000000 0.000000000000000000 0.000000000000000000 -0.000000000000000000 1 0.000000000000000000
neuron 3 1.000000000000000000 0.000000000000000000 0.000000000000000000 -0.000000000000000000 0 0.000000000000000000
neuron 3 1.000000000000000000 0.000000000000000000 0.000000000000000000 -0.000000000000000000 0 0.000000000000000000
neuron 3 1.000000000000000000 0.000000000000000000 0.000000000000000000 -0.000000000000000000 0 0.000000000000000000
neuron 3 1.000000000000000000 0.000000000000000000 0.000000000000000000 -0.000000000000000000 0 0.000000000000000000
neuron 3 1.000000000000000000 0.000000000000000000 0.000000000000000000 -0.000000000000000000 0 0.000000000000000000
neuron 3 1.000000000000000000 0.000000000000000000 0.000000000000000000 -0.000000000000000000 0 0.000000000000000000
neuron 3 1.000000000000000000 0.000000000000000000 0.000000000000000000 -0.000000000000000000 0 0.000000000000000000
neuron 3 1.000000000000000000 0.000000000000000000 0.000000000000000000 -0.000000000000000000 0 0.000000000000000000
neuron 3 1.000000000000000000 0.000000000000000000 0.000000000000000000 -0.000000000000000000 0 0.000000000000000000
neuron 3 1.000000000000000000 0.000000000000000000 0.000000000000000000 -0.000000000000000000 0 0.000000000000000000
neuron 3 1.000000000000000000 0.000000000000000000 0.000000000000000000 -0.000000000000000000 0 0.000000000000000000
neuron 3 1.000000000000000000 0.000000000000000000 0.000000000000000000 -0.000000000000000000 0 0.000000000000000000
neuron 3 1.000000000000000000 0.000000000000000000 0.000000000000000000 -0.000000000000000000 0 0.000000000000000000
neuron 3 1.000000000000000000 0.000000000000000000 0.000000000000000000 -0.000000000000000000 0 0.000000000000000000
neuron 3 1.000000000000000000 0.000000000000000000 0.000000000000000000 -0.000000000000000000 0 0.000000000000000000
neuron 3 1.000000000000000000 0.000000000000000000 0.000000000000000000 -0.000000000000000000 0 0.000000000000000000
neuron 3 1.000000000000000000 0.000000000000000000 0.000000000000000000 -0.000000000000000000 0 0.000000000000000000
neuron 3 1.000000000000000000 0.000000000000000000 0.000000000000000000 -0.000000000000000000 0 0.000000000000000000
neuron 3 1.000000000000000000 0.000000000000000000 0.000000000000000000 -0.000000000000000000 0 0.000000000000000000
neuron 3 1.000000000000000000 0.000000000000000000 0.000000000000000000 -0.000000000000000000 0 0.000000000000000000
connection 0 22 4.943471448381515643 0 0.000000000000000000 -0.000000000000000000
connection 0 23 4.477545543709281262 0 0.000000000000000000 -0.000000000000000000
connection 0 24 2.043162262169825993 0 0.000000000000000000 -0.000000000000000000
connection 0 25 2.869445489362147939 0 0.000000000000000000 -0.000000000000000000
connection 1 22 4.460386985063189869 0 0.000000000000000000 -0.000000000000000000
connection 1 23 4.378657466580850866 0 0.000000000000000000 -0.000000000000000000
connection 1 24 1.456882176617845470 0 0.000000000000000000 -0.000000000000000000
connection 1 25 2.338966156975440303 0 0.000000000000000000 -0.000000000000000000
connection 2 22 4.355751909258177790 0 0.000000000000000000 -0.000000000000000000
connection 2 23 4.247692754202914145 0 0.000000000000000000 -0.000000000000000000
connection 2 26 2.238048534965936920 0 0.000000000000000000 -0.000000000000000000
connection 2 27 2.026742652323358485 0 0.000000000000000000 -0.000000000000000000
connection 2 28 -0.907475331324483547 0 0.000000000000000000 -0.000000000000000000
connection 2 29 -0.611211650746751989 0 0.000000000000000000 -0.000000000000000000
connection 2 25 1.739573129710930033 0 0.000000000000000000 -0.000000000000000000
connection 3 22 4.217683477477708109 0 0.000000000000000000 -0.000000000000000000
connection 3 23 4.077482935615350357 0 0.000000000000000000 -0.000000000000000000
connection 3 26 1.676518452356263955 0 0.000000000000000000 -0.000000000000000000
connection 3 27 1.438459726422849361 0 0.000000000000000000 -0.000000000000000000
connection 3 30 2.534878812756395039 0 0.000000000000000000 -0.000000000000000000
connection 3 31 1.912742214596870660 0 0.000000000000000000 -0.000000000000000000
connection 3 32 -0.656869100110335391 0 0.000000000000000000 -0.000000000000000000
connection 3 33 -0.359569060977312671 0 0.000000000000000000 -0.000000000000000000
connection 4 22 4.038907524073334088 0 0.000000000000000000 -0.000000000000000000
connection 4 23 3.860456149795847391 0 0.000000000000000000 -0.000000000000000000
connection 4 26 1.048465992630971622 0 0.000000000000000000 -0.000000000000000000
connection 4 27 0.786496166594226942 0 0.000000000000000000 -0.000000000000000000
connection 4 30 1.959355450610422711 0 0.000000000000000000 -0.000000000000000000
connection 4 31 1.310899753763289821 0 0.000000000000000000 -0.000000000000000000
connection 4 33 -1.121117624392067524 0 0.000000000000000000 -0.000000000000000000
connection 5 22 3.811818524780250517 0 0.000000000000000000 -0.000000000000000000
connection 5 23 3.589063657890980252 0 0.000000000000000000 -0.000000000000000000
connection 5 26 0.362578090914431272 0 0.000000000000000000 -0.000000000000000000
connection 5 30 1.318698634209307441 0 0.000000000000000000 -0.000000000000000000
connection 5 31 0.647131820686123627 0 0.000000000000000000 -0.000000000000000000
connection 6 22 3.528934760939539839 0 0.000000000000000000 -0.000000000000000000
connection 6 23 3.256351157074324210 0 0.000000000000000000 -0.000000000000000000
connection 6 26 -0.367692732132499644 0 0.000000000000000000 -0.000000000000000000
connection 6 27 -0.661551896317279842 0 0.000000000000000000 -0.000000000000000000
connection 6 30 0.622549655046426231 0 0.000000000000000000 -0.000000000000000000
connection 7 22 3.183496830868732363 0 0.000000000000000000 -0.000000000000000000
connection 7 23 2.856659533322563504 0 0.000000000000000000 -0.000000000000000000
connection 7 26 -1.124188611407039851 0 0.000000000000000000 -0.000000000000000000
connection 7 27 -1.422422909932230084 0 0.000000000000000000 -0.000000000000000000
connection 7 28 -4.298737274157629074 0 0.000000000000000000 -0.000000000000000000
connection 7 29 -4.100806207774294165 0 0.000000000000000000 -0.000000000000000000
connection 7 30 -0.519916423531912919 0 0.000000000000000000 -0.000000000000000000
connection 7 31 -0.815387290226346373 0 0.000000000000000000 -0.000000000000000000
connection 8 22 2.770190139081697200 0 0.000000000000000000 -0.000000000000000000
connection 8 23 2.386418049184384937 0 0.000000000000000000 -0.000000000000000000
connection 9 22 2.285949874471134180 0 0.000000000000000000 -0.000000000000000000
connection 9 23 1.844970009962482838 0 0.000000000000000000 -0.000000000000000000
connection 10 22 1.730784146667471157 0 0.000000000000000000 -0.000000000000000000
connection 10 23 1.235350047056080314 0 0.000000000000000000 -0.000000000000000000
connection 10 24 -4.584497899920028985 0 0.000000000000000000 -0.000000000000000000
connection 10 25 -4.220808214237337097 0 0.000000000000000000 -0.000000000000000000
connection 11 34 2.465586860112886303 0 0.000000000000000000 -0.000000000000000000
connection 11 35 2.266665272494206906 0 0.000000000000000000 -0.000000000000000000
connection 11 36 -0.570092422621318207 0 0.000000000000000000 -0.000000000000000000
connection 11 37 -0.277359478097869316 0 0.000000000000000000 -0.000000000000000000
connection 11 38 2.048744217834112646 0 0.000000000000000000 -0.000000000000000000
connection 11 39 1.827828044463835511 0 0.000000000000000000 -0.000000000000000000
connection 11 40 -1.175037681199476935 0 0.000000000000000000 -0.000000000000000000
connection 11 41 -0.877218710658536183 0 0.000000000000000000 -0.000000000000000000
connection 11 24 -4.914700562119778127 0 0.000000000000000000 -0.000000000000000000
connection 11 25 -4.660296768336538165 0 0.000000000000000000 -0.000000000000000000
connection 12 34 1.935306737617680017 0 0.000000000000000000 -0.000000000000000000
connection 12 35 1.708923775371336440 0 0.000000000000000000 -0.000000000000000000
connection 12 36 -1.329987942805479051 0 0.000000000000000000 -0.000000000000000000
connection 12 37 -1.031791057362134278 0 0.000000000000000000 -0.000000000000000000
connection 12 38 1.463147893038591052 0 0.000000000000000000 -0.000000000000000000
connection 12 39 1.216274014678149218 0 0.000000000000000000 -0.000000000000000000
connection 12 24 -5.095272794581500619 0 0.000000000000000000 -0.000000000000000000
connection 12 25 -4.962223038956896204 0 0.000000000000000000 -0.000000000000000000
connection 13 34 1.336100441636738578 0 0.000000000000000000 -0.000000000000000000
connection 13 35 1.084318621505240943 0 0.000000000000000000 -0.000000000000000000
connection 13 38 0.813549560078628220 0 0.000000000000000000 -0.000000000000000000
connection 13 39 0.544196518319328582 0 0.000000000000000000 -0.000000000000000000
connection 13 40 -2.670818260522770604 0 0.000000000000000000 -0.000000000000000000
connection 13 24 -5.117517382123532244 0 0.000000000000000000 -0.000000000000000000
connection 13 25 -5.112240439918082302 0 0.000000000000000000 -0.000000000000000000
connection 22 35 -1.808459834575929293 0 0.000000000000000000 -0.000000000000000000
connection 22 36 -2.095660543006006016 0 0.000000000000000000 -0.000000000000000000
connection 22 23 -4.471459721989671010 0 0.000000000000000000 -0.000000000000000000
connection 22 24 -4.200712435424755142 0 0.000000000000000000 -0.000000000000000000
connection 22 30 1.176372206568087941 0 0.000000000000000000 -0.000000000000000000
connection 22 33 0.918775717573016681 0 0.000000000000000000 -0.000000000000000000
connection 23 35 -1.808459834575929293 0 0.000000000000000000 -0.000000000000000000
connection 23 36 -2.095660543006006016 0 0.000000000000000000 -0.000000000000000000
connection 23 23 -4.471459721989671010 0 0.000000000000000000 -0.000000000000000000
connection 23 24 -4.200712435424755142 0 0.000000000000000000 -0.000000000000000000
connection 23 30 1.176372206568087941 0 0.000000000000000000 -0.000000000000000000
connection 23 33 0.918775717573016681 0 0.000000000000000000 -0.000000000000000000
connection 28 22 -5.054312844463945353 0 0.000000000000000000 -0.000000000000000000
connection 28 38 -1.481418112356179151 0 0.000000000000000000 -0.000000000000000000
connection 28 41 -1.590475807754475168 0 0.000000000000000000 -0.000000000000000000
connection 28 26 -1.281295282428080773 0 0.000000000000000000 -0.000000000000000000
connection 28 29 -0.983174973909082817 0 0.000000000000000000 -0.000000000000000000
connection 28 25 -5.126040826354039126 0 0.000000000000000000 -0.000000000000000000
connection 24 22 -4.605963625679802220 0 0.000000000000000000 -0.000000000000000000
connection 24 39 1.324026907828064648 0 0.000000000000000000 -0.000000000000000000
connection 24 40 1.581623396823135907 0 0.000000000000000000 -0.000000000000000000
connection 24 26 -2.500911733261053982 0 0.000000000000000000 -0.000000000000000000
connection 24 27 1.433933868808434431 0 0.000000000000000000 -0.000000000000000000
connection 24 28 1.672179100541505425 0 0.000000000000000000 -0.000000000000000000
connection 24 29 -2.213711024830977259 0 0.000000000000000000 -0.000000000000000000
connection 24 25 -4.876710912244718088 0 0.000000000000000000 -0.000000000000000000
connection 36 34 1.026020950523709008 0 0.000000000000000000 -0.000000000000000000
connection 36 37 0.345981008583424954 0 0.000000000000000000 -0.000000000000000000
connection 36 23 -3.834263544239901567 0 0.000000000000000000 -0.000000000000000000
connection 36 27 -1.684445026712775295 0 0.000000000000000000 -0.000000000000000000
connection 36 28 -1.390382311243496094 0 0.000000000000000000 -0.000000000000000000
connection 36 33 -0.233864444616652567 0 0.000000000000000000 -0.000000000000000000
connection 26 34 -1.795633501498544060 0 0.000000000000000000 -0.000000000000000000
connection 26 37 -2.089696216967823261 0 0.000000000000000000 -0.000000000000000000
connection 26 40 0.458924704331536537 0 0.000000000000000000 -0.000000000000000000
connection 26 27 0.751232198838472920 0 0.000000000000000000 -0.000000000000000000
connection 26 28 0.620769760268661042 0 0.000000000000000000 -0.000000000000000000
connection 26 25 -4.239514734494949977 0 0.000000000000000000 -0.000000000000000000
connection 27 34 -1.795633501498544060 0 0.000000000000000000 -0.000000000000000000
connection 27 37 -2.089696216967823261 0 0.000000000000000000 -0.000000000000000000
connection 27 40 0.458924704331536537 0 0.000000000000000000 -0.000000000000000000
connection 27 27 0.751232198838472920 0 0.000000000000000000 -0.000000000000000000
connection 27 28 0.620769760268661042 0 0.000000000000000000 -0.000000000000000000
connection 27 25 -4.239514734494949977 0 0.000000000000000000 -0.000000000000000000
connection 25 22 -4.605963625679802220 0 0.000000000000000000 -0.000000000000000000
connection 25 39 1.324026907828064648 0 0.000000000000000000 -0.000000000000000000
connection 25 40 1.581623396823135907 0 0.000000000000000000 -0.000000000000000000
connection 25 26 -2.500911733261053982 0 0.000000000000000000 -0.000000000000000000
connection 25 27 1.433933868808434431 0 0.000000000000000000 -0.000000000000000000
connection 25 28 1.672179100541505425 0 0.000000000000000000 -0.000000000000000000
connection 25 29 -2.213711024830977259 0 0.000000000000000000 -0.000000000000000000
connection 25 25 -4.876710912244718088 0 0.000000000000000000 -0.000000000000000000
connection 29 22 -5.054312844463945353 0 0.000000000000000000 -0.000000000000000000
connection 29 38 -1.481418112356179151 0 0.000000000000000000 -0.000000000000000000
connection 29 41 -1.590475807754475168 0 0.000000000000000000 -0.000000000000000000
connection 29 26 -1.281295282428080773 0 0.000000000000000000 -0.000000000000000000
connection 29 29 -0.983174973909082817 0 0.000000000000000000 -0.000000000000000000
connection 29 25 -5.126040826354039126 0 0.000000000000000000 -0.000000000000000000
connection 30 34 -1.795633501498544060 0 0.000000000000000000 -0.000000000000000000
connection 30 37 -2.089696216967823261 0 0.000000000000000000 -0.000000000000000000
connection 30 40 0.458924704331536537 0 0.000000000000000000 -0.000000000000000000
connection 30 27 0.751232198838472920 0 0.000000000000000000 -0.000000000000000000
connection 30 28 0.620769760268661042 0 0.000000000000000000 -0.000000000000000000
connection 30 25 -4.239514734494949977 0 0.000000000000000000 -0.000000000000000000
connection 31 34 -1.795633501498544060 0 0.000000000000000000 -0.000000000000000000
connection 31 37 -2.089696216967823261 0 0.000000000000000000 -0.000000000000000000
connection 31 40 0.458924704331536537 0 0.000000000000000000 -0.000000000000000000
connection 31 27 0.751232198838472920 0 0.000000000000000000 -0.000000000000000000
connection 31 28 0.620769760268661042 0 0.000000000000000000 -0.000000000000000000
connection 31 25 -4.239514734494949977 0 0.000000000000000000 -0.000000000000000000
connection 40 34 1.026020950523709008 0 0.000000000000000000 -0.000000000000000000
connection 40 37 0.345981008583424954 0 0.000000000000000000 -0.000000000000000000
connection 40 23 -3.834263544239901567 0 0.000000000000000000 -0.000000000000000000
connection 40 27 -1.684445026712775295 0 0.000000000000000000 -0.000000000000000000
connection 40 28 -1.390382311243496094 0 0.000000000000000000 -0.000000000000000000
connection 40 33 -0.233864444616652567 0 0.000000000000000000 -0.000000000000000000
connection 33 22 -5.054312844463945353 0 0.000000000000000000 -0.000000000000000000
connection 33 38 -1.481418112356179151 0 0.000000000000000000 -0.000000000000000000
connection 33 41 -1.590475807754475168 0 0.000000000000000000 -0.000000000000000000
connection 33 26 -1.281295282428080773 0 0.000000000000000000 -0.000000000000000000
connection 33 29 -0.983174973909082817 0 0.000000000000000000 -0.000000000000000000
connection 33 25 -5.126040826354039126 0 0.000000000000000000 -0.000000000000000000
connection 34 35 -0.577923783654034851 0 0.000000000000000000 -0.000000000000000000
connection 34 36 -0.876044092173032807 0 0.000000000000000000 -0.000000000000000000
connection 34 23 -4.720789636098992048 0 0.000000000000000000 -0.000000000000000000
connection 34 24 -4.649061654208896499 0 0.000000000000000000 -0.000000000000000000
connection 34 31 -1.590475807754475168 0 0.000000000000000000 -0.000000000000000000
connection 34 32 -1.886669302611227117 0 0.000000000000000000 -0.000000000000000000
connection 35 35 -0.577923783654034851 0 0.000000000000000000 -0.000000000000000000
connection 35 36 -0.876044092173032807 0 0.000000000000000000 -0.000000000000000000
connection 35 23 -4.720789636098992048 0 0.000000000000000000 -0.000000000000000000
connection 35 24 -4.649061654208896499 0 0.000000000000000000 -0.000000000000000000
connection 35 31 -1.590475807754475168 0 0.000000000000000000 -0.000000000000000000
connection 35 32 -1.886669302611227117 0 0.000000000000000000 -0.000000000000000000
connection 37 34 1.026020950523709008 0 0.000000000000000000 -0.000000000000000000
connection 37 37 0.345981008583424954 0 0.000000000000000000 -0.000000000000000000
connection 37 23 -3.834263544239901567 0 0.000000000000000000 -0.000000000000000000
connection 37 27 -1.684445026712775295 0 0.000000000000000000 -0.000000000000000000
connection 37 28 -1.390382311243496094 0 0.000000000000000000 -0.000000000000000000
connection 37 33 -0.233864444616652567 0 0.000000000000000000 -0.000000000000000000
connection 32 22 -5.054312844463945353 0 0.000000000000000000 -0.000000000000000000
connection 32 38 -1.481418112356179151 0 0.000000000000000000 -0.000000000000000000
connection 32 41 -1.590475807754475168 0 0.000000000000000000 -0.000000000000000000
connection 32 26 -1.281295282428080773 0 0.000000000000000000 -0.000000000000000000
connection 32 29 -0.983174973909082817 0 0.000000000000000000 -0.000000000000000000
connection 32 25 -5.126040826354039126 0 0.000000000000000000 -0.000000000000000000
connection 39 35 -0.577923783654034851 0 0.000000000000000000 -0.000000000000000000
connection 39 36 -0.876044092173032807 0 0.000000000000000000 -0.000000000000000000
connection 39 23 -4.720789636098992048 0 0.000000000000000000 -0.000000000000000000
connection 39 24 -4.649061654208896499 0 0.000000000000000000 -0.000000000000000000
connection 39 31 -1.590475807754475168 0 0.000000000000000000 -0.000000000000000000
connection 39 32 -1.886669302611227117 0 0.000000000000000000 -0.000000000000000000
connection 38 35 -0.577923783654034851 0 0.000000000000000000 -0.000000000000000000
connection 38 36 -0.876044092173032807 0 0.000000000000000000 -0.000000000000000000
connection 38 23 -4.720789636098992048 0 0.000000000000000000 -0.000000000000000000
connection 38 24 -4.649061654208896499 0 0.000000000000000000 -0.000000000000000000
connection 38 31 -1.590475807754475168 0 0.000000000000000000 -0.000000000000000000
connection 38 32 -1.886669302611227117 0 0.000000000000000000 -0.000000000000000000
connection 41 34 1.026020950523709008 0 0.000000000000000000 -0.000000000000000000
connection 41 37 0.345981008583424954 0 0.000000000000000000 -0.000000000000000000
connection 41 23 -3.834263544239901567 0 0.000000000000000000 -0.000000000000000000
connection 41 27 -1.684445026712775295 0 0.000000000000000000 -0.000000000000000000
connection 41 28 -1.390382311243496094 0 0.000000000000000000 -0.000000000000000000
connection 41 33 -0.233864444616652567 0 0.000000000000000000 -0.000000000000000000
connection 22 14 -1.599700776619729981 0 0.000000000000000000 -0.000000000000000000
connection 23 14 -1.599700776619729981 0 0.000000000000000000 -0.000000000000000000
connection 22 15 -1.443089146123688105 0 0.000000000000000000 -0.000000000000000000
connection 23 15 -1.443089146123688105 0 0.000000000000000000 -0.000000000000000000
connection 22 16 -1.275530785172146464 0 0.000000000000000000 -0.000000000000000000
connection 23 16 -1.275530785172146464 0 0.000000000000000000 -0.000000000000000000
connection 22 17 -1.101001941679543794 0 0.000000000000000000 -0.000000000000000000
connection 23 17 -1.101001941679543794 0 0.000000000000000000 -0.000000000000000000
connection 22 18 -0.923901494457264549 0 0.000000000000000000 -0.000000000000000000
connection 23 18 -0.923901494457264549 0 0.000000000000000000 -0.000000000000000000
connection 22 19 -0.748788441813426187 0 0.000000000000000000 -0.000000000000000000
connection 23 19 -0.748788441813426187 0 0.000000000000000000 -0.000000000000000000
connection 22 20 -0.580101918294851693 0 0.000000000000000000 -0.000000000000000000
connection 23 20 -0.580101918294851693 0 0.000000000000000000 -0.000000000000000000
connection 22 21 -0.421898459704706297 0 0.000000000000000000 -0.000000000000000000
connection 23 21 -0.421898459704706297 0 0.000000000000000000 -0.000000000000000000
NNend

