NNstart
10 4
neuron 1 1.000000000000000000 0.000000000000000000 0.000000000000000000 -0.000000000000000000 11 0.000000000000000000
neuron 1 1.000000000000000000 0.000000000000000000 0.000000000000000000 -0.000000000000000000 11 0.000000000000000000
neuron 1 1.000000000000000000 0.000000000000000000 0.000000000000000000 -0.000000000000000000 11 0.000000000000000000
neuron 1 1.000000000000000000 0.000000000000000000 0.000000000000000000 -0.000000000000000000 11 0.000000000000000000
neuron 1 1.000000000000000000 0.000000000000000000 0.000000000000000000 -0.000000000000000000 11 0.000000000000000000
neuron 1 1.000000000000000000 0.000000000000000000 0.000000000000000000 -0.000000000000000000 11 0.000000000000000000
neuron 1 1.000000000000000000 0.000000000000000000 0.000000000000000000 -0.000000000000000000 11 0.000000000000000000
neuron 1 1.000000000000000000 0.000000000000000000 0.000000000000000000 -0.000000000000000000 11 0.000000000000000000
neuron 1 1.000000000000000000 0.000000000000000000 0.000000000000000000 -0.000000000000000000 11 0.000000000000000000
neuron 2 1.000000000000000000 0.000000000000000000 0.000000000000000000 0.000000000000000000 11 0.000000000000000000
neuron 4 1.000000000000000000 0.000000000000000000 0.000000000000000000 -0.000000000000000000 1 0.000000000000000000
neuron 4 1.000000000000000000 0.000000000000000000 0.000000000000000000 -0.000000000000000000 1 0.000000000000000000
neuron 4 1.000000000000000000 0.000000000000000000 0.000000000000000000 -0.000000000000000000 1 0.000000000000000000
neuron 4 1.000000000000000000 0.000000000000000000 0.000000000000000000 -0.000000000000000000 1 0.000000000000000000
neuron 3 1.000000000000000000 0.000000000000000000 0.000000000000000000 -0.000000000000000000 0 0.000000000000000000
neuron 3 1.000000000000000000 0.000000000000000000 0.000000000000000000 -0.000000000000000000 0 0.000000000000000000
neuron 3 1.000000000000000000 0.000000000000000000 0.000000000000000000 -0.000000000000000000 0 0.000000000000000000
connection 3 14 2.416136982016900081 0 0.000000000000000000 -0.000000000000000000
connection 4 14 1.693715229251774979 0 0.000000000000000000 -0.000000000000000000
connection 5 15 2.118314669907416459 0 0.000000000000000000 -0.000000000000000000
connection 6 15 1.384536167814658159 0 0.000000000000000000 -0.000000000000000000
connection 9 16 2.234211050140912480 0 0.000000000000000000 -0.000000000000000000
connection 14 14 -0.625474870827316010 0 0.000000000000000000 -0.000000000000000000
connection 15 15 0.261581057599732381 0 0.000000000000000000 -0.000000000000000000
connection 16 14 -0.849952531945102785 0 0.000000000000000000 -0.000000000000000000
connection 16 16 -0.319038934617546066 0 0.000000000000000000 -0.000000000000000000
connection 14 10 -1.379976321641443571 0 0.000000000000000000 -0.000000000000000000
connection 16 10 -1.491201195303172744 0 0.000000000000000000 -0.000000000000000000
connection 16 11 0.414866403572867526 0 0.000000000000000000 -0.000000000000000000
connection 15 11 -1.497380714439415117 0 0.000000000000000000 -0.000000000000000000
connection 15 12 0.471366949915318190 0 0.000000000000000000 -0.000000000000000000
connection 14 13 2.099959287778135675 0 0.000000000000000000 -0.000000000000000000
connection 16 13 2.330781361516469197 0 0.000000000000000000 -0.000000000000000000
NNend

