NNstart
14 8
neuron 1 1.000000000000000000 0.000000000000000000 0.000000000000000000 -253520909293379192293548717436414662402098725082839945236719740806605895491132730002644703342590988870704270216263111582455439747693393143386709332867786074354316175442429049268384719429042385381266292736.000000000000000000 11 0.000000000000000000
neuron 1 1.000000000000000000 0.000000000000000000 0.000000000000000000 -253520909293379192293548717436414662402098725082839945236719740806605895491132730002644703342590988870704270216263111582455439747693393143386709332867786074354316175442429049268384719429042385381266292736.000000000000000000 11 0.000000000000000000
neuron 1 1.000000000000000000 0.000000000000000000 0.000000000000000000 -253520909293379192293548717436414662402098725082839945236719740806605895491132730002644703342590988870704270216263111582455439747693393143386709332867786074354316175442429049268384719429042385381266292736.000000000000000000 11 0.000000000000000000
neuron 1 1.000000000000000000 0.000000000000000000 0.000000000000000000 -253520909293379192293548717436414662402098725082839945236719740806605895491132730002644703342590988870704270216263111582455439747693393143386709332867786074354316175442429049268384719429042385381266292736.000000000000000000 11 0.000000000000000000
neuron 1 1.000000000000000000 0.000000000000000000 0.000000000000000000 -253520909293379192293548717436414662402098725082839945236719740806605895491132730002644703342590988870704270216263111582455439747693393143386709332867786074354316175442429049268384719429042385381266292736.000000000000000000 11 0.000000000000000000
neuron 1 1.000000000000000000 0.000000000000000000 0.000000000000000000 -253520909293379192293548717436414662402098725082839945236719740806605895491132730002644703342590988870704270216263111582455439747693393143386709332867786074354316175442429049268384719429042385381266292736.000000000000000000 11 0.000000000000000000
neuron 1 1.000000000000000000 0.000000000000000000 0.000000000000000000 -253520909293379192293548717436414662402098725082839945236719740806605895491132730002644703342590988870704270216263111582455439747693393143386709332867786074354316175442429049268384719429042385381266292736.000000000000000000 11 0.000000000000000000
neuron 1 1.000000000000000000 0.000000000000000000 0.000000000000000000 -253520909293379192293548717436414662402098725082839945236719740806605895491132730002644703342590988870704270216263111582455439747693393143386709332867786074354316175442429049268384719429042385381266292736.000000000000000000 11 0.000000000000000000
neuron 1 1.000000000000000000 0.000000000000000000 0.000000000000000000 -253520909293379192293548717436414662402098725082839945236719740806605895491132730002644703342590988870704270216263111582455439747693393143386709332867786074354316175442429049268384719429042385381266292736.000000000000000000 11 0.000000000000000000
neuron 1 1.000000000000000000 0.000000000000000000 0.000000000000000000 -253520909293379192293548717436414662402098725082839945236719740806605895491132730002644703342590988870704270216263111582455439747693393143386709332867786074354316175442429049268384719429042385381266292736.000000000000000000 11 0.000000000000000000
neuron 1 1.000000000000000000 0.000000000000000000 0.000000000000000000 -253520909293379192293548717436414662402098725082839945236719740806605895491132730002644703342590988870704270216263111582455439747693393143386709332867786074354316175442429049268384719429042385381266292736.000000000000000000 11 0.000000000000000000
neuron 1 1.000000000000000000 0.000000000000000000 0.000000000000000000 -253520909293379192293548717436414662402098725082839945236719740806605895491132730002644703342590988870704270216263111582455439747693393143386709332867786074354316175442429049268384719429042385381266292736.000000000000000000 11 0.000000000000000000
neuron 1 1.000000000000000000 0.000000000000000000 0.000000000000000000 -253520909293379192293548717436414662402098725082839945236719740806605895491132730002644703342590988870704270216263111582455439747693393143386709332867786074354316175442429049268384719429042385381266292736.000000000000000000 11 0.000000000000000000
neuron 2 1.000000000000000000 0.000000000000000000 0.000000000000000000 0.000000000000000000 11 0.000000000000000000
neuron 4 1.000000000000000000 0.000000000000000000 0.000000000000000000 -253520909293379192293548717436414662402098725082839945236719740806605895491132730002644703342590988870704270216263111582455439747693393143386709332867786074354316175442429049268384719429042385381266292736.000000000000000000 1 0.000000000000000000
neuron 4 1.000000000000000000 0.000000000000000000 0.000000000000000000 -253520909293379192293548717436414662402098725082839945236719740806605895491132730002644703342590988870704270216263111582455439747693393143386709332867786074354316175442429049268384719429042385381266292736.000000000000000000 1 0.000000000000000000
neuron 4 1.000000000000000000 0.000000000000000000 0.000000000000000000 -253520909293379192293548717436414662402098725082839945236719740806605895491132730002644703342590988870704270216263111582455439747693393143386709332867786074354316175442429049268384719429042385381266292736.000000000000000000 1 0.000000000000000000
neuron 4 1.000000000000000000 0.000000000000000000 0.000000000000000000 -253520909293379192293548717436414662402098725082839945236719740806605895491132730002644703342590988870704270216263111582455439747693393143386709332867786074354316175442429049268384719429042385381266292736.000000000000000000 1 0.000000000000000000
neuron 4 1.000000000000000000 0.000000000000000000 0.000000000000000000 -253520909293379192293548717436414662402098725082839945236719740806605895491132730002644703342590988870704270216263111582455439747693393143386709332867786074354316175442429049268384719429042385381266292736.000000000000000000 1 0.000000000000000000
neuron 4 1.000000000000000000 0.000000000000000000 0.000000000000000000 -253520909293379192293548717436414662402098725082839945236719740806605895491132730002644703342590988870704270216263111582455439747693393143386709332867786074354316175442429049268384719429042385381266292736.000000000000000000 1 0.000000000000000000
neuron 4 1.000000000000000000 0.000000000000000000 0.000000000000000000 -253520909293379192293548717436414662402098725082839945236719740806605895491132730002644703342590988870704270216263111582455439747693393143386709332867786074354316175442429049268384719429042385381266292736.000000000000000000 1 0.000000000000000000
neuron 4 1.000000000000000000 0.000000000000000000 0.000000000000000000 -253520909293379192293548717436414662402098725082839945236719740806605895491132730002644703342590988870704270216263111582455439747693393143386709332867786074354316175442429049268384719429042385381266292736.000000000000000000 1 0.000000000000000000
neuron 3 1.000000000000000000 0.000000000000000000 0.000000000000000000 -253520909293379192293548717436414662402098725082839945236719740806605895491132730002644703342590988870704270216263111582455439747693393143386709332867786074354316175442429049268384719429042385381266292736.000000000000000000 0 0.000000000000000000
neuron 3 1.000000000000000000 0.000000000000000000 0.000000000000000000 -253520909293379192293548717436414662402098725082839945236719740806605895491132730002644703342590988870704270216263111582455439747693393143386709332867786074354316175442429049268384719429042385381266292736.000000000000000000 0 0.000000000000000000
neuron 3 1.000000000000000000 0.000000000000000000 0.000000000000000000 -253520909293379192293548717436414662402098725082839945236719740806605895491132730002644703342590988870704270216263111582455439747693393143386709332867786074354316175442429049268384719429042385381266292736.000000000000000000 0 0.000000000000000000
neuron 3 1.000000000000000000 0.000000000000000000 0.000000000000000000 -253520909293379192293548717436414662402098725082839945236719740806605895491132730002644703342590988870704270216263111582455439747693393143386709332867786074354316175442429049268384719429042385381266292736.000000000000000000 0 0.000000000000000000
neuron 3 1.000000000000000000 0.000000000000000000 0.000000000000000000 -253520909293379192293548717436414662402098725082839945236719740806605895491132730002644703342590988870704270216263111582455439747693393143386709332867786074354316175442429049268384719429042385381266292736.000000000000000000 0 0.000000000000000000
neuron 3 1.000000000000000000 0.000000000000000000 0.000000000000000000 -253520909293379192293548717436414662402098725082839945236719740806605895491132730002644703342590988870704270216263111582455439747693393143386709332867786074354316175442429049268384719429042385381266292736.000000000000000000 0 0.000000000000000000
neuron 3 1.000000000000000000 0.000000000000000000 0.000000000000000000 -253520909293379192293548717436414662402098725082839945236719740806605895491132730002644703342590988870704270216263111582455439747693393143386709332867786074354316175442429049268384719429042385381266292736.000000000000000000 0 0.000000000000000000
neuron 3 1.000000000000000000 0.000000000000000000 0.000000000000000000 -253520909293379192293548717436414662402098725082839945236719740806605895491132730002644703342590988870704270216263111582455439747693393143386709332867786074354316175442429049268384719429042385381266292736.000000000000000000 0 0.000000000000000000
neuron 3 1.000000000000000000 0.000000000000000000 0.000000000000000000 -253520909293379192293548717436414662402098725082839945236719740806605895491132730002644703342590988870704270216263111582455439747693393143386709332867786074354316175442429049268384719429042385381266292736.000000000000000000 0 0.000000000000000000
neuron 3 1.000000000000000000 0.000000000000000000 0.000000000000000000 -253520909293379192293548717436414662402098725082839945236719740806605895491132730002644703342590988870704270216263111582455439747693393143386709332867786074354316175442429049268384719429042385381266292736.000000000000000000 0 0.000000000000000000
neuron 3 1.000000000000000000 0.000000000000000000 0.000000000000000000 -253520909293379192293548717436414662402098725082839945236719740806605895491132730002644703342590988870704270216263111582455439747693393143386709332867786074354316175442429049268384719429042385381266292736.000000000000000000 0 0.000000000000000000
neuron 3 1.000000000000000000 0.000000000000000000 0.000000000000000000 -253520909293379192293548717436414662402098725082839945236719740806605895491132730002644703342590988870704270216263111582455439747693393143386709332867786074354316175442429049268384719429042385381266292736.000000000000000000 0 0.000000000000000000
neuron 3 1.000000000000000000 0.000000000000000000 0.000000000000000000 -253520909293379192293548717436414662402098725082839945236719740806605895491132730002644703342590988870704270216263111582455439747693393143386709332867786074354316175442429049268384719429042385381266292736.000000000000000000 0 0.000000000000000000
connection 8 22 4.244067324185126111 0 0.000000000000000000 -253520909293379192293548717436414662402098725082839945236719740806605895491132730002644703342590988870704270216263111582455439747693393143386709332867786074354316175442429049268384719429042385381266292736.000000000000000000
connection 9 23 3.566947420024648707 0 0.000000000000000000 -253520909293379192293548717436414662402098725082839945236719740806605895491132730002644703342590988870704270216263111582455439747693393143386709332867786074354316175442429049268384719429042385381266292736.000000000000000000
connection 9 24 2.901233623373214332 0 0.000000000000000000 -253520909293379192293548717436414662402098725082839945236719740806605895491132730002644703342590988870704270216263111582455439747693393143386709332867786074354316175442429049268384719429042385381266292736.000000000000000000
connection 9 22 3.842071491684146078 0 0.000000000000000000 -253520909293379192293548717436414662402098725082839945236719740806605895491132730002644703342590988870704270216263111582455439747693393143386709332867786074354316175442429049268384719429042385381266292736.000000000000000000
connection 10 23 3.165249928129984180 0 0.000000000000000000 -253520909293379192293548717436414662402098725082839945236719740806605895491132730002644703342590988870704270216263111582455439747693393143386709332867786074354316175442429049268384719429042385381266292736.000000000000000000
connection 10 25 2.062222487940421622 0 0.000000000000000000 -253520909293379192293548717436414662402098725082839945236719740806605895491132730002644703342590988870704270216263111582455439747693393143386709332867786074354316175442429049268384719429042385381266292736.000000000000000000
connection 10 24 2.501684323083901873 0 0.000000000000000000 -253520909293379192293548717436414662402098725082839945236719740806605895491132730002644703342590988870704270216263111582455439747693393143386709332867786074354316175442429049268384719429042385381266292736.000000000000000000
connection 10 22 3.323531297828841158 0 0.000000000000000000 -253520909293379192293548717436414662402098725082839945236719740806605895491132730002644703342590988870704270216263111582455439747693393143386709332867786074354316175442429049268384719429042385381266292736.000000000000000000
connection 11 23 2.642292250429646217 0 0.000000000000000000 -253520909293379192293548717436414662402098725082839945236719740806605895491132730002644703342590988870704270216263111582455439747693393143386709332867786074354316175442429049268384719429042385381266292736.000000000000000000
connection 11 25 1.684670426247280473 0 0.000000000000000000 -253520909293379192293548717436414662402098725082839945236719740806605895491132730002644703342590988870704270216263111582455439747693393143386709332867786074354316175442429049268384719429042385381266292736.000000000000000000
connection 11 24 1.979017542169947186 0 0.000000000000000000 -253520909293379192293548717436414662402098725082839945236719740806605895491132730002644703342590988870704270216263111582455439747693393143386709332867786074354316175442429049268384719429042385381266292736.000000000000000000
connection 11 22 2.694516361813374949 0 0.000000000000000000 -253520909293379192293548717436414662402098725082839945236719740806605895491132730002644703342590988870704270216263111582455439747693393143386709332867786074354316175442429049268384719429042385381266292736.000000000000000000
connection 12 23 2.001632124997557938 0 0.000000000000000000 -253520909293379192293548717436414662402098725082839945236719740806605895491132730002644703342590988870704270216263111582455439747693393143386709332867786074354316175442429049268384719429042385381266292736.000000000000000000
connection 12 25 1.185304497258351297 0 0.000000000000000000 -253520909293379192293548717436414662402098725082839945236719740806605895491132730002644703342590988870704270216263111582455439747693393143386709332867786074354316175442429049268384719429042385381266292736.000000000000000000
connection 12 24 1.336165968619327460 0 0.000000000000000000 -253520909293379192293548717436414662402098725082839945236719740806605895491132730002644703342590988870704270216263111582455439747693393143386709332867786074354316175442429049268384719429042385381266292736.000000000000000000
connection 12 22 1.986800651565494347 0 0.000000000000000000 -253520909293379192293548717436414662402098725082839945236719740806605895491132730002644703342590988870704270216263111582455439747693393143386709332867786074354316175442429049268384719429042385381266292736.000000000000000000
connection 13 23 1.271434598484285861 0 0.000000000000000000 -253520909293379192293548717436414662402098725082839945236719740806605895491132730002644703342590988870704270216263111582455439747693393143386709332867786074354316175442429049268384719429042385381266292736.000000000000000000
connection 13 25 0.565106598616049727 0 0.000000000000000000 -253520909293379192293548717436414662402098725082839945236719740806605895491132730002644703342590988870704270216263111582455439747693393143386709332867786074354316175442429049268384719429042385381266292736.000000000000000000
connection 13 24 0.599916759428945401 0 0.000000000000000000 -253520909293379192293548717436414662402098725082839945236719740806605895491132730002644703342590988870704270216263111582455439747693393143386709332867786074354316175442429049268384719429042385381266292736.000000000000000000
connection 22 23 3.408099740033938119 0 0.000000000000000000 -253520909293379192293548717436414662402098725082839945236719740806605895491132730002644703342590988870704270216263111582455439747693393143386709332867786074354316175442429049268384719429042385381266292736.000000000000000000
connection 22 22 2.176975064141570826 0 0.000000000000000000 -253520909293379192293548717436414662402098725082839945236719740806605895491132730002644703342590988870704270216263111582455439747693393143386709332867786074354316175442429049268384719429042385381266292736.000000000000000000
connection 23 14 -2.824954184152257408 0 0.000000000000000000 -253520909293379192293548717436414662402098725082839945236719740806605895491132730002644703342590988870704270216263111582455439747693393143386709332867786074354316175442429049268384719429042385381266292736.000000000000000000
connection 25 14 -2.212447316729959201 0 0.000000000000000000 -253520909293379192293548717436414662402098725082839945236719740806605895491132730002644703342590988870704270216263111582455439747693393143386709332867786074354316175442429049268384719429042385381266292736.000000000000000000
connection 25 15 -2.957024457480309731 0 0.000000000000000000 -253520909293379192293548717436414662402098725082839945236719740806605895491132730002644703342590988870704270216263111582455439747693393143386709332867786074354316175442429049268384719429042385381266292736.000000000000000000
connection 22 15 0.206003539774045230 0 0.000000000000000000 -253520909293379192293548717436414662402098725082839945236719740806605895491132730002644703342590988870704270216263111582455439747693393143386709332867786074354316175442429049268384719429042385381266292736.000000000000000000
connection 25 16 -3.601286552188058376 0 0.000000000000000000 -253520909293379192293548717436414662402098725082839945236719740806605895491132730002644703342590988870704270216263111582455439747693393143386709332867786074354316175442429049268384719429042385381266292736.000000000000000000
connection 22 16 -0.795321142693300120 0 0.000000000000000000 -253520909293379192293548717436414662402098725082839945236719740806605895491132730002644703342590988870704270216263111582455439747693393143386709332867786074354316175442429049268384719429042385381266292736.000000000000000000
connection 25 17 -4.146643806919419362 0 0.000000000000000000 -253520909293379192293548717436414662402098725082839945236719740806605895491132730002644703342590988870704270216263111582455439747693393143386709332867786074354316175442429049268384719429042385381266292736.000000000000000000
connection 22 17 -1.778288128589505135 0 0.000000000000000000 -253520909293379192293548717436414662402098725082839945236719740806605895491132730002644703342590988870704270216263111582455439747693393143386709332867786074354316175442429049268384719429042385381266292736.000000000000000000
connection 24 18 -1.040599134482583121 0 0.000000000000000000 -253520909293379192293548717436414662402098725082839945236719740806605895491132730002644703342590988870704270216263111582455439747693393143386709332867786074354316175442429049268384719429042385381266292736.000000000000000000
connection 22 18 -2.706818956568284307 0 0.000000000000000000 -253520909293379192293548717436414662402098725082839945236719740806605895491132730002644703342590988870704270216263111582455439747693393143386709332867786074354316175442429049268384719429042385381266292736.000000000000000000
connection 24 19 -1.992493455664376745 0 0.000000000000000000 -253520909293379192293548717436414662402098725082839945236719740806605895491132730002644703342590988870704270216263111582455439747693393143386709332867786074354316175442429049268384719429042385381266292736.000000000000000000
connection 22 19 -3.552028076997436390 0 0.000000000000000000 -253520909293379192293548717436414662402098725082839945236719740806605895491132730002644703342590988870704270216263111582455439747693393143386709332867786074354316175442429049268384719429042385381266292736.000000000000000000
connection 24 20 -2.899954539780657203 0 0.000000000000000000 -253520909293379192293548717436414662402098725082839945236719740806605895491132730002644703342590988870704270216263111582455439747693393143386709332867786074354316175442429049268384719429042385381266292736.000000000000000000
connection 22 20 -4.295688396819023147 0 0.000000000000000000 -253520909293379192293548717436414662402098725082839945236719740806605895491132730002644703342590988870704270216263111582455439747693393143386709332867786074354316175442429049268384719429042385381266292736.000000000000000000
connection 24 21 -3.734705806236024106 0 0.000000000000000000 -253520909293379192293548717436414662402098725082839945236719740806605895491132730002644703342590988870704270216263111582455439747693393143386709332867786074354316175442429049268384719429042385381266292736.000000000000000000
connection 22 21 -4.930846803984896276 0 0.000000000000000000 -253520909293379192293548717436414662402098725082839945236719740806605895491132730002644703342590988870704270216263111582455439747693393143386709332867786074354316175442429049268384719429042385381266292736.000000000000000000
NNend

