NNstart
14 8
neuron 1 1.000000000000000000 0.000000000000000000 0.000000000000000000 0.000000000000000000 11 0.000000000000000000
neuron 1 1.000000000000000000 0.000000000000000000 0.000000000000000000 0.000000000000000000 11 0.000000000000000000
neuron 1 1.000000000000000000 0.000000000000000000 0.000000000000000000 0.000000000000000000 11 0.000000000000000000
neuron 1 1.000000000000000000 0.000000000000000000 0.000000000000000000 0.000000000000000000 11 0.000000000000000000
neuron 1 1.000000000000000000 0.000000000000000000 0.000000000000000000 0.000000000000000000 11 0.000000000000000000
neuron 1 1.000000000000000000 0.000000000000000000 0.000000000000000000 0.000000000000000000 11 0.000000000000000000
neuron 1 1.000000000000000000 0.000000000000000000 0.000000000000000000 0.000000000000000000 11 0.000000000000000000
neuron 1 1.000000000000000000 0.000000000000000000 0.000000000000000000 0.000000000000000000 11 0.000000000000000000
neuron 1 1.000000000000000000 0.000000000000000000 0.000000000000000000 0.000000000000000000 11 0.000000000000000000
neuron 1 1.000000000000000000 0.000000000000000000 0.000000000000000000 0.000000000000000000 11 0.000000000000000000
neuron 1 1.000000000000000000 0.000000000000000000 0.000000000000000000 0.000000000000000000 11 0.000000000000000000
neuron 1 1.000000000000000000 0.000000000000000000 0.000000000000000000 0.000000000000000000 11 0.000000000000000000
neuron 1 1.000000000000000000 0.000000000000000000 0.000000000000000000 0.000000000000000000 11 0.000000000000000000
neuron 2 1.000000000000000000 0.000000000000000000 0.000000000000000000 0.000000000000000000 11 0.000000000000000000
neuron 4 1.000000000000000000 0.000000000000000000 0.000000000000000000 0.000000000000000000 1 0.000000000000000000
neuron 4 1.000000000000000000 0.000000000000000000 0.000000000000000000 0.000000000000000000 1 0.000000000000000000
neuron 4 1.000000000000000000 0.000000000000000000 0.000000000000000000 0.000000000000000000 1 0.000000000000000000
neuron 4 1.000000000000000000 0.000000000000000000 0.000000000000000000 0.000000000000000000 1 0.000000000000000000
neuron 4 1.000000000000000000 0.000000000000000000 0.000000000000000000 0.000000000000000000 1 0.000000000000000000
neuron 4 1.000000000000000000 0.000000000000000000 0.000000000000000000 0.000000000000000000 1 0.000000000000000000
neuron 4 1.000000000000000000 0.000000000000000000 0.000000000000000000 0.000000000000000000 1 0.000000000000000000
neuron 4 1.000000000000000000 0.000000000000000000 0.000000000000000000 0.000000000000000000 1 0.000000000000000000
neuron 3 1.000000000000000000 0.000000000000000000 0.000000000000000000 0.000000000000000000 0 0.000000000000000000
neuron 3 1.000000000000000000 0.000000000000000000 0.000000000000000000 0.000000000000000000 0 0.000000000000000000
neuron 3 1.000000000000000000 0.000000000000000000 0.000000000000000000 0.000000000000000000 0 0.000000000000000000
neuron 3 1.000000000000000000 0.000000000000000000 0.000000000000000000 0.000000000000000000 0 0.000000000000000000
neuron 3 1.000000000000000000 0.000000000000000000 0.000000000000000000 0.000000000000000000 0 0.000000000000000000
neuron 3 1.000000000000000000 0.000000000000000000 0.000000000000000000 0.000000000000000000 0 0.000000000000000000
neuron 3 1.000000000000000000 0.000000000000000000 0.000000000000000000 0.000000000000000000 0 0.000000000000000000
neuron 3 1.000000000000000000 0.000000000000000000 0.000000000000000000 0.000000000000000000 0 0.000000000000000000
neuron 3 1.000000000000000000 0.000000000000000000 0.000000000000000000 0.000000000000000000 0 0.000000000000000000
neuron 3 1.000000000000000000 0.000000000000000000 0.000000000000000000 0.000000000000000000 0 0.000000000000000000
neuron 3 1.000000000000000000 0.000000000000000000 0.000000000000000000 0.000000000000000000 0 0.000000000000000000
neuron 3 1.000000000000000000 0.000000000000000000 0.000000000000000000 0.000000000000000000 0 0.000000000000000000
neuron 3 1.000000000000000000 0.000000000000000000 0.000000000000000000 0.000000000000000000 0 0.000000000000000000
neuron 3 1.000000000000000000 0.000000000000000000 0.000000000000000000 0.000000000000000000 0 0.000000000000000000
neuron 3 1.000000000000000000 0.000000000000000000 0.000000000000000000 0.000000000000000000 0 0.000000000000000000
neuron 3 1.000000000000000000 0.000000000000000000 0.000000000000000000 0.000000000000000000 0 0.000000000000000000
neuron 3 1.000000000000000000 0.000000000000000000 0.000000000000000000 0.000000000000000000 0 0.000000000000000000
neuron 3 1.000000000000000000 0.000000000000000000 0.000000000000000000 0.000000000000000000 0 0.000000000000000000
neuron 3 1.000000000000000000 0.000000000000000000 0.000000000000000000 0.000000000000000000 0 0.000000000000000000
neuron 3 1.000000000000000000 0.000000000000000000 0.000000000000000000 0.000000000000000000 0 0.000000000000000000
neuron 3 1.000000000000000000 0.000000000000000000 0.000000000000000000 0.000000000000000000 0 0.000000000000000000
neuron 3 1.000000000000000000 0.000000000000000000 0.000000000000000000 0.000000000000000000 0 0.000000000000000000
neuron 3 1.000000000000000000 0.000000000000000000 0.000000000000000000 0.000000000000000000 0 0.000000000000000000
neuron 3 1.000000000000000000 0.000000000000000000 0.000000000000000000 0.000000000000000000 0 0.000000000000000000
neuron 3 1.000000000000000000 0.000000000000000000 0.000000000000000000 0.000000000000000000 0 0.000000000000000000
neuron 3 1.000000000000000000 0.000000000000000000 0.000000000000000000 0.000000000000000000 0 0.000000000000000000
neuron 3 1.000000000000000000 0.000000000000000000 0.000000000000000000 0.000000000000000000 0 0.000000000000000000
neuron 3 1.000000000000000000 0.000000000000000000 0.000000000000000000 0.000000000000000000 0 0.000000000000000000
neuron 3 1.000000000000000000 0.000000000000000000 0.000000000000000000 0.000000000000000000 0 0.000000000000000000
neuron 3 1.000000000000000000 0.000000000000000000 0.000000000000000000 0.000000000000000000 0 0.000000000000000000
neuron 3 1.000000000000000000 0.000000000000000000 0.000000000000000000 0.000000000000000000 0 0.000000000000000000
neuron 3 1.000000000000000000 0.000000000000000000 0.000000000000000000 0.000000000000000000 0 0.000000000000000000
neuron 3 1.000000000000000000 0.000000000000000000 0.000000000000000000 0.000000000000000000 0 0.000000000000000000
neuron 3 1.000000000000000000 0.000000000000000000 0.000000000000000000 0.000000000000000000 0 0.000000000000000000
neuron 3 1.000000000000000000 0.000000000000000000 0.000000000000000000 0.000000000000000000 0 0.000000000000000000
neuron 3 1.000000000000000000 0.000000000000000000 0.000000000000000000 0.000000000000000000 0 0.000000000000000000
neuron 3 1.000000000000000000 0.000000000000000000 0.000000000000000000 0.000000000000000000 0 0.000000000000000000
neuron 3 1.000000000000000000 0.000000000000000000 0.000000000000000000 0.000000000000000000 0 0.000000000000000000
neuron 3 1.000000000000000000 0.000000000000000000 0.000000000000000000 0.000000000000000000 0 0.000000000000000000
neuron 3 1.000000000000000000 0.000000000000000000 0.000000000000000000 0.000000000000000000 0 0.000000000000000000
neuron 3 1.000000000000000000 0.000000000000000000 0.000000000000000000 0.000000000000000000 0 0.000000000000000000
neuron 3 1.000000000000000000 0.000000000000000000 0.000000000000000000 0.000000000000000000 0 0.000000000000000000
neuron 3 1.000000000000000000 0.000000000000000000 0.000000000000000000 0.000000000000000000 0 0.000000000000000000
neuron 3 1.000000000000000000 0.000000000000000000 0.000000000000000000 0.000000000000000000 0 0.000000000000000000
neuron 3 1.000000000000000000 0.000000000000000000 0.000000000000000000 0.000000000000000000 0 0.000000000000000000
neuron 3 1.000000000000000000 0.000000000000000000 0.000000000000000000 0.000000000000000000 0 0.000000000000000000
neuron 3 1.000000000000000000 0.000000000000000000 0.000000000000000000 0.000000000000000000 0 0.000000000000000000
neuron 3 1.000000000000000000 0.000000000000000000 0.000000000000000000 0.000000000000000000 0 0.000000000000000000
neuron 3 1.000000000000000000 0.000000000000000000 0.000000000000000000 0.000000000000000000 0 0.000000000000000000
neuron 3 1.000000000000000000 0.000000000000000000 0.000000000000000000 0.000000000000000000 0 0.000000000000000000
neuron 3 1.000000000000000000 0.000000000000000000 0.000000000000000000 0.000000000000000000 0 0.000000000000000000
neuron 3 1.000000000000000000 0.000000000000000000 0.000000000000000000 0.000000000000000000 0 0.000000000000000000
neuron 3 1.000000000000000000 0.000000000000000000 0.000000000000000000 0.000000000000000000 0 0.000000000000000000
neuron 3 1.000000000000000000 0.000000000000000000 0.000000000000000000 0.000000000000000000 0 0.000000000000000000
neuron 3 1.000000000000000000 0.000000000000000000 0.000000000000000000 0.000000000000000000 0 0.000000000000000000
neuron 3 1.000000000000000000 0.000000000000000000 0.000000000000000000 0.000000000000000000 0 0.000000000000000000
neuron 3 1.000000000000000000 0.000000000000000000 0.000000000000000000 0.000000000000000000 0 0.000000000000000000
neuron 3 1.000000000000000000 0.000000000000000000 0.000000000000000000 0.000000000000000000 0 0.000000000000000000
neuron 3 1.000000000000000000 0.000000000000000000 0.000000000000000000 0.000000000000000000 0 0.000000000000000000
neuron 3 1.000000000000000000 0.000000000000000000 0.000000000000000000 0.000000000000000000 0 0.000000000000000000
neuron 3 1.000000000000000000 0.000000000000000000 0.000000000000000000 0.000000000000000000 0 0.000000000000000000
neuron 3 1.000000000000000000 0.000000000000000000 0.000000000000000000 0.000000000000000000 0 0.000000000000000000
neuron 3 1.000000000000000000 0.000000000000000000 0.000000000000000000 0.000000000000000000 0 0.000000000000000000
neuron 3 1.000000000000000000 0.000000000000000000 0.000000000000000000 0.000000000000000000 0 0.000000000000000000
neuron 3 1.000000000000000000 0.000000000000000000 0.000000000000000000 0.000000000000000000 0 0.000000000000000000
neuron 3 1.000000000000000000 0.000000000000000000 0.000000000000000000 0.000000000000000000 0 0.000000000000000000
neuron 3 1.000000000000000000 0.000000000000000000 0.000000000000000000 0.000000000000000000 0 0.000000000000000000
neuron 3 1.000000000000000000 0.000000000000000000 0.000000000000000000 0.000000000000000000 0 0.000000000000000000
neuron 3 1.000000000000000000 0.000000000000000000 0.000000000000000000 0.000000000000000000 0 0.000000000000000000
neuron 3 1.000000000000000000 0.000000000000000000 0.000000000000000000 0.000000000000000000 0 0.000000000000000000
neuron 3 1.000000000000000000 0.000000000000000000 0.000000000000000000 0.000000000000000000 0 0.000000000000000000
neuron 3 1.000000000000000000 0.000000000000000000 0.000000000000000000 0.000000000000000000 0 0.000000000000000000
neuron 3 1.000000000000000000 0.000000000000000000 0.000000000000000000 0.000000000000000000 0 0.000000000000000000
neuron 3 1.000000000000000000 0.000000000000000000 0.000000000000000000 0.000000000000000000 0 0.000000000000000000
neuron 3 1.000000000000000000 0.000000000000000000 0.000000000000000000 0.000000000000000000 0 0.000000000000000000
connection 0 22 8.000000000000000000 0 0.000000000000000000 0.000000000000000000
connection 0 23 8.000000000000000000 0 0.000000000000000000 0.000000000000000000
connection 0 24 8.000000000000000000 0 0.000000000000000000 0.000000000000000000
connection 0 25 8.000000000000000000 0 0.000000000000000000 0.000000000000000000
connection 0 26 8.000000000000000000 0 0.000000000000000000 0.000000000000000000
connection 0 27 8.000000000000000000 0 0.000000000000000000 0.000000000000000000
connection 0 28 8.000000000000000000 0 0.000000000000000000 0.000000000000000000
connection 0 29 8.000000000000000000 0 0.000000000000000000 0.000000000000000000
connection 0 30 8.000000000000000000 0 0.000000000000000000 0.000000000000000000
connection 0 31 8.000000000000000000 0 0.000000000000000000 0.000000000000000000
connection 0 32 8.000000000000000000 0 0.000000000000000000 0.000000000000000000
connection 0 33 8.000000000000000000 0 0.000000000000000000 0.000000000000000000
connection 0 34 8.000000000000000000 0 0.000000000000000000 0.000000000000000000
connection 0 35 8.000000000000000000 0 0.000000000000000000 0.000000000000000000
connection 0 36 8.000000000000000000 0 0.000000000000000000 0.000000000000000000
connection 1 37 8.000000000000000000 0 0.000000000000000000 0.000000000000000000
connection 1 25 8.000000000000000000 0 0.000000000000000000 0.000000000000000000
connection 1 38 8.000000000000000000 0 0.000000000000000000 0.000000000000000000
connection 1 39 8.000000000000000000 0 0.000000000000000000 0.000000000000000000
connection 1 40 8.000000000000000000 0 0.000000000000000000 0.000000000000000000
connection 1 26 8.000000000000000000 0 0.000000000000000000 0.000000000000000000
connection 1 27 8.000000000000000000 0 0.000000000000000000 0.000000000000000000
connection 1 28 8.000000000000000000 0 0.000000000000000000 0.000000000000000000
connection 1 29 8.000000000000000000 0 0.000000000000000000 0.000000000000000000
connection 1 30 8.000000000000000000 0 0.000000000000000000 0.000000000000000000
connection 1 41 8.000000000000000000 0 0.000000000000000000 0.000000000000000000
connection 1 34 8.000000000000000000 0 0.000000000000000000 0.000000000000000000
connection 1 35 8.000000000000000000 0 0.000000000000000000 0.000000000000000000
connection 1 36 8.000000000000000000 0 0.000000000000000000 0.000000000000000000
connection 2 42 8.000000000000000000 0 0.000000000000000000 0.000000000000000000
connection 2 26 8.000000000000000000 0 0.000000000000000000 0.000000000000000000
connection 2 27 8.000000000000000000 0 0.000000000000000000 0.000000000000000000
connection 2 28 8.000000000000000000 0 0.000000000000000000 0.000000000000000000
connection 2 29 8.000000000000000000 0 0.000000000000000000 0.000000000000000000
connection 2 30 8.000000000000000000 0 0.000000000000000000 0.000000000000000000
connection 2 41 8.000000000000000000 0 0.000000000000000000 0.000000000000000000
connection 2 34 8.000000000000000000 0 0.000000000000000000 0.000000000000000000
connection 2 35 8.000000000000000000 0 0.000000000000000000 0.000000000000000000
connection 2 36 8.000000000000000000 0 0.000000000000000000 0.000000000000000000
connection 3 42 8.000000000000000000 0 0.000000000000000000 0.000000000000000000
connection 3 26 8.000000000000000000 0 0.000000000000000000 0.000000000000000000
connection 3 27 8.000000000000000000 0 0.000000000000000000 0.000000000000000000
connection 3 28 8.000000000000000000 0 0.000000000000000000 0.000000000000000000
connection 3 29 8.000000000000000000 0 0.000000000000000000 0.000000000000000000
connection 3 30 8.000000000000000000 0 0.000000000000000000 0.000000000000000000
connection 3 41 8.000000000000000000 0 0.000000000000000000 0.000000000000000000
connection 3 34 8.000000000000000000 0 0.000000000000000000 0.000000000000000000
connection 3 35 8.000000000000000000 0 0.000000000000000000 0.000000000000000000
connection 3 36 8.000000000000000000 0 0.000000000000000000 0.000000000000000000
connection 4 42 8.000000000000000000 0 0.000000000000000000 0.000000000000000000
connection 4 26 8.000000000000000000 0 0.000000000000000000 0.000000000000000000
connection 4 27 8.000000000000000000 0 0.000000000000000000 0.000000000000000000
connection 4 28 8.000000000000000000 0 0.000000000000000000 0.000000000000000000
connection 4 29 8.000000000000000000 0 0.000000000000000000 0.000000000000000000
connection 4 30 8.000000000000000000 0 0.000000000000000000 0.000000000000000000
connection 4 41 8.000000000000000000 0 0.000000000000000000 0.000000000000000000
connection 4 43 8.000000000000000000 0 0.000000000000000000 0.000000000000000000
connection 4 34 8.000000000000000000 0 0.000000000000000000 0.000000000000000000
connection 4 44 8.000000000000000000 0 0.000000000000000000 0.000000000000000000
connection 4 35 8.000000000000000000 0 0.000000000000000000 0.000000000000000000
connection 4 36 8.000000000000000000 0 0.000000000000000000 0.000000000000000000
connection 4 45 8.000000000000000000 0 0.000000000000000000 0.000000000000000000
connection 4 46 8.000000000000000000 0 0.000000000000000000 0.000000000000000000
connection 5 42 8.000000000000000000 0 0.000000000000000000 0.000000000000000000
connection 5 26 8.000000000000000000 0 0.000000000000000000 0.000000000000000000
connection 5 27 8.000000000000000000 0 0.000000000000000000 0.000000000000000000
connection 5 28 8.000000000000000000 0 0.000000000000000000 0.000000000000000000
connection 5 29 8.000000000000000000 0 0.000000000000000000 0.000000000000000000
connection 5 30 8.000000000000000000 0 0.000000000000000000 0.000000000000000000
connection 5 41 8.000000000000000000 0 0.000000000000000000 0.000000000000000000
connection 5 47 8.000000000000000000 0 0.000000000000000000 0.000000000000000000
connection 5 35 8.000000000000000000 0 0.000000000000000000 0.000000000000000000
connection 5 48 8.000000000000000000 0 0.000000000000000000 0.000000000000000000
connection 5 36 8.000000000000000000 0 0.000000000000000000 0.000000000000000000
connection 5 49 8.000000000000000000 0 0.000000000000000000 0.000000000000000000
connection 5 50 8.000000000000000000 0 0.000000000000000000 0.000000000000000000
connection 5 45 8.000000000000000000 0 0.000000000000000000 0.000000000000000000
connection 5 46 8.000000000000000000 0 0.000000000000000000 0.000000000000000000
connection 5 51 8.000000000000000000 0 0.000000000000000000 0.000000000000000000
connection 5 52 8.000000000000000000 0 0.000000000000000000 0.000000000000000000
connection 6 42 8.000000000000000000 0 0.000000000000000000 0.000000000000000000
connection 6 26 8.000000000000000000 0 0.000000000000000000 0.000000000000000000
connection 6 27 8.000000000000000000 0 0.000000000000000000 0.000000000000000000
connection 6 28 8.000000000000000000 0 0.000000000000000000 0.000000000000000000
connection 6 29 8.000000000000000000 0 0.000000000000000000 0.000000000000000000
connection 6 30 8.000000000000000000 0 0.000000000000000000 0.000000000000000000
connection 6 41 8.000000000000000000 0 0.000000000000000000 0.000000000000000000
connection 6 53 8.000000000000000000 0 0.000000000000000000 0.000000000000000000
connection 6 45 8.000000000000000000 0 0.000000000000000000 0.000000000000000000
connection 6 46 8.000000000000000000 0 0.000000000000000000 0.000000000000000000
connection 6 51 8.000000000000000000 0 0.000000000000000000 0.000000000000000000
connection 6 52 8.000000000000000000 0 0.000000000000000000 0.000000000000000000
connection 6 54 8.000000000000000000 0 0.000000000000000000 0.000000000000000000
connection 7 42 8.000000000000000000 0 0.000000000000000000 0.000000000000000000
connection 7 26 8.000000000000000000 0 0.000000000000000000 0.000000000000000000
connection 7 27 8.000000000000000000 0 0.000000000000000000 0.000000000000000000
connection 7 28 8.000000000000000000 0 0.000000000000000000 0.000000000000000000
connection 7 29 8.000000000000000000 0 0.000000000000000000 0.000000000000000000
connection 7 30 8.000000000000000000 0 0.000000000000000000 0.000000000000000000
connection 7 41 8.000000000000000000 0 0.000000000000000000 0.000000000000000000
connection 7 53 8.000000000000000000 0 0.000000000000000000 0.000000000000000000
connection 7 45 8.000000000000000000 0 0.000000000000000000 0.000000000000000000
connection 7 46 8.000000000000000000 0 0.000000000000000000 0.000000000000000000
connection 7 51 8.000000000000000000 0 0.000000000000000000 0.000000000000000000
connection 7 52 8.000000000000000000 0 0.000000000000000000 0.000000000000000000
connection 7 54 8.000000000000000000 0 0.000000000000000000 0.000000000000000000
connection 8 42 8.000000000000000000 0 0.000000000000000000 0.000000000000000000
connection 8 26 8.000000000000000000 0 0.000000000000000000 0.000000000000000000
connection 8 27 8.000000000000000000 0 0.000000000000000000 0.000000000000000000
connection 8 28 8.000000000000000000 0 0.000000000000000000 0.000000000000000000
connection 8 29 8.000000000000000000 0 0.000000000000000000 0.000000000000000000
connection 8 30 8.000000000000000000 0 0.000000000000000000 0.000000000000000000
connection 8 41 8.000000000000000000 0 0.000000000000000000 0.000000000000000000
connection 8 53 8.000000000000000000 0 0.000000000000000000 0.000000000000000000
connection 8 45 8.000000000000000000 0 0.000000000000000000 0.000000000000000000
connection 8 46 8.000000000000000000 0 0.000000000000000000 0.000000000000000000
connection 8 52 8.000000000000000000 0 0.000000000000000000 0.000000000000000000
connection 8 54 8.000000000000000000 0 0.000000000000000000 0.000000000000000000
connection 9 42 8.000000000000000000 0 0.000000000000000000 0.000000000000000000
connection 9 55 -8.000000000000000000 0 0.000000000000000000 0.000000000000000000
connection 9 56 -8.000000000000000000 0 0.000000000000000000 0.000000000000000000
connection 9 27 8.000000000000000000 0 0.000000000000000000 0.000000000000000000
connection 9 28 8.000000000000000000 0 0.000000000000000000 0.000000000000000000
connection 9 29 8.000000000000000000 0 0.000000000000000000 0.000000000000000000
connection 9 30 8.000000000000000000 0 0.000000000000000000 0.000000000000000000
connection 9 41 8.000000000000000000 0 0.000000000000000000 0.000000000000000000
connection 9 53 8.000000000000000000 0 0.000000000000000000 0.000000000000000000
connection 9 45 8.000000000000000000 0 0.000000000000000000 0.000000000000000000
connection 9 46 8.000000000000000000 0 0.000000000000000000 0.000000000000000000
connection 9 52 8.000000000000000000 0 0.000000000000000000 0.000000000000000000
connection 9 54 8.000000000000000000 0 0.000000000000000000 0.000000000000000000
connection 10 42 8.000000000000000000 0 0.000000000000000000 0.000000000000000000
connection 10 55 -8.000000000000000000 0 0.000000000000000000 0.000000000000000000
connection 10 56 -8.000000000000000000 0 0.000000000000000000 0.000000000000000000
connection 10 28 8.000000000000000000 0 0.000000000000000000 0.000000000000000000
connection 10 29 8.000000000000000000 0 0.000000000000000000 0.000000000000000000
connection 10 30 8.000000000000000000 0 0.000000000000000000 0.000000000000000000
connection 10 41 8.000000000000000000 0 0.000000000000000000 0.000000000000000000
connection 10 53 8.000000000000000000 0 0.000000000000000000 0.000000000000000000
connection 10 46 8.000000000000000000 0 0.000000000000000000 0.000000000000000000
connection 10 52 8.000000000000000000 0 0.000000000000000000 0.000000000000000000
connection 10 54 8.000000000000000000 0 0.000000000000000000 0.000000000000000000
connection 11 57 -8.000000000000000000 0 0.000000000000000000 0.000000000000000000
connection 11 58 -8.000000000000000000 0 0.000000000000000000 0.000000000000000000
connection 11 29 8.000000000000000000 0 0.000000000000000000 0.000000000000000000
connection 11 30 8.000000000000000000 0 0.000000000000000000 0.000000000000000000
connection 11 41 8.000000000000000000 0 0.000000000000000000 0.000000000000000000
connection 11 53 8.000000000000000000 0 0.000000000000000000 0.000000000000000000
connection 11 46 8.000000000000000000 0 0.000000000000000000 0.000000000000000000
connection 11 52 8.000000000000000000 0 0.000000000000000000 0.000000000000000000
connection 12 37 8.000000000000000000 0 0.000000000000000000 0.000000000000000000
connection 12 59 8.000000000000000000 0 0.000000000000000000 0.000000000000000000
connection 12 40 8.000000000000000000 0 0.000000000000000000 0.000000000000000000
connection 12 60 8.000000000000000000 0 0.000000000000000000 0.000000000000000000
connection 12 61 -8.000000000000000000 0 0.000000000000000000 0.000000000000000000
connection 12 57 -8.000000000000000000 0 0.000000000000000000 0.000000000000000000
connection 12 58 -8.000000000000000000 0 0.000000000000000000 0.000000000000000000
connection 12 53 8.000000000000000000 0 0.000000000000000000 0.000000000000000000
connection 12 62 8.000000000000000000 0 0.000000000000000000 0.000000000000000000
connection 12 63 8.000000000000000000 0 0.000000000000000000 0.000000000000000000
connection 12 64 8.000000000000000000 0 0.000000000000000000 0.000000000000000000
connection 12 52 8.000000000000000000 0 0.000000000000000000 0.000000000000000000
connection 13 37 8.000000000000000000 0 0.000000000000000000 0.000000000000000000
connection 13 59 8.000000000000000000 0 0.000000000000000000 0.000000000000000000
connection 13 40 8.000000000000000000 0 0.000000000000000000 0.000000000000000000
connection 13 61 -8.000000000000000000 0 0.000000000000000000 0.000000000000000000
connection 13 57 -8.000000000000000000 0 0.000000000000000000 0.000000000000000000
connection 13 58 -8.000000000000000000 0 0.000000000000000000 0.000000000000000000
connection 13 53 8.000000000000000000 0 0.000000000000000000 0.000000000000000000
connection 13 62 8.000000000000000000 0 0.000000000000000000 0.000000000000000000
connection 13 63 8.000000000000000000 0 0.000000000000000000 0.000000000000000000
connection 13 64 8.000000000000000000 0 0.000000000000000000 0.000000000000000000
connection 13 52 8.000000000000000000 0 0.000000000000000000 0.000000000000000000
connection 22 53 -8.000000000000000000 0 0.000000000000000000 0.000000000000000000
connection 28 42 8.000000000000000000 0 0.000000000000000000 0.000000000000000000
connection 28 58 -8.000000000000000000 0 0.000000000000000000 0.000000000000000000
connection 23 53 -8.000000000000000000 0 0.000000000000000000 0.000000000000000000
connection 24 53 -8.000000000000000000 0 0.000000000000000000 0.000000000000000000
connection 25 42 -8.000000000000000000 0 0.000000000000000000 0.000000000000000000
connection 25 53 -8.000000000000000000 0 0.000000000000000000 0.000000000000000000
connection 25 67 -8.000000000000000000 0 0.000000000000000000 0.000000000000000000
connection 25 46 -8.000000000000000000 0 0.000000000000000000 0.000000000000000000
connection 25 51 -8.000000000000000000 0 0.000000000000000000 0.000000000000000000
connection 25 52 -8.000000000000000000 0 0.000000000000000000 0.000000000000000000
connection 26 42 -8.000000000000000000 0 0.000000000000000000 0.000000000000000000
connection 26 28 -8.000000000000000000 0 0.000000000000000000 0.000000000000000000
connection 26 58 -8.000000000000000000 0 0.000000000000000000 0.000000000000000000
connection 26 31 -8.000000000000000000 0 0.000000000000000000 0.000000000000000000
connection 26 71 -8.000000000000000000 0 0.000000000000000000 0.000000000000000000
connection 26 47 -8.000000000000000000 0 0.000000000000000000 0.000000000000000000
connection 26 45 -8.000000000000000000 0 0.000000000000000000 0.000000000000000000
connection 26 46 -8.000000000000000000 0 0.000000000000000000 0.000000000000000000
connection 27 37 -8.000000000000000000 0 0.000000000000000000 0.000000000000000000
connection 27 78 -8.000000000000000000 0 0.000000000000000000 0.000000000000000000
connection 27 79 -8.000000000000000000 0 0.000000000000000000 0.000000000000000000
connection 51 80 -8.000000000000000000 0 0.000000000000000000 0.000000000000000000
connection 51 39 -8.000000000000000000 0 0.000000000000000000 0.000000000000000000
connection 51 40 -8.000000000000000000 0 0.000000000000000000 0.000000000000000000
connection 51 81 -8.000000000000000000 0 0.000000000000000000 0.000000000000000000
connection 29 42 8.000000000000000000 0 0.000000000000000000 0.000000000000000000
connection 29 79 -8.000000000000000000 0 0.000000000000000000 0.000000000000000000
connection 29 53 8.000000000000000000 0 0.000000000000000000 0.000000000000000000
connection 29 67 8.000000000000000000 0 0.000000000000000000 0.000000000000000000
connection 29 46 8.000000000000000000 0 0.000000000000000000 0.000000000000000000
connection 29 51 8.000000000000000000 0 0.000000000000000000 0.000000000000000000
connection 29 52 8.000000000000000000 0 0.000000000000000000 0.000000000000000000
connection 29 54 8.000000000000000000 0 0.000000000000000000 0.000000000000000000
connection 33 85 -8.000000000000000000 0 0.000000000000000000 0.000000000000000000
connection 33 39 -8.000000000000000000 0 0.000000000000000000 0.000000000000000000
connection 33 81 -8.000000000000000000 0 0.000000000000000000 0.000000000000000000
connection 33 28 -8.000000000000000000 0 0.000000000000000000 0.000000000000000000
connection 30 42 8.000000000000000000 0 0.000000000000000000 0.000000000000000000
connection 31 42 -8.000000000000000000 0 0.000000000000000000 0.000000000000000000
connection 31 29 -8.000000000000000000 0 0.000000000000000000 0.000000000000000000
connection 31 32 -8.000000000000000000 0 0.000000000000000000 0.000000000000000000
connection 31 45 -8.000000000000000000 0 0.000000000000000000 0.000000000000000000
connection 31 46 -8.000000000000000000 0 0.000000000000000000 0.000000000000000000
connection 32 37 -8.000000000000000000 0 0.000000000000000000 0.000000000000000000
connection 32 85 -8.000000000000000000 0 0.000000000000000000 0.000000000000000000
connection 32 86 -8.000000000000000000 0 0.000000000000000000 0.000000000000000000
connection 32 78 -8.000000000000000000 0 0.000000000000000000 0.000000000000000000
connection 32 28 -8.000000000000000000 0 0.000000000000000000 0.000000000000000000
connection 34 29 -8.000000000000000000 0 0.000000000000000000 0.000000000000000000
connection 34 32 -8.000000000000000000 0 0.000000000000000000 0.000000000000000000
connection 35 42 8.000000000000000000 0 0.000000000000000000 0.000000000000000000
connection 35 28 -8.000000000000000000 0 0.000000000000000000 0.000000000000000000
connection 48 37 8.000000000000000000 0 0.000000000000000000 0.000000000000000000
connection 48 29 -8.000000000000000000 0 0.000000000000000000 0.000000000000000000
connection 48 32 -8.000000000000000000 0 0.000000000000000000 0.000000000000000000
connection 36 42 8.000000000000000000 0 0.000000000000000000 0.000000000000000000
connection 36 28 -8.000000000000000000 0 0.000000000000000000 0.000000000000000000
connection 36 67 8.000000000000000000 0 0.000000000000000000 0.000000000000000000
connection 36 46 8.000000000000000000 0 0.000000000000000000 0.000000000000000000
connection 36 51 8.000000000000000000 0 0.000000000000000000 0.000000000000000000
connection 36 52 8.000000000000000000 0 0.000000000000000000 0.000000000000000000
connection 36 54 8.000000000000000000 0 0.000000000000000000 0.000000000000000000
connection 44 23 -8.000000000000000000 0 0.000000000000000000 0.000000000000000000
connection 44 29 -8.000000000000000000 0 0.000000000000000000 0.000000000000000000
connection 44 32 -8.000000000000000000 0 0.000000000000000000 0.000000000000000000
connection 44 53 8.000000000000000000 0 0.000000000000000000 0.000000000000000000
connection 37 53 -8.000000000000000000 0 0.000000000000000000 0.000000000000000000
connection 38 43 -8.000000000000000000 0 0.000000000000000000 0.000000000000000000
connection 38 44 -8.000000000000000000 0 0.000000000000000000 0.000000000000000000
connection 38 88 -8.000000000000000000 0 0.000000000000000000 0.000000000000000000
connection 38 50 -8.000000000000000000 0 0.000000000000000000 0.000000000000000000
connection 38 67 -8.000000000000000000 0 0.000000000000000000 0.000000000000000000
connection 38 46 -8.000000000000000000 0 0.000000000000000000 0.000000000000000000
connection 38 52 -8.000000000000000000 0 0.000000000000000000 0.000000000000000000
connection 38 54 8.000000000000000000 0 0.000000000000000000 0.000000000000000000
connection 38 90 8.000000000000000000 0 0.000000000000000000 0.000000000000000000
connection 39 53 -8.000000000000000000 0 0.000000000000000000 0.000000000000000000
connection 61 42 -8.000000000000000000 0 0.000000000000000000 0.000000000000000000
connection 61 58 -8.000000000000000000 0 0.000000000000000000 0.000000000000000000
connection 61 31 -8.000000000000000000 0 0.000000000000000000 0.000000000000000000
connection 61 71 -8.000000000000000000 0 0.000000000000000000 0.000000000000000000
connection 61 47 -8.000000000000000000 0 0.000000000000000000 0.000000000000000000
connection 61 91 8.000000000000000000 0 0.000000000000000000 0.000000000000000000
connection 61 45 -8.000000000000000000 0 0.000000000000000000 0.000000000000000000
connection 61 62 -8.000000000000000000 0 0.000000000000000000 0.000000000000000000
connection 61 63 -8.000000000000000000 0 0.000000000000000000 0.000000000000000000
connection 40 53 -8.000000000000000000 0 0.000000000000000000 0.000000000000000000
connection 45 47 -8.000000000000000000 0 0.000000000000000000 0.000000000000000000
connection 45 92 -8.000000000000000000 0 0.000000000000000000 0.000000000000000000
connection 41 37 -8.000000000000000000 0 0.000000000000000000 0.000000000000000000
connection 41 85 -8.000000000000000000 0 0.000000000000000000 0.000000000000000000
connection 41 78 -8.000000000000000000 0 0.000000000000000000 0.000000000000000000
connection 41 28 -8.000000000000000000 0 0.000000000000000000 0.000000000000000000
connection 42 53 -8.000000000000000000 0 0.000000000000000000 0.000000000000000000
connection 43 22 -8.000000000000000000 0 0.000000000000000000 0.000000000000000000
connection 43 23 -8.000000000000000000 0 0.000000000000000000 0.000000000000000000
connection 43 39 -8.000000000000000000 0 0.000000000000000000 0.000000000000000000
connection 43 81 -8.000000000000000000 0 0.000000000000000000 0.000000000000000000
connection 43 53 8.000000000000000000 0 0.000000000000000000 0.000000000000000000
connection 46 80 -8.000000000000000000 0 0.000000000000000000 0.000000000000000000
connection 46 38 -8.000000000000000000 0 0.000000000000000000 0.000000000000000000
connection 46 78 -8.000000000000000000 0 0.000000000000000000 0.000000000000000000
connection 46 53 8.000000000000000000 0 0.000000000000000000 0.000000000000000000
connection 46 67 -8.000000000000000000 0 0.000000000000000000 0.000000000000000000
connection 46 62 -8.000000000000000000 0 0.000000000000000000 0.000000000000000000
connection 46 51 -8.000000000000000000 0 0.000000000000000000 0.000000000000000000
connection 46 54 8.000000000000000000 0 0.000000000000000000 0.000000000000000000
connection 46 90 8.000000000000000000 0 0.000000000000000000 0.000000000000000000
connection 63 38 -8.000000000000000000 0 0.000000000000000000 0.000000000000000000
connection 63 78 -8.000000000000000000 0 0.000000000000000000 0.000000000000000000
connection 63 53 8.000000000000000000 0 0.000000000000000000 0.000000000000000000
connection 63 67 -8.000000000000000000 0 0.000000000000000000 0.000000000000000000
connection 63 62 -8.000000000000000000 0 0.000000000000000000 0.000000000000000000
connection 47 23 -8.000000000000000000 0 0.000000000000000000 0.000000000000000000
connection 47 53 8.000000000000000000 0 0.000000000000000000 0.000000000000000000
connection 49 37 8.000000000000000000 0 0.000000000000000000 0.000000000000000000
connection 49 85 -8.000000000000000000 0 0.000000000000000000 0.000000000000000000
connection 49 28 -8.000000000000000000 0 0.000000000000000000 0.000000000000000000
connection 49 29 -8.000000000000000000 0 0.000000000000000000 0.000000000000000000
connection 49 32 -8.000000000000000000 0 0.000000000000000000 0.000000000000000000
connection 49 67 8.000000000000000000 0 0.000000000000000000 0.000000000000000000
connection 49 46 8.000000000000000000 0 0.000000000000000000 0.000000000000000000
connection 49 51 8.000000000000000000 0 0.000000000000000000 0.000000000000000000
connection 49 52 8.000000000000000000 0 0.000000000000000000 0.000000000000000000
connection 50 22 -8.000000000000000000 0 0.000000000000000000 0.000000000000000000
connection 50 53 8.000000000000000000 0 0.000000000000000000 0.000000000000000000
connection 52 38 -8.000000000000000000 0 0.000000000000000000 0.000000000000000000
connection 52 53 8.000000000000000000 0 0.000000000000000000 0.000000000000000000
connection 53 23 -8.000000000000000000 0 0.000000000000000000 0.000000000000000000
connection 53 29 -8.000000000000000000 0 0.000000000000000000 0.000000000000000000
connection 53 32 -8.000000000000000000 0 0.000000000000000000 0.000000000000000000
connection 53 53 8.000000000000000000 0 0.000000000000000000 0.000000000000000000
connection 59 43 -8.000000000000000000 0 0.000000000000000000 0.000000000000000000
connection 59 44 -8.000000000000000000 0 0.000000000000000000 0.000000000000000000
connection 59 88 -8.000000000000000000 0 0.000000000000000000 0.000000000000000000
connection 59 67 -8.000000000000000000 0 0.000000000000000000 0.000000000000000000
connection 59 46 -8.000000000000000000 0 0.000000000000000000 0.000000000000000000
connection 59 51 -8.000000000000000000 0 0.000000000000000000 0.000000000000000000
connection 59 52 -8.000000000000000000 0 0.000000000000000000 0.000000000000000000
connection 59 90 8.000000000000000000 0 0.000000000000000000 0.000000000000000000
connection 54 80 -8.000000000000000000 0 0.000000000000000000 0.000000000000000000
connection 54 47 8.000000000000000000 0 0.000000000000000000 0.000000000000000000
connection 54 92 -8.000000000000000000 0 0.000000000000000000 0.000000000000000000
connection 55 42 -8.000000000000000000 0 0.000000000000000000 0.000000000000000000
connection 55 79 -8.000000000000000000 0 0.000000000000000000 0.000000000000000000
connection 56 37 -8.000000000000000000 0 0.000000000000000000 0.000000000000000000
connection 56 39 -8.000000000000000000 0 0.000000000000000000 0.000000000000000000
connection 56 40 -8.000000000000000000 0 0.000000000000000000 0.000000000000000000
connection 56 60 8.000000000000000000 0 0.000000000000000000 0.000000000000000000
connection 56 81 8.000000000000000000 0 0.000000000000000000 0.000000000000000000
connection 56 61 -8.000000000000000000 0 0.000000000000000000 0.000000000000000000
connection 56 53 8.000000000000000000 0 0.000000000000000000 0.000000000000000000
connection 56 67 8.000000000000000000 0 0.000000000000000000 0.000000000000000000
connection 56 46 8.000000000000000000 0 0.000000000000000000 0.000000000000000000
connection 56 51 8.000000000000000000 0 0.000000000000000000 0.000000000000000000
connection 56 52 8.000000000000000000 0 0.000000000000000000 0.000000000000000000
connection 56 54 8.000000000000000000 0 0.000000000000000000 0.000000000000000000
connection 57 37 -8.000000000000000000 0 0.000000000000000000 0.000000000000000000
connection 57 39 -8.000000000000000000 0 0.000000000000000000 0.000000000000000000
connection 57 40 -8.000000000000000000 0 0.000000000000000000 0.000000000000000000
connection 57 79 -8.000000000000000000 0 0.000000000000000000 0.000000000000000000
connection 58 42 8.000000000000000000 0 0.000000000000000000 0.000000000000000000
connection 58 79 -8.000000000000000000 0 0.000000000000000000 0.000000000000000000
connection 58 53 8.000000000000000000 0 0.000000000000000000 0.000000000000000000
connection 58 67 8.000000000000000000 0 0.000000000000000000 0.000000000000000000
connection 58 46 8.000000000000000000 0 0.000000000000000000 0.000000000000000000
connection 58 51 8.000000000000000000 0 0.000000000000000000 0.000000000000000000
connection 58 52 8.000000000000000000 0 0.000000000000000000 0.000000000000000000
connection 58 54 8.000000000000000000 0 0.000000000000000000 0.000000000000000000
connection 60 53 -8.000000000000000000 0 0.000000000000000000 0.000000000000000000
connection 62 53 8.000000000000000000 0 0.000000000000000000 0.000000000000000000
connection 62 67 -8.000000000000000000 0 0.000000000000000000 0.000000000000000000
connection 62 46 -8.000000000000000000 0 0.000000000000000000 0.000000000000000000
connection 62 51 -8.000000000000000000 0 0.000000000000000000 0.000000000000000000
connection 62 52 -8.000000000000000000 0 0.000000000000000000 0.000000000000000000
connection 64 38 -8.000000000000000000 0 0.000000000000000000 0.000000000000000000
connection 64 81 -8.000000000000000000 0 0.000000000000000000 0.000000000000000000
connection 64 53 8.000000000000000000 0 0.000000000000000000 0.000000000000000000
connection 55 16 -8.000000000000000000 0 0.000000000000000000 0.000000000000000000
connection 27 16 -8.000000000000000000 0 0.000000000000000000 0.000000000000000000
connection 79 17 -8.000000000000000000 0 0.000000000000000000 0.000000000000000000
connection 31 17 -8.000000000000000000 0 0.000000000000000000 0.000000000000000000
connection 33 17 -8.000000000000000000 0 0.000000000000000000 0.000000000000000000
connection 71 17 -8.000000000000000000 0 0.000000000000000000 0.000000000000000000
connection 92 17 -8.000000000000000000 0 0.000000000000000000 0.000000000000000000
connection 91 17 -8.000000000000000000 0 0.000000000000000000 0.000000000000000000
connection 88 18 -8.000000000000000000 0 0.000000000000000000 0.000000000000000000
connection 50 18 -8.000000000000000000 0 0.000000000000000000 0.000000000000000000
connection 37 19 -8.000000000000000000 0 0.000000000000000000 0.000000000000000000
connection 85 19 -8.000000000000000000 0 0.000000000000000000 0.000000000000000000
connection 86 19 -8.000000000000000000 0 0.000000000000000000 0.000000000000000000
connection 78 19 -8.000000000000000000 0 0.000000000000000000 0.000000000000000000
connection 67 19 -8.000000000000000000 0 0.000000000000000000 0.000000000000000000
connection 90 19 -8.000000000000000000 0 0.000000000000000000 0.000000000000000000
connection 37 20 -8.000000000000000000 0 0.000000000000000000 0.000000000000000000
connection 85 20 -8.000000000000000000 0 0.000000000000000000 0.000000000000000000
connection 86 20 -8.000000000000000000 0 0.000000000000000000 0.000000000000000000
connection 39 20 -8.000000000000000000 0 0.000000000000000000 0.000000000000000000
connection 40 20 -8.000000000000000000 0 0.000000000000000000 0.000000000000000000
connection 81 20 -8.000000000000000000 0 0.000000000000000000 0.000000000000000000
connection 53 20 8.000000000000000000 0 0.000000000000000000 0.000000000000000000
connection 37 21 -8.000000000000000000 0 0.000000000000000000 0.000000000000000000
connection 85 21 -8.000000000000000000 0 0.000000000000000000 0.000000000000000000
connection 86 21 -8.000000000000000000 0 0.000000000000000000 0.000000000000000000
connection 80 21 -8.000000000000000000 0 0.000000000000000000 0.000000000000000000
connection 39 21 -8.000000000000000000 0 0.000000000000000000 0.000000000000000000
connection 40 21 -8.000000000000000000 0 0.000000000000000000 0.000000000000000000
connection 81 21 -8.000000000000000000 0 0.000000000000000000 0.000000000000000000
connection 53 21 8.000000000000000000 0 0.000000000000000000 0.000000000000000000
NNend

