NNstart
16 6
neuron 1 1.000000000000000000 0.000000000000000000 0.000000000000000000 -0.000000000000000000 11 0.000000000000000000
neuron 1 1.000000000000000000 0.000000000000000000 0.000000000000000000 -0.000000000000000000 11 0.000000000000000000
neuron 1 1.000000000000000000 0.000000000000000000 0.000000000000000000 -0.000000000000000000 11 0.000000000000000000
neuron 1 1.000000000000000000 0.000000000000000000 0.000000000000000000 -0.000000000000000000 11 0.000000000000000000
neuron 1 1.000000000000000000 0.000000000000000000 0.000000000000000000 -0.000000000000000000 11 0.000000000000000000
neuron 1 1.000000000000000000 0.000000000000000000 0.000000000000000000 -0.000000000000000000 11 0.000000000000000000
neuron 1 1.000000000000000000 0.000000000000000000 0.000000000000000000 -0.000000000000000000 11 0.000000000000000000
neuron 1 1.000000000000000000 0.000000000000000000 0.000000000000000000 -0.000000000000000000 11 0.000000000000000000
neuron 1 1.000000000000000000 0.000000000000000000 0.000000000000000000 -0.000000000000000000 11 0.000000000000000000
neuron 1 1.000000000000000000 0.000000000000000000 0.000000000000000000 -0.000000000000000000 11 0.000000000000000000
neuron 1 1.000000000000000000 0.000000000000000000 0.000000000000000000 -0.000000000000000000 11 0.000000000000000000
neuron 1 1.000000000000000000 0.000000000000000000 0.000000000000000000 -0.000000000000000000 11 0.000000000000000000
neuron 1 1.000000000000000000 0.000000000000000000 0.000000000000000000 -0.000000000000000000 11 0.000000000000000000
neuron 1 1.000000000000000000 0.000000000000000000 0.000000000000000000 -0.000000000000000000 11 0.000000000000000000
neuron 1 1.000000000000000000 0.000000000000000000 0.000000000000000000 -0.000000000000000000 11 0.000000000000000000
neuron 2 1.000000000000000000 0.000000000000000000 0.000000000000000000 0.000000000000000000 11 0.000000000000000000
neuron 4 1.000000000000000000 0.000000000000000000 0.000000000000000000 -0.000000000000000000 1 0.000000000000000000
neuron 4 1.000000000000000000 0.000000000000000000 0.000000000000000000 -0.000000000000000000 1 0.000000000000000000
neuron 4 1.000000000000000000 0.000000000000000000 0.000000000000000000 -0.000000000000000000 1 0.000000000000000000
neuron 4 1.000000000000000000 0.000000000000000000 0.000000000000000000 -0.000000000000000000 1 0.000000000000000000
neuron 4 1.000000000000000000 0.000000000000000000 0.000000000000000000 -0.000000000000000000 1 0.000000000000000000
neuron 4 1.000000000000000000 0.000000000000000000 0.000000000000000000 -0.000000000000000000 1 0.000000000000000000
neuron 3 1.000000000000000000 0.000000000000000000 0.000000000000000000 -0.000000000000000000 0 0.000000000000000000
neuron 3 1.000000000000000000 0.000000000000000000 0.000000000000000000 -0.000000000000000000 0 0.000000000000000000
neuron 3 1.000000000000000000 0.000000000000000000 0.000000000000000000 -0.000000000000000000 0 0.000000000000000000
neuron 3 1.000000000000000000 0.000000000000000000 0.000000000000000000 -0.000000000000000000 0 0.000000000000000000
neuron 3 1.000000000000000000 0.000000000000000000 0.000000000000000000 -0.000000000000000000 0 0.000000000000000000
neuron 3 1.000000000000000000 0.000000000000000000 0.000000000000000000 -0.000000000000000000 0 0.000000000000000000
neuron 3 1.000000000000000000 0.000000000000000000 0.000000000000000000 -0.000000000000000000 0 0.000000000000000000
neuron 3 1.000000000000000000 0.000000000000000000 0.000000000000000000 -0.000000000000000000 0 0.000000000000000000
neuron 3 1.000000000000000000 0.000000000000000000 0.000000000000000000 -0.000000000000000000 0 0.000000000000000000
neuron 3 1.000000000000000000 0.000000000000000000 0.000000000000000000 -0.000000000000000000 0 0.000000000000000000
neuron 3 1.000000000000000000 0.000000000000000000 0.000000000000000000 -0.000000000000000000 0 0.000000000000000000
neuron 3 1.000000000000000000 0.000000000000000000 0.000000000000000000 -0.000000000000000000 0 0.000000000000000000
neuron 3 1.000000000000000000 0.000000000000000000 0.000000000000000000 -0.000000000000000000 0 0.000000000000000000
neuron 3 1.000000000000000000 0.000000000000000000 0.000000000000000000 -0.000000000000000000 0 0.000000000000000000
neuron 3 1.000000000000000000 0.000000000000000000 0.000000000000000000 -0.000000000000000000 0 0.000000000000000000
neuron 3 1.000000000000000000 0.000000000000000000 0.000000000000000000 -0.000000000000000000 0 0.000000000000000000
neuron 3 1.000000000000000000 0.000000000000000000 0.000000000000000000 -0.000000000000000000 0 0.000000000000000000
neuron 3 1.000000000000000000 0.000000000000000000 0.000000000000000000 -0.000000000000000000 0 0.000000000000000000
neuron 3 1.000000000000000000 0.000000000000000000 0.000000000000000000 -0.000000000000000000 0 0.000000000000000000
neuron 3 1.000000000000000000 0.000000000000000000 0.000000000000000000 -0.000000000000000000 0 0.000000000000000000
neuron 3 1.000000000000000000 0.000000000000000000 0.000000000000000000 -0.000000000000000000 0 0.000000000000000000
neuron 3 1.000000000000000000 0.000000000000000000 0.000000000000000000 -0.000000000000000000 0 0.000000000000000000
neuron 3 1.000000000000000000 0.000000000000000000 0.000000000000000000 -0.000000000000000000 0 0.000000000000000000
neuron 3 1.000000000000000000 0.000000000000000000 0.000000000000000000 -0.000000000000000000 0 0.000000000000000000
neuron 3 1.000000000000000000 0.000000000000000000 0.000000000000000000 -0.000000000000000000 0 0.000000000000000000
neuron 3 1.000000000000000000 0.000000000000000000 0.000000000000000000 -0.000000000000000000 0 0.000000000000000000
neuron 3 1.000000000000000000 0.000000000000000000 0.000000000000000000 -0.000000000000000000 0 0.000000000000000000
neuron 3 1.000000000000000000 0.000000000000000000 0.000000000000000000 -0.000000000000000000 0 0.000000000000000000
neuron 3 1.000000000000000000 0.000000000000000000 0.000000000000000000 -0.000000000000000000 0 0.000000000000000000
neuron 3 1.000000000000000000 0.000000000000000000 0.000000000000000000 -0.000000000000000000 0 0.000000000000000000
neuron 3 1.000000000000000000 0.000000000000000000 0.000000000000000000 -0.000000000000000000 0 0.000000000000000000
neuron 3 1.000000000000000000 0.000000000000000000 0.000000000000000000 -0.000000000000000000 0 0.000000000000000000
neuron 3 1.000000000000000000 0.000000000000000000 0.000000000000000000 -0.000000000000000000 0 0.000000000000000000
neuron 3 1.000000000000000000 0.000000000000000000 0.000000000000000000 -0.000000000000000000 0 0.000000000000000000
neuron 3 1.000000000000000000 0.000000000000000000 0.000000000000000000 -0.000000000000000000 0 0.000000000000000000
neuron 3 1.000000000000000000 0.000000000000000000 0.000000000000000000 -0.000000000000000000 0 0.000000000000000000
neuron 3 1.000000000000000000 0.000000000000000000 0.000000000000000000 -0.000000000000000000 0 0.000000000000000000
neuron 3 1.000000000000000000 0.000000000000000000 0.000000000000000000 -0.000000000000000000 0 0.000000000000000000
neuron 3 1.000000000000000000 0.000000000000000000 0.000000000000000000 -0.000000000000000000 0 0.000000000000000000
neuron 3 1.000000000000000000 0.000000000000000000 0.000000000000000000 -0.000000000000000000 0 0.000000000000000000
neuron 3 1.000000000000000000 0.000000000000000000 0.000000000000000000 -0.000000000000000000 0 0.000000000000000000
neuron 3 1.000000000000000000 0.000000000000000000 0.000000000000000000 -0.000000000000000000 0 0.000000000000000000
neuron 3 1.000000000000000000 0.000000000000000000 0.000000000000000000 -0.000000000000000000 0 0.000000000000000000
neuron 3 1.000000000000000000 0.000000000000000000 0.000000000000000000 -0.000000000000000000 0 0.000000000000000000
neuron 3 1.000000000000000000 0.000000000000000000 0.000000000000000000 -0.000000000000000000 0 0.000000000000000000
neuron 3 1.000000000000000000 0.000000000000000000 0.000000000000000000 -0.000000000000000000 0 0.000000000000000000
neuron 3 1.000000000000000000 0.000000000000000000 0.000000000000000000 -0.000000000000000000 0 0.000000000000000000
neuron 3 1.000000000000000000 0.000000000000000000 0.000000000000000000 -0.000000000000000000 0 0.000000000000000000
neuron 3 1.000000000000000000 0.000000000000000000 0.000000000000000000 -0.000000000000000000 0 0.000000000000000000
neuron 3 1.000000000000000000 0.000000000000000000 0.000000000000000000 -0.000000000000000000 0 0.000000000000000000
connection 0 22 2.023474233817597057 0 0.000000000000000000 -0.000000000000000000
connection 0 23 5.866181662713481515 0 0.000000000000000000 -0.000000000000000000
connection 0 24 5.866181662713481515 0 0.000000000000000000 -0.000000000000000000
connection 0 25 2.023474233817597057 0 0.000000000000000000 -0.000000000000000000
connection 0 26 7.419315718093056233 0 0.000000000000000000 -0.000000000000000000
connection 0 27 7.419315718093056233 0 0.000000000000000000 -0.000000000000000000
connection 0 28 2.023474233817597057 0 0.000000000000000000 -0.000000000000000000
connection 0 29 5.866181662713481515 0 0.000000000000000000 -0.000000000000000000
connection 0 30 5.866181662713481515 0 0.000000000000000000 -0.000000000000000000
connection 0 31 2.023474233817597057 0 0.000000000000000000 -0.000000000000000000
connection 0 32 7.232183342042011631 0 0.000000000000000000 -0.000000000000000000
connection 0 33 7.232183342042011631 0 0.000000000000000000 -0.000000000000000000
connection 0 34 2.023474233817597057 0 0.000000000000000000 -0.000000000000000000
connection 0 35 5.866181662713481515 0 0.000000000000000000 -0.000000000000000000
connection 0 36 5.866181662713481515 0 0.000000000000000000 -0.000000000000000000
connection 0 37 2.023474233817597057 0 0.000000000000000000 -0.000000000000000000
connection 0 38 7.419315718093056233 0 0.000000000000000000 -0.000000000000000000
connection 0 39 7.419315718093056233 0 0.000000000000000000 -0.000000000000000000
connection 0 40 2.023474233817597057 0 0.000000000000000000 -0.000000000000000000
connection 0 41 5.866181662713481515 0 0.000000000000000000 -0.000000000000000000
connection 0 42 5.866181662713481515 0 0.000000000000000000 -0.000000000000000000
connection 0 43 2.023474233817597057 0 0.000000000000000000 -0.000000000000000000
connection 1 22 2.191347223364584984 0 0.000000000000000000 -0.000000000000000000
connection 1 23 5.938631404303975181 0 0.000000000000000000 -0.000000000000000000
connection 1 24 5.938631404303975181 0 0.000000000000000000 -0.000000000000000000
connection 1 25 2.191347223364584984 0 0.000000000000000000 -0.000000000000000000
connection 1 26 7.429646781900999919 0 0.000000000000000000 -0.000000000000000000
connection 1 27 7.429646781900999919 0 0.000000000000000000 -0.000000000000000000
connection 1 28 2.191347223364584984 0 0.000000000000000000 -0.000000000000000000
connection 1 29 5.938631404303975181 0 0.000000000000000000 -0.000000000000000000
connection 1 30 5.938631404303975181 0 0.000000000000000000 -0.000000000000000000
connection 1 31 2.191347223364584984 0 0.000000000000000000 -0.000000000000000000
connection 1 32 7.213209872381033172 0 0.000000000000000000 -0.000000000000000000
connection 1 33 7.213209872381033172 0 0.000000000000000000 -0.000000000000000000
connection 1 34 2.191347223364584984 0 0.000000000000000000 -0.000000000000000000
connection 1 35 5.938631404303975181 0 0.000000000000000000 -0.000000000000000000
connection 1 36 5.938631404303975181 0 0.000000000000000000 -0.000000000000000000
connection 1 37 2.191347223364584984 0 0.000000000000000000 -0.000000000000000000
connection 1 38 7.429646781900999919 0 0.000000000000000000 -0.000000000000000000
connection 1 39 7.429646781900999919 0 0.000000000000000000 -0.000000000000000000
connection 1 40 2.191347223364584984 0 0.000000000000000000 -0.000000000000000000
connection 1 41 5.938631404303975181 0 0.000000000000000000 -0.000000000000000000
connection 1 42 5.938631404303975181 0 0.000000000000000000 -0.000000000000000000
connection 1 43 2.191347223364584984 0 0.000000000000000000 -0.000000000000000000
connection 2 22 2.335808562189071402 0 0.000000000000000000 -0.000000000000000000
connection 2 23 5.999519065656874872 0 0.000000000000000000 -0.000000000000000000
connection 2 24 5.999519065656874872 0 0.000000000000000000 -0.000000000000000000
connection 2 25 2.335808562189071402 0 0.000000000000000000 -0.000000000000000000
connection 2 26 7.438278997680082938 0 0.000000000000000000 -0.000000000000000000
connection 2 27 7.438278997680082938 0 0.000000000000000000 -0.000000000000000000
connection 2 28 2.335808562189071402 0 0.000000000000000000 -0.000000000000000000
connection 2 29 5.999519065656874872 0 0.000000000000000000 -0.000000000000000000
connection 2 30 5.999519065656874872 0 0.000000000000000000 -0.000000000000000000
connection 2 31 2.335808562189071402 0 0.000000000000000000 -0.000000000000000000
connection 2 32 7.196023185037577541 0 0.000000000000000000 -0.000000000000000000
connection 2 33 7.196023185037577541 0 0.000000000000000000 -0.000000000000000000
connection 2 34 2.335808562189071402 0 0.000000000000000000 -0.000000000000000000
connection 2 35 5.999519065656874872 0 0.000000000000000000 -0.000000000000000000
connection 2 36 5.999519065656874872 0 0.000000000000000000 -0.000000000000000000
connection 2 37 2.335808562189071402 0 0.000000000000000000 -0.000000000000000000
connection 2 38 7.438278997680082938 0 0.000000000000000000 -0.000000000000000000
connection 2 39 7.438278997680082938 0 0.000000000000000000 -0.000000000000000000
connection 2 40 2.335808562189071402 0 0.000000000000000000 -0.000000000000000000
connection 2 41 5.999519065656874872 0 0.000000000000000000 -0.000000000000000000
connection 2 42 5.999519065656874872 0 0.000000000000000000 -0.000000000000000000
connection 2 43 2.335808562189071402 0 0.000000000000000000 -0.000000000000000000
connection 3 22 2.456480396081364592 0 0.000000000000000000 -0.000000000000000000
connection 3 23 6.049384413897517909 0 0.000000000000000000 -0.000000000000000000
connection 3 24 6.049384413897517909 0 0.000000000000000000 -0.000000000000000000
connection 3 25 2.456480396081364592 0 0.000000000000000000 -0.000000000000000000
connection 3 26 7.445314155404135548 0 0.000000000000000000 -0.000000000000000000
connection 3 27 7.445314155404135548 0 0.000000000000000000 -0.000000000000000000
connection 3 28 2.456480396081364592 0 0.000000000000000000 -0.000000000000000000
connection 3 29 6.049384413897517909 0 0.000000000000000000 -0.000000000000000000
connection 3 30 6.049384413897517909 0 0.000000000000000000 -0.000000000000000000
connection 3 31 2.456480396081364592 0 0.000000000000000000 -0.000000000000000000
connection 3 32 7.181008620834717249 0 0.000000000000000000 -0.000000000000000000
connection 3 33 7.181008620834717249 0 0.000000000000000000 -0.000000000000000000
connection 3 34 2.456480396081364592 0 0.000000000000000000 -0.000000000000000000
connection 3 35 6.049384413897517909 0 0.000000000000000000 -0.000000000000000000
connection 3 36 6.049384413897517909 0 0.000000000000000000 -0.000000000000000000
connection 3 37 2.456480396081364592 0 0.000000000000000000 -0.000000000000000000
connection 3 38 7.445314155404135548 0 0.000000000000000000 -0.000000000000000000
connection 3 39 7.445314155404135548 0 0.000000000000000000 -0.000000000000000000
connection 3 40 2.456480396081364592 0 0.000000000000000000 -0.000000000000000000
connection 3 41 6.049384413897517909 0 0.000000000000000000 -0.000000000000000000
connection 3 42 6.049384413897517909 0 0.000000000000000000 -0.000000000000000000
connection 3 43 2.456480396081364592 0 0.000000000000000000 -0.000000000000000000
connection 4 44 6.848204266661142015 0 0.000000000000000000 -0.000000000000000000
connection 4 32 7.168519964358824659 0 0.000000000000000000 -0.000000000000000000
connection 4 33 7.168519964358824659 0 0.000000000000000000 -0.000000000000000000
connection 4 45 6.848204266661142015 0 0.000000000000000000 -0.000000000000000000
connection 5 44 6.863678476933538164 0 0.000000000000000000 -0.000000000000000000
connection 5 32 7.158863484145034484 0 0.000000000000000000 -0.000000000000000000
connection 5 33 7.158863484145034484 0 0.000000000000000000 -0.000000000000000000
connection 5 45 6.863678476933538164 0 0.000000000000000000 -0.000000000000000000
connection 6 44 6.873895270575496319 0 0.000000000000000000 -0.000000000000000000
connection 6 32 7.152283372982391363 0 0.000000000000000000 -0.000000000000000000
connection 6 33 7.152283372982391363 0 0.000000000000000000 -0.000000000000000000
connection 6 45 6.873895270575496319 0 0.000000000000000000 -0.000000000000000000
connection 7 44 6.878973833670824156 0 0.000000000000000000 -0.000000000000000000
connection 7 32 7.148949680146966301 0 0.000000000000000000 -0.000000000000000000
connection 7 33 7.148949680146966301 0 0.000000000000000000 -0.000000000000000000
connection 7 45 6.878973833670824156 0 0.000000000000000000 -0.000000000000000000
connection 8 44 6.878973833670824156 0 0.000000000000000000 -0.000000000000000000
connection 8 32 7.148949680146966301 0 0.000000000000000000 -0.000000000000000000
connection 8 33 7.148949680146966301 0 0.000000000000000000 -0.000000000000000000
connection 8 45 6.878973833670824156 0 0.000000000000000000 -0.000000000000000000
connection 9 44 6.873895270575496319 0 0.000000000000000000 -0.000000000000000000
connection 9 32 7.152283372982391363 0 0.000000000000000000 -0.000000000000000000
connection 9 33 7.152283372982391363 0 0.000000000000000000 -0.000000000000000000
connection 9 45 6.873895270575496319 0 0.000000000000000000 -0.000000000000000000
connection 10 44 6.863678476933538164 0 0.000000000000000000 -0.000000000000000000
connection 10 32 7.158863484145034484 0 0.000000000000000000 -0.000000000000000000
connection 10 33 7.158863484145034484 0 0.000000000000000000 -0.000000000000000000
connection 10 45 6.863678476933538164 0 0.000000000000000000 -0.000000000000000000
connection 11 44 6.848204266661142015 0 0.000000000000000000 -0.000000000000000000
connection 11 32 7.168519964358824659 0 0.000000000000000000 -0.000000000000000000
connection 11 33 7.168519964358824659 0 0.000000000000000000 -0.000000000000000000
connection 11 45 6.848204266661142015 0 0.000000000000000000 -0.000000000000000000
connection 12 22 2.456480396081364592 0 0.000000000000000000 -0.000000000000000000
connection 12 23 6.049384413897517909 0 0.000000000000000000 -0.000000000000000000
connection 12 24 6.049384413897517909 0 0.000000000000000000 -0.000000000000000000
connection 12 25 2.456480396081364592 0 0.000000000000000000 -0.000000000000000000
connection 12 26 7.445314155404135548 0 0.000000000000000000 -0.000000000000000000
connection 12 27 7.445314155404135548 0 0.000000000000000000 -0.000000000000000000
connection 12 28 2.456480396081364592 0 0.000000000000000000 -0.000000000000000000
connection 12 29 6.049384413897517909 0 0.000000000000000000 -0.000000000000000000
connection 12 30 6.049384413897517909 0 0.000000000000000000 -0.000000000000000000
connection 12 31 2.456480396081364592 0 0.000000000000000000 -0.000000000000000000
connection 12 32 7.181008620834717249 0 0.000000000000000000 -0.000000000000000000
connection 12 33 7.181008620834717249 0 0.000000000000000000 -0.000000000000000000
connection 12 34 2.456480396081364592 0 0.000000000000000000 -0.000000000000000000
connection 12 35 6.049384413897517909 0 0.000000000000000000 -0.000000000000000000
connection 12 36 6.049384413897517909 0 0.000000000000000000 -0.000000000000000000
connection 12 37 2.456480396081364592 0 0.000000000000000000 -0.000000000000000000
connection 12 38 7.445314155404135548 0 0.000000000000000000 -0.000000000000000000
connection 12 39 7.445314155404135548 0 0.000000000000000000 -0.000000000000000000
connection 12 40 2.456480396081364592 0 0.000000000000000000 -0.000000000000000000
connection 12 41 6.049384413897517909 0 0.000000000000000000 -0.000000000000000000
connection 12 42 6.049384413897517909 0 0.000000000000000000 -0.000000000000000000
connection 12 43 2.456480396081364592 0 0.000000000000000000 -0.000000000000000000
connection 13 22 2.335808562189071402 0 0.000000000000000000 -0.000000000000000000
connection 13 23 5.999519065656874872 0 0.000000000000000000 -0.000000000000000000
connection 13 24 5.999519065656874872 0 0.000000000000000000 -0.000000000000000000
connection 13 25 2.335808562189071402 0 0.000000000000000000 -0.000000000000000000
connection 13 26 7.438278997680082938 0 0.000000000000000000 -0.000000000000000000
connection 13 27 7.438278997680082938 0 0.000000000000000000 -0.000000000000000000
connection 13 28 2.335808562189071402 0 0.000000000000000000 -0.000000000000000000
connection 13 29 5.999519065656874872 0 0.000000000000000000 -0.000000000000000000
connection 13 30 5.999519065656874872 0 0.000000000000000000 -0.000000000000000000
connection 13 31 2.335808562189071402 0 0.000000000000000000 -0.000000000000000000
connection 13 32 7.196023185037577541 0 0.000000000000000000 -0.000000000000000000
connection 13 33 7.196023185037577541 0 0.000000000000000000 -0.000000000000000000
connection 13 34 2.335808562189071402 0 0.000000000000000000 -0.000000000000000000
connection 13 35 5.999519065656874872 0 0.000000000000000000 -0.000000000000000000
connection 13 36 5.999519065656874872 0 0.000000000000000000 -0.000000000000000000
connection 13 37 2.335808562189071402 0 0.000000000000000000 -0.000000000000000000
connection 13 38 7.438278997680082938 0 0.000000000000000000 -0.000000000000000000
connection 13 39 7.438278997680082938 0 0.000000000000000000 -0.000000000000000000
connection 13 40 2.335808562189071402 0 0.000000000000000000 -0.000000000000000000
connection 13 41 5.999519065656874872 0 0.000000000000000000 -0.000000000000000000
connection 13 42 5.999519065656874872 0 0.000000000000000000 -0.000000000000000000
connection 13 43 2.335808562189071402 0 0.000000000000000000 -0.000000000000000000
connection 14 22 2.191347223364584984 0 0.000000000000000000 -0.000000000000000000
connection 14 23 5.938631404303975181 0 0.000000000000000000 -0.000000000000000000
connection 14 24 5.938631404303975181 0 0.000000000000000000 -0.000000000000000000
connection 14 25 2.191347223364584984 0 0.000000000000000000 -0.000000000000000000
connection 14 26 7.429646781900999919 0 0.000000000000000000 -0.000000000000000000
connection 14 27 7.429646781900999919 0 0.000000000000000000 -0.000000000000000000
connection 14 28 2.191347223364584984 0 0.000000000000000000 -0.000000000000000000
connection 14 29 5.938631404303975181 0 0.000000000000000000 -0.000000000000000000
connection 14 30 5.938631404303975181 0 0.000000000000000000 -0.000000000000000000
connection 14 31 2.191347223364584984 0 0.000000000000000000 -0.000000000000000000
connection 14 32 7.213209872381033172 0 0.000000000000000000 -0.000000000000000000
connection 14 33 7.213209872381033172 0 0.000000000000000000 -0.000000000000000000
connection 14 34 2.191347223364584984 0 0.000000000000000000 -0.000000000000000000
connection 14 35 5.938631404303975181 0 0.000000000000000000 -0.000000000000000000
connection 14 36 5.938631404303975181 0 0.000000000000000000 -0.000000000000000000
connection 14 37 2.191347223364584984 0 0.000000000000000000 -0.000000000000000000
connection 14 38 7.429646781900999919 0 0.000000000000000000 -0.000000000000000000
connection 14 39 7.429646781900999919 0 0.000000000000000000 -0.000000000000000000
connection 14 40 2.191347223364584984 0 0.000000000000000000 -0.000000000000000000
connection 14 41 5.938631404303975181 0 0.000000000000000000 -0.000000000000000000
connection 14 42 5.938631404303975181 0 0.000000000000000000 -0.000000000000000000
connection 14 43 2.191347223364584984 0 0.000000000000000000 -0.000000000000000000
connection 15 22 2.023474233817597057 0 0.000000000000000000 -0.000000000000000000
connection 15 23 5.866181662713481515 0 0.000000000000000000 -0.000000000000000000
connection 15 24 5.866181662713481515 0 0.000000000000000000 -0.000000000000000000
connection 15 25 2.023474233817597057 0 0.000000000000000000 -0.000000000000000000
connection 15 26 7.419315718093056233 0 0.000000000000000000 -0.000000000000000000
connection 15 27 7.419315718093056233 0 0.000000000000000000 -0.000000000000000000
connection 15 28 2.023474233817597057 0 0.000000000000000000 -0.000000000000000000
connection 15 29 5.866181662713481515 0 0.000000000000000000 -0.000000000000000000
connection 15 30 5.866181662713481515 0 0.000000000000000000 -0.000000000000000000
connection 15 31 2.023474233817597057 0 0.000000000000000000 -0.000000000000000000
connection 15 32 7.232183342042011631 0 0.000000000000000000 -0.000000000000000000
connection 15 33 7.232183342042011631 0 0.000000000000000000 -0.000000000000000000
connection 15 34 2.023474233817597057 0 0.000000000000000000 -0.000000000000000000
connection 15 35 5.866181662713481515 0 0.000000000000000000 -0.000000000000000000
connection 15 36 5.866181662713481515 0 0.000000000000000000 -0.000000000000000000
connection 15 37 2.023474233817597057 0 0.000000000000000000 -0.000000000000000000
connection 15 38 7.419315718093056233 0 0.000000000000000000 -0.000000000000000000
connection 15 39 7.419315718093056233 0 0.000000000000000000 -0.000000000000000000
connection 15 40 2.023474233817597057 0 0.000000000000000000 -0.000000000000000000
connection 15 41 5.866181662713481515 0 0.000000000000000000 -0.000000000000000000
connection 15 42 5.866181662713481515 0 0.000000000000000000 -0.000000000000000000
connection 15 43 2.023474233817597057 0 0.000000000000000000 -0.000000000000000000
connection 22 29 4.635265547250202900 0 0.000000000000000000 -0.000000000000000000
connection 22 30 -0.283029826612184232 0 0.000000000000000000 -0.000000000000000000
connection 22 31 2.619039182608014826 0 0.000000000000000000 -0.000000000000000000
connection 22 45 -7.108881068172936857 0 0.000000000000000000 -0.000000000000000000
connection 23 30 1.071964956270633484 0 0.000000000000000000 -0.000000000000000000
connection 23 31 3.764714022827539530 0 0.000000000000000000 -0.000000000000000000
connection 23 45 -6.978596441954407759 0 0.000000000000000000 -0.000000000000000000
connection 24 30 0.799807691516601249 0 0.000000000000000000 -0.000000000000000000
connection 24 31 3.548134676040952229 0 0.000000000000000000 -0.000000000000000000
connection 24 45 -7.007496811015698768 0 0.000000000000000000 -0.000000000000000000
connection 38 30 2.527000829443418084 0 0.000000000000000000 -0.000000000000000000
connection 38 31 4.823111919354875710 0 0.000000000000000000 -0.000000000000000000
connection 38 35 -2.747875493009465320 0 0.000000000000000000 -0.000000000000000000
connection 38 36 -5.835004313627583983 0 0.000000000000000000 -0.000000000000000000
connection 38 37 -4.529326768341707776 0 0.000000000000000000 -0.000000000000000000
connection 38 38 -6.307920874940887046 0 0.000000000000000000 -0.000000000000000000
connection 38 39 -7.414835221935923038 0 0.000000000000000000 -0.000000000000000000
connection 25 29 4.454135634511470876 0 0.000000000000000000 -0.000000000000000000
connection 25 30 -0.553264919601826666 0 0.000000000000000000 -0.000000000000000000
connection 25 31 2.368892794305063720 0 0.000000000000000000 -0.000000000000000000
connection 25 45 -7.131473240797419066 0 0.000000000000000000 -0.000000000000000000
connection 32 34 3.900364878274819258 0 0.000000000000000000 -0.000000000000000000
connection 32 35 1.246575747468231521 0 0.000000000000000000 -0.000000000000000000
connection 32 36 -3.756913188365421430 0 0.000000000000000000 -0.000000000000000000
connection 32 37 -1.298302609058805901 0 0.000000000000000000 -0.000000000000000000
connection 32 39 -7.216653384947116834 0 0.000000000000000000 -0.000000000000000000
connection 26 30 2.860130690441859080 0 0.000000000000000000 -0.000000000000000000
connection 26 34 0.384282663850826822 0 0.000000000000000000 -0.000000000000000000
connection 26 35 -2.438202658556638536 0 0.000000000000000000 -0.000000000000000000
connection 26 36 -5.708665014813159466 0 0.000000000000000000 -0.000000000000000000
connection 26 37 -4.313136716849364838 0 0.000000000000000000 -0.000000000000000000
connection 26 38 -6.216767203449180101 0 0.000000000000000000 -0.000000000000000000
connection 26 39 -7.402323897689766952 0 0.000000000000000000 -0.000000000000000000
connection 27 30 2.527000829443418084 0 0.000000000000000000 -0.000000000000000000
connection 27 31 4.823111919354875710 0 0.000000000000000000 -0.000000000000000000
connection 27 35 -2.747875493009465320 0 0.000000000000000000 -0.000000000000000000
connection 27 36 -5.835004313627583983 0 0.000000000000000000 -0.000000000000000000
connection 27 37 -4.529326768341707776 0 0.000000000000000000 -0.000000000000000000
connection 27 38 -6.307920874940887046 0 0.000000000000000000 -0.000000000000000000
connection 27 39 -7.414835221935923038 0 0.000000000000000000 -0.000000000000000000
connection 33 34 3.900364878274819258 0 0.000000000000000000 -0.000000000000000000
connection 33 35 1.246575747468231521 0 0.000000000000000000 -0.000000000000000000
connection 33 36 -3.756913188365421430 0 0.000000000000000000 -0.000000000000000000
connection 33 37 -1.298302609058805901 0 0.000000000000000000 -0.000000000000000000
connection 33 39 -7.216653384947116834 0 0.000000000000000000 -0.000000000000000000
connection 28 29 4.326179736180341351 0 0.000000000000000000 -0.000000000000000000
connection 28 30 -0.735792446873308137 0 0.000000000000000000 -0.000000000000000000
connection 28 31 2.195465723372211464 0 0.000000000000000000 -0.000000000000000000
connection 28 45 -7.146238219832175886 0 0.000000000000000000 -0.000000000000000000
connection 30 30 0.519450409285511339 0 0.000000000000000000 -0.000000000000000000
connection 30 31 3.318215246373351413 0 0.000000000000000000 -0.000000000000000000
connection 30 45 -7.035670744748580674 0 0.000000000000000000 -0.000000000000000000
connection 31 29 4.259958581033133740 0 0.000000000000000000 -0.000000000000000000
connection 31 30 -0.827679801310286734 0 0.000000000000000000 -0.000000000000000000
connection 31 31 2.106758005329712358 0 0.000000000000000000 -0.000000000000000000
connection 31 45 -7.153530886367769348 0 0.000000000000000000 -0.000000000000000000
connection 34 29 4.259958581033133740 0 0.000000000000000000 -0.000000000000000000
connection 34 30 -0.827679801310286734 0 0.000000000000000000 -0.000000000000000000
connection 34 31 2.106758005329712358 0 0.000000000000000000 -0.000000000000000000
connection 34 45 -7.153530886367769348 0 0.000000000000000000 -0.000000000000000000
connection 29 30 0.613778739350354430 0 0.000000000000000000 -0.000000000000000000
connection 29 31 3.396364151117848174 0 0.000000000000000000 -0.000000000000000000
connection 29 45 -7.026360735400237978 0 0.000000000000000000 -0.000000000000000000
connection 35 30 0.519450409285511339 0 0.000000000000000000 -0.000000000000000000
connection 35 31 3.318215246373351413 0 0.000000000000000000 -0.000000000000000000
connection 35 45 -7.035670744748580674 0 0.000000000000000000 -0.000000000000000000
connection 39 30 2.860130690441859080 0 0.000000000000000000 -0.000000000000000000
connection 39 34 0.384282663850826822 0 0.000000000000000000 -0.000000000000000000
connection 39 35 -2.438202658556638536 0 0.000000000000000000 -0.000000000000000000
connection 39 36 -5.708665014813159466 0 0.000000000000000000 -0.000000000000000000
connection 39 37 -4.313136716849364838 0 0.000000000000000000 -0.000000000000000000
connection 39 38 -6.216767203449180101 0 0.000000000000000000 -0.000000000000000000
connection 39 39 -7.402323897689766952 0 0.000000000000000000 -0.000000000000000000
connection 36 30 0.613778739350354430 0 0.000000000000000000 -0.000000000000000000
connection 36 31 3.396364151117848174 0 0.000000000000000000 -0.000000000000000000
connection 36 45 -7.026360735400237978 0 0.000000000000000000 -0.000000000000000000
connection 37 29 4.326179736180341351 0 0.000000000000000000 -0.000000000000000000
connection 37 30 -0.735792446873308137 0 0.000000000000000000 -0.000000000000000000
connection 37 31 2.195465723372211464 0 0.000000000000000000 -0.000000000000000000
connection 37 45 -7.146238219832175886 0 0.000000000000000000 -0.000000000000000000
connection 40 29 4.454135634511470876 0 0.000000000000000000 -0.000000000000000000
connection 40 30 -0.553264919601826666 0 0.000000000000000000 -0.000000000000000000
connection 40 31 2.368892794305063720 0 0.000000000000000000 -0.000000000000000000
connection 40 45 -7.131473240797419066 0 0.000000000000000000 -0.000000000000000000
connection 41 30 0.799807691516601249 0 0.000000000000000000 -0.000000000000000000
connection 41 31 3.548134676040952229 0 0.000000000000000000 -0.000000000000000000
connection 41 45 -7.007496811015698768 0 0.000000000000000000 -0.000000000000000000
connection 42 30 1.071964956270633484 0 0.000000000000000000 -0.000000000000000000
connection 42 31 3.764714022827539530 0 0.000000000000000000 -0.000000000000000000
connection 42 45 -6.978596441954407759 0 0.000000000000000000 -0.000000000000000000
connection 43 29 4.635265547250202900 0 0.000000000000000000 -0.000000000000000000
connection 43 30 -0.283029826612184232 0 0.000000000000000000 -0.000000000000000000
connection 43 31 2.619039182608014826 0 0.000000000000000000 -0.000000000000000000
connection 43 45 -7.108881068172936857 0 0.000000000000000000 -0.000000000000000000
connection 44 30 1.369255647233208473 0 0.000000000000000000 -0.000000000000000000
connection 44 31 3.994174155527686398 0 0.000000000000000000 -0.000000000000000000
connection 44 45 -6.945051281463485715 0 0.000000000000000000 -0.000000000000000000
connection 45 30 1.369255647233208473 0 0.000000000000000000 -0.000000000000000000
connection 45 31 3.994174155527686398 0 0.000000000000000000 -0.000000000000000000
connection 45 45 -6.945051281463485715 0 0.000000000000000000 -0.000000000000000000
connection 44 16 1.460308375269651071 0 0.000000000000000000 -0.000000000000000000
connection 45 16 1.460308375269651071 0 0.000000000000000000 -0.000000000000000000
connection 44 17 -5.434037890967916340 0 0.000000000000000000 -0.000000000000000000
connection 32 17 -1.910470246305337794 0 0.000000000000000000 -0.000000000000000000
connection 33 17 -1.910470246305337794 0 0.000000000000000000 -0.000000000000000000
connection 45 17 -5.434037890967916340 0 0.000000000000000000 -0.000000000000000000
connection 44 18 -7.160733120896225934 0 0.000000000000000000 -0.000000000000000000
connection 32 18 -6.457052620365772988 0 0.000000000000000000 -0.000000000000000000
connection 33 18 -6.457052620365772988 0 0.000000000000000000 -0.000000000000000000
connection 45 18 -7.160733120896225934 0 0.000000000000000000 -0.000000000000000000
connection 32 20 -7.559396550000162307 0 0.000000000000000000 -0.000000000000000000
connection 33 20 -7.559396550000162307 0 0.000000000000000000 -0.000000000000000000
NNend

