NNstart
14 8
neuron 1 1.000000000000000000 0.000000000000000000 0.000000000000000000 -0.000000000000000000 11 0.000000000000000000
neuron 1 1.000000000000000000 0.000000000000000000 0.000000000000000000 -0.000000000000000000 11 0.000000000000000000
neuron 1 1.000000000000000000 0.000000000000000000 0.000000000000000000 -0.000000000000000000 11 0.000000000000000000
neuron 1 1.000000000000000000 0.000000000000000000 0.000000000000000000 -0.000000000000000000 11 0.000000000000000000
neuron 1 1.000000000000000000 0.000000000000000000 0.000000000000000000 -0.000000000000000000 11 0.000000000000000000
neuron 1 1.000000000000000000 0.000000000000000000 0.000000000000000000 -0.000000000000000000 11 0.000000000000000000
neuron 1 1.000000000000000000 0.000000000000000000 0.000000000000000000 -0.000000000000000000 11 0.000000000000000000
neuron 1 1.000000000000000000 0.000000000000000000 0.000000000000000000 -0.000000000000000000 11 0.000000000000000000
neuron 1 1.000000000000000000 0.000000000000000000 0.000000000000000000 -0.000000000000000000 11 0.000000000000000000
neuron 1 1.000000000000000000 0.000000000000000000 0.000000000000000000 -0.000000000000000000 11 0.000000000000000000
neuron 1 1.000000000000000000 0.000000000000000000 0.000000000000000000 -0.000000000000000000 11 0.000000000000000000
neuron 1 1.000000000000000000 0.000000000000000000 0.000000000000000000 -0.000000000000000000 11 0.000000000000000000
neuron 1 1.000000000000000000 0.000000000000000000 0.000000000000000000 -0.000000000000000000 11 0.000000000000000000
neuron 2 1.000000000000000000 0.000000000000000000 0.000000000000000000 0.000000000000000000 11 0.000000000000000000
neuron 4 1.000000000000000000 0.000000000000000000 0.000000000000000000 -0.000000000000000000 1 0.000000000000000000
neuron 4 1.000000000000000000 0.000000000000000000 0.000000000000000000 -0.000000000000000000 1 0.000000000000000000
neuron 4 1.000000000000000000 0.000000000000000000 0.000000000000000000 -0.000000000000000000 1 0.000000000000000000
neuron 4 1.000000000000000000 0.000000000000000000 0.000000000000000000 -0.000000000000000000 1 0.000000000000000000
neuron 4 1.000000000000000000 0.000000000000000000 0.000000000000000000 -0.000000000000000000 1 0.000000000000000000
neuron 4 1.000000000000000000 0.000000000000000000 0.000000000000000000 -0.000000000000000000 1 0.000000000000000000
neuron 4 1.000000000000000000 0.000000000000000000 0.000000000000000000 -0.000000000000000000 1 0.000000000000000000
neuron 4 1.000000000000000000 0.000000000000000000 0.000000000000000000 -0.000000000000000000 1 0.000000000000000000
neuron 3 1.000000000000000000 0.000000000000000000 0.000000000000000000 -0.000000000000000000 0 0.000000000000000000
neuron 3 1.000000000000000000 0.000000000000000000 0.000000000000000000 -0.000000000000000000 0 0.000000000000000000
neuron 3 1.000000000000000000 0.000000000000000000 0.000000000000000000 -0.000000000000000000 0 0.000000000000000000
neuron 3 1.000000000000000000 0.000000000000000000 0.000000000000000000 -0.000000000000000000 0 0.000000000000000000
neuron 3 1.000000000000000000 0.000000000000000000 0.000000000000000000 -0.000000000000000000 0 0.000000000000000000
neuron 3 1.000000000000000000 0.000000000000000000 0.000000000000000000 -0.000000000000000000 0 0.000000000000000000
neuron 3 1.000000000000000000 0.000000000000000000 0.000000000000000000 -0.000000000000000000 0 0.000000000000000000
neuron 3 1.000000000000000000 0.000000000000000000 0.000000000000000000 -0.000000000000000000 0 0.000000000000000000
neuron 3 1.000000000000000000 0.000000000000000000 0.000000000000000000 -0.000000000000000000 0 0.000000000000000000
neuron 3 1.000000000000000000 0.000000000000000000 0.000000000000000000 -0.000000000000000000 0 0.000000000000000000
neuron 3 1.000000000000000000 0.000000000000000000 0.000000000000000000 -0.000000000000000000 0 0.000000000000000000
neuron 3 1.000000000000000000 0.000000000000000000 0.000000000000000000 -0.000000000000000000 0 0.000000000000000000
neuron 3 1.000000000000000000 0.000000000000000000 0.000000000000000000 -0.000000000000000000 0 0.000000000000000000
neuron 3 1.000000000000000000 0.000000000000000000 0.000000000000000000 -0.000000000000000000 0 0.000000000000000000
neuron 3 1.000000000000000000 0.000000000000000000 0.000000000000000000 -0.000000000000000000 0 0.000000000000000000
neuron 3 1.000000000000000000 0.000000000000000000 0.000000000000000000 -0.000000000000000000 0 0.000000000000000000
neuron 3 1.000000000000000000 0.000000000000000000 0.000000000000000000 -0.000000000000000000 0 0.000000000000000000
neuron 3 1.000000000000000000 0.000000000000000000 0.000000000000000000 -0.000000000000000000 0 0.000000000000000000
neuron 3 1.000000000000000000 0.000000000000000000 0.000000000000000000 -0.000000000000000000 0 0.000000000000000000
neuron 3 1.000000000000000000 0.000000000000000000 0.000000000000000000 -0.000000000000000000 0 0.000000000000000000
neuron 3 1.000000000000000000 0.000000000000000000 0.000000000000000000 -0.000000000000000000 0 0.000000000000000000
neuron 3 1.000000000000000000 0.000000000000000000 0.000000000000000000 -0.000000000000000000 0 0.000000000000000000
neuron 3 1.000000000000000000 0.000000000000000000 0.000000000000000000 -0.000000000000000000 0 0.000000000000000000
neuron 3 1.000000000000000000 0.000000000000000000 0.000000000000000000 -0.000000000000000000 0 0.000000000000000000
neuron 3 1.000000000000000000 0.000000000000000000 0.000000000000000000 -0.000000000000000000 0 0.000000000000000000
neuron 3 1.000000000000000000 0.000000000000000000 0.000000000000000000 -0.000000000000000000 0 0.000000000000000000
neuron 3 1.000000000000000000 0.000000000000000000 0.000000000000000000 -0.000000000000000000 0 0.000000000000000000
neuron 3 1.000000000000000000 0.000000000000000000 0.000000000000000000 -0.000000000000000000 0 0.000000000000000000
neuron 3 1.000000000000000000 0.000000000000000000 0.000000000000000000 -0.000000000000000000 0 0.000000000000000000
neuron 3 1.000000000000000000 0.000000000000000000 0.000000000000000000 -0.000000000000000000 0 0.000000000000000000
neuron 3 1.000000000000000000 0.000000000000000000 0.000000000000000000 -0.000000000000000000 0 0.000000000000000000
neuron 3 1.000000000000000000 0.000000000000000000 0.000000000000000000 -0.000000000000000000 0 0.000000000000000000
neuron 3 1.000000000000000000 0.000000000000000000 0.000000000000000000 -0.000000000000000000 0 0.000000000000000000
neuron 3 1.000000000000000000 0.000000000000000000 0.000000000000000000 -0.000000000000000000 0 0.000000000000000000
neuron 3 1.000000000000000000 0.000000000000000000 0.000000000000000000 -0.000000000000000000 0 0.000000000000000000
neuron 3 1.000000000000000000 0.000000000000000000 0.000000000000000000 -0.000000000000000000 0 0.000000000000000000
neuron 3 1.000000000000000000 0.000000000000000000 0.000000000000000000 -0.000000000000000000 0 0.000000000000000000
neuron 3 1.000000000000000000 0.000000000000000000 0.000000000000000000 -0.000000000000000000 0 0.000000000000000000
neuron 3 1.000000000000000000 0.000000000000000000 0.000000000000000000 -0.000000000000000000 0 0.000000000000000000
neuron 3 1.000000000000000000 0.000000000000000000 0.000000000000000000 -0.000000000000000000 0 0.000000000000000000
neuron 3 1.000000000000000000 0.000000000000000000 0.000000000000000000 -0.000000000000000000 0 0.000000000000000000
neuron 3 1.000000000000000000 0.000000000000000000 0.000000000000000000 -0.000000000000000000 0 0.000000000000000000
neuron 3 1.000000000000000000 0.000000000000000000 0.000000000000000000 -0.000000000000000000 0 0.000000000000000000
neuron 3 1.000000000000000000 0.000000000000000000 0.000000000000000000 -0.000000000000000000 0 0.000000000000000000
neuron 3 1.000000000000000000 0.000000000000000000 0.000000000000000000 -0.000000000000000000 0 0.000000000000000000
neuron 3 1.000000000000000000 0.000000000000000000 0.000000000000000000 -0.000000000000000000 0 0.000000000000000000
neuron 3 1.000000000000000000 0.000000000000000000 0.000000000000000000 -0.000000000000000000 0 0.000000000000000000
neuron 3 1.000000000000000000 0.000000000000000000 0.000000000000000000 -0.000000000000000000 0 0.000000000000000000
connection 0 22 -2.193746198341254061 0 0.000000000000000000 -0.000000000000000000
connection 0 23 -1.172002428683140751 0 0.000000000000000000 -0.000000000000000000
connection 1 22 0.431210019008053891 0 0.000000000000000000 -0.000000000000000000
connection 1 23 1.453506760617839788 0 0.000000000000000000 -0.000000000000000000
connection 1 25 -1.321678295428859062 0 0.000000000000000000 -0.000000000000000000
connection 2 26 -2.181936834783110069 0 0.000000000000000000 -0.000000000000000000
connection 2 27 -1.138076213538691261 0 0.000000000000000000 -0.000000000000000000
connection 2 25 1.265303971423877627 0 0.000000000000000000 -0.000000000000000000
connection 3 26 0.430456811087530200 0 0.000000000000000000 -0.000000000000000000
connection 3 28 -4.154649729422599691 0 0.000000000000000000 -0.000000000000000000
connection 3 27 1.480306406800915742 0 0.000000000000000000 -0.000000000000000000
connection 3 29 2.551645312898720874 0 0.000000000000000000 -0.000000000000000000
connection 3 30 -1.278476901862802384 0 0.000000000000000000 -0.000000000000000000
connection 3 25 3.510533550546233617 0 0.000000000000000000 -0.000000000000000000
connection 3 31 5.900268797677256316 0 0.000000000000000000 -0.000000000000000000
connection 4 28 -2.165705425499119041 0 0.000000000000000000 -0.000000000000000000
connection 4 32 -1.102199222021827296 0 0.000000000000000000 -0.000000000000000000
connection 4 30 1.308775937122748090 0 0.000000000000000000 -0.000000000000000000
connection 5 28 0.436055788438432235 0 0.000000000000000000 -0.000000000000000000
connection 5 32 1.509921818763950707 0 0.000000000000000000 -0.000000000000000000
connection 6 33 2.704878069332137702 0 0.000000000000000000 -0.000000000000000000
connection 6 34 1.024598131774775212 0 0.000000000000000000 -0.000000000000000000
connection 7 35 5.887994599550363972 0 0.000000000000000000 -0.000000000000000000
connection 7 33 0.572609705277055681 0 0.000000000000000000 -0.000000000000000000
connection 7 34 -1.330749185281710600 0 0.000000000000000000 -0.000000000000000000
connection 8 36 2.312110339952003990 0 0.000000000000000000 -0.000000000000000000
connection 8 37 0.568803298488128606 0 0.000000000000000000 -0.000000000000000000
connection 8 33 -1.495621003535664961 0 0.000000000000000000 -0.000000000000000000
connection 8 38 2.560381102365275385 0 0.000000000000000000 -0.000000000000000000
connection 9 22 4.169682450710623378 0 0.000000000000000000 -0.000000000000000000
connection 9 23 2.450340198197539898 0 0.000000000000000000 -0.000000000000000000
connection 9 37 -1.425948378431682873 0 0.000000000000000000 -0.000000000000000000
connection 9 33 -3.092583158943487565 0 0.000000000000000000 -0.000000000000000000
connection 9 38 0.387390263992479944 0 0.000000000000000000 -0.000000000000000000
connection 10 36 -2.246188676766585957 0 0.000000000000000000 -0.000000000000000000
connection 10 22 2.214314198357325569 0 0.000000000000000000 -0.000000000000000000
connection 10 23 0.379224164372572170 0 0.000000000000000000 -0.000000000000000000
connection 10 29 2.422414007319289020 0 0.000000000000000000 -0.000000000000000000
connection 10 25 0.816728369086007211 0 0.000000000000000000 -0.000000000000000000
connection 10 31 -3.921410967364103328 0 0.000000000000000000 -0.000000000000000000
connection 11 23 -1.574141430491644789 0 0.000000000000000000 -0.000000000000000000
connection 11 27 2.261065350965276721 0 0.000000000000000000 -0.000000000000000000
connection 11 29 0.209736869430872885 0 0.000000000000000000 -0.000000000000000000
connection 11 39 4.131330617217178869 0 0.000000000000000000 -0.000000000000000000
connection 11 30 3.024284951954957723 0 0.000000000000000000 -0.000000000000000000
connection 12 40 -3.975397652028278550 0 0.000000000000000000 -0.000000000000000000
connection 12 26 2.098369778950591069 0 0.000000000000000000 -0.000000000000000000
connection 12 32 3.902444995905017144 0 0.000000000000000000 -0.000000000000000000
connection 12 29 -1.869797150583268008 0 0.000000000000000000 -0.000000000000000000
connection 12 39 2.291441549128105493 0 0.000000000000000000 -0.000000000000000000
connection 12 30 0.723378165050654887 0 0.000000000000000000 -0.000000000000000000
connection 13 32 2.069971370294850566 0 0.000000000000000000 -0.000000000000000000
connection 13 27 -1.733708334552959363 0 0.000000000000000000 -0.000000000000000000
connection 13 29 -3.419350498008567385 0 0.000000000000000000 -0.000000000000000000
connection 22 23 0.419889744726037684 0 0.000000000000000000 -0.000000000000000000
connection 22 37 -2.165194805259379685 0 0.000000000000000000 -0.000000000000000000
connection 22 29 -1.247472262055600245 0 0.000000000000000000 -0.000000000000000000
connection 22 39 1.647296817237443589 0 0.000000000000000000 -0.000000000000000000
connection 23 30 4.336774408394732383 0 0.000000000000000000 -0.000000000000000000
connection 23 25 1.738909134277082824 0 0.000000000000000000 -0.000000000000000000
connection 23 33 0.510114545286689314 0 0.000000000000000000 -0.000000000000000000
connection 23 38 3.268545792793964289 0 0.000000000000000000 -0.000000000000000000
connection 35 41 -1.037242219582716674 0 0.000000000000000000 -0.000000000000000000
connection 35 42 1.527216372711740044 0 0.000000000000000000 -0.000000000000000000
connection 35 33 3.156387140674090208 0 0.000000000000000000 -0.000000000000000000
connection 35 34 -1.415948473851531331 0 0.000000000000000000 -0.000000000000000000
connection 26 36 -3.411104051537427573 0 0.000000000000000000 -0.000000000000000000
connection 26 22 -1.119283915702723009 0 0.000000000000000000 -0.000000000000000000
connection 26 26 1.753399904177669999 0 0.000000000000000000 -0.000000000000000000
connection 26 32 0.313646596254146592 0 0.000000000000000000 -0.000000000000000000
connection 26 27 -2.285977048600495554 0 0.000000000000000000 -0.000000000000000000
connection 27 36 3.246164283583266918 0 0.000000000000000000 -0.000000000000000000
connection 27 23 1.844383153132755249 0 0.000000000000000000 -0.000000000000000000
connection 27 37 -1.029515220731916036 0 0.000000000000000000 -0.000000000000000000
connection 27 29 0.407728855337158691 0 0.000000000000000000 -0.000000000000000000
connection 27 39 3.117189361115038526 0 0.000000000000000000 -0.000000000000000000
connection 28 26 -3.008565168382989707 0 0.000000000000000000 -0.000000000000000000
connection 28 41 0.362130956435982143 0 0.000000000000000000 -0.000000000000000000
connection 28 43 1.909142615722927649 0 0.000000000000000000 -0.000000000000000000
connection 28 44 -0.585449845397748136 0 0.000000000000000000 -0.000000000000000000
connection 28 42 -2.080675574295646868 0 0.000000000000000000 -0.000000000000000000
connection 28 32 -4.218647767258168813 0 0.000000000000000000 -0.000000000000000000
connection 28 27 -5.519656599169018740 0 0.000000000000000000 -0.000000000000000000
connection 29 41 0.994375132956044072 0 0.000000000000000000 -0.000000000000000000
connection 29 33 1.934739741696889004 0 0.000000000000000000 -0.000000000000000000
connection 29 34 -2.134192260296688293 0 0.000000000000000000 -0.000000000000000000
connection 30 45 -1.447564296064879574 0 0.000000000000000000 -0.000000000000000000
connection 30 46 1.113737569953727968 0 0.000000000000000000 -0.000000000000000000
connection 30 47 2.595390138567217786 0 0.000000000000000000 -0.000000000000000000
connection 30 48 0.657489365419842930 0 0.000000000000000000 -0.000000000000000000
connection 25 53 0.896743222734626144 0 0.000000000000000000 -0.000000000000000000
connection 31 22 -2.444762167759592764 0 0.000000000000000000 -0.000000000000000000
connection 31 32 -3.312648921804774105 0 0.000000000000000000 -0.000000000000000000
connection 32 23 -2.931581024993367368 0 0.000000000000000000 -0.000000000000000000
connection 32 37 -4.862936476808365605 0 0.000000000000000000 -0.000000000000000000
connection 32 53 0.460757484262097006 0 0.000000000000000000 -0.000000000000000000
connection 32 58 1.999960833384364589 0 0.000000000000000000 -0.000000000000000000
connection 32 59 -0.487835263260438856 0 0.000000000000000000 -0.000000000000000000
connection 32 60 -1.992864986362389290 0 0.000000000000000000 -0.000000000000000000
connection 32 29 -4.162080988456746233 0 0.000000000000000000 -0.000000000000000000
connection 32 39 -1.820613294212195976 0 0.000000000000000000 -0.000000000000000000
connection 32 30 -4.961391395821570072 0 0.000000000000000000 -0.000000000000000000
connection 38 28 -2.632814080700014880 0 0.000000000000000000 -0.000000000000000000
connection 33 59 3.465001105120434133 0 0.000000000000000000 -0.000000000000000000
connection 33 31 6.912338485071396477 0 0.000000000000000000 -0.000000000000000000
connection 34 61 2.538567621259066875 0 0.000000000000000000 -0.000000000000000000
connection 34 62 4.013582412108593900 0 0.000000000000000000 -0.000000000000000000
connection 36 64 6.894733669888996275 0 0.000000000000000000 -0.000000000000000000
connection 37 44 3.547791542858975244 0 0.000000000000000000 -0.000000000000000000
connection 37 35 6.567840769621891894 0 0.000000000000000000 -0.000000000000000000
connection 39 66 3.162796614619832081 0 0.000000000000000000 -0.000000000000000000
connection 39 61 0.895258822402876464 0 0.000000000000000000 -0.000000000000000000
connection 39 62 -0.669880169322599528 0 0.000000000000000000 -0.000000000000000000
connection 39 25 -1.730856777254630385 0 0.000000000000000000 -0.000000000000000000
connection 39 33 -2.853562464232492601 0 0.000000000000000000 -0.000000000000000000
connection 39 34 -5.459290195011790914 0 0.000000000000000000 -0.000000000000000000
connection 36 14 5.991342976248705376 0 0.000000000000000000 -0.000000000000000000
connection 22 14 6.284940170231505085 0 0.000000000000000000 -0.000000000000000000
connection 64 14 5.853413451608262541 0 0.000000000000000000 -0.000000000000000000
connection 41 15 0.211031577270552495 0 0.000000000000000000 -0.000000000000000000
connection 43 15 -2.048686237104879293 0 0.000000000000000000 -0.000000000000000000
connection 40 16 6.663982461955217929 0 0.000000000000000000 -0.000000000000000000
connection 41 16 -2.423548731175910742 0 0.000000000000000000 -0.000000000000000000
connection 43 16 -4.195084873214846688 0 0.000000000000000000 -0.000000000000000000
connection 44 16 -0.845458847046176354 0 0.000000000000000000 -0.000000000000000000
connection 42 16 1.456690298767918001 0 0.000000000000000000 -0.000000000000000000
connection 66 16 2.285139269753460933 0 0.000000000000000000 -0.000000000000000000
connection 40 17 6.882510950925377458 0 0.000000000000000000 -0.000000000000000000
connection 45 17 -2.242007416720502189 0 0.000000000000000000 -0.000000000000000000
connection 46 17 1.263715822598009408 0 0.000000000000000000 -0.000000000000000000
connection 47 17 3.757392603789272201 0 0.000000000000000000 -0.000000000000000000
connection 41 17 -4.256887544681765334 0 0.000000000000000000 -0.000000000000000000
connection 44 17 -3.363551746383278918 0 0.000000000000000000 -0.000000000000000000
connection 42 17 -1.307026192955545341 0 0.000000000000000000 -0.000000000000000000
connection 61 17 1.078236444104180292 0 0.000000000000000000 -0.000000000000000000
connection 40 18 6.692528858443071549 0 0.000000000000000000 -0.000000000000000000
connection 45 18 -3.809500689672830731 0 0.000000000000000000 -0.000000000000000000
connection 46 18 -1.208213802842669882 0 0.000000000000000000 -0.000000000000000000
connection 47 18 1.696430005869309365 0 0.000000000000000000 -0.000000000000000000
connection 62 18 1.795185085754930965 0 0.000000000000000000 -0.000000000000000000
connection 46 19 -3.112565511697237497 0 0.000000000000000000 -0.000000000000000000
connection 47 19 -0.558324114447378061 0 0.000000000000000000 -0.000000000000000000
connection 53 19 2.771272962416928998 0 0.000000000000000000 -0.000000000000000000
connection 59 19 3.415691427910925615 0 0.000000000000000000 -0.000000000000000000
connection 37 20 6.721993541376674486 0 0.000000000000000000 -0.000000000000000000
connection 53 20 0.540174235858502771 0 0.000000000000000000 -0.000000000000000000
connection 58 20 -2.260988417962135788 0 0.000000000000000000 -0.000000000000000000
connection 59 20 1.118166221154543782 0 0.000000000000000000 -0.000000000000000000
connection 35 20 5.812288235329501340 0 0.000000000000000000 -0.000000000000000000
connection 22 21 -3.660282353369231689 0 0.000000000000000000 -0.000000000000000000
connection 58 21 -3.746689539584417528 0 0.000000000000000000 -0.000000000000000000
connection 59 21 -1.262001268815734267 0 0.000000000000000000 -0.000000000000000000
connection 60 21 1.664546963047927486 0 0.000000000000000000 -0.000000000000000000
connection 48 21 4.340636825951809996 0 0.000000000000000000 -0.000000000000000000
NNend

