NNstart
14 8
neuron 1 1.000000000000000000 0.000000000000000000 0.000000000000000000 -11095580177946031058968146136581061845756819970950576405650701586976066725591929887655598060274193428872553590502676072263076077283311616.000000000000000000 11 0.000000000000000000
neuron 1 1.000000000000000000 0.000000000000000000 0.000000000000000000 -11095580177946031058968146136581061845756819970950576405650701586976066725591929887655598060274193428872553590502676072263076077283311616.000000000000000000 11 0.000000000000000000
neuron 1 1.000000000000000000 0.000000000000000000 0.000000000000000000 -11095580177946031058968146136581061845756819970950576405650701586976066725591929887655598060274193428872553590502676072263076077283311616.000000000000000000 11 0.000000000000000000
neuron 1 1.000000000000000000 0.000000000000000000 0.000000000000000000 -11095580177946031058968146136581061845756819970950576405650701586976066725591929887655598060274193428872553590502676072263076077283311616.000000000000000000 11 0.000000000000000000
neuron 1 1.000000000000000000 0.000000000000000000 0.000000000000000000 -11095580177946031058968146136581061845756819970950576405650701586976066725591929887655598060274193428872553590502676072263076077283311616.000000000000000000 11 0.000000000000000000
neuron 1 1.000000000000000000 0.000000000000000000 0.000000000000000000 -11095580177946031058968146136581061845756819970950576405650701586976066725591929887655598060274193428872553590502676072263076077283311616.000000000000000000 11 0.000000000000000000
neuron 1 1.000000000000000000 0.000000000000000000 0.000000000000000000 -11095580177946031058968146136581061845756819970950576405650701586976066725591929887655598060274193428872553590502676072263076077283311616.000000000000000000 11 0.000000000000000000
neuron 1 1.000000000000000000 0.000000000000000000 0.000000000000000000 -11095580177946031058968146136581061845756819970950576405650701586976066725591929887655598060274193428872553590502676072263076077283311616.000000000000000000 11 0.000000000000000000
neuron 1 1.000000000000000000 0.000000000000000000 0.000000000000000000 -11095580177946031058968146136581061845756819970950576405650701586976066725591929887655598060274193428872553590502676072263076077283311616.000000000000000000 11 0.000000000000000000
neuron 1 1.000000000000000000 0.000000000000000000 0.000000000000000000 -11095580177946031058968146136581061845756819970950576405650701586976066725591929887655598060274193428872553590502676072263076077283311616.000000000000000000 11 0.000000000000000000
neuron 1 1.000000000000000000 0.000000000000000000 0.000000000000000000 -11095580177946031058968146136581061845756819970950576405650701586976066725591929887655598060274193428872553590502676072263076077283311616.000000000000000000 11 0.000000000000000000
neuron 1 1.000000000000000000 0.000000000000000000 0.000000000000000000 -11095580177946031058968146136581061845756819970950576405650701586976066725591929887655598060274193428872553590502676072263076077283311616.000000000000000000 11 0.000000000000000000
neuron 1 1.000000000000000000 0.000000000000000000 0.000000000000000000 -11095580177946031058968146136581061845756819970950576405650701586976066725591929887655598060274193428872553590502676072263076077283311616.000000000000000000 11 0.000000000000000000
neuron 2 1.000000000000000000 0.000000000000000000 0.000000000000000000 0.000000000000000000 11 0.000000000000000000
neuron 4 1.000000000000000000 0.000000000000000000 0.000000000000000000 -11095580177946031058968146136581061845756819970950576405650701586976066725591929887655598060274193428872553590502676072263076077283311616.000000000000000000 1 0.000000000000000000
neuron 4 1.000000000000000000 0.000000000000000000 0.000000000000000000 -11095580177946031058968146136581061845756819970950576405650701586976066725591929887655598060274193428872553590502676072263076077283311616.000000000000000000 1 0.000000000000000000
neuron 4 1.000000000000000000 0.000000000000000000 0.000000000000000000 -11095580177946031058968146136581061845756819970950576405650701586976066725591929887655598060274193428872553590502676072263076077283311616.000000000000000000 1 0.000000000000000000
neuron 4 1.000000000000000000 0.000000000000000000 0.000000000000000000 -11095580177946031058968146136581061845756819970950576405650701586976066725591929887655598060274193428872553590502676072263076077283311616.000000000000000000 1 0.000000000000000000
neuron 4 1.000000000000000000 0.000000000000000000 0.000000000000000000 -11095580177946031058968146136581061845756819970950576405650701586976066725591929887655598060274193428872553590502676072263076077283311616.000000000000000000 1 0.000000000000000000
neuron 4 1.000000000000000000 0.000000000000000000 0.000000000000000000 -11095580177946031058968146136581061845756819970950576405650701586976066725591929887655598060274193428872553590502676072263076077283311616.000000000000000000 1 0.000000000000000000
neuron 4 1.000000000000000000 0.000000000000000000 0.000000000000000000 -11095580177946031058968146136581061845756819970950576405650701586976066725591929887655598060274193428872553590502676072263076077283311616.000000000000000000 1 0.000000000000000000
neuron 4 1.000000000000000000 0.000000000000000000 0.000000000000000000 -11095580177946031058968146136581061845756819970950576405650701586976066725591929887655598060274193428872553590502676072263076077283311616.000000000000000000 1 0.000000000000000000
neuron 3 1.000000000000000000 0.000000000000000000 0.000000000000000000 -11095580177946031058968146136581061845756819970950576405650701586976066725591929887655598060274193428872553590502676072263076077283311616.000000000000000000 0 0.000000000000000000
neuron 3 1.000000000000000000 0.000000000000000000 0.000000000000000000 -11095580177946031058968146136581061845756819970950576405650701586976066725591929887655598060274193428872553590502676072263076077283311616.000000000000000000 0 0.000000000000000000
neuron 3 1.000000000000000000 0.000000000000000000 0.000000000000000000 -11095580177946031058968146136581061845756819970950576405650701586976066725591929887655598060274193428872553590502676072263076077283311616.000000000000000000 0 0.000000000000000000
neuron 3 1.000000000000000000 0.000000000000000000 0.000000000000000000 -11095580177946031058968146136581061845756819970950576405650701586976066725591929887655598060274193428872553590502676072263076077283311616.000000000000000000 0 0.000000000000000000
neuron 3 1.000000000000000000 0.000000000000000000 0.000000000000000000 -11095580177946031058968146136581061845756819970950576405650701586976066725591929887655598060274193428872553590502676072263076077283311616.000000000000000000 0 0.000000000000000000
neuron 3 1.000000000000000000 0.000000000000000000 0.000000000000000000 -11095580177946031058968146136581061845756819970950576405650701586976066725591929887655598060274193428872553590502676072263076077283311616.000000000000000000 0 0.000000000000000000
neuron 3 1.000000000000000000 0.000000000000000000 0.000000000000000000 -11095580177946031058968146136581061845756819970950576405650701586976066725591929887655598060274193428872553590502676072263076077283311616.000000000000000000 0 0.000000000000000000
neuron 3 1.000000000000000000 0.000000000000000000 0.000000000000000000 -11095580177946031058968146136581061845756819970950576405650701586976066725591929887655598060274193428872553590502676072263076077283311616.000000000000000000 0 0.000000000000000000
neuron 3 1.000000000000000000 0.000000000000000000 0.000000000000000000 -11095580177946031058968146136581061845756819970950576405650701586976066725591929887655598060274193428872553590502676072263076077283311616.000000000000000000 0 0.000000000000000000
neuron 3 1.000000000000000000 0.000000000000000000 0.000000000000000000 -11095580177946031058968146136581061845756819970950576405650701586976066725591929887655598060274193428872553590502676072263076077283311616.000000000000000000 0 0.000000000000000000
neuron 3 1.000000000000000000 0.000000000000000000 0.000000000000000000 -11095580177946031058968146136581061845756819970950576405650701586976066725591929887655598060274193428872553590502676072263076077283311616.000000000000000000 0 0.000000000000000000
neuron 3 1.000000000000000000 0.000000000000000000 0.000000000000000000 -11095580177946031058968146136581061845756819970950576405650701586976066725591929887655598060274193428872553590502676072263076077283311616.000000000000000000 0 0.000000000000000000
neuron 3 1.000000000000000000 0.000000000000000000 0.000000000000000000 -11095580177946031058968146136581061845756819970950576405650701586976066725591929887655598060274193428872553590502676072263076077283311616.000000000000000000 0 0.000000000000000000
neuron 3 1.000000000000000000 0.000000000000000000 0.000000000000000000 -11095580177946031058968146136581061845756819970950576405650701586976066725591929887655598060274193428872553590502676072263076077283311616.000000000000000000 0 0.000000000000000000
neuron 3 1.000000000000000000 0.000000000000000000 0.000000000000000000 -11095580177946031058968146136581061845756819970950576405650701586976066725591929887655598060274193428872553590502676072263076077283311616.000000000000000000 0 0.000000000000000000
neuron 3 1.000000000000000000 0.000000000000000000 0.000000000000000000 -11095580177946031058968146136581061845756819970950576405650701586976066725591929887655598060274193428872553590502676072263076077283311616.000000000000000000 0 0.000000000000000000
neuron 3 1.000000000000000000 0.000000000000000000 0.000000000000000000 -11095580177946031058968146136581061845756819970950576405650701586976066725591929887655598060274193428872553590502676072263076077283311616.000000000000000000 0 0.000000000000000000
neuron 3 1.000000000000000000 0.000000000000000000 0.000000000000000000 -11095580177946031058968146136581061845756819970950576405650701586976066725591929887655598060274193428872553590502676072263076077283311616.000000000000000000 0 0.000000000000000000
neuron 3 1.000000000000000000 0.000000000000000000 0.000000000000000000 -11095580177946031058968146136581061845756819970950576405650701586976066725591929887655598060274193428872553590502676072263076077283311616.000000000000000000 0 0.000000000000000000
neuron 3 1.000000000000000000 0.000000000000000000 0.000000000000000000 -11095580177946031058968146136581061845756819970950576405650701586976066725591929887655598060274193428872553590502676072263076077283311616.000000000000000000 0 0.000000000000000000
neuron 3 1.000000000000000000 0.000000000000000000 0.000000000000000000 -11095580177946031058968146136581061845756819970950576405650701586976066725591929887655598060274193428872553590502676072263076077283311616.000000000000000000 0 0.000000000000000000
neuron 3 1.000000000000000000 0.000000000000000000 0.000000000000000000 -11095580177946031058968146136581061845756819970950576405650701586976066725591929887655598060274193428872553590502676072263076077283311616.000000000000000000 0 0.000000000000000000
neuron 3 1.000000000000000000 0.000000000000000000 0.000000000000000000 -11095580177946031058968146136581061845756819970950576405650701586976066725591929887655598060274193428872553590502676072263076077283311616.000000000000000000 0 0.000000000000000000
neuron 3 1.000000000000000000 0.000000000000000000 0.000000000000000000 -11095580177946031058968146136581061845756819970950576405650701586976066725591929887655598060274193428872553590502676072263076077283311616.000000000000000000 0 0.000000000000000000
neuron 3 1.000000000000000000 0.000000000000000000 0.000000000000000000 -11095580177946031058968146136581061845756819970950576405650701586976066725591929887655598060274193428872553590502676072263076077283311616.000000000000000000 0 0.000000000000000000
neuron 3 1.000000000000000000 0.000000000000000000 0.000000000000000000 -11095580177946031058968146136581061845756819970950576405650701586976066725591929887655598060274193428872553590502676072263076077283311616.000000000000000000 0 0.000000000000000000
neuron 3 1.000000000000000000 0.000000000000000000 0.000000000000000000 -11095580177946031058968146136581061845756819970950576405650701586976066725591929887655598060274193428872553590502676072263076077283311616.000000000000000000 0 0.000000000000000000
neuron 3 1.000000000000000000 0.000000000000000000 0.000000000000000000 -11095580177946031058968146136581061845756819970950576405650701586976066725591929887655598060274193428872553590502676072263076077283311616.000000000000000000 0 0.000000000000000000
neuron 3 1.000000000000000000 0.000000000000000000 0.000000000000000000 -11095580177946031058968146136581061845756819970950576405650701586976066725591929887655598060274193428872553590502676072263076077283311616.000000000000000000 0 0.000000000000000000
neuron 3 1.000000000000000000 0.000000000000000000 0.000000000000000000 -11095580177946031058968146136581061845756819970950576405650701586976066725591929887655598060274193428872553590502676072263076077283311616.000000000000000000 0 0.000000000000000000
neuron 3 1.000000000000000000 0.000000000000000000 0.000000000000000000 -11095580177946031058968146136581061845756819970950576405650701586976066725591929887655598060274193428872553590502676072263076077283311616.000000000000000000 0 0.000000000000000000
neuron 3 1.000000000000000000 0.000000000000000000 0.000000000000000000 -11095580177946031058968146136581061845756819970950576405650701586976066725591929887655598060274193428872553590502676072263076077283311616.000000000000000000 0 0.000000000000000000
neuron 3 1.000000000000000000 0.000000000000000000 0.000000000000000000 -11095580177946031058968146136581061845756819970950576405650701586976066725591929887655598060274193428872553590502676072263076077283311616.000000000000000000 0 0.000000000000000000
neuron 3 1.000000000000000000 0.000000000000000000 0.000000000000000000 -11095580177946031058968146136581061845756819970950576405650701586976066725591929887655598060274193428872553590502676072263076077283311616.000000000000000000 0 0.000000000000000000
neuron 3 1.000000000000000000 0.000000000000000000 0.000000000000000000 -11095580177946031058968146136581061845756819970950576405650701586976066725591929887655598060274193428872553590502676072263076077283311616.000000000000000000 0 0.000000000000000000
neuron 3 1.000000000000000000 0.000000000000000000 0.000000000000000000 -11095580177946031058968146136581061845756819970950576405650701586976066725591929887655598060274193428872553590502676072263076077283311616.000000000000000000 0 0.000000000000000000
neuron 3 1.000000000000000000 0.000000000000000000 0.000000000000000000 -11095580177946031058968146136581061845756819970950576405650701586976066725591929887655598060274193428872553590502676072263076077283311616.000000000000000000 0 0.000000000000000000
neuron 3 1.000000000000000000 0.000000000000000000 0.000000000000000000 -11095580177946031058968146136581061845756819970950576405650701586976066725591929887655598060274193428872553590502676072263076077283311616.000000000000000000 0 0.000000000000000000
neuron 3 1.000000000000000000 0.000000000000000000 0.000000000000000000 -11095580177946031058968146136581061845756819970950576405650701586976066725591929887655598060274193428872553590502676072263076077283311616.000000000000000000 0 0.000000000000000000
neuron 3 1.000000000000000000 0.000000000000000000 0.000000000000000000 -11095580177946031058968146136581061845756819970950576405650701586976066725591929887655598060274193428872553590502676072263076077283311616.000000000000000000 0 0.000000000000000000
neuron 3 1.000000000000000000 0.000000000000000000 0.000000000000000000 -11095580177946031058968146136581061845756819970950576405650701586976066725591929887655598060274193428872553590502676072263076077283311616.000000000000000000 0 0.000000000000000000
connection 7 22 -4.178040952687176457 0 0.000000000000000000 -11095580177946031058968146136581061845756819970950576405650701586976066725591929887655598060274193428872553590502676072263076077283311616.000000000000000000
connection 7 23 -4.156826708906231183 0 0.000000000000000000 -11095580177946031058968146136581061845756819970950576405650701586976066725591929887655598060274193428872553590502676072263076077283311616.000000000000000000
connection 8 25 -4.190535021737189503 0 0.000000000000000000 -11095580177946031058968146136581061845756819970950576405650701586976066725591929887655598060274193428872553590502676072263076077283311616.000000000000000000
connection 8 23 -4.135493176979623264 0 0.000000000000000000 -11095580177946031058968146136581061845756819970950576405650701586976066725591929887655598060274193428872553590502676072263076077283311616.000000000000000000
connection 8 26 -4.011870415571854309 0 0.000000000000000000 -11095580177946031058968146136581061845756819970950576405650701586976066725591929887655598060274193428872553590502676072263076077283311616.000000000000000000
connection 9 26 -3.947271098201617257 0 0.000000000000000000 -11095580177946031058968146136581061845756819970950576405650701586976066725591929887655598060274193428872553590502676072263076077283311616.000000000000000000
connection 10 27 -4.193505272012918006 0 0.000000000000000000 -11095580177946031058968146136581061845756819970950576405650701586976066725591929887655598060274193428872553590502676072263076077283311616.000000000000000000
connection 10 26 -3.871209957849534256 0 0.000000000000000000 -11095580177946031058968146136581061845756819970950576405650701586976066725591929887655598060274193428872553590502676072263076077283311616.000000000000000000
connection 11 27 -4.188153873620130696 0 0.000000000000000000 -11095580177946031058968146136581061845756819970950576405650701586976066725591929887655598060274193428872553590502676072263076077283311616.000000000000000000
connection 11 29 -4.174544683678345081 0 0.000000000000000000 -11095580177946031058968146136581061845756819970950576405650701586976066725591929887655598060274193428872553590502676072263076077283311616.000000000000000000
connection 11 30 -1.963567876678133040 0 0.000000000000000000 -11095580177946031058968146136581061845756819970950576405650701586976066725591929887655598060274193428872553590502676072263076077283311616.000000000000000000
connection 11 31 -1.638284657551734469 0 0.000000000000000000 -11095580177946031058968146136581061845756819970950576405650701586976066725591929887655598060274193428872553590502676072263076077283311616.000000000000000000
connection 11 32 -1.584145138397804686 0 0.000000000000000000 -11095580177946031058968146136581061845756819970950576405650701586976066725591929887655598060274193428872553590502676072263076077283311616.000000000000000000
connection 11 33 -1.592911365789795308 0 0.000000000000000000 -11095580177946031058968146136581061845756819970950576405650701586976066725591929887655598060274193428872553590502676072263076077283311616.000000000000000000
connection 12 27 -4.180158750412302560 0 0.000000000000000000 -11095580177946031058968146136581061845756819970950576405650701586976066725591929887655598060274193428872553590502676072263076077283311616.000000000000000000
connection 12 29 -4.160489174763115194 0 0.000000000000000000 -11095580177946031058968146136581061845756819970950576405650701586976066725591929887655598060274193428872553590502676072263076077283311616.000000000000000000
connection 12 32 -1.582875994409232767 0 0.000000000000000000 -11095580177946031058968146136581061845756819970950576405650701586976066725591929887655598060274193428872553590502676072263076077283311616.000000000000000000
connection 12 33 -1.629576443574403566 0 0.000000000000000000 -11095580177946031058968146136581061845756819970950576405650701586976066725591929887655598060274193428872553590502676072263076077283311616.000000000000000000
connection 13 35 -4.191661953659894913 0 0.000000000000000000 -11095580177946031058968146136581061845756819970950576405650701586976066725591929887655598060274193428872553590502676072263076077283311616.000000000000000000
connection 13 29 -4.140616163982071996 0 0.000000000000000000 -11095580177946031058968146136581061845756819970950576405650701586976066725591929887655598060274193428872553590502676072263076077283311616.000000000000000000
connection 13 36 -4.023932989918969305 0 0.000000000000000000 -11095580177946031058968146136581061845756819970950576405650701586976066725591929887655598060274193428872553590502676072263076077283311616.000000000000000000
connection 13 37 -1.598289237619960890 0 0.000000000000000000 -11095580177946031058968146136581061845756819970950576405650701586976066725591929887655598060274193428872553590502676072263076077283311616.000000000000000000
connection 13 33 -1.684277901283562695 0 0.000000000000000000 -11095580177946031058968146136581061845756819970950576405650701586976066725591929887655598060274193428872553590502676072263076077283311616.000000000000000000
connection 22 38 1.647617671389594030 0 0.000000000000000000 -11095580177946031058968146136581061845756819970950576405650701586976066725591929887655598060274193428872553590502676072263076077283311616.000000000000000000
connection 22 39 1.647623392415420440 0 0.000000000000000000 -11095580177946031058968146136581061845756819970950576405650701586976066725591929887655598060274193428872553590502676072263076077283311616.000000000000000000
connection 22 30 1.647634833427127798 0 0.000000000000000000 -11095580177946031058968146136581061845756819970950576405650701586976066725591929887655598060274193428872553590502676072263076077283311616.000000000000000000
connection 22 40 1.647651992343558192 0 0.000000000000000000 -11095580177946031058968146136581061845756819970950576405650701586976066725591929887655598060274193428872553590502676072263076077283311616.000000000000000000
connection 22 41 1.627763008212872897 0 0.000000000000000000 -11095580177946031058968146136581061845756819970950576405650701586976066725591929887655598060274193428872553590502676072263076077283311616.000000000000000000
connection 23 46 1.624106007647107663 0 0.000000000000000000 -11095580177946031058968146136581061845756819970950576405650701586976066725591929887655598060274193428872553590502676072263076077283311616.000000000000000000
connection 23 47 1.624102792085098113 0 0.000000000000000000 -11095580177946031058968146136581061845756819970950576405650701586976066725591929887655598060274193428872553590502676072263076077283311616.000000000000000000
connection 25 38 1.647617671389594030 0 0.000000000000000000 -11095580177946031058968146136581061845756819970950576405650701586976066725591929887655598060274193428872553590502676072263076077283311616.000000000000000000
connection 25 39 1.647623392415420440 0 0.000000000000000000 -11095580177946031058968146136581061845756819970950576405650701586976066725591929887655598060274193428872553590502676072263076077283311616.000000000000000000
connection 25 30 1.647634833427127798 0 0.000000000000000000 -11095580177946031058968146136581061845756819970950576405650701586976066725591929887655598060274193428872553590502676072263076077283311616.000000000000000000
connection 25 40 1.647651992343558192 0 0.000000000000000000 -11095580177946031058968146136581061845756819970950576405650701586976066725591929887655598060274193428872553590502676072263076077283311616.000000000000000000
connection 25 41 1.627763008212872897 0 0.000000000000000000 -11095580177946031058968146136581061845756819970950576405650701586976066725591929887655598060274193428872553590502676072263076077283311616.000000000000000000
connection 26 48 1.810895788783779103 0 0.000000000000000000 -11095580177946031058968146136581061845756819970950576405650701586976066725591929887655598060274193428872553590502676072263076077283311616.000000000000000000
connection 36 48 1.810895788783779103 0 0.000000000000000000 -11095580177946031058968146136581061845756819970950576405650701586976066725591929887655598060274193428872553590502676072263076077283311616.000000000000000000
connection 27 38 1.647617671389594030 0 0.000000000000000000 -11095580177946031058968146136581061845756819970950576405650701586976066725591929887655598060274193428872553590502676072263076077283311616.000000000000000000
connection 27 39 1.647623392415420440 0 0.000000000000000000 -11095580177946031058968146136581061845756819970950576405650701586976066725591929887655598060274193428872553590502676072263076077283311616.000000000000000000
connection 27 30 1.647634833427127798 0 0.000000000000000000 -11095580177946031058968146136581061845756819970950576405650701586976066725591929887655598060274193428872553590502676072263076077283311616.000000000000000000
connection 27 40 1.647651992343558192 0 0.000000000000000000 -11095580177946031058968146136581061845756819970950576405650701586976066725591929887655598060274193428872553590502676072263076077283311616.000000000000000000
connection 29 46 1.624106007647107663 0 0.000000000000000000 -11095580177946031058968146136581061845756819970950576405650701586976066725591929887655598060274193428872553590502676072263076077283311616.000000000000000000
connection 29 47 1.624102792085098113 0 0.000000000000000000 -11095580177946031058968146136581061845756819970950576405650701586976066725591929887655598060274193428872553590502676072263076077283311616.000000000000000000
connection 30 50 1.627925901504013950 0 0.000000000000000000 -11095580177946031058968146136581061845756819970950576405650701586976066725591929887655598060274193428872553590502676072263076077283311616.000000000000000000
connection 30 55 1.725384329240205794 0 0.000000000000000000 -11095580177946031058968146136581061845756819970950576405650701586976066725591929887655598060274193428872553590502676072263076077283311616.000000000000000000
connection 30 48 1.725435804064980871 0 0.000000000000000000 -11095580177946031058968146136581061845756819970950576405650701586976066725591929887655598060274193428872553590502676072263076077283311616.000000000000000000
connection 31 57 1.670009805672615144 0 0.000000000000000000 -11095580177946031058968146136581061845756819970950576405650701586976066725591929887655598060274193428872553590502676072263076077283311616.000000000000000000
connection 31 55 1.670009805672615144 0 0.000000000000000000 -11095580177946031058968146136581061845756819970950576405650701586976066725591929887655598060274193428872553590502676072263076077283311616.000000000000000000
connection 31 25 1.712262343940737619 0 0.000000000000000000 -11095580177946031058968146136581061845756819970950576405650701586976066725591929887655598060274193428872553590502676072263076077283311616.000000000000000000
connection 31 22 1.712297654642909617 0 0.000000000000000000 -11095580177946031058968146136581061845756819970950576405650701586976066725591929887655598060274193428872553590502676072263076077283311616.000000000000000000
connection 32 59 1.661946117176928084 0 0.000000000000000000 -11095580177946031058968146136581061845756819970950576405650701586976066725591929887655598060274193428872553590502676072263076077283311616.000000000000000000
connection 32 35 1.661946117176928084 0 0.000000000000000000 -11095580177946031058968146136581061845756819970950576405650701586976066725591929887655598060274193428872553590502676072263076077283311616.000000000000000000
connection 32 27 1.661953279148766338 0 0.000000000000000000 -11095580177946031058968146136581061845756819970950576405650701586976066725591929887655598060274193428872553590502676072263076077283311616.000000000000000000
connection 32 25 1.661967601702071029 0 0.000000000000000000 -11095580177946031058968146136581061845756819970950576405650701586976066725591929887655598060274193428872553590502676072263076077283311616.000000000000000000
connection 32 22 1.661989082054605493 0 0.000000000000000000 -11095580177946031058968146136581061845756819970950576405650701586976066725591929887655598060274193428872553590502676072263076077283311616.000000000000000000
connection 33 59 1.632237698787605495 0 0.000000000000000000 -11095580177946031058968146136581061845756819970950576405650701586976066725591929887655598060274193428872553590502676072263076077283311616.000000000000000000
connection 35 38 1.647617671389594030 0 0.000000000000000000 -11095580177946031058968146136581061845756819970950576405650701586976066725591929887655598060274193428872553590502676072263076077283311616.000000000000000000
connection 35 39 1.647623392415420440 0 0.000000000000000000 -11095580177946031058968146136581061845756819970950576405650701586976066725591929887655598060274193428872553590502676072263076077283311616.000000000000000000
connection 35 30 1.647634833427127798 0 0.000000000000000000 -11095580177946031058968146136581061845756819970950576405650701586976066725591929887655598060274193428872553590502676072263076077283311616.000000000000000000
connection 35 40 1.647651992343558192 0 0.000000000000000000 -11095580177946031058968146136581061845756819970950576405650701586976066725591929887655598060274193428872553590502676072263076077283311616.000000000000000000
connection 37 59 1.661946117176928084 0 0.000000000000000000 -11095580177946031058968146136581061845756819970950576405650701586976066725591929887655598060274193428872553590502676072263076077283311616.000000000000000000
connection 37 35 1.661946117176928084 0 0.000000000000000000 -11095580177946031058968146136581061845756819970950576405650701586976066725591929887655598060274193428872553590502676072263076077283311616.000000000000000000
connection 37 27 1.661953279148766338 0 0.000000000000000000 -11095580177946031058968146136581061845756819970950576405650701586976066725591929887655598060274193428872553590502676072263076077283311616.000000000000000000
connection 37 25 1.661967601702071029 0 0.000000000000000000 -11095580177946031058968146136581061845756819970950576405650701586976066725591929887655598060274193428872553590502676072263076077283311616.000000000000000000
connection 37 22 1.661989082054605493 0 0.000000000000000000 -11095580177946031058968146136581061845756819970950576405650701586976066725591929887655598060274193428872553590502676072263076077283311616.000000000000000000
connection 38 15 1.710373902330070361 0 0.000000000000000000 -11095580177946031058968146136581061845756819970950576405650701586976066725591929887655598060274193428872553590502676072263076077283311616.000000000000000000
connection 39 15 1.710373902330070361 0 0.000000000000000000 -11095580177946031058968146136581061845756819970950576405650701586976066725591929887655598060274193428872553590502676072263076077283311616.000000000000000000
connection 30 15 1.710373902330070361 0 0.000000000000000000 -11095580177946031058968146136581061845756819970950576405650701586976066725591929887655598060274193428872553590502676072263076077283311616.000000000000000000
connection 40 15 1.710373902330070361 0 0.000000000000000000 -11095580177946031058968146136581061845756819970950576405650701586976066725591929887655598060274193428872553590502676072263076077283311616.000000000000000000
connection 47 15 1.710373902330070361 0 0.000000000000000000 -11095580177946031058968146136581061845756819970950576405650701586976066725591929887655598060274193428872553590502676072263076077283311616.000000000000000000
connection 57 17 1.700416311199477448 0 0.000000000000000000 -11095580177946031058968146136581061845756819970950576405650701586976066725591929887655598060274193428872553590502676072263076077283311616.000000000000000000
connection 55 17 1.700416311199477448 0 0.000000000000000000 -11095580177946031058968146136581061845756819970950576405650701586976066725591929887655598060274193428872553590502676072263076077283311616.000000000000000000
connection 48 17 1.700416311199477448 0 0.000000000000000000 -11095580177946031058968146136581061845756819970950576405650701586976066725591929887655598060274193428872553590502676072263076077283311616.000000000000000000
connection 59 18 1.644239688651724318 0 0.000000000000000000 -11095580177946031058968146136581061845756819970950576405650701586976066725591929887655598060274193428872553590502676072263076077283311616.000000000000000000
connection 41 19 1.610943743754292168 0 0.000000000000000000 -11095580177946031058968146136581061845756819970950576405650701586976066725591929887655598060274193428872553590502676072263076077283311616.000000000000000000
connection 41 20 1.641977025276448288 0 0.000000000000000000 -11095580177946031058968146136581061845756819970950576405650701586976066725591929887655598060274193428872553590502676072263076077283311616.000000000000000000
connection 46 20 1.629936167325015006 0 0.000000000000000000 -11095580177946031058968146136581061845756819970950576405650701586976066725591929887655598060274193428872553590502676072263076077283311616.000000000000000000
connection 50 21 1.626625425279069947 0 0.000000000000000000 -11095580177946031058968146136581061845756819970950576405650701586976066725591929887655598060274193428872553590502676072263076077283311616.000000000000000000
NNend

