NNstart
16 6
neuron 1 1.000000000000000000 0.000000000000000000 0.000000000000000000 -0.000000000000000000 11 0.000000000000000000
neuron 1 1.000000000000000000 0.000000000000000000 0.000000000000000000 -0.000000000000000000 11 0.000000000000000000
neuron 1 1.000000000000000000 0.000000000000000000 0.000000000000000000 -0.000000000000000000 11 0.000000000000000000
neuron 1 1.000000000000000000 0.000000000000000000 0.000000000000000000 -0.000000000000000000 11 0.000000000000000000
neuron 1 1.000000000000000000 0.000000000000000000 0.000000000000000000 -0.000000000000000000 11 0.000000000000000000
neuron 1 1.000000000000000000 0.000000000000000000 0.000000000000000000 -0.000000000000000000 11 0.000000000000000000
neuron 1 1.000000000000000000 0.000000000000000000 0.000000000000000000 -0.000000000000000000 11 0.000000000000000000
neuron 1 1.000000000000000000 0.000000000000000000 0.000000000000000000 -0.000000000000000000 11 0.000000000000000000
neuron 1 1.000000000000000000 0.000000000000000000 0.000000000000000000 -0.000000000000000000 11 0.000000000000000000
neuron 1 1.000000000000000000 0.000000000000000000 0.000000000000000000 -0.000000000000000000 11 0.000000000000000000
neuron 1 1.000000000000000000 0.000000000000000000 0.000000000000000000 -0.000000000000000000 11 0.000000000000000000
neuron 1 1.000000000000000000 0.000000000000000000 0.000000000000000000 -0.000000000000000000 11 0.000000000000000000
neuron 1 1.000000000000000000 0.000000000000000000 0.000000000000000000 -0.000000000000000000 11 0.000000000000000000
neuron 1 1.000000000000000000 0.000000000000000000 0.000000000000000000 -0.000000000000000000 11 0.000000000000000000
neuron 1 1.000000000000000000 0.000000000000000000 0.000000000000000000 -0.000000000000000000 11 0.000000000000000000
neuron 2 1.000000000000000000 0.000000000000000000 0.000000000000000000 0.000000000000000000 11 0.000000000000000000
neuron 4 1.000000000000000000 0.000000000000000000 0.000000000000000000 -0.000000000000000000 1 0.000000000000000000
neuron 4 1.000000000000000000 0.000000000000000000 0.000000000000000000 -0.000000000000000000 1 0.000000000000000000
neuron 4 1.000000000000000000 0.000000000000000000 0.000000000000000000 -0.000000000000000000 1 0.000000000000000000
neuron 4 1.000000000000000000 0.000000000000000000 0.000000000000000000 -0.000000000000000000 1 0.000000000000000000
neuron 4 1.000000000000000000 0.000000000000000000 0.000000000000000000 -0.000000000000000000 1 0.000000000000000000
neuron 4 1.000000000000000000 0.000000000000000000 0.000000000000000000 -0.000000000000000000 1 0.000000000000000000
neuron 3 1.000000000000000000 0.000000000000000000 0.000000000000000000 -0.000000000000000000 0 0.000000000000000000
neuron 3 1.000000000000000000 0.000000000000000000 0.000000000000000000 -0.000000000000000000 0 0.000000000000000000
neuron 3 1.000000000000000000 0.000000000000000000 0.000000000000000000 -0.000000000000000000 0 0.000000000000000000
neuron 3 1.000000000000000000 0.000000000000000000 0.000000000000000000 -0.000000000000000000 0 0.000000000000000000
neuron 3 1.000000000000000000 0.000000000000000000 0.000000000000000000 -0.000000000000000000 0 0.000000000000000000
neuron 3 1.000000000000000000 0.000000000000000000 0.000000000000000000 -0.000000000000000000 0 0.000000000000000000
neuron 3 1.000000000000000000 0.000000000000000000 0.000000000000000000 -0.000000000000000000 0 0.000000000000000000
neuron 3 1.000000000000000000 0.000000000000000000 0.000000000000000000 -0.000000000000000000 0 0.000000000000000000
neuron 3 1.000000000000000000 0.000000000000000000 0.000000000000000000 -0.000000000000000000 0 0.000000000000000000
neuron 3 1.000000000000000000 0.000000000000000000 0.000000000000000000 -0.000000000000000000 0 0.000000000000000000
neuron 3 1.000000000000000000 0.000000000000000000 0.000000000000000000 -0.000000000000000000 0 0.000000000000000000
neuron 3 1.000000000000000000 0.000000000000000000 0.000000000000000000 -0.000000000000000000 0 0.000000000000000000
neuron 3 1.000000000000000000 0.000000000000000000 0.000000000000000000 -0.000000000000000000 0 0.000000000000000000
neuron 3 1.000000000000000000 0.000000000000000000 0.000000000000000000 -0.000000000000000000 0 0.000000000000000000
neuron 3 1.000000000000000000 0.000000000000000000 0.000000000000000000 -0.000000000000000000 0 0.000000000000000000
neuron 3 1.000000000000000000 0.000000000000000000 0.000000000000000000 -0.000000000000000000 0 0.000000000000000000
neuron 3 1.000000000000000000 0.000000000000000000 0.000000000000000000 -0.000000000000000000 0 0.000000000000000000
neuron 3 1.000000000000000000 0.000000000000000000 0.000000000000000000 -0.000000000000000000 0 0.000000000000000000
neuron 3 1.000000000000000000 0.000000000000000000 0.000000000000000000 -0.000000000000000000 0 0.000000000000000000
neuron 3 1.000000000000000000 0.000000000000000000 0.000000000000000000 -0.000000000000000000 0 0.000000000000000000
neuron 3 1.000000000000000000 0.000000000000000000 0.000000000000000000 -0.000000000000000000 0 0.000000000000000000
neuron 3 1.000000000000000000 0.000000000000000000 0.000000000000000000 -0.000000000000000000 0 0.000000000000000000
neuron 3 1.000000000000000000 0.000000000000000000 0.000000000000000000 -0.000000000000000000 0 0.000000000000000000
neuron 3 1.000000000000000000 0.000000000000000000 0.000000000000000000 -0.000000000000000000 0 0.000000000000000000
neuron 3 1.000000000000000000 0.000000000000000000 0.000000000000000000 -0.000000000000000000 0 0.000000000000000000
neuron 3 1.000000000000000000 0.000000000000000000 0.000000000000000000 -0.000000000000000000 0 0.000000000000000000
neuron 3 1.000000000000000000 0.000000000000000000 0.000000000000000000 -0.000000000000000000 0 0.000000000000000000
neuron 3 1.000000000000000000 0.000000000000000000 0.000000000000000000 -0.000000000000000000 0 0.000000000000000000
neuron 3 1.000000000000000000 0.000000000000000000 0.000000000000000000 -0.000000000000000000 0 0.000000000000000000
neuron 3 1.000000000000000000 0.000000000000000000 0.000000000000000000 -0.000000000000000000 0 0.000000000000000000
neuron 3 1.000000000000000000 0.000000000000000000 0.000000000000000000 -0.000000000000000000 0 0.000000000000000000
neuron 3 1.000000000000000000 0.000000000000000000 0.000000000000000000 -0.000000000000000000 0 0.000000000000000000
neuron 3 1.000000000000000000 0.000000000000000000 0.000000000000000000 -0.000000000000000000 0 0.000000000000000000
neuron 3 1.000000000000000000 0.000000000000000000 0.000000000000000000 -0.000000000000000000 0 0.000000000000000000
neuron 3 1.000000000000000000 0.000000000000000000 0.000000000000000000 -0.000000000000000000 0 0.000000000000000000
neuron 3 1.000000000000000000 0.000000000000000000 0.000000000000000000 -0.000000000000000000 0 0.000000000000000000
neuron 3 1.000000000000000000 0.000000000000000000 0.000000000000000000 -0.000000000000000000 0 0.000000000000000000
neuron 3 1.000000000000000000 0.000000000000000000 0.000000000000000000 -0.000000000000000000 0 0.000000000000000000
neuron 3 1.000000000000000000 0.000000000000000000 0.000000000000000000 -0.000000000000000000 0 0.000000000000000000
neuron 3 1.000000000000000000 0.000000000000000000 0.000000000000000000 -0.000000000000000000 0 0.000000000000000000
neuron 3 1.000000000000000000 0.000000000000000000 0.000000000000000000 -0.000000000000000000 0 0.000000000000000000
neuron 3 1.000000000000000000 0.000000000000000000 0.000000000000000000 -0.000000000000000000 0 0.000000000000000000
neuron 3 1.000000000000000000 0.000000000000000000 0.000000000000000000 -0.000000000000000000 0 0.000000000000000000
neuron 3 1.000000000000000000 0.000000000000000000 0.000000000000000000 -0.000000000000000000 0 0.000000000000000000
neuron 3 1.000000000000000000 0.000000000000000000 0.000000000000000000 -0.000000000000000000 0 0.000000000000000000
neuron 3 1.000000000000000000 0.000000000000000000 0.000000000000000000 -0.000000000000000000 0 0.000000000000000000
neuron 3 1.000000000000000000 0.000000000000000000 0.000000000000000000 -0.000000000000000000 0 0.000000000000000000
neuron 3 1.000000000000000000 0.000000000000000000 0.000000000000000000 -0.000000000000000000 0 0.000000000000000000
neuron 3 1.000000000000000000 0.000000000000000000 0.000000000000000000 -0.000000000000000000 0 0.000000000000000000
neuron 3 1.000000000000000000 0.000000000000000000 0.000000000000000000 -0.000000000000000000 0 0.000000000000000000
neuron 3 1.000000000000000000 0.000000000000000000 0.000000000000000000 -0.000000000000000000 0 0.000000000000000000
neuron 3 1.000000000000000000 0.000000000000000000 0.000000000000000000 -0.000000000000000000 0 0.000000000000000000
neuron 3 1.000000000000000000 0.000000000000000000 0.000000000000000000 -0.000000000000000000 0 0.000000000000000000
neuron 3 1.000000000000000000 0.000000000000000000 0.000000000000000000 -0.000000000000000000 0 0.000000000000000000
neuron 3 1.000000000000000000 0.000000000000000000 0.000000000000000000 -0.000000000000000000 0 0.000000000000000000
neuron 3 1.000000000000000000 0.000000000000000000 0.000000000000000000 -0.000000000000000000 0 0.000000000000000000
neuron 3 1.000000000000000000 0.000000000000000000 0.000000000000000000 -0.000000000000000000 0 0.000000000000000000
neuron 3 1.000000000000000000 0.000000000000000000 0.000000000000000000 -0.000000000000000000 0 0.000000000000000000
neuron 3 1.000000000000000000 0.000000000000000000 0.000000000000000000 -0.000000000000000000 0 0.000000000000000000
neuron 3 1.000000000000000000 0.000000000000000000 0.000000000000000000 -0.000000000000000000 0 0.000000000000000000
neuron 3 1.000000000000000000 0.000000000000000000 0.000000000000000000 -0.000000000000000000 0 0.000000000000000000
neuron 3 1.000000000000000000 0.000000000000000000 0.000000000000000000 -0.000000000000000000 0 0.000000000000000000
neuron 3 1.000000000000000000 0.000000000000000000 0.000000000000000000 -0.000000000000000000 0 0.000000000000000000
neuron 3 1.000000000000000000 0.000000000000000000 0.000000000000000000 -0.000000000000000000 0 0.000000000000000000
neuron 3 1.000000000000000000 0.000000000000000000 0.000000000000000000 -0.000000000000000000 0 0.000000000000000000
neuron 3 1.000000000000000000 0.000000000000000000 0.000000000000000000 -0.000000000000000000 0 0.000000000000000000
neuron 3 1.000000000000000000 0.000000000000000000 0.000000000000000000 -0.000000000000000000 0 0.000000000000000000
neuron 3 1.000000000000000000 0.000000000000000000 0.000000000000000000 -0.000000000000000000 0 0.000000000000000000
neuron 3 1.000000000000000000 0.000000000000000000 0.000000000000000000 -0.000000000000000000 0 0.000000000000000000
neuron 3 1.000000000000000000 0.000000000000000000 0.000000000000000000 -0.000000000000000000 0 0.000000000000000000
neuron 3 1.000000000000000000 0.000000000000000000 0.000000000000000000 -0.000000000000000000 0 0.000000000000000000
neuron 3 1.000000000000000000 0.000000000000000000 0.000000000000000000 -0.000000000000000000 0 0.000000000000000000
neuron 3 1.000000000000000000 0.000000000000000000 0.000000000000000000 -0.000000000000000000 0 0.000000000000000000
neuron 3 1.000000000000000000 0.000000000000000000 0.000000000000000000 -0.000000000000000000 0 0.000000000000000000
neuron 3 1.000000000000000000 0.000000000000000000 0.000000000000000000 -0.000000000000000000 0 0.000000000000000000
neuron 3 1.000000000000000000 0.000000000000000000 0.000000000000000000 -0.000000000000000000 0 0.000000000000000000
neuron 3 1.000000000000000000 0.000000000000000000 0.000000000000000000 -0.000000000000000000 0 0.000000000000000000
connection 0 22 -2.948097861067266123 0 0.000000000000000000 -0.000000000000000000
connection 0 23 -1.262665861986709492 0 0.000000000000000000 -0.000000000000000000
connection 0 24 2.817515469613238732 0 0.000000000000000000 -0.000000000000000000
connection 0 25 -0.807467104441817907 0 0.000000000000000000 -0.000000000000000000
connection 0 26 -2.102144978959819444 0 0.000000000000000000 -0.000000000000000000
connection 0 27 0.607153644883061339 0 0.000000000000000000 -0.000000000000000000
connection 0 28 4.213836544842187060 0 0.000000000000000000 -0.000000000000000000
connection 0 29 5.019115741236463535 0 0.000000000000000000 -0.000000000000000000
connection 0 30 1.890306533633668185 0 0.000000000000000000 -0.000000000000000000
connection 0 31 6.140684695363535894 0 0.000000000000000000 -0.000000000000000000
connection 0 32 0.848373024312390367 0 0.000000000000000000 -0.000000000000000000
connection 0 33 -3.030858638276800132 0 0.000000000000000000 -0.000000000000000000
connection 0 34 3.162398553095242981 0 0.000000000000000000 -0.000000000000000000
connection 0 35 5.710693162064695017 0 0.000000000000000000 -0.000000000000000000
connection 0 36 1.147737269051826825 0 0.000000000000000000 -0.000000000000000000
connection 1 22 -3.083593407952748056 0 0.000000000000000000 -0.000000000000000000
connection 1 23 -1.258408807817553043 0 0.000000000000000000 -0.000000000000000000
connection 1 24 2.759229334069103423 0 0.000000000000000000 -0.000000000000000000
connection 1 25 -1.166095435023938309 0 0.000000000000000000 -0.000000000000000000
connection 1 26 -2.545601237385907378 0 0.000000000000000000 -0.000000000000000000
connection 1 28 3.823656875538476996 0 0.000000000000000000 -0.000000000000000000
connection 1 29 4.749677051733057986 0 0.000000000000000000 -0.000000000000000000
connection 1 30 1.403862244195630327 0 0.000000000000000000 -0.000000000000000000
connection 1 31 5.977887642361405796 0 0.000000000000000000 -0.000000000000000000
connection 1 32 0.738814816172071231 0 0.000000000000000000 -0.000000000000000000
connection 1 33 -3.108720265717636266 0 0.000000000000000000 -0.000000000000000000
connection 1 34 2.877537696718013738 0 0.000000000000000000 -0.000000000000000000
connection 1 35 5.615387774584310598 0 0.000000000000000000 -0.000000000000000000
connection 1 36 1.770049824655759663 0 0.000000000000000000 -0.000000000000000000
connection 2 22 -3.372157686904672325 0 0.000000000000000000 -0.000000000000000000
connection 2 23 -1.388908153773029452 0 0.000000000000000000 -0.000000000000000000
connection 2 24 2.533070540877615962 0 0.000000000000000000 -0.000000000000000000
connection 2 25 -1.358297484746018746 0 0.000000000000000000 -0.000000000000000000
connection 2 26 -2.905216656080221505 0 0.000000000000000000 -0.000000000000000000
connection 2 27 -0.472426299193729637 0 0.000000000000000000 -0.000000000000000000
connection 2 28 3.421753120828474604 0 0.000000000000000000 -0.000000000000000000
connection 2 29 4.521019358745968830 0 0.000000000000000000 -0.000000000000000000
connection 2 30 0.987928535927842466 0 0.000000000000000000 -0.000000000000000000
connection 2 31 5.807958412998667441 0 0.000000000000000000 -0.000000000000000000
connection 2 32 0.719865509455800301 0 0.000000000000000000 -0.000000000000000000
connection 2 33 -3.069204158505530522 0 0.000000000000000000 -0.000000000000000000
connection 2 34 2.729219740796805294 0 0.000000000000000000 -0.000000000000000000
connection 2 35 5.594093477743132148 0 0.000000000000000000 -0.000000000000000000
connection 2 36 2.467669150099426556 0 0.000000000000000000 -0.000000000000000000
connection 3 22 -3.706408418121412751 0 0.000000000000000000 -0.000000000000000000
connection 3 23 -1.717388392918669515 0 0.000000000000000000 -0.000000000000000000
connection 3 24 2.114136829430606657 0 0.000000000000000000 -0.000000000000000000
connection 3 25 -1.390996657772011869 0 0.000000000000000000 -0.000000000000000000
connection 3 26 -3.136655359209623573 0 0.000000000000000000 -0.000000000000000000
connection 3 27 -0.941880464185086641 0 0.000000000000000000 -0.000000000000000000
connection 3 28 3.045502495761061468 0 0.000000000000000000 -0.000000000000000000
connection 3 29 4.382857534193212778 0 0.000000000000000000 -0.000000000000000000
connection 3 30 0.709608501037465200 0 0.000000000000000000 -0.000000000000000000
connection 3 31 5.654672937794586574 0 0.000000000000000000 -0.000000000000000000
connection 3 32 0.617341445717683346 0 0.000000000000000000 -0.000000000000000000
connection 3 33 -3.047132825194478922 0 0.000000000000000000 -0.000000000000000000
connection 3 34 2.692678328385707864 0 0.000000000000000000 -0.000000000000000000
connection 3 35 5.612355342658699620 0 0.000000000000000000 -0.000000000000000000
connection 3 36 3.259510317964323889 0 0.000000000000000000 -0.000000000000000000
connection 4 22 -4.017010598802855270 0 0.000000000000000000 -0.000000000000000000
connection 4 23 -2.150532242028668772 0 0.000000000000000000 -0.000000000000000000
connection 4 24 1.596380018080478358 0 0.000000000000000000 -0.000000000000000000
connection 4 25 -1.383838670033458174 0 0.000000000000000000 -0.000000000000000000
connection 4 26 -3.211453395087734197 0 0.000000000000000000 -0.000000000000000000
connection 4 27 -1.297659558049928163 0 0.000000000000000000 -0.000000000000000000
connection 4 28 2.755294536150546314 0 0.000000000000000000 -0.000000000000000000
connection 4 29 4.345414756672451695 0 0.000000000000000000 -0.000000000000000000
connection 4 30 0.600055097719378261 0 0.000000000000000000 -0.000000000000000000
connection 4 31 5.554503969793016971 0 0.000000000000000000 -0.000000000000000000
connection 4 32 0.307504668390382374 0 0.000000000000000000 -0.000000000000000000
connection 4 33 -3.177123662967793027 0 0.000000000000000000 -0.000000000000000000
connection 4 34 2.634202978992705280 0 0.000000000000000000 -0.000000000000000000
connection 4 35 5.582149967128923862 0 0.000000000000000000 -0.000000000000000000
connection 5 25 -1.509806716996843656 0 0.000000000000000000 -0.000000000000000000
connection 5 26 -3.169703421655267750 0 0.000000000000000000 -0.000000000000000000
connection 5 27 -1.487402322328698512 0 0.000000000000000000 -0.000000000000000000
connection 5 28 2.603832166702235273 0 0.000000000000000000 -0.000000000000000000
connection 5 29 4.330436843943526348 0 0.000000000000000000 -0.000000000000000000
connection 5 30 0.582428482957578320 0 0.000000000000000000 -0.000000000000000000
connection 5 31 5.530077720832638377 0 0.000000000000000000 -0.000000000000000000
connection 5 37 6.788825998667023853 0 0.000000000000000000 -0.000000000000000000
connection 5 38 6.039307505097615270 0 0.000000000000000000 -0.000000000000000000
connection 5 39 3.610486220519401712 0 0.000000000000000000 -0.000000000000000000
connection 5 40 6.822705347542427745 0 0.000000000000000000 -0.000000000000000000
connection 5 33 -3.458745843272577503 0 0.000000000000000000 -0.000000000000000000
connection 5 34 2.406819246052878114 0 0.000000000000000000 -0.000000000000000000
connection 5 35 5.432371574105982148 0 0.000000000000000000 -0.000000000000000000
connection 6 25 -1.832352463101723838 0 0.000000000000000000 -0.000000000000000000
connection 6 26 -3.144316609749900682 0 0.000000000000000000 -0.000000000000000000
connection 6 27 -1.517965792193759489 0 0.000000000000000000 -0.000000000000000000
connection 6 28 2.566316280959580975 0 0.000000000000000000 -0.000000000000000000
connection 6 29 4.210312194372141548 0 0.000000000000000000 -0.000000000000000000
connection 6 30 0.482192793386550078 0 0.000000000000000000 -0.000000000000000000
connection 6 31 5.546644539086727832 0 0.000000000000000000 -0.000000000000000000
connection 6 37 6.842801004608071835 0 0.000000000000000000 -0.000000000000000000
connection 6 38 5.810241982339671374 0 0.000000000000000000 -0.000000000000000000
connection 6 39 3.148808794079983375 0 0.000000000000000000 -0.000000000000000000
connection 6 40 6.715642015481739335 0 0.000000000000000000 -0.000000000000000000
connection 6 32 -0.686642800546144794 0 0.000000000000000000 -0.000000000000000000
connection 6 33 -3.785884584630025529 0 0.000000000000000000 -0.000000000000000000
connection 6 34 1.985251645249432650 0 0.000000000000000000 -0.000000000000000000
connection 6 35 5.164950964157223545 0 0.000000000000000000 -0.000000000000000000
connection 7 25 -2.258832089922979680 0 0.000000000000000000 -0.000000000000000000
connection 7 26 -3.268847984033410814 0 0.000000000000000000 -0.000000000000000000
connection 7 27 -1.507883064302643294 0 0.000000000000000000 -0.000000000000000000
connection 7 28 2.507784088311372450 0 0.000000000000000000 -0.000000000000000000
connection 7 29 3.918880325099123763 0 0.000000000000000000 -0.000000000000000000
connection 7 31 5.514344483446620870 0 0.000000000000000000 -0.000000000000000000
connection 7 37 6.852755302493218181 0 0.000000000000000000 -0.000000000000000000
connection 7 38 5.531646618657600101 0 0.000000000000000000 -0.000000000000000000
connection 7 39 2.646901157278866101 0 0.000000000000000000 -0.000000000000000000
connection 7 40 6.582333125090492842 0 0.000000000000000000 -0.000000000000000000
connection 7 41 7.217615862607422272 0 0.000000000000000000 -0.000000000000000000
connection 7 32 -1.192351000593047994 0 0.000000000000000000 -0.000000000000000000
connection 7 33 -4.089657786861325306 0 0.000000000000000000 -0.000000000000000000
connection 7 34 1.464880081664490019 0 0.000000000000000000 -0.000000000000000000
connection 7 35 4.833067973709962217 0 0.000000000000000000 -0.000000000000000000
connection 8 25 -2.678738023014539227 0 0.000000000000000000 -0.000000000000000000
connection 8 26 -3.543567399406889695 0 0.000000000000000000 -0.000000000000000000
connection 8 27 -1.629255137010954702 0 0.000000000000000000 -0.000000000000000000
connection 8 28 2.279401128048252012 0 0.000000000000000000 -0.000000000000000000
connection 8 29 3.498766583014049303 0 0.000000000000000000 -0.000000000000000000
connection 8 30 -0.298604342530340128 0 0.000000000000000000 -0.000000000000000000
connection 8 31 5.360115563862311916 0 0.000000000000000000 -0.000000000000000000
connection 8 37 6.795441693773261349 0 0.000000000000000000 -0.000000000000000000
connection 8 38 5.125671079085840631 0 0.000000000000000000 -0.000000000000000000
connection 8 39 2.009482237583292363 0 0.000000000000000000 -0.000000000000000000
connection 8 40 6.424180835306674275 0 0.000000000000000000 -0.000000000000000000
connection 8 41 7.162954674111754905 0 0.000000000000000000 -0.000000000000000000
connection 8 32 -1.756449516013510070 0 0.000000000000000000 -0.000000000000000000
connection 8 33 -4.401612076660588180 0 0.000000000000000000 -0.000000000000000000
connection 8 34 0.930404473275052046 0 0.000000000000000000 -0.000000000000000000
connection 8 35 4.465076736098623655 0 0.000000000000000000 -0.000000000000000000
connection 9 26 -3.863647599551601086 0 0.000000000000000000 -0.000000000000000000
connection 9 27 -1.945746356244826947 0 0.000000000000000000 -0.000000000000000000
connection 9 28 1.855526006929421490 0 0.000000000000000000 -0.000000000000000000
connection 9 29 3.030373796130997999 0 0.000000000000000000 -0.000000000000000000
connection 9 30 -0.812534607961451716 0 0.000000000000000000 -0.000000000000000000
connection 9 31 5.085675946116666069 0 0.000000000000000000 -0.000000000000000000
connection 9 37 6.684396741602154357 0 0.000000000000000000 -0.000000000000000000
connection 9 38 4.515492142431617673 0 0.000000000000000000 -0.000000000000000000
connection 9 39 1.135521322939941680 0 0.000000000000000000 -0.000000000000000000
connection 9 40 6.197651545080408830 0 0.000000000000000000 -0.000000000000000000
connection 9 41 7.065029698862910656 0 0.000000000000000000 -0.000000000000000000
connection 9 32 -2.473016570025518224 0 0.000000000000000000 -0.000000000000000000
connection 9 34 0.351009818898353532 0 0.000000000000000000 -0.000000000000000000
connection 9 35 4.006587356398201294 0 0.000000000000000000 -0.000000000000000000
connection 10 26 -4.160669094347446695 0 0.000000000000000000 -0.000000000000000000
connection 10 27 -2.365442034157215545 0 0.000000000000000000 -0.000000000000000000
connection 10 28 1.332923988746611554 0 0.000000000000000000 -0.000000000000000000
connection 10 29 2.522867768862544047 0 0.000000000000000000 -0.000000000000000000
connection 10 30 -1.313232954939383079 0 0.000000000000000000 -0.000000000000000000
connection 10 31 4.745588705235392446 0 0.000000000000000000 -0.000000000000000000
connection 10 37 6.546310003220392915 0 0.000000000000000000 -0.000000000000000000
connection 10 38 3.721337992608386713 0 0.000000000000000000 -0.000000000000000000
connection 10 40 5.836476584087297859 0 0.000000000000000000 -0.000000000000000000
connection 10 41 6.893377807833550364 0 0.000000000000000000 -0.000000000000000000
connection 10 32 -3.301323303953410893 0 0.000000000000000000 -0.000000000000000000
connection 10 34 -0.387807969313029799 0 0.000000000000000000 -0.000000000000000000
connection 10 35 3.348092765839421503 0 0.000000000000000000 -0.000000000000000000
connection 11 26 -4.465465020425523512 0 0.000000000000000000 -0.000000000000000000
connection 11 27 -2.778333574881435730 0 0.000000000000000000 -0.000000000000000000
connection 11 28 0.797619881526670405 0 0.000000000000000000 -0.000000000000000000
connection 11 29 1.880777387993890493 0 0.000000000000000000 -0.000000000000000000
connection 11 30 -1.870334956997440790 0 0.000000000000000000 -0.000000000000000000
connection 11 31 4.369370453087431549 0 0.000000000000000000 -0.000000000000000000
connection 11 37 6.382799188786787425 0 0.000000000000000000 -0.000000000000000000
connection 11 38 2.873367482034750342 0 0.000000000000000000 -0.000000000000000000
connection 11 39 -0.963080692437128350 0 0.000000000000000000 -0.000000000000000000
connection 11 40 5.313865928890756152 0 0.000000000000000000 -0.000000000000000000
connection 11 41 6.645765903688162446 0 0.000000000000000000 -0.000000000000000000
connection 11 32 -4.071478380727238111 0 0.000000000000000000 -0.000000000000000000
connection 11 34 -1.323600954663349372 0 0.000000000000000000 -0.000000000000000000
connection 11 35 2.446929088037212541 0 0.000000000000000000 -0.000000000000000000
connection 12 27 -3.178785691935893887 0 0.000000000000000000 -0.000000000000000000
connection 12 28 0.219368091928908465 0 0.000000000000000000 -0.000000000000000000
connection 12 29 1.003387354684238453 0 0.000000000000000000 -0.000000000000000000
connection 12 30 -2.577122990044335094 0 0.000000000000000000 -0.000000000000000000
connection 12 31 3.902309897630712232 0 0.000000000000000000 -0.000000000000000000
connection 12 37 6.149510677458930985 0 0.000000000000000000 -0.000000000000000000
connection 12 38 2.094215891999239965 0 0.000000000000000000 -0.000000000000000000
connection 12 39 -1.822998406171104646 0 0.000000000000000000 -0.000000000000000000
connection 12 40 4.688843026792969937 0 0.000000000000000000 -0.000000000000000000
connection 12 41 6.359324050390762650 0 0.000000000000000000 -0.000000000000000000
connection 12 34 -2.310789616055036522 0 0.000000000000000000 -0.000000000000000000
connection 12 35 1.422433820941461979 0 0.000000000000000000 -0.000000000000000000
connection 13 27 -3.650513616919637272 0 0.000000000000000000 -0.000000000000000000
connection 13 28 -0.515831389563774168 0 0.000000000000000000 -0.000000000000000000
connection 13 30 -3.393251093680066166 0 0.000000000000000000 -0.000000000000000000
connection 13 31 3.233907645645582640 0 0.000000000000000000 -0.000000000000000000
connection 13 37 5.778692394777541708 0 0.000000000000000000 -0.000000000000000000
connection 13 38 1.413756390557679321 0 0.000000000000000000 -0.000000000000000000
connection 13 39 -2.486381874380819479 0 0.000000000000000000 -0.000000000000000000
connection 13 40 4.061236721653624038 0 0.000000000000000000 -0.000000000000000000
connection 13 41 6.078490351498922806 0 0.000000000000000000 -0.000000000000000000
connection 13 34 -3.154339239243631354 0 0.000000000000000000 -0.000000000000000000
connection 13 35 0.463731417977770954 0 0.000000000000000000 -0.000000000000000000
connection 13 42 5.901592923909059429 0 0.000000000000000000 -0.000000000000000000
connection 13 43 3.614698308028138740 0 0.000000000000000000 -0.000000000000000000
connection 13 44 6.872538766728215620 0 0.000000000000000000 -0.000000000000000000
connection 14 27 -4.240084816687011759 0 0.000000000000000000 -0.000000000000000000
connection 14 28 -1.444757478005127549 0 0.000000000000000000 -0.000000000000000000
connection 14 29 -1.091914319192753169 0 0.000000000000000000 -0.000000000000000000
connection 14 30 -4.150916714397318685 0 0.000000000000000000 -0.000000000000000000
connection 14 31 2.322276172926948323 0 0.000000000000000000 -0.000000000000000000
connection 14 37 5.243062183921399999 0 0.000000000000000000 -0.000000000000000000
connection 14 38 0.801728097243219584 0 0.000000000000000000 -0.000000000000000000
connection 14 39 -3.011663115800705448 0 0.000000000000000000 -0.000000000000000000
connection 14 40 3.484134269015753738 0 0.000000000000000000 -0.000000000000000000
connection 14 41 5.818110498054956281 0 0.000000000000000000 -0.000000000000000000
connection 14 34 -3.784972238646884701 0 0.000000000000000000 -0.000000000000000000
connection 14 35 -0.335944154778402226 0 0.000000000000000000 -0.000000000000000000
connection 14 42 5.458702446723536994 0 0.000000000000000000 -0.000000000000000000
connection 14 43 2.753549437904307062 0 0.000000000000000000 -0.000000000000000000
connection 14 44 6.618513069314056807 0 0.000000000000000000 -0.000000000000000000
connection 15 28 -2.422011108703218785 0 0.000000000000000000 -0.000000000000000000
connection 15 29 -1.945274347014161131 0 0.000000000000000000 -0.000000000000000000
connection 15 31 1.289780654403542393 0 0.000000000000000000 -0.000000000000000000
connection 15 37 4.603395523189008465 0 0.000000000000000000 -0.000000000000000000
connection 15 38 0.223860622054934844 0 0.000000000000000000 -0.000000000000000000
connection 15 39 -3.454737826745179596 0 0.000000000000000000 -0.000000000000000000
connection 15 40 2.949420569311568485 0 0.000000000000000000 -0.000000000000000000
connection 15 41 5.565890453000521099 0 0.000000000000000000 -0.000000000000000000
connection 15 34 -4.245854939796341654 0 0.000000000000000000 -0.000000000000000000
connection 15 35 -0.995230308436518718 0 0.000000000000000000 -0.000000000000000000
connection 15 42 5.035146844786580367 0 0.000000000000000000 -0.000000000000000000
connection 15 43 1.964995125000426945 0 0.000000000000000000 -0.000000000000000000
connection 15 44 6.324247797906616952 0 0.000000000000000000 -0.000000000000000000
connection 15 45 6.932431142774458266 0 0.000000000000000000 -0.000000000000000000
connection 23 48 -0.947483340086008430 0 0.000000000000000000 -0.000000000000000000
connection 23 49 -0.392399749972134892 0 0.000000000000000000 -0.000000000000000000
connection 23 50 -3.574538213026651423 0 0.000000000000000000 -0.000000000000000000
connection 23 51 -3.936100091367031872 0 0.000000000000000000 -0.000000000000000000
connection 23 52 0.386937839611797452 0 0.000000000000000000 -0.000000000000000000
connection 23 53 -3.056625297679161690 0 0.000000000000000000 -0.000000000000000000
connection 23 54 -3.275817349167954973 0 0.000000000000000000 -0.000000000000000000
connection 23 55 -5.730585197686496102 0 0.000000000000000000 -0.000000000000000000
connection 23 56 -5.918147341424575991 0 0.000000000000000000 -0.000000000000000000
connection 23 57 0.698217116953279260 0 0.000000000000000000 -0.000000000000000000
connection 23 58 1.064171140341790611 0 0.000000000000000000 -0.000000000000000000
connection 23 59 -2.647915835994344658 0 0.000000000000000000 -0.000000000000000000
connection 23 60 -2.872919305140926749 0 0.000000000000000000 -0.000000000000000000
connection 23 61 1.525819708259262386 0 0.000000000000000000 -0.000000000000000000
connection 23 62 2.073124048477865689 0 0.000000000000000000 -0.000000000000000000
connection 23 64 -2.319634110801497950 0 0.000000000000000000 -0.000000000000000000
connection 23 66 -5.711838954506438526 0 0.000000000000000000 -0.000000000000000000
connection 44 50 2.185829649971359423 0 0.000000000000000000 -0.000000000000000000
connection 44 51 1.632174073475093135 0 0.000000000000000000 -0.000000000000000000
connection 44 67 -1.175880836344290747 0 0.000000000000000000 -0.000000000000000000
connection 44 68 -0.509833077336655727 0 0.000000000000000000 -0.000000000000000000
connection 44 69 -3.946070498572982199 0 0.000000000000000000 -0.000000000000000000
connection 44 70 -4.346432093804583729 0 0.000000000000000000 -0.000000000000000000
connection 44 22 -2.232426307314603342 0 0.000000000000000000 -0.000000000000000000
connection 44 71 -1.760311921610778096 0 0.000000000000000000 -0.000000000000000000
connection 44 23 -4.657170943078993375 0 0.000000000000000000 -0.000000000000000000
connection 44 24 -4.871853967840582555 0 0.000000000000000000 -0.000000000000000000
connection 44 72 1.659168131230188470 0 0.000000000000000000 -0.000000000000000000
connection 44 73 2.355992299819057667 0 0.000000000000000000 -0.000000000000000000
connection 44 74 -1.645452475064921760 0 0.000000000000000000 -0.000000000000000000
connection 44 75 -2.306646139520284411 0 0.000000000000000000 -0.000000000000000000
connection 44 76 0.203991582246370873 0 0.000000000000000000 -0.000000000000000000
connection 44 77 0.935287118498079328 0 0.000000000000000000 -0.000000000000000000
connection 44 78 -2.916674716880971019 0 0.000000000000000000 -0.000000000000000000
connection 44 79 -3.466185125046689297 0 0.000000000000000000 -0.000000000000000000
connection 44 80 -6.714920553128828296 0 0.000000000000000000 -0.000000000000000000
connection 44 81 -6.911657136925205336 0 0.000000000000000000 -0.000000000000000000
connection 25 82 1.996599767446236129 0 0.000000000000000000 -0.000000000000000000
connection 25 83 2.302380982724871128 0 0.000000000000000000 -0.000000000000000000
connection 25 84 -1.478722509181512823 0 0.000000000000000000 -0.000000000000000000
connection 25 25 -1.743907758361210147 0 0.000000000000000000 -0.000000000000000000
connection 25 85 2.619025912609702633 0 0.000000000000000000 -0.000000000000000000
connection 25 86 2.998154085485197129 0 0.000000000000000000 -0.000000000000000000
connection 25 87 -0.846973905967265628 0 0.000000000000000000 -0.000000000000000000
connection 25 88 -1.205443799958716866 0 0.000000000000000000 -0.000000000000000000
connection 25 89 -5.083947745066206281 0 0.000000000000000000 -0.000000000000000000
connection 25 90 -5.173675388333015768 0 0.000000000000000000 -0.000000000000000000
connection 25 38 -0.202879266756118976 0 0.000000000000000000 -0.000000000000000000
connection 25 39 0.486933096390421150 0 0.000000000000000000 -0.000000000000000000
connection 25 40 -2.998143014272648177 0 0.000000000000000000 -0.000000000000000000
connection 25 41 -3.477094636970134989 0 0.000000000000000000 -0.000000000000000000
connection 25 32 1.115335708574718643 0 0.000000000000000000 -0.000000000000000000
connection 25 33 1.620465725061588591 0 0.000000000000000000 -0.000000000000000000
connection 25 34 -2.079235619567739501 0 0.000000000000000000 -0.000000000000000000
connection 25 35 -2.510630006243616208 0 0.000000000000000000 -0.000000000000000000
connection 25 92 -5.754451728028628033 0 0.000000000000000000 -0.000000000000000000
connection 33 67 3.672987544417465777 0 0.000000000000000000 -0.000000000000000000
connection 33 68 4.089196333317214993 0 0.000000000000000000 -0.000000000000000000
connection 33 69 0.502533162845653969 0 0.000000000000000000 -0.000000000000000000
connection 33 22 2.480788628749833524 0 0.000000000000000000 -0.000000000000000000
connection 33 71 3.123980966000896142 0 0.000000000000000000 -0.000000000000000000
connection 33 23 -0.705389088191820002 0 0.000000000000000000 -0.000000000000000000
connection 33 24 -1.363391156073802124 0 0.000000000000000000 -0.000000000000000000
connection 33 74 1.958791769749519185 0 0.000000000000000000 -0.000000000000000000
connection 33 75 1.587894053751155887 0 0.000000000000000000 -0.000000000000000000
connection 33 76 4.378703582302054365 0 0.000000000000000000 -0.000000000000000000
connection 33 77 4.591901529267087056 0 0.000000000000000000 -0.000000000000000000
connection 33 78 1.272330178688514390 0 0.000000000000000000 -0.000000000000000000
connection 33 79 0.937013441582108642 0 0.000000000000000000 -0.000000000000000000
connection 33 80 -5.464437635705085228 0 0.000000000000000000 -0.000000000000000000
connection 33 81 -5.867441657343025696 0 0.000000000000000000 -0.000000000000000000
connection 27 48 1.429203497281595237 0 0.000000000000000000 -0.000000000000000000
connection 27 49 0.552555253403133384 0 0.000000000000000000 -0.000000000000000000
connection 27 50 4.252364861928371376 0 0.000000000000000000 -0.000000000000000000
connection 27 51 4.829189312097113884 0 0.000000000000000000 -0.000000000000000000
connection 27 93 -0.461606831450522836 0 0.000000000000000000 -0.000000000000000000
connection 27 52 -1.539021577637490035 0 0.000000000000000000 -0.000000000000000000
connection 27 53 2.532329788374059198 0 0.000000000000000000 -0.000000000000000000
connection 27 54 3.491551750078865091 0 0.000000000000000000 -0.000000000000000000
connection 27 55 6.516770924061155768 0 0.000000000000000000 -0.000000000000000000
connection 27 56 6.929766601657934899 0 0.000000000000000000 -0.000000000000000000
connection 27 57 -2.552971111602250431 0 0.000000000000000000 -0.000000000000000000
connection 27 58 -3.408676781616902129 0 0.000000000000000000 -0.000000000000000000
connection 27 59 0.340224780937975424 0 0.000000000000000000 -0.000000000000000000
connection 27 60 1.441390993702507339 0 0.000000000000000000 -0.000000000000000000
connection 27 61 -4.084671962229413644 0 0.000000000000000000 -0.000000000000000000
connection 27 62 -4.609331772936293703 0 0.000000000000000000 -0.000000000000000000
connection 27 64 -0.669327431168387776 0 0.000000000000000000 -0.000000000000000000
connection 27 72 3.322829809273888380 0 0.000000000000000000 -0.000000000000000000
connection 27 73 2.497000591182177764 0 0.000000000000000000 -0.000000000000000000
connection 27 74 5.397002188545226176 0 0.000000000000000000 -0.000000000000000000
connection 27 75 5.839314726681619661 0 0.000000000000000000 -0.000000000000000000
connection 27 66 5.687288504279293555 0 0.000000000000000000 -0.000000000000000000
connection 28 57 3.001280593732813529 0 0.000000000000000000 -0.000000000000000000
connection 28 58 2.173595109797230585 0 0.000000000000000000 -0.000000000000000000
connection 28 59 5.216005738840239658 0 0.000000000000000000 -0.000000000000000000
connection 28 60 5.674542736959512723 0 0.000000000000000000 -0.000000000000000000
connection 28 61 1.368059530354171827 0 0.000000000000000000 -0.000000000000000000
connection 28 62 0.585233823439511913 0 0.000000000000000000 -0.000000000000000000
connection 28 64 4.729383141413443070 0 0.000000000000000000 -0.000000000000000000
connection 28 66 6.929743256319341960 0 0.000000000000000000 -0.000000000000000000
connection 28 27 1.446269310505725603 0 0.000000000000000000 -0.000000000000000000
connection 28 28 0.962658733306532843 0 0.000000000000000000 -0.000000000000000000
connection 28 29 3.866038839098841162 0 0.000000000000000000 -0.000000000000000000
connection 28 30 4.113404562789356511 0 0.000000000000000000 -0.000000000000000000
connection 28 31 0.579137617525195103 0 0.000000000000000000 -0.000000000000000000
connection 28 37 0.264455377622658805 0 0.000000000000000000 -0.000000000000000000
connection 28 42 3.280318384372902685 0 0.000000000000000000 -0.000000000000000000
connection 28 43 3.611967544376956329 0 0.000000000000000000 -0.000000000000000000
connection 28 45 -0.471420278496091250 0 0.000000000000000000 -0.000000000000000000
connection 28 94 2.218526427756882136 0 0.000000000000000000 -0.000000000000000000
connection 28 95 2.816563668095290573 0 0.000000000000000000 -0.000000000000000000
connection 28 36 -1.600974173293346237 0 0.000000000000000000 -0.000000000000000000
connection 31 84 1.688452619872605087 0 0.000000000000000000 -0.000000000000000000
connection 31 25 1.177353064411266859 0 0.000000000000000000 -0.000000000000000000
connection 31 87 2.874840072151614745 0 0.000000000000000000 -0.000000000000000000
connection 31 88 2.269099855216476502 0 0.000000000000000000 -0.000000000000000000
connection 31 26 -1.690510092794613950 0 0.000000000000000000 -0.000000000000000000
connection 31 97 -1.077430342376811900 0 0.000000000000000000 -0.000000000000000000
connection 31 27 -4.295041710915217692 0 0.000000000000000000 -0.000000000000000000
connection 31 28 -4.631468552539637074 0 0.000000000000000000 -0.000000000000000000
connection 31 90 -3.886561140203931508 0 0.000000000000000000 -0.000000000000000000
connection 31 38 3.458544503342345866 0 0.000000000000000000 -0.000000000000000000
connection 31 39 3.755756298645268831 0 0.000000000000000000 -0.000000000000000000
connection 31 41 -0.258498399537538393 0 0.000000000000000000 -0.000000000000000000
connection 31 32 3.997705621492301464 0 0.000000000000000000 -0.000000000000000000
connection 31 33 4.250431784098330112 0 0.000000000000000000 -0.000000000000000000
connection 31 34 0.764087136160046865 0 0.000000000000000000 -0.000000000000000000
connection 31 35 0.434253529611847433 0 0.000000000000000000 -0.000000000000000000
connection 31 92 -4.458859506888985358 0 0.000000000000000000 -0.000000000000000000
connection 32 48 3.876005347794474698 0 0.000000000000000000 -0.000000000000000000
connection 32 49 4.245936558368307523 0 0.000000000000000000 -0.000000000000000000
connection 32 50 0.725071162022190796 0 0.000000000000000000 -0.000000000000000000
connection 32 51 0.200216941486804606 0 0.000000000000000000 -0.000000000000000000
connection 32 93 4.501629971849287593 0 0.000000000000000000 -0.000000000000000000
connection 32 53 1.442726782384713857 0 0.000000000000000000 -0.000000000000000000
connection 32 54 1.123086853306523913 0 0.000000000000000000 -0.000000000000000000
connection 32 55 -3.742443428514051540 0 0.000000000000000000 -0.000000000000000000
connection 32 56 -4.191738051489963368 0 0.000000000000000000 -0.000000000000000000
connection 32 59 2.162646811115241707 0 0.000000000000000000 -0.000000000000000000
connection 32 60 1.768212196368395883 0 0.000000000000000000 -0.000000000000000000
connection 32 72 -1.276417370788017980 0 0.000000000000000000 -0.000000000000000000
connection 32 73 -0.724615154756892532 0 0.000000000000000000 -0.000000000000000000
connection 32 74 -4.046121557734211116 0 0.000000000000000000 -0.000000000000000000
connection 32 75 -4.343588128867521547 0 0.000000000000000000 -0.000000000000000000
connection 32 66 -3.433414341280366155 0 0.000000000000000000 -0.000000000000000000
connection 32 80 -6.800401793653054305 0 0.000000000000000000 -0.000000000000000000
connection 32 81 -6.627812017946532741 0 0.000000000000000000 -0.000000000000000000
connection 34 67 2.166847130903875041 0 0.000000000000000000 -0.000000000000000000
connection 34 68 2.466292394768377250 0 0.000000000000000000 -0.000000000000000000
connection 34 69 -1.329185105246709409 0 0.000000000000000000 -0.000000000000000000
connection 34 70 -1.590316794662130384 0 0.000000000000000000 -0.000000000000000000
connection 34 22 1.360171871360357665 0 0.000000000000000000 -0.000000000000000000
connection 34 71 1.821960757633913186 0 0.000000000000000000 -0.000000000000000000
connection 34 23 -1.901396522204505724 0 0.000000000000000000 -0.000000000000000000
connection 34 24 -2.308943395676639643 0 0.000000000000000000 -0.000000000000000000
connection 34 72 3.647042173032750689 0 0.000000000000000000 -0.000000000000000000
connection 34 73 4.119886176891120577 0 0.000000000000000000 -0.000000000000000000
connection 34 74 0.497104521752962825 0 0.000000000000000000 -0.000000000000000000
connection 34 76 2.796635471457150413 0 0.000000000000000000 -0.000000000000000000
connection 34 77 3.193976074088066053 0 0.000000000000000000 -0.000000000000000000
connection 34 78 -0.637300425080746469 0 0.000000000000000000 -0.000000000000000000
connection 34 79 -1.033797271223331427 0 0.000000000000000000 -0.000000000000000000
connection 34 80 -6.175597952874145591 0 0.000000000000000000 -0.000000000000000000
connection 34 81 -6.133819350091514799 0 0.000000000000000000 -0.000000000000000000
connection 35 48 2.331579644739861568 0 0.000000000000000000 -0.000000000000000000
connection 35 49 2.631841549309768435 0 0.000000000000000000 -0.000000000000000000
connection 35 50 -1.174171386922227667 0 0.000000000000000000 -0.000000000000000000
connection 35 51 -1.439414333217872377 0 0.000000000000000000 -0.000000000000000000
connection 35 93 2.978641295713974735 0 0.000000000000000000 -0.000000000000000000
connection 35 52 3.392107086855224996 0 0.000000000000000000 -0.000000000000000000
connection 35 53 -0.414349447012509919 0 0.000000000000000000 -0.000000000000000000
connection 35 54 -0.850326994871275832 0 0.000000000000000000 -0.000000000000000000
connection 35 55 -4.961474637466379178 0 0.000000000000000000 -0.000000000000000000
connection 35 56 -5.086730181412381313 0 0.000000000000000000 -0.000000000000000000
connection 35 57 3.850392664746165039 0 0.000000000000000000 -0.000000000000000000
connection 35 59 0.778339202583623102 0 0.000000000000000000 -0.000000000000000000
connection 35 64 1.461737938481713517 0 0.000000000000000000 -0.000000000000000000
connection 35 72 -2.466238332279864220 0 0.000000000000000000 -0.000000000000000000
connection 35 73 -1.844281230579030151 0 0.000000000000000000 -0.000000000000000000
connection 35 74 -4.761239524197312001 0 0.000000000000000000 -0.000000000000000000
connection 35 75 -5.089577149029042680 0 0.000000000000000000 -0.000000000000000000
connection 35 66 -4.544537183037369310 0 0.000000000000000000 -0.000000000000000000
connection 35 80 -7.035436265031881575 0 0.000000000000000000 -0.000000000000000000
connection 26 57 2.817035904817046355 0 0.000000000000000000 -0.000000000000000000
connection 26 58 1.760783984845709638 0 0.000000000000000000 -0.000000000000000000
connection 26 59 5.073588439976779441 0 0.000000000000000000 -0.000000000000000000
connection 26 60 5.672211546706042995 0 0.000000000000000000 -0.000000000000000000
connection 26 61 0.715025632807460898 0 0.000000000000000000 -0.000000000000000000
connection 26 62 -0.244990257474505424 0 0.000000000000000000 -0.000000000000000000
connection 26 64 4.383612886990031932 0 0.000000000000000000 -0.000000000000000000
connection 26 66 7.055527484030171159 0 0.000000000000000000 -0.000000000000000000
connection 26 31 2.485443562857342581 0 0.000000000000000000 -0.000000000000000000
connection 26 37 2.017896534250204876 0 0.000000000000000000 -0.000000000000000000
connection 26 42 4.316458845775229314 0 0.000000000000000000 -0.000000000000000000
connection 26 43 4.783482466500627694 0 0.000000000000000000 -0.000000000000000000
connection 26 44 1.414654218836348676 0 0.000000000000000000 -0.000000000000000000
connection 26 45 0.724843813126663128 0 0.000000000000000000 -0.000000000000000000
connection 26 94 3.159766487381673983 0 0.000000000000000000 -0.000000000000000000
connection 26 95 3.765341364014417103 0 0.000000000000000000 -0.000000000000000000
connection 26 36 -0.675041811809099834 0 0.000000000000000000 -0.000000000000000000
connection 37 69 1.935596065367710672 0 0.000000000000000000 -0.000000000000000000
connection 37 70 1.400884337592258388 0 0.000000000000000000 -0.000000000000000000
connection 37 22 4.128039939744986064 0 0.000000000000000000 -0.000000000000000000
connection 37 23 0.957370510784546824 0 0.000000000000000000 -0.000000000000000000
connection 37 24 0.606457405870046040 0 0.000000000000000000 -0.000000000000000000
connection 37 82 -1.438898849429785853 0 0.000000000000000000 -0.000000000000000000
connection 37 83 -0.797334355515862847 0 0.000000000000000000 -0.000000000000000000
connection 37 84 -4.126426377304622584 0 0.000000000000000000 -0.000000000000000000
connection 37 25 -4.495067737711644362 0 0.000000000000000000 -0.000000000000000000
connection 37 86 0.632301318341248031 0 0.000000000000000000 -0.000000000000000000
connection 37 87 -3.152284921877320567 0 0.000000000000000000 -0.000000000000000000
connection 37 88 -3.675560971174849811 0 0.000000000000000000 -0.000000000000000000
connection 37 89 -6.176296199220580263 0 0.000000000000000000 -0.000000000000000000
connection 37 90 -6.427044026531695486 0 0.000000000000000000 -0.000000000000000000
connection 37 81 -5.710590831064945583 0 0.000000000000000000 -0.000000000000000000
connection 39 98 -3.648258792275618223 0 0.000000000000000000 -0.000000000000000000
connection 39 93 -1.863814955049690969 0 0.000000000000000000 -0.000000000000000000
connection 39 52 -1.516736290300825241 0 0.000000000000000000 -0.000000000000000000
connection 39 53 -4.446015226117803643 0 0.000000000000000000 -0.000000000000000000
connection 39 54 -4.579627119902943910 0 0.000000000000000000 -0.000000000000000000
connection 39 55 -6.332400753198566434 0 0.000000000000000000 -0.000000000000000000
connection 39 56 -6.258918351273648817 0 0.000000000000000000 -0.000000000000000000
connection 39 57 -1.044475011264432984 0 0.000000000000000000 -0.000000000000000000
connection 39 58 -0.457700443491087905 0 0.000000000000000000 -0.000000000000000000
connection 39 59 -3.883062635331925971 0 0.000000000000000000 -0.000000000000000000
connection 39 60 -4.217928288599414266 0 0.000000000000000000 -0.000000000000000000
connection 39 61 0.209638231922797819 0 0.000000000000000000 -0.000000000000000000
connection 39 62 0.918111403558993566 0 0.000000000000000000 -0.000000000000000000
connection 39 64 -3.447088202383389088 0 0.000000000000000000 -0.000000000000000000
connection 39 66 -6.310695921100086814 0 0.000000000000000000 -0.000000000000000000
connection 40 57 -2.214719670980275890 0 0.000000000000000000 -0.000000000000000000
connection 40 58 -1.568339878350031302 0 0.000000000000000000 -0.000000000000000000
connection 40 59 -4.606037085762132222 0 0.000000000000000000 -0.000000000000000000
connection 40 60 -4.959031747496899456 0 0.000000000000000000 -0.000000000000000000
connection 40 61 -0.871433549434951438 0 0.000000000000000000 -0.000000000000000000
connection 40 64 -4.190957986061206952 0 0.000000000000000000 -0.000000000000000000
connection 40 66 -6.591029168111358416 0 0.000000000000000000 -0.000000000000000000
connection 42 48 0.477036581384918390 0 0.000000000000000000 -0.000000000000000000
connection 42 49 1.012227524005605783 0 0.000000000000000000 -0.000000000000000000
connection 42 50 -2.782627185901803912 0 0.000000000000000000 -0.000000000000000000
connection 42 51 -3.145357683501589730 0 0.000000000000000000 -0.000000000000000000
connection 42 93 1.625361063781307625 0 0.000000000000000000 -0.000000000000000000
connection 42 52 2.271636073217175866 0 0.000000000000000000 -0.000000000000000000
connection 42 53 -1.712219026414188328 0 0.000000000000000000 -0.000000000000000000
connection 42 54 -2.298770857777708621 0 0.000000000000000000 -0.000000000000000000
connection 42 55 -5.661152295730158990 0 0.000000000000000000 -0.000000000000000000
connection 42 56 -5.912389727371729187 0 0.000000000000000000 -0.000000000000000000
connection 42 57 2.910640009560589103 0 0.000000000000000000 -0.000000000000000000
connection 42 58 3.514113642888726297 0 0.000000000000000000 -0.000000000000000000
connection 42 59 -0.338893250879401420 0 0.000000000000000000 -0.000000000000000000
connection 42 60 -1.049822717292810292 0 0.000000000000000000 -0.000000000000000000
connection 42 61 4.065764218571893629 0 0.000000000000000000 -0.000000000000000000
connection 42 64 0.395838845273720208 0 0.000000000000000000 -0.000000000000000000
connection 42 66 -5.158899619043892493 0 0.000000000000000000 -0.000000000000000000
connection 42 80 -7.127147753596560165 0 0.000000000000000000 -0.000000000000000000
connection 43 67 0.256296658484408912 0 0.000000000000000000 -0.000000000000000000
connection 43 68 0.760040004680062831 0 0.000000000000000000 -0.000000000000000000
connection 43 69 -2.967995493293125620 0 0.000000000000000000 -0.000000000000000000
connection 43 70 -3.288431865726292092 0 0.000000000000000000 -0.000000000000000000
connection 43 22 -0.445435103727953752 0 0.000000000000000000 -0.000000000000000000
connection 43 23 -3.498772533222668457 0 0.000000000000000000 -0.000000000000000000
connection 43 24 -3.646548898962093777 0 0.000000000000000000 -0.000000000000000000
connection 43 72 2.647857802241705638 0 0.000000000000000000 -0.000000000000000000
connection 43 73 3.269927020493979875 0 0.000000000000000000 -0.000000000000000000
connection 43 74 -0.637791317949001790 0 0.000000000000000000 -0.000000000000000000
connection 43 75 -1.333725859517174150 0 0.000000000000000000 -0.000000000000000000
connection 43 76 1.355036501743398070 0 0.000000000000000000 -0.000000000000000000
connection 43 77 1.998709335701548406 0 0.000000000000000000 -0.000000000000000000
connection 43 78 -1.971787310656963221 0 0.000000000000000000 -0.000000000000000000
connection 43 79 -2.524812386300475442 0 0.000000000000000000 -0.000000000000000000
connection 43 80 -6.536859189456481367 0 0.000000000000000000 -0.000000000000000000
connection 43 81 -6.579260509815952673 0 0.000000000000000000 -0.000000000000000000
connection 29 83 0.516263664043061010 0 0.000000000000000000 -0.000000000000000000
connection 29 84 -3.138181210047533920 0 0.000000000000000000 -0.000000000000000000
connection 29 25 -3.417777285964433531 0 0.000000000000000000 -0.000000000000000000
connection 29 85 1.087852121848456255 0 0.000000000000000000 -0.000000000000000000
connection 29 86 1.723651055200695392 0 0.000000000000000000 -0.000000000000000000
connection 29 87 -2.220079347294186878 0 0.000000000000000000 -0.000000000000000000
connection 29 88 -2.736894139399629555 0 0.000000000000000000 -0.000000000000000000
connection 29 89 -5.813820392249403390 0 0.000000000000000000 -0.000000000000000000
connection 29 90 -5.976339510937259014 0 0.000000000000000000 -0.000000000000000000
connection 29 38 -1.321821574242538766 0 0.000000000000000000 -0.000000000000000000
connection 29 39 -0.919531929166178541 0 0.000000000000000000 -0.000000000000000000
connection 29 40 -3.906973599149619947 0 0.000000000000000000 -0.000000000000000000
connection 29 41 -4.147690246194935426 0 0.000000000000000000 -0.000000000000000000
connection 29 32 -0.607958242222318090 0 0.000000000000000000 -0.000000000000000000
connection 29 33 -0.313444934966910005 0 0.000000000000000000 -0.000000000000000000
connection 29 34 -3.598723342426686234 0 0.000000000000000000 -0.000000000000000000
connection 29 35 -3.738098999370857989 0 0.000000000000000000 -0.000000000000000000
connection 29 92 -6.004885667179806319 0 0.000000000000000000 -0.000000000000000000
connection 30 97 0.282397228981925819 0 0.000000000000000000 -0.000000000000000000
connection 30 27 -3.293333676496946971 0 0.000000000000000000 -0.000000000000000000
connection 30 28 -3.534599199166751582 0 0.000000000000000000 -0.000000000000000000
connection 30 29 -0.770569560299704359 0 0.000000000000000000 -0.000000000000000000
connection 30 30 -0.482493785288694910 0 0.000000000000000000 -0.000000000000000000
connection 30 31 -3.691998717631398641 0 0.000000000000000000 -0.000000000000000000
connection 30 37 -3.830093016490901281 0 0.000000000000000000 -0.000000000000000000
connection 30 38 4.523779481548753090 0 0.000000000000000000 -0.000000000000000000
connection 30 40 1.686458454463215517 0 0.000000000000000000 -0.000000000000000000
connection 30 41 1.016810012339657732 0 0.000000000000000000 -0.000000000000000000
connection 30 34 2.671524792073702415 0 0.000000000000000000 -0.000000000000000000
connection 30 35 2.248974685754548730 0 0.000000000000000000 -0.000000000000000000
connection 30 42 -1.534627842578838441 0 0.000000000000000000 -0.000000000000000000
connection 30 43 -1.101728027708581248 0 0.000000000000000000 -0.000000000000000000
connection 30 44 -4.015482607847619789 0 0.000000000000000000 -0.000000000000000000
connection 30 45 -4.274068833524721001 0 0.000000000000000000 -0.000000000000000000
connection 30 92 -3.721030266404572906 0 0.000000000000000000 -0.000000000000000000
connection 45 48 -0.902822710138811546 0 0.000000000000000000 -0.000000000000000000
connection 45 49 -0.216454216184025439 0 0.000000000000000000 -0.000000000000000000
connection 45 50 -3.754129335507426113 0 0.000000000000000000 -0.000000000000000000
connection 45 51 -4.185584570800202187 0 0.000000000000000000 -0.000000000000000000
connection 45 93 0.506275857232834969 0 0.000000000000000000 -0.000000000000000000
connection 45 52 1.236506348865402005 0 0.000000000000000000 -0.000000000000000000
connection 45 53 -2.671258445538179593 0 0.000000000000000000 -0.000000000000000000
connection 45 54 -3.246028691585130854 0 0.000000000000000000 -0.000000000000000000
connection 45 55 -6.030043275849768847 0 0.000000000000000000 -0.000000000000000000
connection 45 56 -6.335590549539414695 0 0.000000000000000000 -0.000000000000000000
connection 45 57 1.951071916488908098 0 0.000000000000000000 -0.000000000000000000
connection 45 58 2.632058784461830836 0 0.000000000000000000 -0.000000000000000000
connection 45 59 -1.360098682083862531 0 0.000000000000000000 -0.000000000000000000
connection 45 60 -2.039248767601737899 0 0.000000000000000000 -0.000000000000000000
connection 45 61 3.266277158408605885 0 0.000000000000000000 -0.000000000000000000
connection 45 62 3.844911960891939096 0 0.000000000000000000 -0.000000000000000000
connection 45 64 -0.645707713095399649 0 0.000000000000000000 -0.000000000000000000
connection 45 66 -5.581705291946074787 0 0.000000000000000000 -0.000000000000000000
connection 48 16 2.725351423911676285 0 0.000000000000000000 -0.000000000000000000
connection 51 16 0.826120771311985913 0 0.000000000000000000 -0.000000000000000000
connection 55 16 7.110302184415067117 0 0.000000000000000000 -0.000000000000000000
connection 22 16 -0.821105235319061544 0 0.000000000000000000 -0.000000000000000000
connection 23 16 4.040016795632431545 0 0.000000000000000000 -0.000000000000000000
connection 24 16 -1.958587971373471293 0 0.000000000000000000 -0.000000000000000000
connection 57 16 4.994976087220998728 0 0.000000000000000000 -0.000000000000000000
connection 58 16 -0.726711819408165649 0 0.000000000000000000 -0.000000000000000000
connection 59 16 0.515312583903875021 0 0.000000000000000000 -0.000000000000000000
connection 60 16 5.575037583817955777 0 0.000000000000000000 -0.000000000000000000
connection 76 16 5.987076498085069254 0 0.000000000000000000 -0.000000000000000000
connection 77 16 1.517781775351972229 0 0.000000000000000000 -0.000000000000000000
connection 78 16 2.245797308033126161 0 0.000000000000000000 -0.000000000000000000
connection 79 16 6.068475952724194045 0 0.000000000000000000 -0.000000000000000000
connection 82 16 6.040996159848822877 0 0.000000000000000000 -0.000000000000000000
connection 83 16 2.379412586568564691 0 0.000000000000000000 -0.000000000000000000
connection 84 16 2.655623575362456190 0 0.000000000000000000 -0.000000000000000000
connection 25 16 6.194531321961023629 0 0.000000000000000000 -0.000000000000000000
connection 26 16 -2.581139061556388725 0 0.000000000000000000 -0.000000000000000000
connection 28 16 -1.791781339070775969 0 0.000000000000000000 -0.000000000000000000
connection 29 16 6.417959004726911054 0 0.000000000000000000 -0.000000000000000000
connection 30 16 3.343839531928467945 0 0.000000000000000000 -0.000000000000000000
connection 31 16 4.107391720397356671 0 0.000000000000000000 -0.000000000000000000
connection 37 16 6.605448127239435863 0 0.000000000000000000 -0.000000000000000000
connection 38 16 -2.865084120077308505 0 0.000000000000000000 -0.000000000000000000
connection 39 16 3.162504908645355162 0 0.000000000000000000 -0.000000000000000000
connection 40 16 2.234323318491905574 0 0.000000000000000000 -0.000000000000000000
connection 41 16 -3.646585910542166520 0 0.000000000000000000 -0.000000000000000000
connection 94 16 -4.315592380713773935 0 0.000000000000000000 -0.000000000000000000
connection 95 16 1.232985957178084568 0 0.000000000000000000 -0.000000000000000000
connection 36 16 -4.877009757363585329 0 0.000000000000000000 -0.000000000000000000
connection 48 17 -2.986063833906251741 0 0.000000000000000000 -0.000000000000000000
connection 49 17 2.959145662581079250 0 0.000000000000000000 -0.000000000000000000
connection 50 17 1.541711544531727762 0 0.000000000000000000 -0.000000000000000000
connection 51 17 -4.338422693219924575 0 0.000000000000000000 -0.000000000000000000
connection 22 17 -5.304303480519806158 0 0.000000000000000000 -0.000000000000000000
connection 71 17 -0.435102868143057098 0 0.000000000000000000 -0.000000000000000000
connection 23 17 -1.961593138959894844 0 0.000000000000000000 -0.000000000000000000
connection 24 17 -5.798701540355321704 0 0.000000000000000000 -0.000000000000000000
connection 61 17 -1.376651979282043969 0 0.000000000000000000 -0.000000000000000000
connection 64 17 0.456243226030645932 0 0.000000000000000000 -0.000000000000000000
connection 72 17 1.654813702305461653 0 0.000000000000000000 -0.000000000000000000
connection 73 17 -3.753717041244908348 0 0.000000000000000000 -0.000000000000000000
connection 74 17 -3.046516609441972889 0 0.000000000000000000 -0.000000000000000000
connection 75 17 2.617640476812522099 0 0.000000000000000000 -0.000000000000000000
connection 66 17 6.986212137707435765 0 0.000000000000000000 -0.000000000000000000
connection 85 17 3.238928246166095537 0 0.000000000000000000 -0.000000000000000000
connection 86 17 -2.329995634648287073 0 0.000000000000000000 -0.000000000000000000
connection 87 17 -2.035450056268436114 0 0.000000000000000000 -0.000000000000000000
connection 88 17 3.332997453832443391 0 0.000000000000000000 -0.000000000000000000
connection 26 17 3.614006713819022387 0 0.000000000000000000 -0.000000000000000000
connection 97 17 -2.036191993514989917 0 0.000000000000000000 -0.000000000000000000
connection 27 17 -1.560509232054474449 0 0.000000000000000000 -0.000000000000000000
connection 28 17 4.225430253472562292 0 0.000000000000000000 -0.000000000000000000
connection 90 17 6.878140976850340316 0 0.000000000000000000 -0.000000000000000000
connection 38 17 -6.106000244676117461 0 0.000000000000000000 -0.000000000000000000
connection 39 17 -2.964738317003466683 0 0.000000000000000000 -0.000000000000000000
connection 40 17 -3.744195756994670443 0 0.000000000000000000 -0.000000000000000000
connection 41 17 -6.341062897701850609 0 0.000000000000000000 -0.000000000000000000
connection 32 17 3.100662440279054355 0 0.000000000000000000 -0.000000000000000000
connection 35 17 2.106974591164720412 0 0.000000000000000000 -0.000000000000000000
connection 42 17 1.092190048395507818 0 0.000000000000000000 -0.000000000000000000
connection 92 17 -5.946590575680596125 0 0.000000000000000000 -0.000000000000000000
connection 48 18 -5.751393474646334880 0 0.000000000000000000 -0.000000000000000000
connection 49 18 -2.866903401830546372 0 0.000000000000000000 -0.000000000000000000
connection 50 18 -3.802732824383625143 0 0.000000000000000000 -0.000000000000000000
connection 51 18 -6.285540047579717182 0 0.000000000000000000 -0.000000000000000000
connection 93 18 2.857310268642609064 0 0.000000000000000000 -0.000000000000000000
connection 54 18 1.863788077893009598 0 0.000000000000000000 -0.000000000000000000
connection 67 18 0.297646566453836803 0 0.000000000000000000 -0.000000000000000000
connection 70 18 -1.638165274346352840 0 0.000000000000000000 -0.000000000000000000
connection 56 18 -6.366163393058109854 0 0.000000000000000000 -0.000000000000000000
connection 61 18 4.339551346050026126 0 0.000000000000000000 -0.000000000000000000
connection 62 18 -1.970602450214167689 0 0.000000000000000000 -0.000000000000000000
connection 64 18 5.528746179825223095 0 0.000000000000000000 -0.000000000000000000
connection 72 18 6.135003200304265825 0 0.000000000000000000 -0.000000000000000000
connection 73 18 1.647296196510827038 0 0.000000000000000000 -0.000000000000000000
connection 74 18 2.749693837067832103 0 0.000000000000000000 -0.000000000000000000
connection 75 18 6.474623789146904507 0 0.000000000000000000 -0.000000000000000000
connection 66 18 7.337200368706817244 0 0.000000000000000000 -0.000000000000000000
connection 80 18 6.940821075366180537 0 0.000000000000000000 -0.000000000000000000
connection 32 18 -2.981373620433127591 0 0.000000000000000000 -0.000000000000000000
connection 33 18 3.242006978659480065 0 0.000000000000000000 -0.000000000000000000
connection 34 18 2.024648388983694591 0 0.000000000000000000 -0.000000000000000000
connection 35 18 -3.830828548153367041 0 0.000000000000000000 -0.000000000000000000
connection 42 18 -4.479063518441406266 0 0.000000000000000000 -0.000000000000000000
connection 43 18 0.954944140534181640 0 0.000000000000000000 -0.000000000000000000
connection 45 18 -5.012613541062203026 0 0.000000000000000000 -0.000000000000000000
connection 92 18 -6.969337843497372731 0 0.000000000000000000 -0.000000000000000000
connection 98 19 -6.367700449439332111 0 0.000000000000000000 -0.000000000000000000
connection 93 19 -2.961986388961959982 0 0.000000000000000000 -0.000000000000000000
connection 52 19 2.692182034765544962 0 0.000000000000000000 -0.000000000000000000
connection 53 19 1.770343232267778344 0 0.000000000000000000 -0.000000000000000000
connection 54 19 -3.641086164923736934 0 0.000000000000000000 -0.000000000000000000
connection 67 19 -4.484608123444682626 0 0.000000000000000000 -0.000000000000000000
connection 68 19 0.704996346629704895 0 0.000000000000000000 -0.000000000000000000
connection 69 19 -0.931762166536071024 0 0.000000000000000000 -0.000000000000000000
connection 70 19 -5.484989779083343286 0 0.000000000000000000 -0.000000000000000000
connection 56 19 -7.009487135839648886 0 0.000000000000000000 -0.000000000000000000
connection 82 19 3.732918642350127048 0 0.000000000000000000 -0.000000000000000000
connection 25 19 2.140996615811175285 0 0.000000000000000000 -0.000000000000000000
connection 89 19 6.984419476550617567 0 0.000000000000000000 -0.000000000000000000
connection 29 19 0.857064921897717436 0 0.000000000000000000 -0.000000000000000000
connection 37 19 -0.232610274138997902 0 0.000000000000000000 -0.000000000000000000
connection 81 19 -6.894861046525629256 0 0.000000000000000000 -0.000000000000000000
connection 57 20 2.121570254932477528 0 0.000000000000000000 -0.000000000000000000
connection 60 20 1.609673009265265131 0 0.000000000000000000 -0.000000000000000000
connection 76 20 0.633993771306524567 0 0.000000000000000000 -0.000000000000000000
connection 79 20 -0.455296008763634741 0 0.000000000000000000 -0.000000000000000000
connection 82 20 -2.077855495360353633 0 0.000000000000000000 -0.000000000000000000
connection 83 20 4.228366422159915317 0 0.000000000000000000 -0.000000000000000000
connection 84 20 2.649267873664287176 0 0.000000000000000000 -0.000000000000000000
connection 25 20 -3.656538603288787659 0 0.000000000000000000 -0.000000000000000000
connection 29 20 -4.578574289375097806 0 0.000000000000000000 -0.000000000000000000
connection 30 20 0.943630208994034381 0 0.000000000000000000 -0.000000000000000000
connection 31 20 -0.338764323135778256 0 0.000000000000000000 -0.000000000000000000
connection 37 20 -5.137444816256231839 0 0.000000000000000000 -0.000000000000000000
connection 57 21 -3.777433207637423962 0 0.000000000000000000 -0.000000000000000000
connection 58 21 1.148266067235723220 0 0.000000000000000000 -0.000000000000000000
connection 59 21 1.068279714396749291 0 0.000000000000000000 -0.000000000000000000
connection 60 21 -3.861917637114950175 0 0.000000000000000000 -0.000000000000000000
connection 76 21 -4.343716178265664141 0 0.000000000000000000 -0.000000000000000000
connection 77 21 0.482327257987256397 0 0.000000000000000000 -0.000000000000000000
connection 78 21 -0.491018940387455305 0 0.000000000000000000 -0.000000000000000000
connection 79 21 -4.822016425089263869 0 0.000000000000000000 -0.000000000000000000
connection 82 21 -5.493968639725856917 0 0.000000000000000000 -0.000000000000000000
connection 83 21 -1.557759748007182754 0 0.000000000000000000 -0.000000000000000000
connection 84 21 -3.092875486244922367 0 0.000000000000000000 -0.000000000000000000
connection 25 21 -6.198699135722083753 0 0.000000000000000000 -0.000000000000000000
connection 85 21 4.312817810315020317 0 0.000000000000000000 -0.000000000000000000
connection 88 21 3.246752091706389898 0 0.000000000000000000 -0.000000000000000000
connection 26 21 1.441292699108566611 0 0.000000000000000000 -0.000000000000000000
connection 28 21 -0.282666359241311616 0 0.000000000000000000 -0.000000000000000000
connection 90 21 -6.056652202078836922 0 0.000000000000000000 -0.000000000000000000
NNend

