NNstart
14 8
neuron 1 1.000000000000000000 0.000000000000000000 0.000000000000000000 -6610800681657983918594385290987828501181879525308456363862727442607778916448619121765759017288002082818752512.000000000000000000 11 0.000000000000000000
neuron 1 1.000000000000000000 0.000000000000000000 0.000000000000000000 -6610800681657983918594385290987828501181879525308456363862727442607778916448619121765759017288002082818752512.000000000000000000 11 0.000000000000000000
neuron 1 1.000000000000000000 0.000000000000000000 0.000000000000000000 -6610800681657983918594385290987828501181879525308456363862727442607778916448619121765759017288002082818752512.000000000000000000 11 0.000000000000000000
neuron 1 1.000000000000000000 0.000000000000000000 0.000000000000000000 -6610800681657983918594385290987828501181879525308456363862727442607778916448619121765759017288002082818752512.000000000000000000 11 0.000000000000000000
neuron 1 1.000000000000000000 0.000000000000000000 0.000000000000000000 -6610800681657983918594385290987828501181879525308456363862727442607778916448619121765759017288002082818752512.000000000000000000 11 0.000000000000000000
neuron 1 1.000000000000000000 0.000000000000000000 0.000000000000000000 -6610800681657983918594385290987828501181879525308456363862727442607778916448619121765759017288002082818752512.000000000000000000 11 0.000000000000000000
neuron 1 1.000000000000000000 0.000000000000000000 0.000000000000000000 -6610800681657983918594385290987828501181879525308456363862727442607778916448619121765759017288002082818752512.000000000000000000 11 0.000000000000000000
neuron 1 1.000000000000000000 0.000000000000000000 0.000000000000000000 -6610800681657983918594385290987828501181879525308456363862727442607778916448619121765759017288002082818752512.000000000000000000 11 0.000000000000000000
neuron 1 1.000000000000000000 0.000000000000000000 0.000000000000000000 -6610800681657983918594385290987828501181879525308456363862727442607778916448619121765759017288002082818752512.000000000000000000 11 0.000000000000000000
neuron 1 1.000000000000000000 0.000000000000000000 0.000000000000000000 -6610800681657983918594385290987828501181879525308456363862727442607778916448619121765759017288002082818752512.000000000000000000 11 0.000000000000000000
neuron 1 1.000000000000000000 0.000000000000000000 0.000000000000000000 -6610800681657983918594385290987828501181879525308456363862727442607778916448619121765759017288002082818752512.000000000000000000 11 0.000000000000000000
neuron 1 1.000000000000000000 0.000000000000000000 0.000000000000000000 -6610800681657983918594385290987828501181879525308456363862727442607778916448619121765759017288002082818752512.000000000000000000 11 0.000000000000000000
neuron 1 1.000000000000000000 0.000000000000000000 0.000000000000000000 -6610800681657983918594385290987828501181879525308456363862727442607778916448619121765759017288002082818752512.000000000000000000 11 0.000000000000000000
neuron 2 1.000000000000000000 0.000000000000000000 0.000000000000000000 0.000000000000000000 11 0.000000000000000000
neuron 4 1.000000000000000000 0.000000000000000000 0.000000000000000000 -6610800681657983918594385290987828501181879525308456363862727442607778916448619121765759017288002082818752512.000000000000000000 1 0.000000000000000000
neuron 4 1.000000000000000000 0.000000000000000000 0.000000000000000000 -6610800681657983918594385290987828501181879525308456363862727442607778916448619121765759017288002082818752512.000000000000000000 1 0.000000000000000000
neuron 4 1.000000000000000000 0.000000000000000000 0.000000000000000000 -6610800681657983918594385290987828501181879525308456363862727442607778916448619121765759017288002082818752512.000000000000000000 1 0.000000000000000000
neuron 4 1.000000000000000000 0.000000000000000000 0.000000000000000000 -6610800681657983918594385290987828501181879525308456363862727442607778916448619121765759017288002082818752512.000000000000000000 1 0.000000000000000000
neuron 4 1.000000000000000000 0.000000000000000000 0.000000000000000000 -6610800681657983918594385290987828501181879525308456363862727442607778916448619121765759017288002082818752512.000000000000000000 1 0.000000000000000000
neuron 4 1.000000000000000000 0.000000000000000000 0.000000000000000000 -6610800681657983918594385290987828501181879525308456363862727442607778916448619121765759017288002082818752512.000000000000000000 1 0.000000000000000000
neuron 4 1.000000000000000000 0.000000000000000000 0.000000000000000000 -6610800681657983918594385290987828501181879525308456363862727442607778916448619121765759017288002082818752512.000000000000000000 1 0.000000000000000000
neuron 4 1.000000000000000000 0.000000000000000000 0.000000000000000000 -6610800681657983918594385290987828501181879525308456363862727442607778916448619121765759017288002082818752512.000000000000000000 1 0.000000000000000000
neuron 3 1.000000000000000000 0.000000000000000000 0.000000000000000000 -6610800681657983918594385290987828501181879525308456363862727442607778916448619121765759017288002082818752512.000000000000000000 0 0.000000000000000000
neuron 3 1.000000000000000000 0.000000000000000000 0.000000000000000000 -6610800681657983918594385290987828501181879525308456363862727442607778916448619121765759017288002082818752512.000000000000000000 0 0.000000000000000000
neuron 3 1.000000000000000000 0.000000000000000000 0.000000000000000000 -6610800681657983918594385290987828501181879525308456363862727442607778916448619121765759017288002082818752512.000000000000000000 0 0.000000000000000000
neuron 3 1.000000000000000000 0.000000000000000000 0.000000000000000000 -6610800681657983918594385290987828501181879525308456363862727442607778916448619121765759017288002082818752512.000000000000000000 0 0.000000000000000000
neuron 3 1.000000000000000000 0.000000000000000000 0.000000000000000000 -6610800681657983918594385290987828501181879525308456363862727442607778916448619121765759017288002082818752512.000000000000000000 0 0.000000000000000000
neuron 3 1.000000000000000000 0.000000000000000000 0.000000000000000000 -6610800681657983918594385290987828501181879525308456363862727442607778916448619121765759017288002082818752512.000000000000000000 0 0.000000000000000000
neuron 3 1.000000000000000000 0.000000000000000000 0.000000000000000000 -6610800681657983918594385290987828501181879525308456363862727442607778916448619121765759017288002082818752512.000000000000000000 0 0.000000000000000000
neuron 3 1.000000000000000000 0.000000000000000000 0.000000000000000000 -6610800681657983918594385290987828501181879525308456363862727442607778916448619121765759017288002082818752512.000000000000000000 0 0.000000000000000000
neuron 3 1.000000000000000000 0.000000000000000000 0.000000000000000000 -6610800681657983918594385290987828501181879525308456363862727442607778916448619121765759017288002082818752512.000000000000000000 0 0.000000000000000000
neuron 3 1.000000000000000000 0.000000000000000000 0.000000000000000000 -6610800681657983918594385290987828501181879525308456363862727442607778916448619121765759017288002082818752512.000000000000000000 0 0.000000000000000000
neuron 3 1.000000000000000000 0.000000000000000000 0.000000000000000000 -6610800681657983918594385290987828501181879525308456363862727442607778916448619121765759017288002082818752512.000000000000000000 0 0.000000000000000000
connection 0 22 -2.645056929571210080 0 0.000000000000000000 -6610800681657983918594385290987828501181879525308456363862727442607778916448619121765759017288002082818752512.000000000000000000
connection 0 24 -1.578136456017586564 0 0.000000000000000000 -6610800681657983918594385290987828501181879525308456363862727442607778916448619121765759017288002082818752512.000000000000000000
connection 0 25 4.030270156593094733 0 0.000000000000000000 -6610800681657983918594385290987828501181879525308456363862727442607778916448619121765759017288002082818752512.000000000000000000
connection 1 22 -2.577180918143207933 0 0.000000000000000000 -6610800681657983918594385290987828501181879525308456363862727442607778916448619121765759017288002082818752512.000000000000000000
connection 1 24 -1.471728742657032463 0 0.000000000000000000 -6610800681657983918594385290987828501181879525308456363862727442607778916448619121765759017288002082818752512.000000000000000000
connection 1 25 4.075532874449118381 0 0.000000000000000000 -6610800681657983918594385290987828501181879525308456363862727442607778916448619121765759017288002082818752512.000000000000000000
connection 2 22 -2.506720754959839148 0 0.000000000000000000 -6610800681657983918594385290987828501181879525308456363862727442607778916448619121765759017288002082818752512.000000000000000000
connection 2 24 -1.361476363855837590 0 0.000000000000000000 -6610800681657983918594385290987828501181879525308456363862727442607778916448619121765759017288002082818752512.000000000000000000
connection 2 25 4.115276351955031942 0 0.000000000000000000 -6610800681657983918594385290987828501181879525308456363862727442607778916448619121765759017288002082818752512.000000000000000000
connection 3 22 -2.433508964144022624 0 0.000000000000000000 -6610800681657983918594385290987828501181879525308456363862727442607778916448619121765759017288002082818752512.000000000000000000
connection 3 24 -1.247519975016854632 0 0.000000000000000000 -6610800681657983918594385290987828501181879525308456363862727442607778916448619121765759017288002082818752512.000000000000000000
connection 3 25 4.149251819703439814 0 0.000000000000000000 -6610800681657983918594385290987828501181879525308456363862727442607778916448619121765759017288002082818752512.000000000000000000
connection 4 22 -2.357362069780920333 0 0.000000000000000000 -6610800681657983918594385290987828501181879525308456363862727442607778916448619121765759017288002082818752512.000000000000000000
connection 4 24 -1.130112917086037339 0 0.000000000000000000 -6610800681657983918594385290987828501181879525308456363862727442607778916448619121765759017288002082818752512.000000000000000000
connection 4 25 4.177315338381741405 0 0.000000000000000000 -6610800681657983918594385290987828501181879525308456363862727442607778916448619121765759017288002082818752512.000000000000000000
connection 5 22 -2.278084915080701656 0 0.000000000000000000 -6610800681657983918594385290987828501181879525308456363862727442607778916448619121765759017288002082818752512.000000000000000000
connection 5 24 -1.009629572401281150 0 0.000000000000000000 -6610800681657983918594385290987828501181879525308456363862727442607778916448619121765759017288002082818752512.000000000000000000
connection 5 25 4.199435852859203955 0 0.000000000000000000 -6610800681657983918594385290987828501181879525308456363862727442607778916448619121765759017288002082818752512.000000000000000000
connection 6 22 -2.195477653660597550 0 0.000000000000000000 -6610800681657983918594385290987828501181879525308456363862727442607778916448619121765759017288002082818752512.000000000000000000
connection 6 24 -0.886566240957386675 0 0.000000000000000000 -6610800681657983918594385290987828501181879525308456363862727442607778916448619121765759017288002082818752512.000000000000000000
connection 6 25 4.215696491581951477 0 0.000000000000000000 -6610800681657983918594385290987828501181879525308456363862727442607778916448619121765759017288002082818752512.000000000000000000
connection 7 22 -2.109345694168573537 0 0.000000000000000000 -6610800681657983918594385290987828501181879525308456363862727442607778916448619121765759017288002082818752512.000000000000000000
connection 7 27 0.775474611966965988 0 0.000000000000000000 -6610800681657983918594385290987828501181879525308456363862727442607778916448619121765759017288002082818752512.000000000000000000
connection 7 24 -0.761533063558692658 0 0.000000000000000000 -6610800681657983918594385290987828501181879525308456363862727442607778916448619121765759017288002082818752512.000000000000000000
connection 7 28 3.730892420876934068 0 0.000000000000000000 -6610800681657983918594385290987828501181879525308456363862727442607778916448619121765759017288002082818752512.000000000000000000
connection 7 25 4.226289084455720158 0 0.000000000000000000 -6610800681657983918594385290987828501181879525308456363862727442607778916448619121765759017288002082818752512.000000000000000000
connection 8 22 -2.019512646387943811 0 0.000000000000000000 -6610800681657983918594385290987828501181879525308456363862727442607778916448619121765759017288002082818752512.000000000000000000
connection 8 27 0.881774779888901628 0 0.000000000000000000 -6610800681657983918594385290987828501181879525308456363862727442607778916448619121765759017288002082818752512.000000000000000000
connection 8 24 -0.635236255822491436 0 0.000000000000000000 -6610800681657983918594385290987828501181879525308456363862727442607778916448619121765759017288002082818752512.000000000000000000
connection 8 28 3.798464789072201420 0 0.000000000000000000 -6610800681657983918594385290987828501181879525308456363862727442607778916448619121765759017288002082818752512.000000000000000000
connection 8 25 4.231502359873402064 0 0.000000000000000000 -6610800681657983918594385290987828501181879525308456363862727442607778916448619121765759017288002082818752512.000000000000000000
connection 9 22 -1.925835998634710444 0 0.000000000000000000 -6610800681657983918594385290987828501181879525308456363862727442607778916448619121765759017288002082818752512.000000000000000000
connection 9 27 0.984314387779057332 0 0.000000000000000000 -6610800681657983918594385290987828501181879525308456363862727442607778916448619121765759017288002082818752512.000000000000000000
connection 9 24 -0.508450885436631639 0 0.000000000000000000 -6610800681657983918594385290987828501181879525308456363862727442607778916448619121765759017288002082818752512.000000000000000000
connection 9 28 3.861394846018986637 0 0.000000000000000000 -6610800681657983918594385290987828501181879525308456363862727442607778916448619121765759017288002082818752512.000000000000000000
connection 9 25 4.231704724706277787 0 0.000000000000000000 -6610800681657983918594385290987828501181879525308456363862727442607778916448619121765759017288002082818752512.000000000000000000
connection 10 22 -1.828224868567964068 0 0.000000000000000000 -6610800681657983918594385290987828501181879525308456363862727442607778916448619121765759017288002082818752512.000000000000000000
connection 10 27 1.083467520038028598 0 0.000000000000000000 -6610800681657983918594385290987828501181879525308456363862727442607778916448619121765759017288002082818752512.000000000000000000
connection 10 24 -0.381985516012194937 0 0.000000000000000000 -6610800681657983918594385290987828501181879525308456363862727442607778916448619121765759017288002082818752512.000000000000000000
connection 10 28 3.919234163661336368 0 0.000000000000000000 -6610800681657983918594385290987828501181879525308456363862727442607778916448619121765759017288002082818752512.000000000000000000
connection 10 25 4.227322908473265528 0 0.000000000000000000 -6610800681657983918594385290987828501181879525308456363862727442607778916448619121765759017288002082818752512.000000000000000000
connection 11 22 -1.726658744408846813 0 0.000000000000000000 -6610800681657983918594385290987828501181879525308456363862727442607778916448619121765759017288002082818752512.000000000000000000
connection 11 27 1.179711625959239063 0 0.000000000000000000 -6610800681657983918594385290987828501181879525308456363862727442607778916448619121765759017288002082818752512.000000000000000000
connection 11 24 -0.256641104359061123 0 0.000000000000000000 -6610800681657983918594385290987828501181879525308456363862727442607778916448619121765759017288002082818752512.000000000000000000
connection 11 28 3.971601608703573483 0 0.000000000000000000 -6610800681657983918594385290987828501181879525308456363862727442607778916448619121765759017288002082818752512.000000000000000000
connection 11 25 4.218818040844837469 0 0.000000000000000000 -6610800681657983918594385290987828501181879525308456363862727442607778916448619121765759017288002082818752512.000000000000000000
connection 12 22 -1.621205719414141821 0 0.000000000000000000 -6610800681657983918594385290987828501181879525308456363862727442607778916448619121765759017288002082818752512.000000000000000000
connection 12 27 1.273588245335864011 0 0.000000000000000000 -6610800681657983918594385290987828501181879525308456363862727442607778916448619121765759017288002082818752512.000000000000000000
connection 12 28 4.018204906917499208 0 0.000000000000000000 -6610800681657983918594385290987828501181879525308456363862727442607778916448619121765759017288002082818752512.000000000000000000
connection 12 25 4.206660903315090572 0 0.000000000000000000 -6610800681657983918594385290987828501181879525308456363862727442607778916448619121765759017288002082818752512.000000000000000000
connection 13 22 -1.512038381820355104 0 0.000000000000000000 -6610800681657983918594385290987828501181879525308456363862727442607778916448619121765759017288002082818752512.000000000000000000
connection 13 27 1.365662120952507497 0 0.000000000000000000 -6610800681657983918594385290987828501181879525308456363862727442607778916448619121765759017288002082818752512.000000000000000000
connection 13 28 4.058857166843444553 0 0.000000000000000000 -6610800681657983918594385290987828501181879525308456363862727442607778916448619121765759017288002082818752512.000000000000000000
connection 13 25 4.191308125832461151 0 0.000000000000000000 -6610800681657983918594385290987828501181879525308456363862727442607778916448619121765759017288002082818752512.000000000000000000
connection 22 30 -1.611976993027079086 0 0.000000000000000000 -6610800681657983918594385290987828501181879525308456363862727442607778916448619121765759017288002082818752512.000000000000000000
connection 24 32 -0.880128913642528432 0 0.000000000000000000 -6610800681657983918594385290987828501181879525308456363862727442607778916448619121765759017288002082818752512.000000000000000000
connection 28 32 -1.213431207678134394 0 0.000000000000000000 -6610800681657983918594385290987828501181879525308456363862727442607778916448619121765759017288002082818752512.000000000000000000
connection 24 14 -2.945756015155798657 0 0.000000000000000000 -6610800681657983918594385290987828501181879525308456363862727442607778916448619121765759017288002082818752512.000000000000000000
connection 28 14 -3.117499523860603805 0 0.000000000000000000 -6610800681657983918594385290987828501181879525308456363862727442607778916448619121765759017288002082818752512.000000000000000000
connection 25 14 -0.268301499237415253 0 0.000000000000000000 -6610800681657983918594385290987828501181879525308456363862727442607778916448619121765759017288002082818752512.000000000000000000
connection 27 15 0.947882619107330959 0 0.000000000000000000 -6610800681657983918594385290987828501181879525308456363862727442607778916448619121765759017288002082818752512.000000000000000000
connection 24 15 -2.482584172177851212 0 0.000000000000000000 -6610800681657983918594385290987828501181879525308456363862727442607778916448619121765759017288002082818752512.000000000000000000
connection 28 15 -2.699683973017499738 0 0.000000000000000000 -6610800681657983918594385290987828501181879525308456363862727442607778916448619121765759017288002082818752512.000000000000000000
connection 25 15 0.573802341270347904 0 0.000000000000000000 -6610800681657983918594385290987828501181879525308456363862727442607778916448619121765759017288002082818752512.000000000000000000
connection 24 16 -1.909977605272829004 0 0.000000000000000000 -6610800681657983918594385290987828501181879525308456363862727442607778916448619121765759017288002082818752512.000000000000000000
connection 28 16 -2.176214977668937234 0 0.000000000000000000 -6610800681657983918594385290987828501181879525308456363862727442607778916448619121765759017288002082818752512.000000000000000000
connection 25 16 1.414838305676984875 0 0.000000000000000000 -6610800681657983918594385290987828501181879525308456363862727442607778916448619121765759017288002082818752512.000000000000000000
connection 32 17 -3.850447691778779991 0 0.000000000000000000 -6610800681657983918594385290987828501181879525308456363862727442607778916448619121765759017288002082818752512.000000000000000000
connection 24 17 -1.224419219359040190 0 0.000000000000000000 -6610800681657983918594385290987828501181879525308456363862727442607778916448619121765759017288002082818752512.000000000000000000
connection 28 17 -1.541028617197890194 0 0.000000000000000000 -6610800681657983918594385290987828501181879525308456363862727442607778916448619121765759017288002082818752512.000000000000000000
connection 32 18 -3.646329626994766926 0 0.000000000000000000 -6610800681657983918594385290987828501181879525308456363862727442607778916448619121765759017288002082818752512.000000000000000000
connection 30 18 -3.832330243102381129 0 0.000000000000000000 -6610800681657983918594385290987828501181879525308456363862727442607778916448619121765759017288002082818752512.000000000000000000
connection 24 18 -0.427544505659903484 0 0.000000000000000000 -6610800681657983918594385290987828501181879525308456363862727442607778916448619121765759017288002082818752512.000000000000000000
connection 28 18 -0.795452527104392071 0 0.000000000000000000 -6610800681657983918594385290987828501181879525308456363862727442607778916448619121765759017288002082818752512.000000000000000000
connection 32 19 -3.342859595212765988 0 0.000000000000000000 -6610800681657983918594385290987828501181879525308456363862727442607778916448619121765759017288002082818752512.000000000000000000
connection 30 19 -3.625230305645894546 0 0.000000000000000000 -6610800681657983918594385290987828501181879525308456363862727442607778916448619121765759017288002082818752512.000000000000000000
connection 24 19 0.471168396886174734 0 0.000000000000000000 -6610800681657983918594385290987828501181879525308456363862727442607778916448619121765759017288002082818752512.000000000000000000
connection 32 20 -2.914227946556563698 0 0.000000000000000000 -6610800681657983918594385290987828501181879525308456363862727442607778916448619121765759017288002082818752512.000000000000000000
connection 30 20 -3.321475192640515939 0 0.000000000000000000 -6610800681657983918594385290987828501181879525308456363862727442607778916448619121765759017288002082818752512.000000000000000000
connection 24 20 1.421148459049652368 0 0.000000000000000000 -6610800681657983918594385290987828501181879525308456363862727442607778916448619121765759017288002082818752512.000000000000000000
connection 28 20 0.984889213859428958 0 0.000000000000000000 -6610800681657983918594385290987828501181879525308456363862727442607778916448619121765759017288002082818752512.000000000000000000
connection 32 21 -2.391526835887824998 0 0.000000000000000000 -6610800681657983918594385290987828501181879525308456363862727442607778916448619121765759017288002082818752512.000000000000000000
connection 30 21 -2.888971217276316672 0 0.000000000000000000 -6610800681657983918594385290987828501181879525308456363862727442607778916448619121765759017288002082818752512.000000000000000000
NNend

