NNstart
14 8
neuron 1 1.000000000000000000 0.000000000000000000 0.000000000000000000 1883732336299677799621387523530680544275435332575440116984411901228145658148062424730096190306688583886318656869392642995866507622938183611084138462807039941913322044894206393439218147265108663997325849455812037127128940508557605100315794147086384056238080.000000000000000000 11 0.000000000000000000
neuron 1 1.000000000000000000 0.000000000000000000 0.000000000000000000 1883732336299677799621387523530680544275435332575440116984411901228145658148062424730096190306688583886318656869392642995866507622938183611084138462807039941913322044894206393439218147265108663997325849455812037127128940508557605100315794147086384056238080.000000000000000000 11 0.000000000000000000
neuron 1 1.000000000000000000 0.000000000000000000 0.000000000000000000 1883732336299677799621387523530680544275435332575440116984411901228145658148062424730096190306688583886318656869392642995866507622938183611084138462807039941913322044894206393439218147265108663997325849455812037127128940508557605100315794147086384056238080.000000000000000000 11 0.000000000000000000
neuron 1 1.000000000000000000 0.000000000000000000 0.000000000000000000 1883732336299677799621387523530680544275435332575440116984411901228145658148062424730096190306688583886318656869392642995866507622938183611084138462807039941913322044894206393439218147265108663997325849455812037127128940508557605100315794147086384056238080.000000000000000000 11 0.000000000000000000
neuron 1 1.000000000000000000 0.000000000000000000 0.000000000000000000 1883732336299677799621387523530680544275435332575440116984411901228145658148062424730096190306688583886318656869392642995866507622938183611084138462807039941913322044894206393439218147265108663997325849455812037127128940508557605100315794147086384056238080.000000000000000000 11 0.000000000000000000
neuron 1 1.000000000000000000 0.000000000000000000 0.000000000000000000 1883732336299677799621387523530680544275435332575440116984411901228145658148062424730096190306688583886318656869392642995866507622938183611084138462807039941913322044894206393439218147265108663997325849455812037127128940508557605100315794147086384056238080.000000000000000000 11 0.000000000000000000
neuron 1 1.000000000000000000 0.000000000000000000 0.000000000000000000 1883732336299677799621387523530680544275435332575440116984411901228145658148062424730096190306688583886318656869392642995866507622938183611084138462807039941913322044894206393439218147265108663997325849455812037127128940508557605100315794147086384056238080.000000000000000000 11 0.000000000000000000
neuron 1 1.000000000000000000 0.000000000000000000 0.000000000000000000 1883732336299677799621387523530680544275435332575440116984411901228145658148062424730096190306688583886318656869392642995866507622938183611084138462807039941913322044894206393439218147265108663997325849455812037127128940508557605100315794147086384056238080.000000000000000000 11 0.000000000000000000
neuron 1 1.000000000000000000 0.000000000000000000 0.000000000000000000 1883732336299677799621387523530680544275435332575440116984411901228145658148062424730096190306688583886318656869392642995866507622938183611084138462807039941913322044894206393439218147265108663997325849455812037127128940508557605100315794147086384056238080.000000000000000000 11 0.000000000000000000
neuron 1 1.000000000000000000 0.000000000000000000 0.000000000000000000 1883732336299677799621387523530680544275435332575440116984411901228145658148062424730096190306688583886318656869392642995866507622938183611084138462807039941913322044894206393439218147265108663997325849455812037127128940508557605100315794147086384056238080.000000000000000000 11 0.000000000000000000
neuron 1 1.000000000000000000 0.000000000000000000 0.000000000000000000 1883732336299677799621387523530680544275435332575440116984411901228145658148062424730096190306688583886318656869392642995866507622938183611084138462807039941913322044894206393439218147265108663997325849455812037127128940508557605100315794147086384056238080.000000000000000000 11 0.000000000000000000
neuron 1 1.000000000000000000 0.000000000000000000 0.000000000000000000 1883732336299677799621387523530680544275435332575440116984411901228145658148062424730096190306688583886318656869392642995866507622938183611084138462807039941913322044894206393439218147265108663997325849455812037127128940508557605100315794147086384056238080.000000000000000000 11 0.000000000000000000
neuron 1 1.000000000000000000 0.000000000000000000 0.000000000000000000 1883732336299677799621387523530680544275435332575440116984411901228145658148062424730096190306688583886318656869392642995866507622938183611084138462807039941913322044894206393439218147265108663997325849455812037127128940508557605100315794147086384056238080.000000000000000000 11 0.000000000000000000
neuron 2 1.000000000000000000 0.000000000000000000 0.000000000000000000 0.000000000000000000 11 0.000000000000000000
neuron 4 1.000000000000000000 0.000000000000000000 0.000000000000000000 1883732336299677799621387523530680544275435332575440116984411901228145658148062424730096190306688583886318656869392642995866507622938183611084138462807039941913322044894206393439218147265108663997325849455812037127128940508557605100315794147086384056238080.000000000000000000 1 0.000000000000000000
neuron 4 1.000000000000000000 0.000000000000000000 0.000000000000000000 1883732336299677799621387523530680544275435332575440116984411901228145658148062424730096190306688583886318656869392642995866507622938183611084138462807039941913322044894206393439218147265108663997325849455812037127128940508557605100315794147086384056238080.000000000000000000 1 0.000000000000000000
neuron 4 1.000000000000000000 0.000000000000000000 0.000000000000000000 1883732336299677799621387523530680544275435332575440116984411901228145658148062424730096190306688583886318656869392642995866507622938183611084138462807039941913322044894206393439218147265108663997325849455812037127128940508557605100315794147086384056238080.000000000000000000 1 0.000000000000000000
neuron 4 1.000000000000000000 0.000000000000000000 0.000000000000000000 1883732336299677799621387523530680544275435332575440116984411901228145658148062424730096190306688583886318656869392642995866507622938183611084138462807039941913322044894206393439218147265108663997325849455812037127128940508557605100315794147086384056238080.000000000000000000 1 0.000000000000000000
neuron 4 1.000000000000000000 0.000000000000000000 0.000000000000000000 1883732336299677799621387523530680544275435332575440116984411901228145658148062424730096190306688583886318656869392642995866507622938183611084138462807039941913322044894206393439218147265108663997325849455812037127128940508557605100315794147086384056238080.000000000000000000 1 0.000000000000000000
neuron 4 1.000000000000000000 0.000000000000000000 0.000000000000000000 1883732336299677799621387523530680544275435332575440116984411901228145658148062424730096190306688583886318656869392642995866507622938183611084138462807039941913322044894206393439218147265108663997325849455812037127128940508557605100315794147086384056238080.000000000000000000 1 0.000000000000000000
neuron 4 1.000000000000000000 0.000000000000000000 0.000000000000000000 1883732336299677799621387523530680544275435332575440116984411901228145658148062424730096190306688583886318656869392642995866507622938183611084138462807039941913322044894206393439218147265108663997325849455812037127128940508557605100315794147086384056238080.000000000000000000 1 0.000000000000000000
neuron 4 1.000000000000000000 0.000000000000000000 0.000000000000000000 1883732336299677799621387523530680544275435332575440116984411901228145658148062424730096190306688583886318656869392642995866507622938183611084138462807039941913322044894206393439218147265108663997325849455812037127128940508557605100315794147086384056238080.000000000000000000 1 0.000000000000000000
neuron 3 1.000000000000000000 0.000000000000000000 0.000000000000000000 1883732336299677799621387523530680544275435332575440116984411901228145658148062424730096190306688583886318656869392642995866507622938183611084138462807039941913322044894206393439218147265108663997325849455812037127128940508557605100315794147086384056238080.000000000000000000 0 0.000000000000000000
neuron 3 1.000000000000000000 0.000000000000000000 0.000000000000000000 1883732336299677799621387523530680544275435332575440116984411901228145658148062424730096190306688583886318656869392642995866507622938183611084138462807039941913322044894206393439218147265108663997325849455812037127128940508557605100315794147086384056238080.000000000000000000 0 0.000000000000000000
neuron 3 1.000000000000000000 0.000000000000000000 0.000000000000000000 1883732336299677799621387523530680544275435332575440116984411901228145658148062424730096190306688583886318656869392642995866507622938183611084138462807039941913322044894206393439218147265108663997325849455812037127128940508557605100315794147086384056238080.000000000000000000 0 0.000000000000000000
neuron 3 1.000000000000000000 0.000000000000000000 0.000000000000000000 1883732336299677799621387523530680544275435332575440116984411901228145658148062424730096190306688583886318656869392642995866507622938183611084138462807039941913322044894206393439218147265108663997325849455812037127128940508557605100315794147086384056238080.000000000000000000 0 0.000000000000000000
connection 0 22 -2.582229092992276431 0 0.000000000000000000 1883732336299677799621387523530680544275435332575440116984411901228145658148062424730096190306688583886318656869392642995866507622938183611084138462807039941913322044894206393439218147265108663997325849455812037127128940508557605100315794147086384056238080.000000000000000000
connection 0 23 -3.979391946877401942 0 0.000000000000000000 1883732336299677799621387523530680544275435332575440116984411901228145658148062424730096190306688583886318656869392642995866507622938183611084138462807039941913322044894206393439218147265108663997325849455812037127128940508557605100315794147086384056238080.000000000000000000
connection 0 24 -3.208248438136597436 0 0.000000000000000000 1883732336299677799621387523530680544275435332575440116984411901228145658148062424730096190306688583886318656869392642995866507622938183611084138462807039941913322044894206393439218147265108663997325849455812037127128940508557605100315794147086384056238080.000000000000000000
connection 1 25 -2.036790903581514822 0 0.000000000000000000 1883732336299677799621387523530680544275435332575440116984411901228145658148062424730096190306688583886318656869392642995866507622938183611084138462807039941913322044894206393439218147265108663997325849455812037127128940508557605100315794147086384056238080.000000000000000000
connection 1 22 -2.909410264767309240 0 0.000000000000000000 1883732336299677799621387523530680544275435332575440116984411901228145658148062424730096190306688583886318656869392642995866507622938183611084138462807039941913322044894206393439218147265108663997325849455812037127128940508557605100315794147086384056238080.000000000000000000
connection 1 23 -3.975158689519683541 0 0.000000000000000000 1883732336299677799621387523530680544275435332575440116984411901228145658148062424730096190306688583886318656869392642995866507622938183611084138462807039941913322044894206393439218147265108663997325849455812037127128940508557605100315794147086384056238080.000000000000000000
connection 1 24 -3.204109993187052474 0 0.000000000000000000 1883732336299677799621387523530680544275435332575440116984411901228145658148062424730096190306688583886318656869392642995866507622938183611084138462807039941913322044894206393439218147265108663997325849455812037127128940508557605100315794147086384056238080.000000000000000000
connection 2 25 -2.334403451795954432 0 0.000000000000000000 1883732336299677799621387523530680544275435332575440116984411901228145658148062424730096190306688583886318656869392642995866507622938183611084138462807039941913322044894206393439218147265108663997325849455812037127128940508557605100315794147086384056238080.000000000000000000
connection 2 22 -3.182720052870827931 0 0.000000000000000000 1883732336299677799621387523530680544275435332575440116984411901228145658148062424730096190306688583886318656869392642995866507622938183611084138462807039941913322044894206393439218147265108663997325849455812037127128940508557605100315794147086384056238080.000000000000000000
connection 2 23 -3.906983099946031768 0 0.000000000000000000 1883732336299677799621387523530680544275435332575440116984411901228145658148062424730096190306688583886318656869392642995866507622938183611084138462807039941913322044894206393439218147265108663997325849455812037127128940508557605100315794147086384056238080.000000000000000000
connection 2 24 -3.129386147645666583 0 0.000000000000000000 1883732336299677799621387523530680544275435332575440116984411901228145658148062424730096190306688583886318656869392642995866507622938183611084138462807039941913322044894206393439218147265108663997325849455812037127128940508557605100315794147086384056238080.000000000000000000
connection 3 25 -2.571257416522414463 0 0.000000000000000000 1883732336299677799621387523530680544275435332575440116984411901228145658148062424730096190306688583886318656869392642995866507622938183611084138462807039941913322044894206393439218147265108663997325849455812037127128940508557605100315794147086384056238080.000000000000000000
connection 3 22 -3.397682853723515528 0 0.000000000000000000 1883732336299677799621387523530680544275435332575440116984411901228145658148062424730096190306688583886318656869392642995866507622938183611084138462807039941913322044894206393439218147265108663997325849455812037127128940508557605100315794147086384056238080.000000000000000000
connection 3 23 -3.773296902229478000 0 0.000000000000000000 1883732336299677799621387523530680544275435332575440116984411901228145658148062424730096190306688583886318656869392642995866507622938183611084138462807039941913322044894206393439218147265108663997325849455812037127128940508557605100315794147086384056238080.000000000000000000
connection 3 24 -2.982858910636425165 0 0.000000000000000000 1883732336299677799621387523530680544275435332575440116984411901228145658148062424730096190306688583886318656869392642995866507622938183611084138462807039941913322044894206393439218147265108663997325849455812037127128940508557605100315794147086384056238080.000000000000000000
connection 4 25 -2.742808980074940006 0 0.000000000000000000 1883732336299677799621387523530680544275435332575440116984411901228145658148062424730096190306688583886318656869392642995866507622938183611084138462807039941913322044894206393439218147265108663997325849455812037127128940508557605100315794147086384056238080.000000000000000000
connection 4 22 -3.551329959604113462 0 0.000000000000000000 1883732336299677799621387523530680544275435332575440116984411901228145658148062424730096190306688583886318656869392642995866507622938183611084138462807039941913322044894206393439218147265108663997325849455812037127128940508557605100315794147086384056238080.000000000000000000
connection 4 23 -3.572518718100312629 0 0.000000000000000000 1883732336299677799621387523530680544275435332575440116984411901228145658148062424730096190306688583886318656869392642995866507622938183611084138462807039941913322044894206393439218147265108663997325849455812037127128940508557605100315794147086384056238080.000000000000000000
connection 4 24 -2.763790767123021741 0 0.000000000000000000 1883732336299677799621387523530680544275435332575440116984411901228145658148062424730096190306688583886318656869392642995866507622938183611084138462807039941913322044894206393439218147265108663997325849455812037127128940508557605100315794147086384056238080.000000000000000000
connection 5 25 -2.845916330057973731 0 0.000000000000000000 1883732336299677799621387523530680544275435332575440116984411901228145658148062424730096190306688583886318656869392642995866507622938183611084138462807039941913322044894206393439218147265108663997325849455812037127128940508557605100315794147086384056238080.000000000000000000
connection 5 22 -3.641667141718345047 0 0.000000000000000000 1883732336299677799621387523530680544275435332575440116984411901228145658148062424730096190306688583886318656869392642995866507622938183611084138462807039941913322044894206393439218147265108663997325849455812037127128940508557605100315794147086384056238080.000000000000000000
connection 5 23 -3.303511886262382902 0 0.000000000000000000 1883732336299677799621387523530680544275435332575440116984411901228145658148062424730096190306688583886318656869392642995866507622938183611084138462807039941913322044894206393439218147265108663997325849455812037127128940508557605100315794147086384056238080.000000000000000000
connection 5 24 -2.472433663718002439 0 0.000000000000000000 1883732336299677799621387523530680544275435332575440116984411901228145658148062424730096190306688583886318656869392642995866507622938183611084138462807039941913322044894206393439218147265108663997325849455812037127128940508557605100315794147086384056238080.000000000000000000
connection 6 25 -2.878371215949610207 0 0.000000000000000000 1883732336299677799621387523530680544275435332575440116984411901228145658148062424730096190306688583886318656869392642995866507622938183611084138462807039941913322044894206393439218147265108663997325849455812037127128940508557605100315794147086384056238080.000000000000000000
connection 6 22 -3.667173702644770383 0 0.000000000000000000 1883732336299677799621387523530680544275435332575440116984411901228145658148062424730096190306688583886318656869392642995866507622938183611084138462807039941913322044894206393439218147265108663997325849455812037127128940508557605100315794147086384056238080.000000000000000000
connection 6 23 -2.966273426984132655 0 0.000000000000000000 1883732336299677799621387523530680544275435332575440116984411901228145658148062424730096190306688583886318656869392642995866507622938183611084138462807039941913322044894206393439218147265108663997325849455812037127128940508557605100315794147086384056238080.000000000000000000
connection 6 24 -2.110741137021769465 0 0.000000000000000000 1883732336299677799621387523530680544275435332575440116984411901228145658148062424730096190306688583886318656869392642995866507622938183611084138462807039941913322044894206393439218147265108663997325849455812037127128940508557605100315794147086384056238080.000000000000000000
connection 7 25 -2.838543264179407277 0 0.000000000000000000 1883732336299677799621387523530680544275435332575440116984411901228145658148062424730096190306688583886318656869392642995866507622938183611084138462807039941913322044894206393439218147265108663997325849455812037127128940508557605100315794147086384056238080.000000000000000000
connection 7 22 -3.626437674511464149 0 0.000000000000000000 1883732336299677799621387523530680544275435332575440116984411901228145658148062424730096190306688583886318656869392642995866507622938183611084138462807039941913322044894206393439218147265108663997325849455812037127128940508557605100315794147086384056238080.000000000000000000
connection 7 23 -2.562768459481977956 0 0.000000000000000000 1883732336299677799621387523530680544275435332575440116984411901228145658148062424730096190306688583886318656869392642995866507622938183611084138462807039941913322044894206393439218147265108663997325849455812037127128940508557605100315794147086384056238080.000000000000000000
connection 7 24 -1.683150489776790382 0 0.000000000000000000 1883732336299677799621387523530680544275435332575440116984411901228145658148062424730096190306688583886318656869392642995866507622938183611084138462807039941913322044894206393439218147265108663997325849455812037127128940508557605100315794147086384056238080.000000000000000000
connection 8 25 -2.725233525654707556 0 0.000000000000000000 1883732336299677799621387523530680544275435332575440116984411901228145658148062424730096190306688583886318656869392642995866507622938183611084138462807039941913322044894206393439218147265108663997325849455812037127128940508557605100315794147086384056238080.000000000000000000
connection 8 22 -3.517999591618281574 0 0.000000000000000000 1883732336299677799621387523530680544275435332575440116984411901228145658148062424730096190306688583886318656869392642995866507622938183611084138462807039941913322044894206393439218147265108663997325849455812037127128940508557605100315794147086384056238080.000000000000000000
connection 8 23 -2.097750526653718417 0 0.000000000000000000 1883732336299677799621387523530680544275435332575440116984411901228145658148062424730096190306688583886318656869392642995866507622938183611084138462807039941913322044894206393439218147265108663997325849455812037127128940508557605100315794147086384056238080.000000000000000000
connection 8 24 -1.197230372254415087 0 0.000000000000000000 1883732336299677799621387523530680544275435332575440116984411901228145658148062424730096190306688583886318656869392642995866507622938183611084138462807039941913322044894206393439218147265108663997325849455812037127128940508557605100315794147086384056238080.000000000000000000
connection 9 25 -2.537791974245971804 0 0.000000000000000000 1883732336299677799621387523530680544275435332575440116984411901228145658148062424730096190306688583886318656869392642995866507622938183611084138462807039941913322044894206393439218147265108663997325849455812037127128940508557605100315794147086384056238080.000000000000000000
connection 9 22 -3.340448993006454259 0 0.000000000000000000 1883732336299677799621387523530680544275435332575440116984411901228145658148062424730096190306688583886318656869392642995866507622938183611084138462807039941913322044894206393439218147265108663997325849455812037127128940508557605100315794147086384056238080.000000000000000000
connection 9 23 -1.579342860546173011 0 0.000000000000000000 1883732336299677799621387523530680544275435332575440116984411901228145658148062424730096190306688583886318656869392642995866507622938183611084138462807039941913322044894206393439218147265108663997325849455812037127128940508557605100315794147086384056238080.000000000000000000
connection 9 24 -0.663951579800835745 0 0.000000000000000000 1883732336299677799621387523530680544275435332575440116984411901228145658148062424730096190306688583886318656869392642995866507622938183611084138462807039941913322044894206393439218147265108663997325849455812037127128940508557605100315794147086384056238080.000000000000000000
connection 10 25 -2.276508198212481293 0 0.000000000000000000 1883732336299677799621387523530680544275435332575440116984411901228145658148062424730096190306688583886318656869392642995866507622938183611084138462807039941913322044894206393439218147265108663997325849455812037127128940508557605100315794147086384056238080.000000000000000000
connection 10 22 -3.092790459975633954 0 0.000000000000000000 1883732336299677799621387523530680544275435332575440116984411901228145658148062424730096190306688583886318656869392642995866507622938183611084138462807039941913322044894206393439218147265108663997325849455812037127128940508557605100315794147086384056238080.000000000000000000
connection 10 23 -1.019141681519462495 0 0.000000000000000000 1883732336299677799621387523530680544275435332575440116984411901228145658148062424730096190306688583886318656869392642995866507622938183611084138462807039941913322044894206393439218147265108663997325849455812037127128940508557605100315794147086384056238080.000000000000000000
connection 11 25 -1.943229413973078579 0 0.000000000000000000 1883732336299677799621387523530680544275435332575440116984411901228145658148062424730096190306688583886318656869392642995866507622938183611084138462807039941913322044894206393439218147265108663997325849455812037127128940508557605100315794147086384056238080.000000000000000000
connection 11 22 -2.775059654055077374 0 0.000000000000000000 1883732336299677799621387523530680544275435332575440116984411901228145658148062424730096190306688583886318656869392642995866507622938183611084138462807039941913322044894206393439218147265108663997325849455812037127128940508557605100315794147086384056238080.000000000000000000
connection 11 23 -0.431680105145373527 0 0.000000000000000000 1883732336299677799621387523530680544275435332575440116984411901228145658148062424730096190306688583886318656869392642995866507622938183611084138462807039941913322044894206393439218147265108663997325849455812037127128940508557605100315794147086384056238080.000000000000000000
connection 11 24 0.486284867411684030 0 0.000000000000000000 1883732336299677799621387523530680544275435332575440116984411901228145658148062424730096190306688583886318656869392642995866507622938183611084138462807039941913322044894206393439218147265108663997325849455812037127128940508557605100315794147086384056238080.000000000000000000
connection 12 25 -1.542091494392159978 0 0.000000000000000000 1883732336299677799621387523530680544275435332575440116984411901228145658148062424730096190306688583886318656869392642995866507622938183611084138462807039941913322044894206393439218147265108663997325849455812037127128940508557605100315794147086384056238080.000000000000000000
connection 12 22 -2.389115073698296676 0 0.000000000000000000 1883732336299677799621387523530680544275435332575440116984411901228145658148062424730096190306688583886318656869392642995866507622938183611084138462807039941913322044894206393439218147265108663997325849455812037127128940508557605100315794147086384056238080.000000000000000000
connection 12 24 1.070154853536118500 0 0.000000000000000000 1883732336299677799621387523530680544275435332575440116984411901228145658148062424730096190306688583886318656869392642995866507622938183611084138462807039941913322044894206393439218147265108663997325849455812037127128940508557605100315794147086384056238080.000000000000000000
connection 13 25 -1.080176356700538243 0 0.000000000000000000 1883732336299677799621387523530680544275435332575440116984411901228145658148062424730096190306688583886318656869392642995866507622938183611084138462807039941913322044894206393439218147265108663997325849455812037127128940508557605100315794147086384056238080.000000000000000000
connection 13 22 -1.939458868152460935 0 0.000000000000000000 1883732336299677799621387523530680544275435332575440116984411901228145658148062424730096190306688583886318656869392642995866507622938183611084138462807039941913322044894206393439218147265108663997325849455812037127128940508557605100315794147086384056238080.000000000000000000
connection 13 23 0.759614763980447805 0 0.000000000000000000 1883732336299677799621387523530680544275435332575440116984411901228145658148062424730096190306688583886318656869392642995866507622938183611084138462807039941913322044894206393439218147265108663997325849455812037127128940508557605100315794147086384056238080.000000000000000000
connection 13 24 1.638319266277512343 0 0.000000000000000000 1883732336299677799621387523530680544275435332575440116984411901228145658148062424730096190306688583886318656869392642995866507622938183611084138462807039941913322044894206393439218147265108663997325849455812037127128940508557605100315794147086384056238080.000000000000000000
connection 22 25 -1.817048796794456633 0 0.000000000000000000 1883732336299677799621387523530680544275435332575440116984411901228145658148062424730096190306688583886318656869392642995866507622938183611084138462807039941913322044894206393439218147265108663997325849455812037127128940508557605100315794147086384056238080.000000000000000000
connection 22 24 -2.364523456195861240 0 0.000000000000000000 1883732336299677799621387523530680544275435332575440116984411901228145658148062424730096190306688583886318656869392642995866507622938183611084138462807039941913322044894206393439218147265108663997325849455812037127128940508557605100315794147086384056238080.000000000000000000
connection 23 22 2.172922729885449655 0 0.000000000000000000 1883732336299677799621387523530680544275435332575440116984411901228145658148062424730096190306688583886318656869392642995866507622938183611084138462807039941913322044894206393439218147265108663997325849455812037127128940508557605100315794147086384056238080.000000000000000000
connection 23 23 2.743727345038424303 0 0.000000000000000000 1883732336299677799621387523530680544275435332575440116984411901228145658148062424730096190306688583886318656869392642995866507622938183611084138462807039941913322044894206393439218147265108663997325849455812037127128940508557605100315794147086384056238080.000000000000000000
connection 24 25 3.769007861304837448 0 0.000000000000000000 1883732336299677799621387523530680544275435332575440116984411901228145658148062424730096190306688583886318656869392642995866507622938183611084138462807039941913322044894206393439218147265108663997325849455812037127128940508557605100315794147086384056238080.000000000000000000
connection 24 22 4.853844852809239718 0 0.000000000000000000 1883732336299677799621387523530680544275435332575440116984411901228145658148062424730096190306688583886318656869392642995866507622938183611084138462807039941913322044894206393439218147265108663997325849455812037127128940508557605100315794147086384056238080.000000000000000000
connection 24 23 5.119447929967925859 0 0.000000000000000000 1883732336299677799621387523530680544275435332575440116984411901228145658148062424730096190306688583886318656869392642995866507622938183611084138462807039941913322044894206393439218147265108663997325849455812037127128940508557605100315794147086384056238080.000000000000000000
connection 24 24 3.268861408139639213 0 0.000000000000000000 1883732336299677799621387523530680544275435332575440116984411901228145658148062424730096190306688583886318656869392642995866507622938183611084138462807039941913322044894206393439218147265108663997325849455812037127128940508557605100315794147086384056238080.000000000000000000
connection 25 22 3.269094737967664699 0 0.000000000000000000 1883732336299677799621387523530680544275435332575440116984411901228145658148062424730096190306688583886318656869392642995866507622938183611084138462807039941913322044894206393439218147265108663997325849455812037127128940508557605100315794147086384056238080.000000000000000000
connection 25 23 3.475795602102925486 0 0.000000000000000000 1883732336299677799621387523530680544275435332575440116984411901228145658148062424730096190306688583886318656869392642995866507622938183611084138462807039941913322044894206393439218147265108663997325849455812037127128940508557605100315794147086384056238080.000000000000000000
connection 25 14 3.130674500693909401 0 0.000000000000000000 1883732336299677799621387523530680544275435332575440116984411901228145658148062424730096190306688583886318656869392642995866507622938183611084138462807039941913322044894206393439218147265108663997325849455812037127128940508557605100315794147086384056238080.000000000000000000
connection 23 14 1.803911135759846296 0 0.000000000000000000 1883732336299677799621387523530680544275435332575440116984411901228145658148062424730096190306688583886318656869392642995866507622938183611084138462807039941913322044894206393439218147265108663997325849455812037127128940508557605100315794147086384056238080.000000000000000000
connection 23 15 2.065613091984353389 0 0.000000000000000000 1883732336299677799621387523530680544275435332575440116984411901228145658148062424730096190306688583886318656869392642995866507622938183611084138462807039941913322044894206393439218147265108663997325849455812037127128940508557605100315794147086384056238080.000000000000000000
connection 23 16 2.322265940139476736 0 0.000000000000000000 1883732336299677799621387523530680544275435332575440116984411901228145658148062424730096190306688583886318656869392642995866507622938183611084138462807039941913322044894206393439218147265108663997325849455812037127128940508557605100315794147086384056238080.000000000000000000
connection 23 17 2.570103230315261111 0 0.000000000000000000 1883732336299677799621387523530680544275435332575440116984411901228145658148062424730096190306688583886318656869392642995866507622938183611084138462807039941913322044894206393439218147265108663997325849455812037127128940508557605100315794147086384056238080.000000000000000000
connection 23 18 2.805531978509138380 0 0.000000000000000000 1883732336299677799621387523530680544275435332575440116984411901228145658148062424730096190306688583886318656869392642995866507622938183611084138462807039941913322044894206393439218147265108663997325849455812037127128940508557605100315794147086384056238080.000000000000000000
connection 23 19 3.025257938162206894 0 0.000000000000000000 1883732336299677799621387523530680544275435332575440116984411901228145658148062424730096190306688583886318656869392642995866507622938183611084138462807039941913322044894206393439218147265108663997325849455812037127128940508557605100315794147086384056238080.000000000000000000
connection 23 20 3.226378653752173253 0 0.000000000000000000 1883732336299677799621387523530680544275435332575440116984411901228145658148062424730096190306688583886318656869392642995866507622938183611084138462807039941913322044894206393439218147265108663997325849455812037127128940508557605100315794147086384056238080.000000000000000000
NNend

