NNstart
12 3
neuron 1 1.000000000000000000 0.000000000000000000 0.000000000000000000 -0.000000000000000000 11 0.000000000000000000
neuron 1 1.000000000000000000 0.000000000000000000 0.000000000000000000 -0.000000000000000000 11 0.000000000000000000
neuron 1 1.000000000000000000 0.000000000000000000 0.000000000000000000 -0.000000000000000000 11 0.000000000000000000
neuron 1 1.000000000000000000 0.000000000000000000 0.000000000000000000 -0.000000000000000000 11 0.000000000000000000
neuron 1 1.000000000000000000 0.000000000000000000 0.000000000000000000 -0.000000000000000000 11 0.000000000000000000
neuron 1 1.000000000000000000 0.000000000000000000 0.000000000000000000 -0.000000000000000000 11 0.000000000000000000
neuron 1 1.000000000000000000 0.000000000000000000 0.000000000000000000 -0.000000000000000000 11 0.000000000000000000
neuron 1 1.000000000000000000 0.000000000000000000 0.000000000000000000 -0.000000000000000000 11 0.000000000000000000
neuron 1 1.000000000000000000 0.000000000000000000 0.000000000000000000 -0.000000000000000000 11 0.000000000000000000
neuron 1 1.000000000000000000 0.000000000000000000 0.000000000000000000 -0.000000000000000000 11 0.000000000000000000
neuron 1 1.000000000000000000 0.000000000000000000 0.000000000000000000 -0.000000000000000000 11 0.000000000000000000
neuron 2 1.000000000000000000 0.000000000000000000 0.000000000000000000 0.000000000000000000 11 0.000000000000000000
neuron 4 1.000000000000000000 0.000000000000000000 0.000000000000000000 -0.000000000000000000 1 0.000000000000000000
neuron 4 1.000000000000000000 0.000000000000000000 0.000000000000000000 -0.000000000000000000 1 0.000000000000000000
neuron 4 1.000000000000000000 0.000000000000000000 0.000000000000000000 -0.000000000000000000 1 0.000000000000000000
neuron 3 1.000000000000000000 0.000000000000000000 0.000000000000000000 -0.000000000000000000 0 0.000000000000000000
neuron 3 1.000000000000000000 0.000000000000000000 0.000000000000000000 -0.000000000000000000 0 0.000000000000000000
neuron 3 1.000000000000000000 0.000000000000000000 0.000000000000000000 -0.000000000000000000 0 0.000000000000000000
neuron 3 1.000000000000000000 0.000000000000000000 0.000000000000000000 -0.000000000000000000 0 0.000000000000000000
neuron 3 1.000000000000000000 0.000000000000000000 0.000000000000000000 -0.000000000000000000 0 0.000000000000000000
neuron 3 1.000000000000000000 0.000000000000000000 0.000000000000000000 -0.000000000000000000 0 0.000000000000000000
neuron 3 1.000000000000000000 0.000000000000000000 0.000000000000000000 -0.000000000000000000 0 0.000000000000000000
neuron 3 1.000000000000000000 0.000000000000000000 0.000000000000000000 -0.000000000000000000 0 0.000000000000000000
neuron 3 1.000000000000000000 0.000000000000000000 0.000000000000000000 -0.000000000000000000 0 0.000000000000000000
neuron 3 1.000000000000000000 0.000000000000000000 0.000000000000000000 -0.000000000000000000 0 0.000000000000000000
neuron 3 1.000000000000000000 0.000000000000000000 0.000000000000000000 -0.000000000000000000 0 0.000000000000000000
neuron 3 1.000000000000000000 0.000000000000000000 0.000000000000000000 -0.000000000000000000 0 0.000000000000000000
neuron 3 1.000000000000000000 0.000000000000000000 0.000000000000000000 -0.000000000000000000 0 0.000000000000000000
neuron 3 1.000000000000000000 0.000000000000000000 0.000000000000000000 -0.000000000000000000 0 0.000000000000000000
neuron 3 1.000000000000000000 0.000000000000000000 0.000000000000000000 -0.000000000000000000 0 0.000000000000000000
neuron 3 1.000000000000000000 0.000000000000000000 0.000000000000000000 -0.000000000000000000 0 0.000000000000000000
neuron 3 1.000000000000000000 0.000000000000000000 0.000000000000000000 -0.000000000000000000 0 0.000000000000000000
neuron 3 1.000000000000000000 0.000000000000000000 0.000000000000000000 -0.000000000000000000 0 0.000000000000000000
neuron 3 1.000000000000000000 0.000000000000000000 0.000000000000000000 -0.000000000000000000 0 0.000000000000000000
neuron 3 1.000000000000000000 0.000000000000000000 0.000000000000000000 -0.000000000000000000 0 0.000000000000000000
neuron 3 1.000000000000000000 0.000000000000000000 0.000000000000000000 -0.000000000000000000 0 0.000000000000000000
neuron 3 1.000000000000000000 0.000000000000000000 0.000000000000000000 -0.000000000000000000 0 0.000000000000000000
neuron 3 1.000000000000000000 0.000000000000000000 0.000000000000000000 -0.000000000000000000 0 0.000000000000000000
neuron 3 1.000000000000000000 0.000000000000000000 0.000000000000000000 -0.000000000000000000 0 0.000000000000000000
neuron 3 1.000000000000000000 0.000000000000000000 0.000000000000000000 -0.000000000000000000 0 0.000000000000000000
neuron 3 1.000000000000000000 0.000000000000000000 0.000000000000000000 -0.000000000000000000 0 0.000000000000000000
neuron 3 1.000000000000000000 0.000000000000000000 0.000000000000000000 -0.000000000000000000 0 0.000000000000000000
neuron 3 1.000000000000000000 0.000000000000000000 0.000000000000000000 -0.000000000000000000 0 0.000000000000000000
neuron 3 1.000000000000000000 0.000000000000000000 0.000000000000000000 -0.000000000000000000 0 0.000000000000000000
neuron 3 1.000000000000000000 0.000000000000000000 0.000000000000000000 -0.000000000000000000 0 0.000000000000000000
neuron 3 1.000000000000000000 0.000000000000000000 0.000000000000000000 -0.000000000000000000 0 0.000000000000000000
neuron 3 1.000000000000000000 0.000000000000000000 0.000000000000000000 -0.000000000000000000 0 0.000000000000000000
neuron 3 1.000000000000000000 0.000000000000000000 0.000000000000000000 -0.000000000000000000 0 0.000000000000000000
neuron 3 1.000000000000000000 0.000000000000000000 0.000000000000000000 -0.000000000000000000 0 0.000000000000000000
neuron 3 1.000000000000000000 0.000000000000000000 0.000000000000000000 -0.000000000000000000 0 0.000000000000000000
neuron 3 1.000000000000000000 0.000000000000000000 0.000000000000000000 -0.000000000000000000 0 0.000000000000000000
neuron 3 1.000000000000000000 0.000000000000000000 0.000000000000000000 -0.000000000000000000 0 0.000000000000000000
neuron 3 1.000000000000000000 0.000000000000000000 0.000000000000000000 -0.000000000000000000 0 0.000000000000000000
neuron 3 1.000000000000000000 0.000000000000000000 0.000000000000000000 -0.000000000000000000 0 0.000000000000000000
neuron 3 1.000000000000000000 0.000000000000000000 0.000000000000000000 -0.000000000000000000 0 0.000000000000000000
neuron 3 1.000000000000000000 0.000000000000000000 0.000000000000000000 -0.000000000000000000 0 0.000000000000000000
neuron 3 1.000000000000000000 0.000000000000000000 0.000000000000000000 -0.000000000000000000 0 0.000000000000000000
neuron 3 1.000000000000000000 0.000000000000000000 0.000000000000000000 -0.000000000000000000 0 0.000000000000000000
neuron 3 1.000000000000000000 0.000000000000000000 0.000000000000000000 -0.000000000000000000 0 0.000000000000000000
neuron 3 1.000000000000000000 0.000000000000000000 0.000000000000000000 -0.000000000000000000 0 0.000000000000000000
neuron 3 1.000000000000000000 0.000000000000000000 0.000000000000000000 -0.000000000000000000 0 0.000000000000000000
neuron 3 1.000000000000000000 0.000000000000000000 0.000000000000000000 -0.000000000000000000 0 0.000000000000000000
neuron 3 1.000000000000000000 0.000000000000000000 0.000000000000000000 -0.000000000000000000 0 0.000000000000000000
neuron 3 1.000000000000000000 0.000000000000000000 0.000000000000000000 -0.000000000000000000 0 0.000000000000000000
neuron 3 1.000000000000000000 0.000000000000000000 0.000000000000000000 -0.000000000000000000 0 0.000000000000000000
neuron 3 1.000000000000000000 0.000000000000000000 0.000000000000000000 -0.000000000000000000 0 0.000000000000000000
neuron 3 1.000000000000000000 0.000000000000000000 0.000000000000000000 -0.000000000000000000 0 0.000000000000000000
neuron 3 1.000000000000000000 0.000000000000000000 0.000000000000000000 -0.000000000000000000 0 0.000000000000000000
neuron 3 1.000000000000000000 0.000000000000000000 0.000000000000000000 -0.000000000000000000 0 0.000000000000000000
neuron 3 1.000000000000000000 0.000000000000000000 0.000000000000000000 -0.000000000000000000 0 0.000000000000000000
neuron 3 1.000000000000000000 0.000000000000000000 0.000000000000000000 -0.000000000000000000 0 0.000000000000000000
neuron 3 1.000000000000000000 0.000000000000000000 0.000000000000000000 -0.000000000000000000 0 0.000000000000000000
neuron 3 1.000000000000000000 0.000000000000000000 0.000000000000000000 -0.000000000000000000 0 0.000000000000000000
neuron 3 1.000000000000000000 0.000000000000000000 0.000000000000000000 -0.000000000000000000 0 0.000000000000000000
neuron 3 1.000000000000000000 0.000000000000000000 0.000000000000000000 -0.000000000000000000 0 0.000000000000000000
neuron 3 1.000000000000000000 0.000000000000000000 0.000000000000000000 -0.000000000000000000 0 0.000000000000000000
neuron 3 1.000000000000000000 0.000000000000000000 0.000000000000000000 -0.000000000000000000 0 0.000000000000000000
neuron 3 1.000000000000000000 0.000000000000000000 0.000000000000000000 -0.000000000000000000 0 0.000000000000000000
neuron 3 1.000000000000000000 0.000000000000000000 0.000000000000000000 -0.000000000000000000 0 0.000000000000000000
neuron 3 1.000000000000000000 0.000000000000000000 0.000000000000000000 -0.000000000000000000 0 0.000000000000000000
neuron 3 1.000000000000000000 0.000000000000000000 0.000000000000000000 -0.000000000000000000 0 0.000000000000000000
neuron 3 1.000000000000000000 0.000000000000000000 0.000000000000000000 -0.000000000000000000 0 0.000000000000000000
neuron 3 1.000000000000000000 0.000000000000000000 0.000000000000000000 -0.000000000000000000 0 0.000000000000000000
neuron 3 1.000000000000000000 0.000000000000000000 0.000000000000000000 -0.000000000000000000 0 0.000000000000000000
neuron 3 1.000000000000000000 0.000000000000000000 0.000000000000000000 -0.000000000000000000 0 0.000000000000000000
neuron 3 1.000000000000000000 0.000000000000000000 0.000000000000000000 -0.000000000000000000 0 0.000000000000000000
neuron 3 1.000000000000000000 0.000000000000000000 0.000000000000000000 -0.000000000000000000 0 0.000000000000000000
neuron 3 1.000000000000000000 0.000000000000000000 0.000000000000000000 -0.000000000000000000 0 0.000000000000000000
neuron 3 1.000000000000000000 0.000000000000000000 0.000000000000000000 -0.000000000000000000 0 0.000000000000000000
neuron 3 1.000000000000000000 0.000000000000000000 0.000000000000000000 -0.000000000000000000 0 0.000000000000000000
neuron 3 1.000000000000000000 0.000000000000000000 0.000000000000000000 -0.000000000000000000 0 0.000000000000000000
neuron 3 1.000000000000000000 0.000000000000000000 0.000000000000000000 -0.000000000000000000 0 0.000000000000000000
neuron 3 1.000000000000000000 0.000000000000000000 0.000000000000000000 -0.000000000000000000 0 0.000000000000000000
neuron 3 1.000000000000000000 0.000000000000000000 0.000000000000000000 -0.000000000000000000 0 0.000000000000000000
neuron 3 1.000000000000000000 0.000000000000000000 0.000000000000000000 -0.000000000000000000 0 0.000000000000000000
neuron 3 1.000000000000000000 0.000000000000000000 0.000000000000000000 -0.000000000000000000 0 0.000000000000000000
neuron 3 1.000000000000000000 0.000000000000000000 0.000000000000000000 -0.000000000000000000 0 0.000000000000000000
neuron 3 1.000000000000000000 0.000000000000000000 0.000000000000000000 -0.000000000000000000 0 0.000000000000000000
neuron 3 1.000000000000000000 0.000000000000000000 0.000000000000000000 -0.000000000000000000 0 0.000000000000000000
connection 0 15 -7.047610048922826387 0 0.000000000000000000 -0.000000000000000000
connection 0 16 -7.325789052245841759 0 0.000000000000000000 -0.000000000000000000
connection 0 17 -5.208802450945285933 0 0.000000000000000000 -0.000000000000000000
connection 0 18 -5.440010127922875860 0 0.000000000000000000 -0.000000000000000000
connection 0 19 -7.339984454485362519 0 0.000000000000000000 -0.000000000000000000
connection 0 20 -2.822345298485704035 0 0.000000000000000000 -0.000000000000000000
connection 0 21 -5.979179426055446278 0 0.000000000000000000 -0.000000000000000000
connection 0 22 -5.704769739509853999 0 0.000000000000000000 -0.000000000000000000
connection 0 23 -2.370139750327201700 0 0.000000000000000000 -0.000000000000000000
connection 0 24 -7.311827703592420846 0 0.000000000000000000 -0.000000000000000000
connection 0 25 -7.024050241712370024 0 0.000000000000000000 -0.000000000000000000
connection 0 26 -1.919529653209447018 0 0.000000000000000000 -0.000000000000000000
connection 0 27 -5.385906960859596637 0 0.000000000000000000 -0.000000000000000000
connection 0 28 -5.023977202594226199 0 0.000000000000000000 -0.000000000000000000
connection 0 29 -1.482494565112481233 0 0.000000000000000000 -0.000000000000000000
connection 1 30 -3.032702914581829834 0 0.000000000000000000 -0.000000000000000000
connection 1 31 -5.997046124199785666 0 0.000000000000000000 -0.000000000000000000
connection 1 32 -5.851261948177360672 0 0.000000000000000000 -0.000000000000000000
connection 1 33 -2.593213554601262238 0 0.000000000000000000 -0.000000000000000000
connection 1 34 -7.415216425222684649 0 0.000000000000000000 -0.000000000000000000
connection 1 35 -7.369717626882290595 0 0.000000000000000000 -0.000000000000000000
connection 1 36 -2.116962480260935031 0 0.000000000000000000 -0.000000000000000000
connection 1 37 -5.661546143352987670 0 0.000000000000000000 -0.000000000000000000
connection 1 38 -5.427270281045971423 0 0.000000000000000000 -0.000000000000000000
connection 1 39 -1.617900317287123579 0 0.000000000000000000 -0.000000000000000000
connection 1 40 -6.972502986396670543 0 0.000000000000000000 -0.000000000000000000
connection 1 20 -1.111501345024114906 0 0.000000000000000000 -0.000000000000000000
connection 1 21 -5.148699521000273727 0 0.000000000000000000 -0.000000000000000000
connection 1 22 -4.827617744648326159 0 0.000000000000000000 -0.000000000000000000
connection 1 23 -0.613388060257457624 0 0.000000000000000000 -0.000000000000000000
connection 1 24 -7.236210929859982599 0 0.000000000000000000 -0.000000000000000000
connection 1 25 -6.984487515933015089 0 0.000000000000000000 -0.000000000000000000
connection 1 27 -4.467802856638283693 0 0.000000000000000000 -0.000000000000000000
connection 1 28 -4.075230657845902549 0 0.000000000000000000 -0.000000000000000000
connection 1 29 0.302995459863263872 0 0.000000000000000000 -0.000000000000000000
connection 2 31 -5.056867763278746430 0 0.000000000000000000 -0.000000000000000000
connection 2 32 -4.851518992540936104 0 0.000000000000000000 -0.000000000000000000
connection 2 34 -7.172403966118363172 0 0.000000000000000000 -0.000000000000000000
connection 2 35 -7.145164703592086219 0 0.000000000000000000 -0.000000000000000000
connection 2 37 -4.592958293765777356 0 0.000000000000000000 -0.000000000000000000
connection 2 38 -4.283514828062863877 0 0.000000000000000000 -0.000000000000000000
connection 2 40 -7.247438729996167339 0 0.000000000000000000 -0.000000000000000000
connection 2 41 -7.346980262901478653 0 0.000000000000000000 -0.000000000000000000
connection 2 21 -3.927391520834059957 0 0.000000000000000000 -0.000000000000000000
connection 2 22 -3.531150929687391304 0 0.000000000000000000 -0.000000000000000000
connection 2 23 1.137777892176548677 0 0.000000000000000000 -0.000000000000000000
connection 2 24 -7.015224897412794647 0 0.000000000000000000 -0.000000000000000000
connection 2 25 -6.763265911791526364 0 0.000000000000000000 -0.000000000000000000
connection 2 26 1.626152438155098690 0 0.000000000000000000 -0.000000000000000000
connection 2 27 -3.103818201185298609 0 0.000000000000000000 -0.000000000000000000
connection 2 28 -2.656518328676416907 0 0.000000000000000000 -0.000000000000000000
connection 2 29 2.063530078874963980 0 0.000000000000000000 -0.000000000000000000
connection 3 31 -3.927214407764567206 0 0.000000000000000000 -0.000000000000000000
connection 3 32 -3.637473419617307524 0 0.000000000000000000 -0.000000000000000000
connection 3 34 -6.751695881892483264 0 0.000000000000000000 -0.000000000000000000
connection 3 35 -6.738014016748924639 0 0.000000000000000000 -0.000000000000000000
connection 3 37 -3.286060315093280781 0 0.000000000000000000 -0.000000000000000000
connection 3 38 -2.879396787705616578 0 0.000000000000000000 -0.000000000000000000
connection 3 40 -7.370810799922617562 0 0.000000000000000000 -0.000000000000000000
connection 3 41 -7.510944693920182047 0 0.000000000000000000 -0.000000000000000000
connection 3 21 -2.426812402051504947 0 0.000000000000000000 -0.000000000000000000
connection 3 22 -1.940571828313353953 0 0.000000000000000000 -0.000000000000000000
connection 3 24 -6.591902711744158871 0 0.000000000000000000 -0.000000000000000000
connection 3 25 -6.303728432143586247 0 0.000000000000000000 -0.000000000000000000
connection 3 27 -1.435280108695695001 0 0.000000000000000000 -0.000000000000000000
connection 3 28 -0.926741118244755913 0 0.000000000000000000 -0.000000000000000000
connection 4 34 -6.111891571972250858 0 0.000000000000000000 -0.000000000000000000
connection 4 35 -6.094082989040543019 0 0.000000000000000000 -0.000000000000000000
connection 4 40 -7.379499489194317086 0 0.000000000000000000 -0.000000000000000000
connection 4 41 -7.576332574606781556 0 0.000000000000000000 -0.000000000000000000
connection 4 24 -5.900236923179214443 0 0.000000000000000000 -0.000000000000000000
connection 4 25 -5.530199240653122850 0 0.000000000000000000 -0.000000000000000000
connection 5 34 -5.274228007772238769 0 0.000000000000000000 -0.000000000000000000
connection 5 35 -5.214094957699029642 0 0.000000000000000000 -0.000000000000000000
connection 5 40 -7.276214561805288916 0 0.000000000000000000 -0.000000000000000000
connection 5 41 -7.564536316751450329 0 0.000000000000000000 -0.000000000000000000
connection 5 24 -4.925147167116593394 0 0.000000000000000000 -0.000000000000000000
connection 5 42 -2.722170143807064235 0 0.000000000000000000 -0.000000000000000000
connection 5 43 -5.866318026822074927 0 0.000000000000000000 -0.000000000000000000
connection 5 44 -5.697906787603543854 0 0.000000000000000000 -0.000000000000000000
connection 5 45 -2.257139427099273288 0 0.000000000000000000 -0.000000000000000000
connection 6 34 -4.345753191046072494 0 0.000000000000000000 -0.000000000000000000
connection 6 35 -4.195791280793192080 0 0.000000000000000000 -0.000000000000000000
connection 6 40 -7.029015660581283242 0 0.000000000000000000 -0.000000000000000000
connection 6 41 -7.471513706733335702 0 0.000000000000000000 -0.000000000000000000
connection 6 46 -5.182487319885906274 0 0.000000000000000000 -0.000000000000000000
connection 6 47 -5.058859236349481314 0 0.000000000000000000 -0.000000000000000000
connection 6 43 -4.879198626806299011 0 0.000000000000000000 -0.000000000000000000
connection 6 44 -4.644555256986904190 0 0.000000000000000000 -0.000000000000000000
connection 7 48 0.990255541962239860 0 0.000000000000000000 -0.000000000000000000
connection 7 34 -3.471784410685002875 0 0.000000000000000000 -0.000000000000000000
connection 7 49 2.404995703903707760 0 0.000000000000000000 -0.000000000000000000
connection 7 40 -6.577580366651976540 0 0.000000000000000000 -0.000000000000000000
connection 7 41 -7.267913685810929003 0 0.000000000000000000 -0.000000000000000000
connection 7 46 -4.156646553058955362 0 0.000000000000000000 -0.000000000000000000
connection 7 47 -3.965627057634558028 0 0.000000000000000000 -0.000000000000000000
connection 7 43 -3.706182230074320572 0 0.000000000000000000 -0.000000000000000000
connection 7 44 -3.381631076678261572 0 0.000000000000000000 -0.000000000000000000
connection 8 48 1.217296729937705768 0 0.000000000000000000 -0.000000000000000000
connection 8 34 -2.759046925338534795 0 0.000000000000000000 -0.000000000000000000
connection 8 49 2.659708738759205104 0 0.000000000000000000 -0.000000000000000000
connection 8 40 -5.862564195802076661 0 0.000000000000000000 -0.000000000000000000
connection 8 41 -6.903784041889376333 0 0.000000000000000000 -0.000000000000000000
connection 9 48 1.342559657928956707 0 0.000000000000000000 -0.000000000000000000
connection 9 40 -4.887068245038637571 0 0.000000000000000000 -0.000000000000000000
connection 9 41 -6.331396412724524581 0 0.000000000000000000 -0.000000000000000000
connection 10 48 1.406406818368522327 0 0.000000000000000000 -0.000000000000000000
connection 10 40 -3.763554264896387114 0 0.000000000000000000 -0.000000000000000000
connection 10 41 -5.551864414760641075 0 0.000000000000000000 -0.000000000000000000
connection 11 48 1.435657927549546464 0 0.000000000000000000 -0.000000000000000000
connection 11 41 -4.650334812073623425 0 0.000000000000000000 -0.000000000000000000
connection 11 25 1.305530843299103960 0 0.000000000000000000 -0.000000000000000000
connection 15 48 5.631853528784032115 0 0.000000000000000000 -0.000000000000000000
connection 15 50 0.728846512419437320 0 0.000000000000000000 -0.000000000000000000
connection 15 51 -0.549505202585219510 0 0.000000000000000000 -0.000000000000000000
connection 15 49 6.280585367342816916 0 0.000000000000000000 -0.000000000000000000
connection 15 17 4.027275180141940858 0 0.000000000000000000 -0.000000000000000000
connection 15 18 1.980038553646763289 0 0.000000000000000000 -0.000000000000000000
connection 15 19 -2.053095843149716160 0 0.000000000000000000 -0.000000000000000000
connection 15 56 -3.179080591003758727 0 0.000000000000000000 -0.000000000000000000
connection 15 57 -1.030280238155019568 0 0.000000000000000000 -0.000000000000000000
connection 16 15 3.177007978022180712 0 0.000000000000000000 -0.000000000000000000
connection 16 16 0.917741153568467638 0 0.000000000000000000 -0.000000000000000000
connection 16 59 -4.133609966625630960 0 0.000000000000000000 -0.000000000000000000
connection 16 19 0.247603693863190477 0 0.000000000000000000 -0.000000000000000000
connection 16 60 -0.222052858994702312 0 0.000000000000000000 -0.000000000000000000
connection 16 57 2.859968329259841013 0 0.000000000000000000 -0.000000000000000000
connection 16 24 1.702416986520374431 0 0.000000000000000000 -0.000000000000000000
connection 16 25 5.005600378465678624 0 0.000000000000000000 -0.000000000000000000
connection 17 15 1.745966468917508063 0 0.000000000000000000 -0.000000000000000000
connection 17 16 0.642962028191276458 0 0.000000000000000000 -0.000000000000000000
connection 17 19 0.348708529039366999 0 0.000000000000000000 -0.000000000000000000
connection 17 60 3.713733590377393590 0 0.000000000000000000 -0.000000000000000000
connection 39 30 1.996649115900602567 0 0.000000000000000000 -0.000000000000000000
connection 39 31 -0.859166324545358462 0 0.000000000000000000 -0.000000000000000000
connection 39 34 -1.558232730840840130 0 0.000000000000000000 -0.000000000000000000
connection 39 35 -0.848049692767271823 0 0.000000000000000000 -0.000000000000000000
connection 39 61 3.074406951440723290 0 0.000000000000000000 -0.000000000000000000
connection 39 63 1.022918540350596706 0 0.000000000000000000 -0.000000000000000000
connection 39 60 -1.917293478755776936 0 0.000000000000000000 -0.000000000000000000
connection 39 71 -1.791436218114591528 0 0.000000000000000000 -0.000000000000000000
connection 39 57 -0.876168152103158793 0 0.000000000000000000 -0.000000000000000000
connection 39 25 4.641961477920434120 0 0.000000000000000000 -0.000000000000000000
connection 44 15 7.147041161721242375 0 0.000000000000000000 -0.000000000000000000
connection 44 59 -1.621567381792533791 0 0.000000000000000000 -0.000000000000000000
connection 44 60 6.126059619089591735 0 0.000000000000000000 -0.000000000000000000
connection 44 57 6.926655664159209635 0 0.000000000000000000 -0.000000000000000000
connection 44 80 7.347040054368288331 0 0.000000000000000000 -0.000000000000000000
connection 18 15 1.769030919559007264 0 0.000000000000000000 -0.000000000000000000
connection 18 16 2.937084073872630707 0 0.000000000000000000 -0.000000000000000000
connection 18 19 0.959541691678606590 0 0.000000000000000000 -0.000000000000000000
connection 18 60 2.081236553667442202 0 0.000000000000000000 -0.000000000000000000
connection 18 56 -0.836559911111230181 0 0.000000000000000000 -0.000000000000000000
connection 42 48 6.667352313613140957 0 0.000000000000000000 -0.000000000000000000
connection 42 50 2.869335369826451654 0 0.000000000000000000 -0.000000000000000000
connection 42 81 -0.267355125341926847 0 0.000000000000000000 -0.000000000000000000
connection 42 49 7.300183831935878054 0 0.000000000000000000 -0.000000000000000000
connection 42 16 -1.690239740321933359 0 0.000000000000000000 -0.000000000000000000
connection 42 17 2.223516916501018681 0 0.000000000000000000 -0.000000000000000000
connection 42 18 0.245854645731302418 0 0.000000000000000000 -0.000000000000000000
connection 42 59 -0.812553989756423789 0 0.000000000000000000 -0.000000000000000000
connection 42 57 5.957250422447660121 0 0.000000000000000000 -0.000000000000000000
connection 42 80 7.283469695758513218 0 0.000000000000000000 -0.000000000000000000
connection 19 61 4.417347216948916078 0 0.000000000000000000 -0.000000000000000000
connection 19 63 5.131519623050476042 0 0.000000000000000000 -0.000000000000000000
connection 19 86 0.797710856214131958 0 0.000000000000000000 -0.000000000000000000
connection 19 87 -1.447863620903700133 0 0.000000000000000000 -0.000000000000000000
connection 19 88 1.390420911493471134 0 0.000000000000000000 -0.000000000000000000
connection 19 19 4.521462996603084150 0 0.000000000000000000 -0.000000000000000000
connection 19 41 0.995008595256534956 0 0.000000000000000000 -0.000000000000000000
connection 19 80 1.687123796600701109 0 0.000000000000000000 -0.000000000000000000
connection 20 31 -0.847405079627920332 0 0.000000000000000000 -0.000000000000000000
connection 20 34 -1.554427577447014652 0 0.000000000000000000 -0.000000000000000000
connection 20 61 3.068491364459254189 0 0.000000000000000000 -0.000000000000000000
connection 20 63 1.020488920086611850 0 0.000000000000000000 -0.000000000000000000
connection 20 89 -0.867747227465171078 0 0.000000000000000000 -0.000000000000000000
connection 20 90 2.084499888646537347 0 0.000000000000000000 -0.000000000000000000
connection 20 25 5.359318371408554604 0 0.000000000000000000 -0.000000000000000000
connection 21 30 5.281495399360458087 0 0.000000000000000000 -0.000000000000000000
connection 21 31 2.428445055870273706 0 0.000000000000000000 -0.000000000000000000
connection 21 33 6.294818330657207639 0 0.000000000000000000 -0.000000000000000000
connection 21 49 6.677129318559773097 0 0.000000000000000000 -0.000000000000000000
connection 21 61 -0.428574263557482127 0 0.000000000000000000 -0.000000000000000000
connection 21 91 2.655885461951071225 0 0.000000000000000000 -0.000000000000000000
connection 21 63 -1.499027899150207732 0 0.000000000000000000 -0.000000000000000000
connection 21 86 1.864799429998147851 0 0.000000000000000000 -0.000000000000000000
connection 21 87 3.134860699964304498 0 0.000000000000000000 -0.000000000000000000
connection 21 71 -2.171493352637963170 0 0.000000000000000000 -0.000000000000000000
connection 21 94 3.608682030395815588 0 0.000000000000000000 -0.000000000000000000
connection 21 89 1.786587520508035931 0 0.000000000000000000 -0.000000000000000000
connection 21 90 4.415238789249271711 0 0.000000000000000000 -0.000000000000000000
connection 21 80 6.747252129108733953 0 0.000000000000000000 -0.000000000000000000
connection 25 16 -1.434817165423928786 0 0.000000000000000000 -0.000000000000000000
connection 25 17 0.401166308115469383 0 0.000000000000000000 -0.000000000000000000
connection 25 18 -1.070292321773432143 0 0.000000000000000000 -0.000000000000000000
connection 25 59 -1.598569785467401028 0 0.000000000000000000 -0.000000000000000000
connection 25 56 -0.719987804931703668 0 0.000000000000000000 -0.000000000000000000
connection 25 57 6.571094026761076456 0 0.000000000000000000 -0.000000000000000000
connection 25 80 7.330011187812285556 0 0.000000000000000000 -0.000000000000000000
connection 37 30 5.165332546274690628 0 0.000000000000000000 -0.000000000000000000
connection 37 32 4.098285729245249698 0 0.000000000000000000 -0.000000000000000000
connection 37 33 6.111083533584050542 0 0.000000000000000000 -0.000000000000000000
connection 37 34 -1.085750702875752038 0 0.000000000000000000 -0.000000000000000000
connection 37 49 6.287897201803832381 0 0.000000000000000000 -0.000000000000000000
connection 37 61 -0.443499352534158786 0 0.000000000000000000 -0.000000000000000000
connection 37 91 2.657299199616363961 0 0.000000000000000000 -0.000000000000000000
connection 37 63 -1.568156481203184516 0 0.000000000000000000 -0.000000000000000000
connection 37 86 1.803137298878386696 0 0.000000000000000000 -0.000000000000000000
connection 37 88 -0.276556962498377801 0 0.000000000000000000 -0.000000000000000000
connection 37 19 -1.983411710821074259 0 0.000000000000000000 -0.000000000000000000
connection 37 41 -2.849104204053354739 0 0.000000000000000000 -0.000000000000000000
connection 22 30 5.296514249652748418 0 0.000000000000000000 -0.000000000000000000
connection 22 31 2.445259729890448153 0 0.000000000000000000 -0.000000000000000000
connection 22 33 6.318243567052668652 0 0.000000000000000000 -0.000000000000000000
connection 22 49 6.732288804236562285 0 0.000000000000000000 -0.000000000000000000
connection 22 61 -0.431975204963809423 0 0.000000000000000000 -0.000000000000000000
connection 22 91 2.649597814240839178 0 0.000000000000000000 -0.000000000000000000
connection 22 63 -1.495044169895541675 0 0.000000000000000000 -0.000000000000000000
connection 22 86 1.864034698716017457 0 0.000000000000000000 -0.000000000000000000
connection 22 87 3.138740190815232811 0 0.000000000000000000 -0.000000000000000000
connection 22 19 -1.711905155409208623 0 0.000000000000000000 -0.000000000000000000
connection 22 56 -1.055810593373649242 0 0.000000000000000000 -0.000000000000000000
connection 22 71 -1.754541186814289944 0 0.000000000000000000 -0.000000000000000000
connection 22 94 4.148825807401120613 0 0.000000000000000000 -0.000000000000000000
connection 22 89 2.668704744352391689 0 0.000000000000000000 -0.000000000000000000
connection 22 90 5.192846455355550894 0 0.000000000000000000 -0.000000000000000000
connection 22 80 7.016811191115461810 0 0.000000000000000000 -0.000000000000000000
connection 23 31 -0.840977953543131207 0 0.000000000000000000 -0.000000000000000000
connection 23 34 -1.554639372078630233 0 0.000000000000000000 -0.000000000000000000
connection 23 61 3.061826143302926795 0 0.000000000000000000 -0.000000000000000000
connection 23 63 1.014894894855136620 0 0.000000000000000000 -0.000000000000000000
connection 23 94 0.834174369878330046 0 0.000000000000000000 -0.000000000000000000
connection 23 89 -0.433578039321972752 0 0.000000000000000000 -0.000000000000000000
connection 23 90 2.637275492385622755 0 0.000000000000000000 -0.000000000000000000
connection 23 25 5.719374143265617327 0 0.000000000000000000 -0.000000000000000000
connection 24 40 -1.726752033570825962 0 0.000000000000000000 -0.000000000000000000
connection 24 60 4.580406609361415526 0 0.000000000000000000 -0.000000000000000000
connection 24 56 -1.123708612739556134 0 0.000000000000000000 -0.000000000000000000
connection 24 57 5.441063115022904739 0 0.000000000000000000 -0.000000000000000000
connection 32 30 4.980920536653620445 0 0.000000000000000000 -0.000000000000000000
connection 32 32 3.755026492404788030 0 0.000000000000000000 -0.000000000000000000
connection 32 33 5.836840127409891998 0 0.000000000000000000 -0.000000000000000000
connection 32 34 -1.256338237713739980 0 0.000000000000000000 -0.000000000000000000
connection 32 49 5.746504152584144265 0 0.000000000000000000 -0.000000000000000000
connection 32 61 -0.492415332973945741 0 0.000000000000000000 -0.000000000000000000
connection 32 91 2.635043744619987915 0 0.000000000000000000 -0.000000000000000000
connection 32 63 -1.701267498675822942 0 0.000000000000000000 -0.000000000000000000
connection 32 86 1.669878255825018476 0 0.000000000000000000 -0.000000000000000000
connection 32 19 -2.348719114302072697 0 0.000000000000000000 -0.000000000000000000
connection 32 41 -4.160900919134217446 0 0.000000000000000000 -0.000000000000000000
connection 46 15 6.998972119751727838 0 0.000000000000000000 -0.000000000000000000
connection 46 16 -0.510529978194316225 0 0.000000000000000000 -0.000000000000000000
connection 46 59 -1.815445761192949981 0 0.000000000000000000 -0.000000000000000000
connection 46 60 5.122022150972971311 0 0.000000000000000000 -0.000000000000000000
connection 46 71 1.396652327916727776 0 0.000000000000000000 -0.000000000000000000
connection 46 57 4.751095191352676217 0 0.000000000000000000 -0.000000000000000000
connection 26 31 -0.836148260991280479 0 0.000000000000000000 -0.000000000000000000
connection 26 34 -1.556020341492197812 0 0.000000000000000000 -0.000000000000000000
connection 26 61 3.054968539282005846 0 0.000000000000000000 -0.000000000000000000
connection 26 63 1.008400775346497191 0 0.000000000000000000 -0.000000000000000000
connection 26 60 -1.691165666166293713 0 0.000000000000000000 -0.000000000000000000
connection 26 71 -1.231684364628520489 0 0.000000000000000000 -0.000000000000000000
connection 26 94 0.968161741435140666 0 0.000000000000000000 -0.000000000000000000
connection 26 98 -1.381140430087218540 0 0.000000000000000000 -0.000000000000000000
connection 26 47 2.277170684118469346 0 0.000000000000000000 -0.000000000000000000
connection 26 25 5.889839892718704562 0 0.000000000000000000 -0.000000000000000000
connection 27 30 5.304322172277316838 0 0.000000000000000000 -0.000000000000000000
connection 27 33 6.328184765191345207 0 0.000000000000000000 -0.000000000000000000
connection 27 34 -0.966111594053096434 0 0.000000000000000000 -0.000000000000000000
connection 27 49 6.755421347773817864 0 0.000000000000000000 -0.000000000000000000
connection 27 61 -0.436641770573026333 0 0.000000000000000000 -0.000000000000000000
connection 27 91 2.642712804876995669 0 0.000000000000000000 -0.000000000000000000
connection 27 63 -1.495429656826950726 0 0.000000000000000000 -0.000000000000000000
connection 27 86 1.858722966376894714 0 0.000000000000000000 -0.000000000000000000
connection 27 87 3.135127738636394934 0 0.000000000000000000 -0.000000000000000000
connection 27 19 -1.703114337197240591 0 0.000000000000000000 -0.000000000000000000
connection 27 56 -1.029633687052919466 0 0.000000000000000000 -0.000000000000000000
connection 27 71 -1.552005881395783771 0 0.000000000000000000 -0.000000000000000000
connection 27 94 4.412263422772417343 0 0.000000000000000000 -0.000000000000000000
connection 27 98 1.286432224232758825 0 0.000000000000000000 -0.000000000000000000
connection 27 89 3.131476257543334807 0 0.000000000000000000 -0.000000000000000000
connection 27 90 5.586461299796819269 0 0.000000000000000000 -0.000000000000000000
connection 27 80 7.144468899865867861 0 0.000000000000000000 -0.000000000000000000
connection 28 30 5.309754141350284229 0 0.000000000000000000 -0.000000000000000000
connection 28 33 6.333126943168442047 0 0.000000000000000000 -0.000000000000000000
connection 28 34 -0.961534279003472991 0 0.000000000000000000 -0.000000000000000000
connection 28 49 6.764920660857812962 0 0.000000000000000000 -0.000000000000000000
connection 28 61 -0.441632700516136456 0 0.000000000000000000 -0.000000000000000000
connection 28 91 2.635678567532520944 0 0.000000000000000000 -0.000000000000000000
connection 28 63 -1.497098098695212265 0 0.000000000000000000 -0.000000000000000000
connection 28 86 1.852060832464942131 0 0.000000000000000000 -0.000000000000000000
connection 28 87 3.129138748676180359 0 0.000000000000000000 -0.000000000000000000
connection 28 19 -1.700476309242131778 0 0.000000000000000000 -0.000000000000000000
connection 28 56 -1.023496169632442498 0 0.000000000000000000 -0.000000000000000000
connection 28 94 4.531566164960163512 0 0.000000000000000000 -0.000000000000000000
connection 28 98 1.398091591439434511 0 0.000000000000000000 -0.000000000000000000
connection 28 90 5.773985503097678773 0 0.000000000000000000 -0.000000000000000000
connection 28 80 7.202554193895196022 0 0.000000000000000000 -0.000000000000000000
connection 29 31 -0.831738535310630023 0 0.000000000000000000 -0.000000000000000000
connection 29 32 0.785993307510457262 0 0.000000000000000000 -0.000000000000000000
connection 29 34 -1.557698011587795195 0 0.000000000000000000 -0.000000000000000000
connection 29 35 -0.746320075795238513 0 0.000000000000000000 -0.000000000000000000
connection 29 61 3.048064828013672400 0 0.000000000000000000 -0.000000000000000000
connection 29 63 1.001681245345813931 0 0.000000000000000000 -0.000000000000000000
connection 29 60 -1.683770901161021349 0 0.000000000000000000 -0.000000000000000000
connection 29 71 -1.211274691504053758 0 0.000000000000000000 -0.000000000000000000
connection 29 98 -1.348556380010631051 0 0.000000000000000000 -0.000000000000000000
connection 29 46 0.328856572255348922 0 0.000000000000000000 -0.000000000000000000
connection 29 47 2.311019558068034829 0 0.000000000000000000 -0.000000000000000000
connection 29 25 5.965750177680586575 0 0.000000000000000000 -0.000000000000000000
connection 30 33 3.248123285139925098 0 0.000000000000000000 -0.000000000000000000
connection 30 35 -1.910770682044633517 0 0.000000000000000000 -0.000000000000000000
connection 30 49 3.519601903470638948 0 0.000000000000000000 -0.000000000000000000
connection 30 61 3.045066422436055742 0 0.000000000000000000 -0.000000000000000000
connection 30 63 0.879865254143967768 0 0.000000000000000000 -0.000000000000000000
connection 30 60 -3.771844920547488211 0 0.000000000000000000 -0.000000000000000000
connection 30 25 -1.276234490194954052 0 0.000000000000000000 -0.000000000000000000
connection 31 30 4.591160632657949492 0 0.000000000000000000 -0.000000000000000000
connection 31 32 3.071234754424347901 0 0.000000000000000000 -0.000000000000000000
connection 31 33 5.278359717955970254 0 0.000000000000000000 -0.000000000000000000
connection 31 34 -1.618615773250667855 0 0.000000000000000000 -0.000000000000000000
connection 31 49 4.698128245080286369 0 0.000000000000000000 -0.000000000000000000
connection 31 61 -0.623320704998724384 0 0.000000000000000000 -0.000000000000000000
connection 31 91 2.563540800344741744 0 0.000000000000000000 -0.000000000000000000
connection 31 19 -3.015193258774999663 0 0.000000000000000000 -0.000000000000000000
connection 31 41 -5.530628815263721521 0 0.000000000000000000 -0.000000000000000000
connection 31 80 1.198129929669414118 0 0.000000000000000000 -0.000000000000000000
connection 33 32 0.479283909082305670 0 0.000000000000000000 -0.000000000000000000
connection 33 33 3.668486755543048261 0 0.000000000000000000 -0.000000000000000000
connection 33 35 -1.306360619495398279 0 0.000000000000000000 -0.000000000000000000
connection 33 49 4.347039816719692418 0 0.000000000000000000 -0.000000000000000000
connection 33 61 3.072773171960534011 0 0.000000000000000000 -0.000000000000000000
connection 33 63 0.980852102055168040 0 0.000000000000000000 -0.000000000000000000
connection 33 60 -2.826941767492699764 0 0.000000000000000000 -0.000000000000000000
connection 33 57 -3.574135656301892006 0 0.000000000000000000 -0.000000000000000000
connection 33 47 -0.427594279012381839 0 0.000000000000000000 -0.000000000000000000
connection 33 25 1.225354262712978315 0 0.000000000000000000 -0.000000000000000000
connection 40 15 3.095094645964595159 0 0.000000000000000000 -0.000000000000000000
connection 40 16 3.936764399668231995 0 0.000000000000000000 -0.000000000000000000
connection 40 59 -0.978745933205166008 0 0.000000000000000000 -0.000000000000000000
connection 40 19 2.166015954317807690 0 0.000000000000000000 -0.000000000000000000
connection 40 60 0.985731103423079458 0 0.000000000000000000 -0.000000000000000000
connection 40 57 3.760225282763010490 0 0.000000000000000000 -0.000000000000000000
connection 40 24 2.198943557946007044 0 0.000000000000000000 -0.000000000000000000
connection 34 15 4.955154796659055449 0 0.000000000000000000 -0.000000000000000000
connection 34 16 -2.312091567261277181 0 0.000000000000000000 -0.000000000000000000
connection 34 59 -3.330975895945815779 0 0.000000000000000000 -0.000000000000000000
connection 34 60 -1.963193632117423482 0 0.000000000000000000 -0.000000000000000000
connection 34 71 -5.893035762980196601 0 0.000000000000000000 -0.000000000000000000
connection 34 80 1.239099736801809959 0 0.000000000000000000 -0.000000000000000000
connection 35 15 6.397633369744168519 0 0.000000000000000000 -0.000000000000000000
connection 35 40 -1.953553960876134754 0 0.000000000000000000 -0.000000000000000000
connection 35 60 2.543958805014991942 0 0.000000000000000000 -0.000000000000000000
connection 35 56 -2.605805113712976961 0 0.000000000000000000 -0.000000000000000000
connection 35 57 1.914778100708350195 0 0.000000000000000000 -0.000000000000000000
connection 35 24 5.329061214870606911 0 0.000000000000000000 -0.000000000000000000
connection 41 15 7.243477139557503719 0 0.000000000000000000 -0.000000000000000000
connection 41 16 6.490682411803060603 0 0.000000000000000000 -0.000000000000000000
connection 41 18 4.327924275348236094 0 0.000000000000000000 -0.000000000000000000
connection 41 59 5.013099950778054925 0 0.000000000000000000 -0.000000000000000000
connection 41 19 6.945974663391586645 0 0.000000000000000000 -0.000000000000000000
connection 41 25 2.275283467137331872 0 0.000000000000000000 -0.000000000000000000
connection 36 30 1.952425814330516651 0 0.000000000000000000 -0.000000000000000000
connection 36 31 -0.886673859367071882 0 0.000000000000000000 -0.000000000000000000
connection 36 32 0.650866717646996551 0 0.000000000000000000 -0.000000000000000000
connection 36 33 3.867376005105454428 0 0.000000000000000000 -0.000000000000000000
connection 36 34 -1.574224676030147041 0 0.000000000000000000 -0.000000000000000000
connection 36 35 -0.992312022514493686 0 0.000000000000000000 -0.000000000000000000
connection 36 49 4.771153294565920966 0 0.000000000000000000 -0.000000000000000000
connection 36 61 3.077694739213180153 0 0.000000000000000000 -0.000000000000000000
connection 36 63 1.015489188325582104 0 0.000000000000000000 -0.000000000000000000
connection 36 60 -2.232457715943878096 0 0.000000000000000000 -0.000000000000000000
connection 36 71 -2.435479477511715896 0 0.000000000000000000 -0.000000000000000000
connection 36 57 -2.023115419720340924 0 0.000000000000000000 -0.000000000000000000
connection 36 47 0.862996257494416885 0 0.000000000000000000 -0.000000000000000000
connection 36 25 3.319176011279203031 0 0.000000000000000000 -0.000000000000000000
connection 38 30 5.246976390536135959 0 0.000000000000000000 -0.000000000000000000
connection 38 31 2.392177582339838349 0 0.000000000000000000 -0.000000000000000000
connection 38 32 4.257480172707404087 0 0.000000000000000000 -0.000000000000000000
connection 38 33 6.238786927564389018 0 0.000000000000000000 -0.000000000000000000
connection 38 49 6.552888529920505967 0 0.000000000000000000 -0.000000000000000000
connection 38 61 -0.429499305138468013 0 0.000000000000000000 -0.000000000000000000
connection 38 91 2.660026893336400189 0 0.000000000000000000 -0.000000000000000000
connection 38 63 -1.516154219277382920 0 0.000000000000000000 -0.000000000000000000
connection 38 86 1.851972568789057361 0 0.000000000000000000 -0.000000000000000000
connection 38 87 3.109993195597776872 0 0.000000000000000000 -0.000000000000000000
connection 38 60 -0.616328820134299460 0 0.000000000000000000 -0.000000000000000000
connection 38 71 -2.914083287373998132 0 0.000000000000000000 -0.000000000000000000
connection 38 94 2.590875066784318559 0 0.000000000000000000 -0.000000000000000000
connection 38 89 0.299478266156506356 0 0.000000000000000000 -0.000000000000000000
connection 38 90 3.002913628849134486 0 0.000000000000000000 -0.000000000000000000
connection 38 80 6.193991607844639091 0 0.000000000000000000 -0.000000000000000000
connection 43 15 7.130317382349144140 0 0.000000000000000000 -0.000000000000000000
connection 43 60 5.992114274675938823 0 0.000000000000000000 -0.000000000000000000
connection 43 57 6.611142117615115055 0 0.000000000000000000 -0.000000000000000000
connection 43 80 7.096772183863799377 0 0.000000000000000000 -0.000000000000000000
connection 45 48 6.672779742689081139 0 0.000000000000000000 -0.000000000000000000
connection 45 50 2.878470254275470097 0 0.000000000000000000 -0.000000000000000000
connection 45 81 -0.260684837769635802 0 0.000000000000000000 -0.000000000000000000
connection 45 49 7.316755471066771932 0 0.000000000000000000 -0.000000000000000000
connection 45 16 -1.689813572981988532 0 0.000000000000000000 -0.000000000000000000
connection 45 17 2.216516692155396928 0 0.000000000000000000 -0.000000000000000000
connection 45 18 0.240462531438462940 0 0.000000000000000000 -0.000000000000000000
connection 45 59 -0.812988785072853215 0 0.000000000000000000 -0.000000000000000000
connection 45 57 6.185359700252902826 0 0.000000000000000000 -0.000000000000000000
connection 45 80 7.394584796717405872 0 0.000000000000000000 -0.000000000000000000
connection 47 15 7.090066577109565671 0 0.000000000000000000 -0.000000000000000000
connection 47 16 -0.458701507240628414 0 0.000000000000000000 -0.000000000000000000
connection 47 60 5.704912245188034525 0 0.000000000000000000 -0.000000000000000000
connection 47 57 5.969150268603655718 0 0.000000000000000000 -0.000000000000000000
connection 48 30 3.464118190992068413 0 0.000000000000000000 -0.000000000000000000
connection 48 31 0.281417121153185623 0 0.000000000000000000 -0.000000000000000000
connection 48 32 1.948274528028738350 0 0.000000000000000000 -0.000000000000000000
connection 48 33 4.783713050814966117 0 0.000000000000000000 -0.000000000000000000
connection 48 34 -1.878968965386998091 0 0.000000000000000000 -0.000000000000000000
connection 48 35 -0.588106769599239909 0 0.000000000000000000 -0.000000000000000000
connection 48 49 4.862973196469382309 0 0.000000000000000000 -0.000000000000000000
connection 48 61 1.152290090375904796 0 0.000000000000000000 -0.000000000000000000
connection 48 63 -0.732723844465324126 0 0.000000000000000000 -0.000000000000000000
connection 48 19 -1.912071958635989555 0 0.000000000000000000 -0.000000000000000000
connection 48 60 -3.504919571279494495 0 0.000000000000000000 -0.000000000000000000
connection 48 71 -5.262932356184665927 0 0.000000000000000000 -0.000000000000000000
connection 48 57 -4.170278567508508338 0 0.000000000000000000 -0.000000000000000000
connection 48 24 0.849180088874714301 0 0.000000000000000000 -0.000000000000000000
connection 48 25 0.216787134348448901 0 0.000000000000000000 -0.000000000000000000
connection 49 33 5.296697604466693576 0 0.000000000000000000 -0.000000000000000000
connection 49 49 5.874015379807300263 0 0.000000000000000000 -0.000000000000000000
connection 49 61 1.200374292515148378 0 0.000000000000000000 -0.000000000000000000
connection 49 91 4.394877227121119390 0 0.000000000000000000 -0.000000000000000000
connection 49 63 -0.570567723244460367 0 0.000000000000000000 -0.000000000000000000
connection 49 86 3.703167216017404506 0 0.000000000000000000 -0.000000000000000000
connection 49 88 1.626243634361392187 0 0.000000000000000000 -0.000000000000000000
connection 49 41 -2.522248144452674978 0 0.000000000000000000 -0.000000000000000000
connection 49 80 5.748867514241959853 0 0.000000000000000000 -0.000000000000000000
connection 40 12 -2.739069540793335644 0 0.000000000000000000 -0.000000000000000000
connection 41 12 -1.666685198157316528 0 0.000000000000000000 -0.000000000000000000
connection 50 13 -2.251460422552463925 0 0.000000000000000000 -0.000000000000000000
connection 81 13 -5.405224070072463860 0 0.000000000000000000 -0.000000000000000000
connection 51 13 -4.177468060779743197 0 0.000000000000000000 -0.000000000000000000
connection 35 13 -1.792111685041740898 0 0.000000000000000000 -0.000000000000000000
connection 59 13 -0.476309611166682856 0 0.000000000000000000 -0.000000000000000000
connection 19 13 -2.521698766804989944 0 0.000000000000000000 -0.000000000000000000
connection 56 13 4.024078973245750035 0 0.000000000000000000 -0.000000000000000000
connection 71 13 5.980065463595127362 0 0.000000000000000000 -0.000000000000000000
connection 94 13 -0.665936358725221722 0 0.000000000000000000 -0.000000000000000000
connection 98 13 2.492134539466312582 0 0.000000000000000000 -0.000000000000000000
connection 89 13 2.786367456877747451 0 0.000000000000000000 -0.000000000000000000
connection 90 13 -0.549356528791763776 0 0.000000000000000000 -0.000000000000000000
connection 24 13 -1.245287508529633547 0 0.000000000000000000 -0.000000000000000000
connection 25 13 -1.151705883799792218 0 0.000000000000000000 -0.000000000000000000
connection 15 14 -5.980750271270858676 0 0.000000000000000000 -0.000000000000000000
connection 61 14 -3.528630519136003674 0 0.000000000000000000 -0.000000000000000000
connection 91 14 2.031733309524554443 0 0.000000000000000000 -0.000000000000000000
connection 63 14 -4.190247772606848997 0 0.000000000000000000 -0.000000000000000000
connection 86 14 2.299168345699887261 0 0.000000000000000000 -0.000000000000000000
connection 87 14 3.568233405064991537 0 0.000000000000000000 -0.000000000000000000
connection 88 14 0.822424543513862849 0 0.000000000000000000 -0.000000000000000000
connection 19 14 -2.465235470192628231 0 0.000000000000000000 -0.000000000000000000
connection 60 14 1.230988736331232847 0 0.000000000000000000 -0.000000000000000000
connection 56 14 0.979729887966212298 0 0.000000000000000000 -0.000000000000000000
connection 71 14 3.441653951126296906 0 0.000000000000000000 -0.000000000000000000
connection 57 14 5.082244251222268083 0 0.000000000000000000 -0.000000000000000000
connection 80 14 -1.770625015992019602 0 0.000000000000000000 -0.000000000000000000
NNend

