NNstart
14 6
neuron 1 1.000000000000000000 0.000000000000000000 0.000000000000000000 -0.000000000000000000 11 0.000000000000000000
neuron 1 1.000000000000000000 0.000000000000000000 0.000000000000000000 -0.000000000000000000 11 0.000000000000000000
neuron 1 1.000000000000000000 0.000000000000000000 0.000000000000000000 -0.000000000000000000 11 0.000000000000000000
neuron 1 1.000000000000000000 0.000000000000000000 0.000000000000000000 -0.000000000000000000 11 0.000000000000000000
neuron 1 1.000000000000000000 0.000000000000000000 0.000000000000000000 -0.000000000000000000 11 0.000000000000000000
neuron 1 1.000000000000000000 0.000000000000000000 0.000000000000000000 -0.000000000000000000 11 0.000000000000000000
neuron 1 1.000000000000000000 0.000000000000000000 0.000000000000000000 -0.000000000000000000 11 0.000000000000000000
neuron 1 1.000000000000000000 0.000000000000000000 0.000000000000000000 -0.000000000000000000 11 0.000000000000000000
neuron 1 1.000000000000000000 0.000000000000000000 0.000000000000000000 -0.000000000000000000 11 0.000000000000000000
neuron 1 1.000000000000000000 0.000000000000000000 0.000000000000000000 -0.000000000000000000 11 0.000000000000000000
neuron 1 1.000000000000000000 0.000000000000000000 0.000000000000000000 -0.000000000000000000 11 0.000000000000000000
neuron 1 1.000000000000000000 0.000000000000000000 0.000000000000000000 -0.000000000000000000 11 0.000000000000000000
neuron 1 1.000000000000000000 0.000000000000000000 0.000000000000000000 -0.000000000000000000 11 0.000000000000000000
neuron 2 1.000000000000000000 0.000000000000000000 0.000000000000000000 0.000000000000000000 11 0.000000000000000000
neuron 4 1.000000000000000000 0.000000000000000000 0.000000000000000000 -0.000000000000000000 1 0.000000000000000000
neuron 4 1.000000000000000000 0.000000000000000000 0.000000000000000000 -0.000000000000000000 1 0.000000000000000000
neuron 4 1.000000000000000000 0.000000000000000000 0.000000000000000000 -0.000000000000000000 1 0.000000000000000000
neuron 4 1.000000000000000000 0.000000000000000000 0.000000000000000000 -0.000000000000000000 1 0.000000000000000000
neuron 4 1.000000000000000000 0.000000000000000000 0.000000000000000000 -0.000000000000000000 1 0.000000000000000000
neuron 4 1.000000000000000000 0.000000000000000000 0.000000000000000000 -0.000000000000000000 1 0.000000000000000000
neuron 3 1.000000000000000000 0.000000000000000000 0.000000000000000000 -0.000000000000000000 0 0.000000000000000000
neuron 3 1.000000000000000000 0.000000000000000000 0.000000000000000000 -0.000000000000000000 0 0.000000000000000000
neuron 3 1.000000000000000000 0.000000000000000000 0.000000000000000000 -0.000000000000000000 0 0.000000000000000000
neuron 3 1.000000000000000000 0.000000000000000000 0.000000000000000000 -0.000000000000000000 0 0.000000000000000000
neuron 3 1.000000000000000000 0.000000000000000000 0.000000000000000000 -0.000000000000000000 0 0.000000000000000000
neuron 3 1.000000000000000000 0.000000000000000000 0.000000000000000000 -0.000000000000000000 0 0.000000000000000000
neuron 3 1.000000000000000000 0.000000000000000000 0.000000000000000000 -0.000000000000000000 0 0.000000000000000000
neuron 3 1.000000000000000000 0.000000000000000000 0.000000000000000000 -0.000000000000000000 0 0.000000000000000000
neuron 3 1.000000000000000000 0.000000000000000000 0.000000000000000000 -0.000000000000000000 0 0.000000000000000000
neuron 3 1.000000000000000000 0.000000000000000000 0.000000000000000000 -0.000000000000000000 0 0.000000000000000000
neuron 3 1.000000000000000000 0.000000000000000000 0.000000000000000000 -0.000000000000000000 0 0.000000000000000000
neuron 3 1.000000000000000000 0.000000000000000000 0.000000000000000000 -0.000000000000000000 0 0.000000000000000000
neuron 3 1.000000000000000000 0.000000000000000000 0.000000000000000000 -0.000000000000000000 0 0.000000000000000000
neuron 3 1.000000000000000000 0.000000000000000000 0.000000000000000000 -0.000000000000000000 0 0.000000000000000000
neuron 3 1.000000000000000000 0.000000000000000000 0.000000000000000000 -0.000000000000000000 0 0.000000000000000000
neuron 3 1.000000000000000000 0.000000000000000000 0.000000000000000000 -0.000000000000000000 0 0.000000000000000000
neuron 3 1.000000000000000000 0.000000000000000000 0.000000000000000000 -0.000000000000000000 0 0.000000000000000000
neuron 3 1.000000000000000000 0.000000000000000000 0.000000000000000000 -0.000000000000000000 0 0.000000000000000000
neuron 3 1.000000000000000000 0.000000000000000000 0.000000000000000000 -0.000000000000000000 0 0.000000000000000000
neuron 3 1.000000000000000000 0.000000000000000000 0.000000000000000000 -0.000000000000000000 0 0.000000000000000000
neuron 3 1.000000000000000000 0.000000000000000000 0.000000000000000000 -0.000000000000000000 0 0.000000000000000000
neuron 3 1.000000000000000000 0.000000000000000000 0.000000000000000000 -0.000000000000000000 0 0.000000000000000000
neuron 3 1.000000000000000000 0.000000000000000000 0.000000000000000000 -0.000000000000000000 0 0.000000000000000000
neuron 3 1.000000000000000000 0.000000000000000000 0.000000000000000000 -0.000000000000000000 0 0.000000000000000000
neuron 3 1.000000000000000000 0.000000000000000000 0.000000000000000000 -0.000000000000000000 0 0.000000000000000000
neuron 3 1.000000000000000000 0.000000000000000000 0.000000000000000000 -0.000000000000000000 0 0.000000000000000000
neuron 3 1.000000000000000000 0.000000000000000000 0.000000000000000000 -0.000000000000000000 0 0.000000000000000000
neuron 3 1.000000000000000000 0.000000000000000000 0.000000000000000000 -0.000000000000000000 0 0.000000000000000000
neuron 3 1.000000000000000000 0.000000000000000000 0.000000000000000000 -0.000000000000000000 0 0.000000000000000000
neuron 3 1.000000000000000000 0.000000000000000000 0.000000000000000000 -0.000000000000000000 0 0.000000000000000000
neuron 3 1.000000000000000000 0.000000000000000000 0.000000000000000000 -0.000000000000000000 0 0.000000000000000000
neuron 3 1.000000000000000000 0.000000000000000000 0.000000000000000000 -0.000000000000000000 0 0.000000000000000000
neuron 3 1.000000000000000000 0.000000000000000000 0.000000000000000000 -0.000000000000000000 0 0.000000000000000000
neuron 3 1.000000000000000000 0.000000000000000000 0.000000000000000000 -0.000000000000000000 0 0.000000000000000000
neuron 3 1.000000000000000000 0.000000000000000000 0.000000000000000000 -0.000000000000000000 0 0.000000000000000000
neuron 3 1.000000000000000000 0.000000000000000000 0.000000000000000000 -0.000000000000000000 0 0.000000000000000000
neuron 3 1.000000000000000000 0.000000000000000000 0.000000000000000000 -0.000000000000000000 0 0.000000000000000000
neuron 3 1.000000000000000000 0.000000000000000000 0.000000000000000000 -0.000000000000000000 0 0.000000000000000000
neuron 3 1.000000000000000000 0.000000000000000000 0.000000000000000000 -0.000000000000000000 0 0.000000000000000000
neuron 3 1.000000000000000000 0.000000000000000000 0.000000000000000000 -0.000000000000000000 0 0.000000000000000000
neuron 3 1.000000000000000000 0.000000000000000000 0.000000000000000000 -0.000000000000000000 0 0.000000000000000000
neuron 3 1.000000000000000000 0.000000000000000000 0.000000000000000000 -0.000000000000000000 0 0.000000000000000000
neuron 3 1.000000000000000000 0.000000000000000000 0.000000000000000000 -0.000000000000000000 0 0.000000000000000000
neuron 3 1.000000000000000000 0.000000000000000000 0.000000000000000000 -0.000000000000000000 0 0.000000000000000000
neuron 3 1.000000000000000000 0.000000000000000000 0.000000000000000000 -0.000000000000000000 0 0.000000000000000000
neuron 3 1.000000000000000000 0.000000000000000000 0.000000000000000000 -0.000000000000000000 0 0.000000000000000000
neuron 3 1.000000000000000000 0.000000000000000000 0.000000000000000000 -0.000000000000000000 0 0.000000000000000000
neuron 3 1.000000000000000000 0.000000000000000000 0.000000000000000000 -0.000000000000000000 0 0.000000000000000000
neuron 3 1.000000000000000000 0.000000000000000000 0.000000000000000000 -0.000000000000000000 0 0.000000000000000000
neuron 3 1.000000000000000000 0.000000000000000000 0.000000000000000000 -0.000000000000000000 0 0.000000000000000000
neuron 3 1.000000000000000000 0.000000000000000000 0.000000000000000000 -0.000000000000000000 0 0.000000000000000000
neuron 3 1.000000000000000000 0.000000000000000000 0.000000000000000000 -0.000000000000000000 0 0.000000000000000000
neuron 3 1.000000000000000000 0.000000000000000000 0.000000000000000000 -0.000000000000000000 0 0.000000000000000000
neuron 3 1.000000000000000000 0.000000000000000000 0.000000000000000000 -0.000000000000000000 0 0.000000000000000000
neuron 3 1.000000000000000000 0.000000000000000000 0.000000000000000000 -0.000000000000000000 0 0.000000000000000000
neuron 3 1.000000000000000000 0.000000000000000000 0.000000000000000000 -0.000000000000000000 0 0.000000000000000000
neuron 3 1.000000000000000000 0.000000000000000000 0.000000000000000000 -0.000000000000000000 0 0.000000000000000000
neuron 3 1.000000000000000000 0.000000000000000000 0.000000000000000000 -0.000000000000000000 0 0.000000000000000000
neuron 3 1.000000000000000000 0.000000000000000000 0.000000000000000000 -0.000000000000000000 0 0.000000000000000000
neuron 3 1.000000000000000000 0.000000000000000000 0.000000000000000000 -0.000000000000000000 0 0.000000000000000000
neuron 3 1.000000000000000000 0.000000000000000000 0.000000000000000000 -0.000000000000000000 0 0.000000000000000000
neuron 3 1.000000000000000000 0.000000000000000000 0.000000000000000000 -0.000000000000000000 0 0.000000000000000000
neuron 3 1.000000000000000000 0.000000000000000000 0.000000000000000000 -0.000000000000000000 0 0.000000000000000000
neuron 3 1.000000000000000000 0.000000000000000000 0.000000000000000000 -0.000000000000000000 0 0.000000000000000000
neuron 3 1.000000000000000000 0.000000000000000000 0.000000000000000000 -0.000000000000000000 0 0.000000000000000000
neuron 3 1.000000000000000000 0.000000000000000000 0.000000000000000000 -0.000000000000000000 0 0.000000000000000000
neuron 3 1.000000000000000000 0.000000000000000000 0.000000000000000000 -0.000000000000000000 0 0.000000000000000000
neuron 3 1.000000000000000000 0.000000000000000000 0.000000000000000000 -0.000000000000000000 0 0.000000000000000000
neuron 3 1.000000000000000000 0.000000000000000000 0.000000000000000000 -0.000000000000000000 0 0.000000000000000000
neuron 3 1.000000000000000000 0.000000000000000000 0.000000000000000000 -0.000000000000000000 0 0.000000000000000000
neuron 3 1.000000000000000000 0.000000000000000000 0.000000000000000000 -0.000000000000000000 0 0.000000000000000000
neuron 3 1.000000000000000000 0.000000000000000000 0.000000000000000000 -0.000000000000000000 0 0.000000000000000000
neuron 3 1.000000000000000000 0.000000000000000000 0.000000000000000000 -0.000000000000000000 0 0.000000000000000000
neuron 3 1.000000000000000000 0.000000000000000000 0.000000000000000000 -0.000000000000000000 0 0.000000000000000000
neuron 3 1.000000000000000000 0.000000000000000000 0.000000000000000000 -0.000000000000000000 0 0.000000000000000000
connection 0 20 5.202506661415907452 0 0.000000000000000000 -0.000000000000000000
connection 0 21 5.623581452167663919 0 0.000000000000000000 -0.000000000000000000
connection 0 22 5.914967956219142842 0 0.000000000000000000 -0.000000000000000000
connection 0 23 3.293353330924242428 0 0.000000000000000000 -0.000000000000000000
connection 0 24 2.556246913418353195 0 0.000000000000000000 -0.000000000000000000
connection 0 25 7.537025104593810809 0 0.000000000000000000 -0.000000000000000000
connection 0 26 4.585651329602128179 0 0.000000000000000000 -0.000000000000000000
connection 0 27 5.192921222396917003 0 0.000000000000000000 -0.000000000000000000
connection 0 28 1.605415686267241293 0 0.000000000000000000 -0.000000000000000000
connection 0 29 0.438792367495677904 0 0.000000000000000000 -0.000000000000000000
connection 0 30 2.711919272276821058 0 0.000000000000000000 -0.000000000000000000
connection 0 31 3.766167646425872650 0 0.000000000000000000 -0.000000000000000000
connection 0 32 -0.911527849774030896 0 0.000000000000000000 -0.000000000000000000
connection 1 20 5.268447925468374926 0 0.000000000000000000 -0.000000000000000000
connection 1 21 5.635761011074596816 0 0.000000000000000000 -0.000000000000000000
connection 1 22 5.970343899688526967 0 0.000000000000000000 -0.000000000000000000
connection 1 23 3.195586139937868442 0 0.000000000000000000 -0.000000000000000000
connection 1 24 2.379285642396191225 0 0.000000000000000000 -0.000000000000000000
connection 1 25 7.536114748114023598 0 0.000000000000000000 -0.000000000000000000
connection 1 26 4.471790094470195598 0 0.000000000000000000 -0.000000000000000000
connection 1 27 5.149047958773267375 0 0.000000000000000000 -0.000000000000000000
connection 1 28 1.343633008034280207 0 0.000000000000000000 -0.000000000000000000
connection 1 30 2.430917864670402384 0 0.000000000000000000 -0.000000000000000000
connection 1 31 3.570678376912018503 0 0.000000000000000000 -0.000000000000000000
connection 1 32 -1.311863304953206466 0 0.000000000000000000 -0.000000000000000000
connection 2 20 5.319659573824241150 0 0.000000000000000000 -0.000000000000000000
connection 2 21 5.628594214268042073 0 0.000000000000000000 -0.000000000000000000
connection 2 22 6.010017492520076665 0 0.000000000000000000 -0.000000000000000000
connection 2 23 3.071790067193960638 0 0.000000000000000000 -0.000000000000000000
connection 2 24 2.173239803139633164 0 0.000000000000000000 -0.000000000000000000
connection 2 25 7.522646406860129531 0 0.000000000000000000 -0.000000000000000000
connection 2 26 4.329788805059857637 0 0.000000000000000000 -0.000000000000000000
connection 2 27 5.081395277666294952 0 0.000000000000000000 -0.000000000000000000
connection 2 28 1.052921378312021261 0 0.000000000000000000 -0.000000000000000000
connection 2 29 -0.267548646849461003 0 0.000000000000000000 -0.000000000000000000
connection 2 30 2.120928272116860303 0 0.000000000000000000 -0.000000000000000000
connection 2 31 3.344516581736042937 0 0.000000000000000000 -0.000000000000000000
connection 3 20 5.354746865850368742 0 0.000000000000000000 -0.000000000000000000
connection 3 21 5.600594853015021357 0 0.000000000000000000 -0.000000000000000000
connection 3 22 6.032820276630607381 0 0.000000000000000000 -0.000000000000000000
connection 3 23 2.920507909634888044 0 0.000000000000000000 -0.000000000000000000
connection 3 24 1.937566269237836147 0 0.000000000000000000 -0.000000000000000000
connection 3 25 7.495407428147948359 0 0.000000000000000000 -0.000000000000000000
connection 3 33 7.843397414577117921 0 0.000000000000000000 -0.000000000000000000
connection 3 26 4.158331360575575175 0 0.000000000000000000 -0.000000000000000000
connection 3 27 4.988313823001759850 0 0.000000000000000000 -0.000000000000000000
connection 3 28 0.734440219028879238 0 0.000000000000000000 -0.000000000000000000
connection 3 29 -0.652569144715820726 0 0.000000000000000000 -0.000000000000000000
connection 3 30 1.783881774001041975 0 0.000000000000000000 -0.000000000000000000
connection 3 31 3.087536620620666916 0 0.000000000000000000 -0.000000000000000000
connection 4 20 5.372283218002589678 0 0.000000000000000000 -0.000000000000000000
connection 4 21 5.550198564323177486 0 0.000000000000000000 -0.000000000000000000
connection 4 22 6.037515124027848401 0 0.000000000000000000 -0.000000000000000000
connection 4 23 2.740527883819969368 0 0.000000000000000000 -0.000000000000000000
connection 4 24 1.672246679882215314 0 0.000000000000000000 -0.000000000000000000
connection 4 25 7.452712506957241523 0 0.000000000000000000 -0.000000000000000000
connection 4 33 7.851883969915260053 0 0.000000000000000000 -0.000000000000000000
connection 4 26 3.956388041775761533 0 0.000000000000000000 -0.000000000000000000
connection 4 27 4.868182984191268048 0 0.000000000000000000 -0.000000000000000000
connection 4 28 0.390146807713625088 0 0.000000000000000000 -0.000000000000000000
connection 4 30 1.422614714443709794 0 0.000000000000000000 -0.000000000000000000
connection 4 31 2.800231618985325799 0 0.000000000000000000 -0.000000000000000000
connection 5 20 5.370798823385862342 0 0.000000000000000000 -0.000000000000000000
connection 5 21 5.475769875849345603 0 0.000000000000000000 -0.000000000000000000
connection 5 22 6.022770238739856730 0 0.000000000000000000 -0.000000000000000000
connection 5 23 2.530973950270496431 0 0.000000000000000000 -0.000000000000000000
connection 5 24 1.377896954743101254 0 0.000000000000000000 -0.000000000000000000
connection 5 25 7.392376328068896107 0 0.000000000000000000 -0.000000000000000000
connection 5 33 7.853291195024272753 0 0.000000000000000000 -0.000000000000000000
connection 5 26 3.723335319505824970 0 0.000000000000000000 -0.000000000000000000
connection 5 27 4.719475350701884508 0 0.000000000000000000 -0.000000000000000000
connection 5 31 2.483857444466756714 0 0.000000000000000000 -0.000000000000000000
connection 5 34 -4.371822451389268949 0 0.000000000000000000 -0.000000000000000000
connection 6 35 6.415354376956206472 0 0.000000000000000000 -0.000000000000000000
connection 6 36 6.702607113279172246 0 0.000000000000000000 -0.000000000000000000
connection 6 37 4.087300772926047543 0 0.000000000000000000 -0.000000000000000000
connection 6 38 3.302409307333192601 0 0.000000000000000000 -0.000000000000000000
connection 6 21 5.375627406301716427 0 0.000000000000000000 -0.000000000000000000
connection 6 22 5.987138765531963003 0 0.000000000000000000 -0.000000000000000000
connection 6 23 2.291408957565563398 0 0.000000000000000000 -0.000000000000000000
connection 6 24 1.055870679416456737 0 0.000000000000000000 -0.000000000000000000
connection 6 25 7.311723407181183632 0 0.000000000000000000 -0.000000000000000000
connection 6 33 7.847247295553505531 0 0.000000000000000000 -0.000000000000000000
connection 6 26 3.459089514294141576 0 0.000000000000000000 -0.000000000000000000
connection 6 27 4.540845750229150823 0 0.000000000000000000 -0.000000000000000000
connection 6 31 2.140539209987176061 0 0.000000000000000000 -0.000000000000000000
connection 6 34 -4.708839907706257044 0 0.000000000000000000 -0.000000000000000000
connection 7 39 7.987339044420046719 0 0.000000000000000000 -0.000000000000000000
connection 7 35 6.411158245523090216 0 0.000000000000000000 -0.000000000000000000
connection 7 36 6.738128370297569170 0 0.000000000000000000 -0.000000000000000000
connection 7 37 3.984128454955142118 0 0.000000000000000000 -0.000000000000000000
connection 7 38 3.118538108498595030 0 0.000000000000000000 -0.000000000000000000
connection 7 21 5.248092105225912185 0 0.000000000000000000 -0.000000000000000000
connection 7 22 5.929049480601998212 0 0.000000000000000000 -0.000000000000000000
connection 7 23 2.021946252548146639 0 0.000000000000000000 -0.000000000000000000
connection 7 24 0.708345463856038804 0 0.000000000000000000 -0.000000000000000000
connection 7 25 7.207644149612622009 0 0.000000000000000000 -0.000000000000000000
connection 7 33 7.832860934359671568 0 0.000000000000000000 -0.000000000000000000
connection 7 26 3.164245318839054910 0 0.000000000000000000 -0.000000000000000000
connection 7 27 4.331244577270383367 0 0.000000000000000000 -0.000000000000000000
connection 7 32 -3.753670086952000329 0 0.000000000000000000 -0.000000000000000000
connection 7 34 -5.012742596790745075 0 0.000000000000000000 -0.000000000000000000
connection 8 39 7.989850249060889809 0 0.000000000000000000 -0.000000000000000000
connection 8 35 6.387711937222424474 0 0.000000000000000000 -0.000000000000000000
connection 8 36 6.758175066857827318 0 0.000000000000000000 -0.000000000000000000
connection 8 37 3.853696101781718841 0 0.000000000000000000 -0.000000000000000000
connection 8 38 2.904630470552710175 0 0.000000000000000000 -0.000000000000000000
connection 8 21 5.091562221941720701 0 0.000000000000000000 -0.000000000000000000
connection 8 22 5.846814539565719393 0 0.000000000000000000 -0.000000000000000000
connection 8 23 1.723362680127992430 0 0.000000000000000000 -0.000000000000000000
connection 8 24 0.338380055667064195 0 0.000000000000000000 -0.000000000000000000
connection 8 25 7.076704308385461495 0 0.000000000000000000 -0.000000000000000000
connection 8 33 7.808635090864737727 0 0.000000000000000000 -0.000000000000000000
connection 8 26 2.840206930220485315 0 0.000000000000000000 -0.000000000000000000
connection 8 27 4.090051959045603702 0 0.000000000000000000 -0.000000000000000000
connection 8 32 -4.109053066647937236 0 0.000000000000000000 -0.000000000000000000
connection 8 34 -5.280018930424605017 0 0.000000000000000000 -0.000000000000000000
connection 9 40 6.718457480064311760 0 0.000000000000000000 -0.000000000000000000
connection 9 39 7.990316740507513948 0 0.000000000000000000 -0.000000000000000000
connection 9 35 6.343553736479695893 0 0.000000000000000000 -0.000000000000000000
connection 9 36 6.761829380263027822 0 0.000000000000000000 -0.000000000000000000
connection 9 37 3.694635182049587296 0 0.000000000000000000 -0.000000000000000000
connection 9 38 2.660344933339138240 0 0.000000000000000000 -0.000000000000000000
connection 9 21 4.904616617428128933 0 0.000000000000000000 -0.000000000000000000
connection 9 22 5.738660200133834266 0 0.000000000000000000 -0.000000000000000000
connection 9 23 1.397203242234617226 0 0.000000000000000000 -0.000000000000000000
connection 9 25 6.915311747283495514 0 0.000000000000000000 -0.000000000000000000
connection 9 33 7.772405080043086834 0 0.000000000000000000 -0.000000000000000000
connection 9 26 2.489297130556956894 0 0.000000000000000000 -0.000000000000000000
connection 9 27 3.817225619347913046 0 0.000000000000000000 -0.000000000000000000
connection 9 32 -4.434202511412420833 0 0.000000000000000000 -0.000000000000000000
connection 9 34 -5.508061432869090446 0 0.000000000000000000 -0.000000000000000000
connection 10 40 6.813657286289230619 0 0.000000000000000000 -0.000000000000000000
connection 10 39 7.988736355420026136 0 0.000000000000000000 -0.000000000000000000
connection 10 35 6.277038607151038008 0 0.000000000000000000 -0.000000000000000000
connection 10 36 6.747996497032960228 0 0.000000000000000000 -0.000000000000000000
connection 10 37 3.505838156888178236 0 0.000000000000000000 -0.000000000000000000
connection 10 38 2.385917663575176206 0 0.000000000000000000 -0.000000000000000000
connection 10 21 4.686145067349412940 0 0.000000000000000000 -0.000000000000000000
connection 10 22 5.602785635430574729 0 0.000000000000000000 -0.000000000000000000
connection 10 23 1.045865589384462835 0 0.000000000000000000 -0.000000000000000000
connection 10 41 7.469187651115102078 0 0.000000000000000000 -0.000000000000000000
connection 10 42 7.826952058550414648 0 0.000000000000000000 -0.000000000000000000
connection 10 43 5.559651445743482689 0 0.000000000000000000 -0.000000000000000000
connection 10 44 4.374928991631047204 0 0.000000000000000000 -0.000000000000000000
connection 10 33 7.721311656150841252 0 0.000000000000000000 -0.000000000000000000
connection 10 27 3.513451502250953595 0 0.000000000000000000 -0.000000000000000000
connection 10 29 -3.466413230209288265 0 0.000000000000000000 -0.000000000000000000
connection 10 32 -4.724710459817840658 0 0.000000000000000000 -0.000000000000000000
connection 10 34 -5.695043202506135493 0 0.000000000000000000 -0.000000000000000000
connection 11 40 6.925421354866442947 0 0.000000000000000000 -0.000000000000000000
connection 11 39 7.984497650477783814 0 0.000000000000000000 -0.000000000000000000
connection 11 35 6.186350586017054454 0 0.000000000000000000 -0.000000000000000000
connection 11 36 6.715363100096009674 0 0.000000000000000000 -0.000000000000000000
connection 11 37 3.286562012583885473 0 0.000000000000000000 -0.000000000000000000
connection 11 38 2.082280170196675773 0 0.000000000000000000 -0.000000000000000000
connection 11 21 4.435500486584727398 0 0.000000000000000000 -0.000000000000000000
connection 11 22 5.437453255523026385 0 0.000000000000000000 -0.000000000000000000
connection 11 41 7.306488604919808338 0 0.000000000000000000 -0.000000000000000000
connection 11 42 7.749088998575472509 0 0.000000000000000000 -0.000000000000000000
connection 11 43 5.261341984418915096 0 0.000000000000000000 -0.000000000000000000
connection 11 33 7.651820479066437031 0 0.000000000000000000 -0.000000000000000000
connection 11 27 3.180282894117994807 0 0.000000000000000000 -0.000000000000000000
connection 11 29 -3.811032228150192935 0 0.000000000000000000 -0.000000000000000000
connection 11 30 -1.364805552060074589 0 0.000000000000000000 -0.000000000000000000
connection 11 32 -4.977018146256313891 0 0.000000000000000000 -0.000000000000000000
connection 11 34 -5.839697683073084455 0 0.000000000000000000 -0.000000000000000000
connection 12 40 7.051739651627387140 0 0.000000000000000000 -0.000000000000000000
connection 12 39 7.976268777270357546 0 0.000000000000000000 -0.000000000000000000
connection 12 45 7.972783124893807916 0 0.000000000000000000 -0.000000000000000000
connection 12 35 6.069543918443655706 0 0.000000000000000000 -0.000000000000000000
connection 12 36 6.662369750178384287 0 0.000000000000000000 -0.000000000000000000
connection 12 37 3.036546074714551846 0 0.000000000000000000 -0.000000000000000000
connection 12 38 1.751166084635462861 0 0.000000000000000000 -0.000000000000000000
connection 12 21 4.152663857363874556 0 0.000000000000000000 -0.000000000000000000
connection 12 22 5.241111279754018248 0 0.000000000000000000 -0.000000000000000000
connection 12 41 7.103721289225247482 0 0.000000000000000000 -0.000000000000000000
connection 12 42 7.643097595213909301 0 0.000000000000000000 -0.000000000000000000
connection 12 43 4.927548928771324555 0 0.000000000000000000 -0.000000000000000000
connection 12 33 7.559798548515524352 0 0.000000000000000000 -0.000000000000000000
connection 12 29 -4.123688217233975273 0 0.000000000000000000 -0.000000000000000000
connection 12 30 -1.722465694566521988 0 0.000000000000000000 -0.000000000000000000
connection 12 32 -5.188364290457248451 0 0.000000000000000000 -0.000000000000000000
connection 12 34 -5.941024370657273401 0 0.000000000000000000 -0.000000000000000000
connection 13 40 7.189725306664191073 0 0.000000000000000000 -0.000000000000000000
connection 13 39 7.961906241886111069 0 0.000000000000000000 -0.000000000000000000
connection 13 45 7.972513926120192274 0 0.000000000000000000 -0.000000000000000000
connection 13 35 5.924618013187934018 0 0.000000000000000000 -0.000000000000000000
connection 13 36 6.587204613034210787 0 0.000000000000000000 -0.000000000000000000
connection 13 37 2.756137623722181296 0 0.000000000000000000 -0.000000000000000000
connection 13 38 1.395194152094926254 0 0.000000000000000000 -0.000000000000000000
connection 13 21 3.838408585510646454 0 0.000000000000000000 -0.000000000000000000
connection 13 22 5.012545695482727659 0 0.000000000000000000 -0.000000000000000000
connection 13 41 6.856337272554434037 0 0.000000000000000000 -0.000000000000000000
connection 13 42 7.502978699254438943 0 0.000000000000000000 -0.000000000000000000
connection 13 43 4.559734017349129864 0 0.000000000000000000 -0.000000000000000000
connection 13 33 7.440656104261625714 0 0.000000000000000000 -0.000000000000000000
connection 13 28 -3.149031416014005824 0 0.000000000000000000 -0.000000000000000000
connection 13 29 -4.399940820964964416 0 0.000000000000000000 -0.000000000000000000
connection 13 30 -2.049627391276120036 0 0.000000000000000000 -0.000000000000000000
connection 13 32 -5.356636496220719579 0 0.000000000000000000 -0.000000000000000000
connection 13 34 -5.997953774413254280 0 0.000000000000000000 -0.000000000000000000
connection 20 39 -7.511292510700660507 0 0.000000000000000000 -0.000000000000000000
connection 20 35 -4.405676531351749858 0 0.000000000000000000 -0.000000000000000000
connection 20 36 1.452355743765598506 0 0.000000000000000000 -0.000000000000000000
connection 20 38 -5.519027226881140002 0 0.000000000000000000 -0.000000000000000000
connection 20 25 5.006026070748537116 0 0.000000000000000000 -0.000000000000000000
connection 20 26 1.181145056639006263 0 0.000000000000000000 -0.000000000000000000
connection 20 27 -4.437747494343586396 0 0.000000000000000000 -0.000000000000000000
connection 20 29 2.789192314639939774 0 0.000000000000000000 -0.000000000000000000
connection 23 39 -6.725015502874590823 0 0.000000000000000000 -0.000000000000000000
connection 23 35 -2.992458506487355230 0 0.000000000000000000 -0.000000000000000000
connection 23 36 2.998649101644524695 0 0.000000000000000000 -0.000000000000000000
connection 23 37 1.571436590012888157 0 0.000000000000000000 -0.000000000000000000
connection 23 38 -4.228163328593398163 0 0.000000000000000000 -0.000000000000000000
connection 23 26 3.228946706494358221 0 0.000000000000000000 -0.000000000000000000
connection 23 29 4.654041674788061300 0 0.000000000000000000 -0.000000000000000000
connection 26 39 -3.467111265122019947 0 0.000000000000000000 -0.000000000000000000
connection 26 35 -1.068934188913417849 0 0.000000000000000000 -0.000000000000000000
connection 26 36 4.405890815617225620 0 0.000000000000000000 -0.000000000000000000
connection 26 37 2.977909118618460749 0 0.000000000000000000 -0.000000000000000000
connection 26 38 -2.026568612947713177 0 0.000000000000000000 -0.000000000000000000
connection 26 22 -3.265737020794685197 0 0.000000000000000000 -0.000000000000000000
connection 26 23 -2.831668213214918683 0 0.000000000000000000 -0.000000000000000000
connection 27 39 -4.606978858321207682 0 0.000000000000000000 -0.000000000000000000
connection 27 35 -1.815634162221024139 0 0.000000000000000000 -0.000000000000000000
connection 27 36 3.895898917561613217 0 0.000000000000000000 -0.000000000000000000
connection 27 37 2.435432353015330342 0 0.000000000000000000 -0.000000000000000000
connection 27 38 -2.834007486068189863 0 0.000000000000000000 -0.000000000000000000
connection 27 21 -2.276136935054517529 0 0.000000000000000000 -0.000000000000000000
connection 27 22 -4.359605237264849720 0 0.000000000000000000 -0.000000000000000000
connection 27 23 -4.071070954447163714 0 0.000000000000000000 -0.000000000000000000
connection 28 39 -4.977061626131982663 0 0.000000000000000000 -0.000000000000000000
connection 28 35 -1.315202129819524224 0 0.000000000000000000 -0.000000000000000000
connection 28 36 4.491262012072074761 0 0.000000000000000000 -0.000000000000000000
connection 28 37 3.118895176353765564 0 0.000000000000000000 -0.000000000000000000
connection 28 38 -2.529080354082461124 0 0.000000000000000000 -0.000000000000000000
connection 21 39 -5.671079875824763583 0 0.000000000000000000 -0.000000000000000000
connection 21 35 -2.652225175090929810 0 0.000000000000000000 -0.000000000000000000
connection 21 36 3.222924887889685230 0 0.000000000000000000 -0.000000000000000000
connection 21 37 1.730840256453920034 0 0.000000000000000000 -0.000000000000000000
connection 21 38 -3.708277288502520364 0 0.000000000000000000 -0.000000000000000000
connection 21 28 3.139642762584847979 0 0.000000000000000000 -0.000000000000000000
connection 22 39 -6.566211612042590851 0 0.000000000000000000 -0.000000000000000000
connection 22 35 -3.502337857731852466 0 0.000000000000000000 -0.000000000000000000
connection 22 36 2.434064720235900481 0 0.000000000000000000 -0.000000000000000000
connection 22 37 0.921552679589273338 0 0.000000000000000000 -0.000000000000000000
connection 22 38 -4.568775987527633475 0 0.000000000000000000 -0.000000000000000000
connection 22 26 4.615549214324666139 0 0.000000000000000000 -0.000000000000000000
connection 22 28 1.170014817992726552 0 0.000000000000000000 -0.000000000000000000
connection 25 35 -0.857880400993226822 0 0.000000000000000000 -0.000000000000000000
connection 25 36 3.571042950521761572 0 0.000000000000000000 -0.000000000000000000
connection 25 37 2.137092994410894065 0 0.000000000000000000 -0.000000000000000000
connection 25 21 3.636432801304740892 0 0.000000000000000000 -0.000000000000000000
connection 25 24 5.141478027696568809 0 0.000000000000000000 -0.000000000000000000
connection 29 39 -3.923408297862069904 0 0.000000000000000000 -0.000000000000000000
connection 29 35 -0.558993797364041867 0 0.000000000000000000 -0.000000000000000000
connection 29 36 5.033721669245262653 0 0.000000000000000000 -0.000000000000000000
connection 29 37 3.697143738190645124 0 0.000000000000000000 -0.000000000000000000
connection 29 38 -1.726015807022956317 0 0.000000000000000000 -0.000000000000000000
connection 30 39 -1.400034904599025021 0 0.000000000000000000 -0.000000000000000000
connection 30 36 4.811628357999090611 0 0.000000000000000000 -0.000000000000000000
connection 30 37 3.405612487734479998 0 0.000000000000000000 -0.000000000000000000
connection 30 38 -0.916442332239435498 0 0.000000000000000000 -0.000000000000000000
connection 30 21 2.269041034395582912 0 0.000000000000000000 -0.000000000000000000
connection 30 24 3.856053133261466925 0 0.000000000000000000 -0.000000000000000000
connection 31 39 -2.362929669273721167 0 0.000000000000000000 -0.000000000000000000
connection 31 35 -0.484923433093840339 0 0.000000000000000000 -0.000000000000000000
connection 31 36 4.719359047513311367 0 0.000000000000000000 -0.000000000000000000
connection 31 37 3.312868522815559214 0 0.000000000000000000 -0.000000000000000000
connection 31 38 -1.365336053886000656 0 0.000000000000000000 -0.000000000000000000
connection 31 24 2.626987953310670587 0 0.000000000000000000 -0.000000000000000000
connection 32 39 -2.875026495904585921 0 0.000000000000000000 -0.000000000000000000
connection 32 36 5.395838490549249578 0 0.000000000000000000 -0.000000000000000000
connection 32 37 4.084066392474765550 0 0.000000000000000000 -0.000000000000000000
connection 32 38 -1.056847349480013465 0 0.000000000000000000 -0.000000000000000000
connection 32 22 -2.658095765282920020 0 0.000000000000000000 -0.000000000000000000
connection 33 39 -3.061208224348067830 0 0.000000000000000000 -0.000000000000000000
connection 33 35 -1.963786453746565019 0 0.000000000000000000 -0.000000000000000000
connection 33 36 3.129074365092912480 0 0.000000000000000000 -0.000000000000000000
connection 33 37 1.640400966085955758 0 0.000000000000000000 -0.000000000000000000
connection 33 38 -2.599038439644219878 0 0.000000000000000000 -0.000000000000000000
connection 33 22 -2.947723738456390130 0 0.000000000000000000 -0.000000000000000000
connection 33 24 2.580886764644609421 0 0.000000000000000000 -0.000000000000000000
connection 34 35 0.439626143514726286 0 0.000000000000000000 -0.000000000000000000
connection 34 37 4.248210987769332370 0 0.000000000000000000 -0.000000000000000000
connection 34 38 -0.588771765196473451 0 0.000000000000000000 -0.000000000000000000
connection 34 21 0.986830282798833780 0 0.000000000000000000 -0.000000000000000000
connection 34 24 2.558950399467767145 0 0.000000000000000000 -0.000000000000000000
connection 24 39 -5.936131784912913822 0 0.000000000000000000 -0.000000000000000000
connection 24 35 -2.150829801215421888 0 0.000000000000000000 -0.000000000000000000
connection 24 36 3.797958342788496644 0 0.000000000000000000 -0.000000000000000000
connection 24 37 2.391930435596522297 0 0.000000000000000000 -0.000000000000000000
connection 24 38 -3.388529292809404403 0 0.000000000000000000 -0.000000000000000000
connection 24 26 4.931431027046059512 0 0.000000000000000000 -0.000000000000000000
connection 24 28 1.455744458298694921 0 0.000000000000000000 -0.000000000000000000
connection 44 35 -0.562383652402248302 0 0.000000000000000000 -0.000000000000000000
connection 44 36 3.969310909106608332 0 0.000000000000000000 -0.000000000000000000
connection 44 37 2.530896060100443101 0 0.000000000000000000 -0.000000000000000000
connection 44 21 3.533309453057586147 0 0.000000000000000000 -0.000000000000000000
connection 44 24 5.033679753012231473 0 0.000000000000000000 -0.000000000000000000
connection 35 39 -7.237361416508748313 0 0.000000000000000000 -0.000000000000000000
connection 35 35 -4.298040156496944597 0 0.000000000000000000 -0.000000000000000000
connection 35 36 1.587704066017493698 0 0.000000000000000000 -0.000000000000000000
connection 35 38 -5.347676522331506810 0 0.000000000000000000 -0.000000000000000000
connection 35 26 2.892275221062669210 0 0.000000000000000000 -0.000000000000000000
connection 35 29 4.298626081348546180 0 0.000000000000000000 -0.000000000000000000
connection 45 39 -7.267169117378649013 0 0.000000000000000000 -0.000000000000000000
connection 45 35 -5.271392009639036758 0 0.000000000000000000 -0.000000000000000000
connection 45 36 0.217197188756565435 0 0.000000000000000000 -0.000000000000000000
connection 45 37 -1.347094491147027284 0 0.000000000000000000 -0.000000000000000000
connection 45 38 -6.044680172108865435 0 0.000000000000000000 -0.000000000000000000
connection 45 26 4.091757467919030944 0 0.000000000000000000 -0.000000000000000000
connection 45 28 0.724243506262143844 0 0.000000000000000000 -0.000000000000000000
connection 45 29 5.237257985858726705 0 0.000000000000000000 -0.000000000000000000
connection 36 39 -7.675261991756564761 0 0.000000000000000000 -0.000000000000000000
connection 36 35 -4.989923238326303689 0 0.000000000000000000 -0.000000000000000000
connection 36 36 0.745445014141321916 0 0.000000000000000000 -0.000000000000000000
connection 36 37 -0.753196502950030600 0 0.000000000000000000 -0.000000000000000000
connection 36 38 -6.000553353722478001 0 0.000000000000000000 -0.000000000000000000
connection 36 25 4.797365826463288130 0 0.000000000000000000 -0.000000000000000000
connection 36 26 1.032027115712529364 0 0.000000000000000000 -0.000000000000000000
connection 36 29 2.616446957232910542 0 0.000000000000000000 -0.000000000000000000
connection 37 39 -7.684484098865159041 0 0.000000000000000000 -0.000000000000000000
connection 37 35 -4.455335151350916512 0 0.000000000000000000 -0.000000000000000000
connection 37 36 1.312258367142743909 0 0.000000000000000000 -0.000000000000000000
connection 37 38 -5.621034030835595274 0 0.000000000000000000 -0.000000000000000000
connection 37 41 4.647043231307574018 0 0.000000000000000000 -0.000000000000000000
connection 37 42 1.296226696495995645 0 0.000000000000000000 -0.000000000000000000
connection 37 43 2.720098699474871484 0 0.000000000000000000 -0.000000000000000000
connection 37 26 -0.586410174770770620 0 0.000000000000000000 -0.000000000000000000
connection 37 27 -5.816723059124702111 0 0.000000000000000000 -0.000000000000000000
connection 37 29 1.145853073428713120 0 0.000000000000000000 -0.000000000000000000
connection 38 39 -7.306662303170913475 0 0.000000000000000000 -0.000000000000000000
connection 38 35 -3.775979628135831323 0 0.000000000000000000 -0.000000000000000000
connection 38 36 2.150148176396938560 0 0.000000000000000000 -0.000000000000000000
connection 38 37 0.720071745159745591 0 0.000000000000000000 -0.000000000000000000
connection 38 38 -4.985634908641534579 0 0.000000000000000000 -0.000000000000000000
connection 38 25 5.212086359465021523 0 0.000000000000000000 -0.000000000000000000
connection 38 26 1.333669173863061941 0 0.000000000000000000 -0.000000000000000000
connection 38 27 -4.322174365131470353 0 0.000000000000000000 -0.000000000000000000
connection 38 29 2.962677350356973438 0 0.000000000000000000 -0.000000000000000000
connection 39 39 -5.529828965387413753 0 0.000000000000000000 -0.000000000000000000
connection 39 35 -3.638056425807683958 0 0.000000000000000000 -0.000000000000000000
connection 39 36 1.876901964116381549 0 0.000000000000000000 -0.000000000000000000
connection 39 37 0.322867291326211558 0 0.000000000000000000 -0.000000000000000000
connection 39 38 -4.398992368941492259 0 0.000000000000000000 -0.000000000000000000
connection 39 21 -2.798621144172762421 0 0.000000000000000000 -0.000000000000000000
connection 39 22 -5.338400987020318844 0 0.000000000000000000 -0.000000000000000000
connection 39 23 -4.892445848676795883 0 0.000000000000000000 -0.000000000000000000
connection 39 27 2.867501547853660515 0 0.000000000000000000 -0.000000000000000000
connection 39 28 4.511561723571855254 0 0.000000000000000000 -0.000000000000000000
connection 40 21 6.079304826943853435 0 0.000000000000000000 -0.000000000000000000
connection 40 22 1.164678617049647036 0 0.000000000000000000 -0.000000000000000000
connection 40 23 2.664793308823984574 0 0.000000000000000000 -0.000000000000000000
connection 40 24 7.079488181058588125 0 0.000000000000000000 -0.000000000000000000
connection 41 93 -1.191313536371677806 0 0.000000000000000000 -0.000000000000000000
connection 42 93 -1.718321588545588918 0 0.000000000000000000 -0.000000000000000000
connection 43 39 -1.670713131422268516 0 0.000000000000000000 -0.000000000000000000
connection 43 35 -0.896947543342876075 0 0.000000000000000000 -0.000000000000000000
connection 43 36 3.957014328852750396 0 0.000000000000000000 -0.000000000000000000
connection 43 37 2.510081166057003710 0 0.000000000000000000 -0.000000000000000000
connection 43 38 -1.525655056552063016 0 0.000000000000000000 -0.000000000000000000
connection 43 21 2.365100063019041965 0 0.000000000000000000 -0.000000000000000000
connection 43 24 4.001507635652813200 0 0.000000000000000000 -0.000000000000000000
connection 40 15 7.931679274804830371 0 0.000000000000000000 -0.000000000000000000
connection 93 15 7.101820483230033787 0 0.000000000000000000 -0.000000000000000000
connection 40 16 7.325456200475050750 0 0.000000000000000000 -0.000000000000000000
connection 93 16 6.669244565208603426 0 0.000000000000000000 -0.000000000000000000
connection 93 18 4.466241668818875077 0 0.000000000000000000 -0.000000000000000000
connection 40 19 1.555188609941749123 0 0.000000000000000000 -0.000000000000000000
connection 93 19 2.449522444376681207 0 0.000000000000000000 -0.000000000000000000
NNend

