NNstart
14 8
neuron 1 1.000000000000000000 0.000000000000000000 0.000000000000000000 695032241095860338538548230109275778764797173932555169984435490450240515799347736870347882889216.000000000000000000 11 0.000000000000000000
neuron 1 1.000000000000000000 0.000000000000000000 0.000000000000000000 695032241095860338538548230109275778764797173932555169984435490450240515799347736870347882889216.000000000000000000 11 0.000000000000000000
neuron 1 1.000000000000000000 0.000000000000000000 0.000000000000000000 695032241095860338538548230109275778764797173932555169984435490450240515799347736870347882889216.000000000000000000 11 0.000000000000000000
neuron 1 1.000000000000000000 0.000000000000000000 0.000000000000000000 695032241095860338538548230109275778764797173932555169984435490450240515799347736870347882889216.000000000000000000 11 0.000000000000000000
neuron 1 1.000000000000000000 0.000000000000000000 0.000000000000000000 695032241095860338538548230109275778764797173932555169984435490450240515799347736870347882889216.000000000000000000 11 0.000000000000000000
neuron 1 1.000000000000000000 0.000000000000000000 0.000000000000000000 695032241095860338538548230109275778764797173932555169984435490450240515799347736870347882889216.000000000000000000 11 0.000000000000000000
neuron 1 1.000000000000000000 0.000000000000000000 0.000000000000000000 695032241095860338538548230109275778764797173932555169984435490450240515799347736870347882889216.000000000000000000 11 0.000000000000000000
neuron 1 1.000000000000000000 0.000000000000000000 0.000000000000000000 695032241095860338538548230109275778764797173932555169984435490450240515799347736870347882889216.000000000000000000 11 0.000000000000000000
neuron 1 1.000000000000000000 0.000000000000000000 0.000000000000000000 695032241095860338538548230109275778764797173932555169984435490450240515799347736870347882889216.000000000000000000 11 0.000000000000000000
neuron 1 1.000000000000000000 0.000000000000000000 0.000000000000000000 695032241095860338538548230109275778764797173932555169984435490450240515799347736870347882889216.000000000000000000 11 0.000000000000000000
neuron 1 1.000000000000000000 0.000000000000000000 0.000000000000000000 695032241095860338538548230109275778764797173932555169984435490450240515799347736870347882889216.000000000000000000 11 0.000000000000000000
neuron 1 1.000000000000000000 0.000000000000000000 0.000000000000000000 695032241095860338538548230109275778764797173932555169984435490450240515799347736870347882889216.000000000000000000 11 0.000000000000000000
neuron 1 1.000000000000000000 0.000000000000000000 0.000000000000000000 695032241095860338538548230109275778764797173932555169984435490450240515799347736870347882889216.000000000000000000 11 0.000000000000000000
neuron 2 1.000000000000000000 0.000000000000000000 0.000000000000000000 0.000000000000000000 11 0.000000000000000000
neuron 4 1.000000000000000000 0.000000000000000000 0.000000000000000000 695032241095860338538548230109275778764797173932555169984435490450240515799347736870347882889216.000000000000000000 1 0.000000000000000000
neuron 4 1.000000000000000000 0.000000000000000000 0.000000000000000000 695032241095860338538548230109275778764797173932555169984435490450240515799347736870347882889216.000000000000000000 1 0.000000000000000000
neuron 4 1.000000000000000000 0.000000000000000000 0.000000000000000000 695032241095860338538548230109275778764797173932555169984435490450240515799347736870347882889216.000000000000000000 1 0.000000000000000000
neuron 4 1.000000000000000000 0.000000000000000000 0.000000000000000000 695032241095860338538548230109275778764797173932555169984435490450240515799347736870347882889216.000000000000000000 1 0.000000000000000000
neuron 4 1.000000000000000000 0.000000000000000000 0.000000000000000000 695032241095860338538548230109275778764797173932555169984435490450240515799347736870347882889216.000000000000000000 1 0.000000000000000000
neuron 4 1.000000000000000000 0.000000000000000000 0.000000000000000000 695032241095860338538548230109275778764797173932555169984435490450240515799347736870347882889216.000000000000000000 1 0.000000000000000000
neuron 4 1.000000000000000000 0.000000000000000000 0.000000000000000000 695032241095860338538548230109275778764797173932555169984435490450240515799347736870347882889216.000000000000000000 1 0.000000000000000000
neuron 4 1.000000000000000000 0.000000000000000000 0.000000000000000000 695032241095860338538548230109275778764797173932555169984435490450240515799347736870347882889216.000000000000000000 1 0.000000000000000000
neuron 3 1.000000000000000000 0.000000000000000000 0.000000000000000000 695032241095860338538548230109275778764797173932555169984435490450240515799347736870347882889216.000000000000000000 0 0.000000000000000000
neuron 3 1.000000000000000000 0.000000000000000000 0.000000000000000000 695032241095860338538548230109275778764797173932555169984435490450240515799347736870347882889216.000000000000000000 0 0.000000000000000000
neuron 3 1.000000000000000000 0.000000000000000000 0.000000000000000000 695032241095860338538548230109275778764797173932555169984435490450240515799347736870347882889216.000000000000000000 0 0.000000000000000000
neuron 3 1.000000000000000000 0.000000000000000000 0.000000000000000000 695032241095860338538548230109275778764797173932555169984435490450240515799347736870347882889216.000000000000000000 0 0.000000000000000000
neuron 3 1.000000000000000000 0.000000000000000000 0.000000000000000000 695032241095860338538548230109275778764797173932555169984435490450240515799347736870347882889216.000000000000000000 0 0.000000000000000000
neuron 3 1.000000000000000000 0.000000000000000000 0.000000000000000000 695032241095860338538548230109275778764797173932555169984435490450240515799347736870347882889216.000000000000000000 0 0.000000000000000000
neuron 3 1.000000000000000000 0.000000000000000000 0.000000000000000000 695032241095860338538548230109275778764797173932555169984435490450240515799347736870347882889216.000000000000000000 0 0.000000000000000000
neuron 3 1.000000000000000000 0.000000000000000000 0.000000000000000000 695032241095860338538548230109275778764797173932555169984435490450240515799347736870347882889216.000000000000000000 0 0.000000000000000000
neuron 3 1.000000000000000000 0.000000000000000000 0.000000000000000000 695032241095860338538548230109275778764797173932555169984435490450240515799347736870347882889216.000000000000000000 0 0.000000000000000000
neuron 3 1.000000000000000000 0.000000000000000000 0.000000000000000000 695032241095860338538548230109275778764797173932555169984435490450240515799347736870347882889216.000000000000000000 0 0.000000000000000000
neuron 3 1.000000000000000000 0.000000000000000000 0.000000000000000000 695032241095860338538548230109275778764797173932555169984435490450240515799347736870347882889216.000000000000000000 0 0.000000000000000000
neuron 3 1.000000000000000000 0.000000000000000000 0.000000000000000000 695032241095860338538548230109275778764797173932555169984435490450240515799347736870347882889216.000000000000000000 0 0.000000000000000000
neuron 3 1.000000000000000000 0.000000000000000000 0.000000000000000000 695032241095860338538548230109275778764797173932555169984435490450240515799347736870347882889216.000000000000000000 0 0.000000000000000000
connection 0 22 -5.663308482598797156 0 0.000000000000000000 695032241095860338538548230109275778764797173932555169984435490450240515799347736870347882889216.000000000000000000
connection 0 23 -3.812283390204839861 0 0.000000000000000000 695032241095860338538548230109275778764797173932555169984435490450240515799347736870347882889216.000000000000000000
connection 0 24 5.419552928470407593 0 0.000000000000000000 695032241095860338538548230109275778764797173932555169984435490450240515799347736870347882889216.000000000000000000
connection 0 25 5.350993181731211301 0 0.000000000000000000 695032241095860338538548230109275778764797173932555169984435490450240515799347736870347882889216.000000000000000000
connection 0 26 4.229175323723508129 0 0.000000000000000000 695032241095860338538548230109275778764797173932555169984435490450240515799347736870347882889216.000000000000000000
connection 0 27 2.390939862633683077 0 0.000000000000000000 695032241095860338538548230109275778764797173932555169984435490450240515799347736870347882889216.000000000000000000
connection 1 22 -5.863706610513125028 0 0.000000000000000000 695032241095860338538548230109275778764797173932555169984435490450240515799347736870347882889216.000000000000000000
connection 1 23 -3.643372536389886562 0 0.000000000000000000 695032241095860338538548230109275778764797173932555169984435490450240515799347736870347882889216.000000000000000000
connection 1 24 5.348282641594019893 0 0.000000000000000000 695032241095860338538548230109275778764797173932555169984435490450240515799347736870347882889216.000000000000000000
connection 1 25 5.367063766730426622 0 0.000000000000000000 695032241095860338538548230109275778764797173932555169984435490450240515799347736870347882889216.000000000000000000
connection 1 26 4.403630919146385381 0 0.000000000000000000 695032241095860338538548230109275778764797173932555169984435490450240515799347736870347882889216.000000000000000000
connection 1 27 2.555108095167667237 0 0.000000000000000000 695032241095860338538548230109275778764797173932555169984435490450240515799347736870347882889216.000000000000000000
connection 2 22 -6.015685744292687431 0 0.000000000000000000 695032241095860338538548230109275778764797173932555169984435490450240515799347736870347882889216.000000000000000000
connection 2 23 -3.481063351106554737 0 0.000000000000000000 695032241095860338538548230109275778764797173932555169984435490450240515799347736870347882889216.000000000000000000
connection 2 24 5.269440237999134524 0 0.000000000000000000 695032241095860338538548230109275778764797173932555169984435490450240515799347736870347882889216.000000000000000000
connection 2 25 5.365693263433597870 0 0.000000000000000000 695032241095860338538548230109275778764797173932555169984435490450240515799347736870347882889216.000000000000000000
connection 2 26 4.559124882270269907 0 0.000000000000000000 695032241095860338538548230109275778764797173932555169984435490450240515799347736870347882889216.000000000000000000
connection 2 27 2.738207774656047810 0 0.000000000000000000 695032241095860338538548230109275778764797173932555169984435490450240515799347736870347882889216.000000000000000000
connection 3 22 -6.117817761281349576 0 0.000000000000000000 695032241095860338538548230109275778764797173932555169984435490450240515799347736870347882889216.000000000000000000
connection 3 23 -3.326362055902311710 0 0.000000000000000000 695032241095860338538548230109275778764797173932555169984435490450240515799347736870347882889216.000000000000000000
connection 3 24 5.183606516555389732 0 0.000000000000000000 695032241095860338538548230109275778764797173932555169984435490450240515799347736870347882889216.000000000000000000
connection 3 25 5.348279929573640068 0 0.000000000000000000 695032241095860338538548230109275778764797173932555169984435490450240515799347736870347882889216.000000000000000000
connection 3 26 4.693863547937549896 0 0.000000000000000000 695032241095860338538548230109275778764797173932555169984435490450240515799347736870347882889216.000000000000000000
connection 3 27 2.934581699475205863 0 0.000000000000000000 695032241095860338538548230109275778764797173932555169984435490450240515799347736870347882889216.000000000000000000
connection 4 22 -6.169882465066780064 0 0.000000000000000000 695032241095860338538548230109275778764797173932555169984435490450240515799347736870347882889216.000000000000000000
connection 4 23 -3.179670753275151807 0 0.000000000000000000 695032241095860338538548230109275778764797173932555169984435490450240515799347736870347882889216.000000000000000000
connection 4 24 5.091257523280438235 0 0.000000000000000000 695032241095860338538548230109275778764797173932555169984435490450240515799347736870347882889216.000000000000000000
connection 4 25 5.316223996802650120 0 0.000000000000000000 695032241095860338538548230109275778764797173932555169984435490450240515799347736870347882889216.000000000000000000
connection 4 26 4.806742443271693865 0 0.000000000000000000 695032241095860338538548230109275778764797173932555169984435490450240515799347736870347882889216.000000000000000000
connection 4 27 3.138492789100046476 0 0.000000000000000000 695032241095860338538548230109275778764797173932555169984435490450240515799347736870347882889216.000000000000000000
connection 5 22 -6.172862935819695807 0 0.000000000000000000 695032241095860338538548230109275778764797173932555169984435490450240515799347736870347882889216.000000000000000000
connection 5 23 -3.040865828093776368 0 0.000000000000000000 695032241095860338538548230109275778764797173932555169984435490450240515799347736870347882889216.000000000000000000
connection 5 24 4.992778580975784308 0 0.000000000000000000 695032241095860338538548230109275778764797173932555169984435490450240515799347736870347882889216.000000000000000000
connection 5 25 5.270878239949199795 0 0.000000000000000000 695032241095860338538548230109275778764797173932555169984435490450240515799347736870347882889216.000000000000000000
connection 5 26 4.897283592160075472 0 0.000000000000000000 695032241095860338538548230109275778764797173932555169984435490450240515799347736870347882889216.000000000000000000
connection 5 27 3.344335524505472446 0 0.000000000000000000 695032241095860338538548230109275778764797173932555169984435490450240515799347736870347882889216.000000000000000000
connection 6 22 -6.128885138908112040 0 0.000000000000000000 695032241095860338538548230109275778764797173932555169984435490450240515799347736870347882889216.000000000000000000
connection 6 23 -2.909388854664968882 0 0.000000000000000000 695032241095860338538548230109275778764797173932555169984435490450240515799347736870347882889216.000000000000000000
connection 6 24 4.888478946401937364 0 0.000000000000000000 695032241095860338538548230109275778764797173932555169984435490450240515799347736870347882889216.000000000000000000
connection 6 25 5.213511555081440818 0 0.000000000000000000 695032241095860338538548230109275778764797173932555169984435490450240515799347736870347882889216.000000000000000000
connection 6 26 4.965554815156764334 0 0.000000000000000000 695032241095860338538548230109275778764797173932555169984435490450240515799347736870347882889216.000000000000000000
connection 6 27 3.546825532584588547 0 0.000000000000000000 695032241095860338538548230109275778764797173932555169984435490450240515799347736870347882889216.000000000000000000
connection 7 22 -6.041105886218621990 0 0.000000000000000000 695032241095860338538548230109275778764797173932555169984435490450240515799347736870347882889216.000000000000000000
connection 7 23 -2.784343283121725854 0 0.000000000000000000 695032241095860338538548230109275778764797173932555169984435490450240515799347736870347882889216.000000000000000000
connection 7 24 4.778606255675947878 0 0.000000000000000000 695032241095860338538548230109275778764797173932555169984435490450240515799347736870347882889216.000000000000000000
connection 7 25 5.145284634447017780 0 0.000000000000000000 695032241095860338538548230109275778764797173932555169984435490450240515799347736870347882889216.000000000000000000
connection 7 26 5.012078011991780713 0 0.000000000000000000 695032241095860338538548230109275778764797173932555169984435490450240515799347736870347882889216.000000000000000000
connection 7 27 3.741158760801025274 0 0.000000000000000000 695032241095860338538548230109275778764797173932555169984435490450240515799347736870347882889216.000000000000000000
connection 8 22 -5.913556565517964714 0 0.000000000000000000 695032241095860338538548230109275778764797173932555169984435490450240515799347736870347882889216.000000000000000000
connection 8 23 -2.664590894159161394 0 0.000000000000000000 695032241095860338538548230109275778764797173932555169984435490450240515799347736870347882889216.000000000000000000
connection 8 24 4.663360161647784885 0 0.000000000000000000 695032241095860338538548230109275778764797173932555169984435490450240515799347736870347882889216.000000000000000000
connection 8 25 5.067236316283800335 0 0.000000000000000000 695032241095860338538548230109275778764797173932555169984435490450240515799347736870347882889216.000000000000000000
connection 8 26 5.037733009337962642 0 0.000000000000000000 695032241095860338538548230109275778764797173932555169984435490450240515799347736870347882889216.000000000000000000
connection 8 27 3.923134337142986539 0 0.000000000000000000 695032241095860338538548230109275778764797173932555169984435490450240515799347736870347882889216.000000000000000000
connection 9 22 -5.750952752558296410 0 0.000000000000000000 695032241095860338538548230109275778764797173932555169984435490450240515799347736870347882889216.000000000000000000
connection 9 23 -2.548843024910934840 0 0.000000000000000000 695032241095860338538548230109275778764797173932555169984435490450240515799347736870347882889216.000000000000000000
connection 9 28 0.847340831086894175 0 0.000000000000000000 695032241095860338538548230109275778764797173932555169984435490450240515799347736870347882889216.000000000000000000
connection 9 25 4.980278885362158903 0 0.000000000000000000 695032241095860338538548230109275778764797173932555169984435490450240515799347736870347882889216.000000000000000000
connection 9 26 5.043662758845940175 0 0.000000000000000000 695032241095860338538548230109275778764797173932555169984435490450240515799347736870347882889216.000000000000000000
connection 9 27 4.089238051040545052 0 0.000000000000000000 695032241095860338538548230109275778764797173932555169984435490450240515799347736870347882889216.000000000000000000
connection 10 22 -5.558481687663892501 0 0.000000000000000000 695032241095860338538548230109275778764797173932555169984435490450240515799347736870347882889216.000000000000000000
connection 10 23 -2.435742752368647679 0 0.000000000000000000 695032241095860338538548230109275778764797173932555169984435490450240515799347736870347882889216.000000000000000000
connection 10 28 0.665541537636219038 0 0.000000000000000000 695032241095860338538548230109275778764797173932555169984435490450240515799347736870347882889216.000000000000000000
connection 10 25 4.885200481501149383 0 0.000000000000000000 695032241095860338538548230109275778764797173932555169984435490450240515799347736870347882889216.000000000000000000
connection 10 26 5.031184605372021501 0 0.000000000000000000 695032241095860338538548230109275778764797173932555169984435490450240515799347736870347882889216.000000000000000000
connection 10 27 4.236686175813780153 0 0.000000000000000000 695032241095860338538548230109275778764797173932555169984435490450240515799347736870347882889216.000000000000000000
connection 11 22 -5.341580505771219123 0 0.000000000000000000 695032241095860338538548230109275778764797173932555169984435490450240515799347736870347882889216.000000000000000000
connection 11 23 -2.323935453152612407 0 0.000000000000000000 695032241095860338538548230109275778764797173932555169984435490450240515799347736870347882889216.000000000000000000
connection 11 28 0.484013789053246990 0 0.000000000000000000 695032241095860338538548230109275778764797173932555169984435490450240515799347736870347882889216.000000000000000000
connection 11 25 4.782672804178420556 0 0.000000000000000000 695032241095860338538548230109275778764797173932555169984435490450240515799347736870347882889216.000000000000000000
connection 11 26 5.001711140633758212 0 0.000000000000000000 695032241095860338538548230109275778764797173932555169984435490450240515799347736870347882889216.000000000000000000
connection 11 27 4.363431863949585932 0 0.000000000000000000 695032241095860338538548230109275778764797173932555169984435490450240515799347736870347882889216.000000000000000000
connection 12 22 -5.105718022341905638 0 0.000000000000000000 695032241095860338538548230109275778764797173932555169984435490450240515799347736870347882889216.000000000000000000
connection 12 23 -2.212126336172173691 0 0.000000000000000000 695032241095860338538548230109275778764797173932555169984435490450240515799347736870347882889216.000000000000000000
connection 12 28 0.303507424134881854 0 0.000000000000000000 695032241095860338538548230109275778764797173932555169984435490450240515799347736870347882889216.000000000000000000
connection 12 25 4.673262443441604574 0 0.000000000000000000 695032241095860338538548230109275778764797173932555169984435490450240515799347736870347882889216.000000000000000000
connection 12 26 4.956682930827501110 0 0.000000000000000000 695032241095860338538548230109275778764797173932555169984435490450240515799347736870347882889216.000000000000000000
connection 12 27 4.468138412012212513 0 0.000000000000000000 695032241095860338538548230109275778764797173932555169984435490450240515799347736870347882889216.000000000000000000
connection 13 22 -4.856191856149969510 0 0.000000000000000000 695032241095860338538548230109275778764797173932555169984435490450240515799347736870347882889216.000000000000000000
connection 13 23 -2.099124588326276353 0 0.000000000000000000 695032241095860338538548230109275778764797173932555169984435490450240515799347736870347882889216.000000000000000000
connection 13 26 4.897514256158313373 0 0.000000000000000000 695032241095860338538548230109275778764797173932555169984435490450240515799347736870347882889216.000000000000000000
connection 13 27 4.550125200165739514 0 0.000000000000000000 695032241095860338538548230109275778764797173932555169984435490450240515799347736870347882889216.000000000000000000
connection 22 33 2.455198592477122688 0 0.000000000000000000 695032241095860338538548230109275778764797173932555169984435490450240515799347736870347882889216.000000000000000000
connection 22 34 2.823269731668751170 0 0.000000000000000000 695032241095860338538548230109275778764797173932555169984435490450240515799347736870347882889216.000000000000000000
connection 25 22 0.927897670195432678 0 0.000000000000000000 695032241095860338538548230109275778764797173932555169984435490450240515799347736870347882889216.000000000000000000
connection 25 23 1.760768645855988801 0 0.000000000000000000 695032241095860338538548230109275778764797173932555169984435490450240515799347736870347882889216.000000000000000000
connection 25 33 4.620223556000754961 0 0.000000000000000000 695032241095860338538548230109275778764797173932555169984435490450240515799347736870347882889216.000000000000000000
connection 25 34 3.842391172938330435 0 0.000000000000000000 695032241095860338538548230109275778764797173932555169984435490450240515799347736870347882889216.000000000000000000
connection 23 33 2.230675994248907834 0 0.000000000000000000 695032241095860338538548230109275778764797173932555169984435490450240515799347736870347882889216.000000000000000000
connection 23 34 2.018804273279673822 0 0.000000000000000000 695032241095860338538548230109275778764797173932555169984435490450240515799347736870347882889216.000000000000000000
connection 24 22 0.512156339201841670 0 0.000000000000000000 695032241095860338538548230109275778764797173932555169984435490450240515799347736870347882889216.000000000000000000
connection 24 23 1.621087606171887519 0 0.000000000000000000 695032241095860338538548230109275778764797173932555169984435490450240515799347736870347882889216.000000000000000000
connection 24 33 4.546684418948744089 0 0.000000000000000000 695032241095860338538548230109275778764797173932555169984435490450240515799347736870347882889216.000000000000000000
connection 24 34 3.488650283276156561 0 0.000000000000000000 695032241095860338538548230109275778764797173932555169984435490450240515799347736870347882889216.000000000000000000
connection 26 22 1.329220360700134940 0 0.000000000000000000 695032241095860338538548230109275778764797173932555169984435490450240515799347736870347882889216.000000000000000000
connection 26 23 1.881915320298816141 0 0.000000000000000000 695032241095860338538548230109275778764797173932555169984435490450240515799347736870347882889216.000000000000000000
connection 26 33 4.681311323223479981 0 0.000000000000000000 695032241095860338538548230109275778764797173932555169984435490450240515799347736870347882889216.000000000000000000
connection 26 34 4.172152467429643963 0 0.000000000000000000 695032241095860338538548230109275778764797173932555169984435490450240515799347736870347882889216.000000000000000000
connection 27 22 1.712579297999882622 0 0.000000000000000000 695032241095860338538548230109275778764797173932555169984435490450240515799347736870347882889216.000000000000000000
connection 27 23 1.986253355397907594 0 0.000000000000000000 695032241095860338538548230109275778764797173932555169984435490450240515799347736870347882889216.000000000000000000
connection 27 33 4.731507800826218357 0 0.000000000000000000 695032241095860338538548230109275778764797173932555169984435490450240515799347736870347882889216.000000000000000000
connection 27 34 4.476789902022626499 0 0.000000000000000000 695032241095860338538548230109275778764797173932555169984435490450240515799347736870347882889216.000000000000000000
connection 28 22 -0.871729256811828224 0 0.000000000000000000 695032241095860338538548230109275778764797173932555169984435490450240515799347736870347882889216.000000000000000000
connection 28 33 3.614114540223104299 0 0.000000000000000000 695032241095860338538548230109275778764797173932555169984435490450240515799347736870347882889216.000000000000000000
connection 28 34 2.898827350756477905 0 0.000000000000000000 695032241095860338538548230109275778764797173932555169984435490450240515799347736870347882889216.000000000000000000
connection 22 14 6.131725178567182688 0 0.000000000000000000 695032241095860338538548230109275778764797173932555169984435490450240515799347736870347882889216.000000000000000000
connection 23 14 5.927863818893401415 0 0.000000000000000000 695032241095860338538548230109275778764797173932555169984435490450240515799347736870347882889216.000000000000000000
connection 33 14 5.806289884909867638 0 0.000000000000000000 695032241095860338538548230109275778764797173932555169984435490450240515799347736870347882889216.000000000000000000
connection 34 14 5.938003730654330070 0 0.000000000000000000 695032241095860338538548230109275778764797173932555169984435490450240515799347736870347882889216.000000000000000000
connection 22 15 5.978684562441213046 0 0.000000000000000000 695032241095860338538548230109275778764797173932555169984435490450240515799347736870347882889216.000000000000000000
connection 23 15 5.803534246219930637 0 0.000000000000000000 695032241095860338538548230109275778764797173932555169984435490450240515799347736870347882889216.000000000000000000
connection 33 15 5.195248790513959491 0 0.000000000000000000 695032241095860338538548230109275778764797173932555169984435490450240515799347736870347882889216.000000000000000000
connection 34 15 5.309145084297154149 0 0.000000000000000000 695032241095860338538548230109275778764797173932555169984435490450240515799347736870347882889216.000000000000000000
connection 22 16 5.509632808454024477 0 0.000000000000000000 695032241095860338538548230109275778764797173932555169984435490450240515799347736870347882889216.000000000000000000
connection 23 16 5.358250579353919463 0 0.000000000000000000 695032241095860338538548230109275778764797173932555169984435490450240515799347736870347882889216.000000000000000000
connection 33 16 4.182216631253677264 0 0.000000000000000000 695032241095860338538548230109275778764797173932555169984435490450240515799347736870347882889216.000000000000000000
connection 34 16 4.280481368771798856 0 0.000000000000000000 695032241095860338538548230109275778764797173932555169984435490450240515799347736870347882889216.000000000000000000
connection 33 17 3.027078876891093895 0 0.000000000000000000 695032241095860338538548230109275778764797173932555169984435490450240515799347736870347882889216.000000000000000000
connection 34 17 3.108485339356136024 0 0.000000000000000000 695032241095860338538548230109275778764797173932555169984435490450240515799347736870347882889216.000000000000000000
connection 22 18 3.465445910011844433 0 0.000000000000000000 695032241095860338538548230109275778764797173932555169984435490450240515799347736870347882889216.000000000000000000
connection 23 18 3.354274964067545550 0 0.000000000000000000 695032241095860338538548230109275778764797173932555169984435490450240515799347736870347882889216.000000000000000000
connection 33 18 2.261013196836992645 0 0.000000000000000000 695032241095860338538548230109275778764797173932555169984435490450240515799347736870347882889216.000000000000000000
connection 34 18 2.322743011938199320 0 0.000000000000000000 695032241095860338538548230109275778764797173932555169984435490450240515799347736870347882889216.000000000000000000
connection 22 19 2.484291108101547962 0 0.000000000000000000 695032241095860338538548230109275778764797173932555169984435490450240515799347736870347882889216.000000000000000000
connection 23 19 2.395378231866210239 0 0.000000000000000000 695032241095860338538548230109275778764797173932555169984435490450240515799347736870347882889216.000000000000000000
connection 33 19 2.332310847964491618 0 0.000000000000000000 695032241095860338538548230109275778764797173932555169984435490450240515799347736870347882889216.000000000000000000
connection 34 19 2.374171706402443238 0 0.000000000000000000 695032241095860338538548230109275778764797173932555169984435490450240515799347736870347882889216.000000000000000000
connection 22 20 2.215686093301926451 0 0.000000000000000000 695032241095860338538548230109275778764797173932555169984435490450240515799347736870347882889216.000000000000000000
connection 23 20 2.150256082987116457 0 0.000000000000000000 695032241095860338538548230109275778764797173932555169984435490450240515799347736870347882889216.000000000000000000
connection 33 20 3.219340022450134509 0 0.000000000000000000 695032241095860338538548230109275778764797173932555169984435490450240515799347736870347882889216.000000000000000000
connection 34 20 3.245957356120507953 0 0.000000000000000000 695032241095860338538548230109275778764797173932555169984435490450240515799347736870347882889216.000000000000000000
connection 22 21 2.836319725444961470 0 0.000000000000000000 695032241095860338538548230109275778764797173932555169984435490450240515799347736870347882889216.000000000000000000
connection 23 21 2.791052932957476251 0 0.000000000000000000 695032241095860338538548230109275778764797173932555169984435490450240515799347736870347882889216.000000000000000000
connection 33 21 4.451510878935414084 0 0.000000000000000000 695032241095860338538548230109275778764797173932555169984435490450240515799347736870347882889216.000000000000000000
connection 34 21 4.469852343333061917 0 0.000000000000000000 695032241095860338538548230109275778764797173932555169984435490450240515799347736870347882889216.000000000000000000
NNend

