NNstart
14 8
neuron 1 1.000000000000000000 0.000000000000000000 0.000000000000000000 74154913219460933314441922374264915777714063051672991787456070720742576081993305493489724388446423368342029910712826765195587448831736864430339030749251986391006711721585158117981671075885035726898724864.000000000000000000 11 0.000000000000000000
neuron 1 1.000000000000000000 0.000000000000000000 0.000000000000000000 74154913219460933314441922374264915777714063051672991787456070720742576081993305493489724388446423368342029910712826765195587448831736864430339030749251986391006711721585158117981671075885035726898724864.000000000000000000 11 0.000000000000000000
neuron 1 1.000000000000000000 0.000000000000000000 0.000000000000000000 74154913219460933314441922374264915777714063051672991787456070720742576081993305493489724388446423368342029910712826765195587448831736864430339030749251986391006711721585158117981671075885035726898724864.000000000000000000 11 0.000000000000000000
neuron 1 1.000000000000000000 0.000000000000000000 0.000000000000000000 74154913219460933314441922374264915777714063051672991787456070720742576081993305493489724388446423368342029910712826765195587448831736864430339030749251986391006711721585158117981671075885035726898724864.000000000000000000 11 0.000000000000000000
neuron 1 1.000000000000000000 0.000000000000000000 0.000000000000000000 74154913219460933314441922374264915777714063051672991787456070720742576081993305493489724388446423368342029910712826765195587448831736864430339030749251986391006711721585158117981671075885035726898724864.000000000000000000 11 0.000000000000000000
neuron 1 1.000000000000000000 0.000000000000000000 0.000000000000000000 74154913219460933314441922374264915777714063051672991787456070720742576081993305493489724388446423368342029910712826765195587448831736864430339030749251986391006711721585158117981671075885035726898724864.000000000000000000 11 0.000000000000000000
neuron 1 1.000000000000000000 0.000000000000000000 0.000000000000000000 74154913219460933314441922374264915777714063051672991787456070720742576081993305493489724388446423368342029910712826765195587448831736864430339030749251986391006711721585158117981671075885035726898724864.000000000000000000 11 0.000000000000000000
neuron 1 1.000000000000000000 0.000000000000000000 0.000000000000000000 74154913219460933314441922374264915777714063051672991787456070720742576081993305493489724388446423368342029910712826765195587448831736864430339030749251986391006711721585158117981671075885035726898724864.000000000000000000 11 0.000000000000000000
neuron 1 1.000000000000000000 0.000000000000000000 0.000000000000000000 74154913219460933314441922374264915777714063051672991787456070720742576081993305493489724388446423368342029910712826765195587448831736864430339030749251986391006711721585158117981671075885035726898724864.000000000000000000 11 0.000000000000000000
neuron 1 1.000000000000000000 0.000000000000000000 0.000000000000000000 74154913219460933314441922374264915777714063051672991787456070720742576081993305493489724388446423368342029910712826765195587448831736864430339030749251986391006711721585158117981671075885035726898724864.000000000000000000 11 0.000000000000000000
neuron 1 1.000000000000000000 0.000000000000000000 0.000000000000000000 74154913219460933314441922374264915777714063051672991787456070720742576081993305493489724388446423368342029910712826765195587448831736864430339030749251986391006711721585158117981671075885035726898724864.000000000000000000 11 0.000000000000000000
neuron 1 1.000000000000000000 0.000000000000000000 0.000000000000000000 74154913219460933314441922374264915777714063051672991787456070720742576081993305493489724388446423368342029910712826765195587448831736864430339030749251986391006711721585158117981671075885035726898724864.000000000000000000 11 0.000000000000000000
neuron 1 1.000000000000000000 0.000000000000000000 0.000000000000000000 74154913219460933314441922374264915777714063051672991787456070720742576081993305493489724388446423368342029910712826765195587448831736864430339030749251986391006711721585158117981671075885035726898724864.000000000000000000 11 0.000000000000000000
neuron 2 1.000000000000000000 0.000000000000000000 0.000000000000000000 0.000000000000000000 11 0.000000000000000000
neuron 4 1.000000000000000000 0.000000000000000000 0.000000000000000000 74154913219460933314441922374264915777714063051672991787456070720742576081993305493489724388446423368342029910712826765195587448831736864430339030749251986391006711721585158117981671075885035726898724864.000000000000000000 1 0.000000000000000000
neuron 4 1.000000000000000000 0.000000000000000000 0.000000000000000000 74154913219460933314441922374264915777714063051672991787456070720742576081993305493489724388446423368342029910712826765195587448831736864430339030749251986391006711721585158117981671075885035726898724864.000000000000000000 1 0.000000000000000000
neuron 4 1.000000000000000000 0.000000000000000000 0.000000000000000000 74154913219460933314441922374264915777714063051672991787456070720742576081993305493489724388446423368342029910712826765195587448831736864430339030749251986391006711721585158117981671075885035726898724864.000000000000000000 1 0.000000000000000000
neuron 4 1.000000000000000000 0.000000000000000000 0.000000000000000000 74154913219460933314441922374264915777714063051672991787456070720742576081993305493489724388446423368342029910712826765195587448831736864430339030749251986391006711721585158117981671075885035726898724864.000000000000000000 1 0.000000000000000000
neuron 4 1.000000000000000000 0.000000000000000000 0.000000000000000000 74154913219460933314441922374264915777714063051672991787456070720742576081993305493489724388446423368342029910712826765195587448831736864430339030749251986391006711721585158117981671075885035726898724864.000000000000000000 1 0.000000000000000000
neuron 4 1.000000000000000000 0.000000000000000000 0.000000000000000000 74154913219460933314441922374264915777714063051672991787456070720742576081993305493489724388446423368342029910712826765195587448831736864430339030749251986391006711721585158117981671075885035726898724864.000000000000000000 1 0.000000000000000000
neuron 4 1.000000000000000000 0.000000000000000000 0.000000000000000000 74154913219460933314441922374264915777714063051672991787456070720742576081993305493489724388446423368342029910712826765195587448831736864430339030749251986391006711721585158117981671075885035726898724864.000000000000000000 1 0.000000000000000000
neuron 4 1.000000000000000000 0.000000000000000000 0.000000000000000000 74154913219460933314441922374264915777714063051672991787456070720742576081993305493489724388446423368342029910712826765195587448831736864430339030749251986391006711721585158117981671075885035726898724864.000000000000000000 1 0.000000000000000000
neuron 3 1.000000000000000000 0.000000000000000000 0.000000000000000000 74154913219460933314441922374264915777714063051672991787456070720742576081993305493489724388446423368342029910712826765195587448831736864430339030749251986391006711721585158117981671075885035726898724864.000000000000000000 0 0.000000000000000000
neuron 3 1.000000000000000000 0.000000000000000000 0.000000000000000000 74154913219460933314441922374264915777714063051672991787456070720742576081993305493489724388446423368342029910712826765195587448831736864430339030749251986391006711721585158117981671075885035726898724864.000000000000000000 0 0.000000000000000000
neuron 3 1.000000000000000000 0.000000000000000000 0.000000000000000000 74154913219460933314441922374264915777714063051672991787456070720742576081993305493489724388446423368342029910712826765195587448831736864430339030749251986391006711721585158117981671075885035726898724864.000000000000000000 0 0.000000000000000000
neuron 3 1.000000000000000000 0.000000000000000000 0.000000000000000000 74154913219460933314441922374264915777714063051672991787456070720742576081993305493489724388446423368342029910712826765195587448831736864430339030749251986391006711721585158117981671075885035726898724864.000000000000000000 0 0.000000000000000000
connection 0 22 5.181858008426874385 0 0.000000000000000000 74154913219460933314441922374264915777714063051672991787456070720742576081993305493489724388446423368342029910712826765195587448831736864430339030749251986391006711721585158117981671075885035726898724864.000000000000000000
connection 1 23 5.610638771328329888 0 0.000000000000000000 74154913219460933314441922374264915777714063051672991787456070720742576081993305493489724388446423368342029910712826765195587448831736864430339030749251986391006711721585158117981671075885035726898724864.000000000000000000
connection 1 22 4.948155380585149032 0 0.000000000000000000 74154913219460933314441922374264915777714063051672991787456070720742576081993305493489724388446423368342029910712826765195587448831736864430339030749251986391006711721585158117981671075885035726898724864.000000000000000000
connection 2 23 5.512989505201522533 0 0.000000000000000000 74154913219460933314441922374264915777714063051672991787456070720742576081993305493489724388446423368342029910712826765195587448831736864430339030749251986391006711721585158117981671075885035726898724864.000000000000000000
connection 2 22 4.657812253494554078 0 0.000000000000000000 74154913219460933314441922374264915777714063051672991787456070720742576081993305493489724388446423368342029910712826765195587448831736864430339030749251986391006711721585158117981671075885035726898724864.000000000000000000
connection 3 23 5.360749145712027541 0 0.000000000000000000 74154913219460933314441922374264915777714063051672991787456070720742576081993305493489724388446423368342029910712826765195587448831736864430339030749251986391006711721585158117981671075885035726898724864.000000000000000000
connection 3 22 4.311139974263046071 0 0.000000000000000000 74154913219460933314441922374264915777714063051672991787456070720742576081993305493489724388446423368342029910712826765195587448831736864430339030749251986391006711721585158117981671075885035726898724864.000000000000000000
connection 4 23 5.152755565235420221 0 0.000000000000000000 74154913219460933314441922374264915777714063051672991787456070720742576081993305493489724388446423368342029910712826765195587448831736864430339030749251986391006711721585158117981671075885035726898724864.000000000000000000
connection 4 22 3.909785577712550531 0 0.000000000000000000 74154913219460933314441922374264915777714063051672991787456070720742576081993305493489724388446423368342029910712826765195587448831736864430339030749251986391006711721585158117981671075885035726898724864.000000000000000000
connection 5 23 4.888077669860439123 0 0.000000000000000000 74154913219460933314441922374264915777714063051672991787456070720742576081993305493489724388446423368342029910712826765195587448831736864430339030749251986391006711721585158117981671075885035726898724864.000000000000000000
connection 5 22 3.457057598488288530 0 0.000000000000000000 74154913219460933314441922374264915777714063051672991787456070720742576081993305493489724388446423368342029910712826765195587448831736864430339030749251986391006711721585158117981671075885035726898724864.000000000000000000
connection 6 23 4.566468399291279567 0 0.000000000000000000 74154913219460933314441922374264915777714063051672991787456070720742576081993305493489724388446423368342029910712826765195587448831736864430339030749251986391006711721585158117981671075885035726898724864.000000000000000000
connection 6 22 2.958104202289431051 0 0.000000000000000000 74154913219460933314441922374264915777714063051672991787456070720742576081993305493489724388446423368342029910712826765195587448831736864430339030749251986391006711721585158117981671075885035726898724864.000000000000000000
connection 7 23 4.188815343892227538 0 0.000000000000000000 74154913219460933314441922374264915777714063051672991787456070720742576081993305493489724388446423368342029910712826765195587448831736864430339030749251986391006711721585158117981671075885035726898724864.000000000000000000
connection 7 24 4.968612937577828070 0 0.000000000000000000 74154913219460933314441922374264915777714063051672991787456070720742576081993305493489724388446423368342029910712826765195587448831736864430339030749251986391006711721585158117981671075885035726898724864.000000000000000000
connection 7 22 2.419907779716498730 0 0.000000000000000000 74154913219460933314441922374264915777714063051672991787456070720742576081993305493489724388446423368342029910712826765195587448831736864430339030749251986391006711721585158117981671075885035726898724864.000000000000000000
connection 8 23 3.757523188547518433 0 0.000000000000000000 74154913219460933314441922374264915777714063051672991787456070720742576081993305493489724388446423368342029910712826765195587448831736864430339030749251986391006711721585158117981671075885035726898724864.000000000000000000
connection 8 24 4.784344352102396947 0 0.000000000000000000 74154913219460933314441922374264915777714063051672991787456070720742576081993305493489724388446423368342029910712826765195587448831736864430339030749251986391006711721585158117981671075885035726898724864.000000000000000000
connection 8 22 1.851085809691813244 0 0.000000000000000000 74154913219460933314441922374264915777714063051672991787456070720742576081993305493489724388446423368342029910712826765195587448831736864430339030749251986391006711721585158117981671075885035726898724864.000000000000000000
connection 9 23 3.276768446131407053 0 0.000000000000000000 74154913219460933314441922374264915777714063051672991787456070720742576081993305493489724388446423368342029910712826765195587448831736864430339030749251986391006711721585158117981671075885035726898724864.000000000000000000
connection 9 24 4.546531578500151660 0 0.000000000000000000 74154913219460933314441922374264915777714063051672991787456070720742576081993305493489724388446423368342029910712826765195587448831736864430339030749251986391006711721585158117981671075885035726898724864.000000000000000000
connection 9 22 1.261515979659684872 0 0.000000000000000000 74154913219460933314441922374264915777714063051672991787456070720742576081993305493489724388446423368342029910712826765195587448831736864430339030749251986391006711721585158117981671075885035726898724864.000000000000000000
connection 10 23 2.752582632119611628 0 0.000000000000000000 74154913219460933314441922374264915777714063051672991787456070720742576081993305493489724388446423368342029910712826765195587448831736864430339030749251986391006711721585158117981671075885035726898724864.000000000000000000
connection 10 25 5.258199058310933260 0 0.000000000000000000 74154913219460933314441922374264915777714063051672991787456070720742576081993305493489724388446423368342029910712826765195587448831736864430339030749251986391006711721585158117981671075885035726898724864.000000000000000000
connection 10 24 4.255286476129626294 0 0.000000000000000000 74154913219460933314441922374264915777714063051672991787456070720742576081993305493489724388446423368342029910712826765195587448831736864430339030749251986391006711721585158117981671075885035726898724864.000000000000000000
connection 10 22 0.661829024985647441 0 0.000000000000000000 74154913219460933314441922374264915777714063051672991787456070720742576081993305493489724388446423368342029910712826765195587448831736864430339030749251986391006711721585158117981671075885035726898724864.000000000000000000
connection 11 23 2.192743356671613686 0 0.000000000000000000 74154913219460933314441922374264915777714063051672991787456070720742576081993305493489724388446423368342029910712826765195587448831736864430339030749251986391006711721585158117981671075885035726898724864.000000000000000000
connection 11 25 5.088447891546463708 0 0.000000000000000000 74154913219460933314441922374264915777714063051672991787456070720742576081993305493489724388446423368342029910712826765195587448831736864430339030749251986391006711721585158117981671075885035726898724864.000000000000000000
connection 11 24 3.911709858717065114 0 0.000000000000000000 74154913219460933314441922374264915777714063051672991787456070720742576081993305493489724388446423368342029910712826765195587448831736864430339030749251986391006711721585158117981671075885035726898724864.000000000000000000
connection 12 23 1.606480121799531924 0 0.000000000000000000 74154913219460933314441922374264915777714063051672991787456070720742576081993305493489724388446423368342029910712826765195587448831736864430339030749251986391006711721585158117981671075885035726898724864.000000000000000000
connection 12 25 4.863479304234062717 0 0.000000000000000000 74154913219460933314441922374264915777714063051672991787456070720742576081993305493489724388446423368342029910712826765195587448831736864430339030749251986391006711721585158117981671075885035726898724864.000000000000000000
connection 12 24 3.518214598726915554 0 0.000000000000000000 74154913219460933314441922374264915777714063051672991787456070720742576081993305493489724388446423368342029910712826765195587448831736864430339030749251986391006711721585158117981671075885035726898724864.000000000000000000
connection 12 22 -0.525078702457318247 0 0.000000000000000000 74154913219460933314441922374264915777714063051672991787456070720742576081993305493489724388446423368342029910712826765195587448831736864430339030749251986391006711721585158117981671075885035726898724864.000000000000000000
connection 13 23 1.004028071420069335 0 0.000000000000000000 74154913219460933314441922374264915777714063051672991787456070720742576081993305493489724388446423368342029910712826765195587448831736864430339030749251986391006711721585158117981671075885035726898724864.000000000000000000
connection 13 25 4.582780303634263142 0 0.000000000000000000 74154913219460933314441922374264915777714063051672991787456070720742576081993305493489724388446423368342029910712826765195587448831736864430339030749251986391006711721585158117981671075885035726898724864.000000000000000000
connection 13 24 3.078758427402454423 0 0.000000000000000000 74154913219460933314441922374264915777714063051672991787456070720742576081993305493489724388446423368342029910712826765195587448831736864430339030749251986391006711721585158117981671075885035726898724864.000000000000000000
connection 13 22 -1.092422585747191643 0 0.000000000000000000 74154913219460933314441922374264915777714063051672991787456070720742576081993305493489724388446423368342029910712826765195587448831736864430339030749251986391006711721585158117981671075885035726898724864.000000000000000000
connection 22 23 -2.981530857485420238 0 0.000000000000000000 74154913219460933314441922374264915777714063051672991787456070720742576081993305493489724388446423368342029910712826765195587448831736864430339030749251986391006711721585158117981671075885035726898724864.000000000000000000
connection 22 25 -3.521245810298632151 0 0.000000000000000000 74154913219460933314441922374264915777714063051672991787456070720742576081993305493489724388446423368342029910712826765195587448831736864430339030749251986391006711721585158117981671075885035726898724864.000000000000000000
connection 22 22 0.823164153930499243 0 0.000000000000000000 74154913219460933314441922374264915777714063051672991787456070720742576081993305493489724388446423368342029910712826765195587448831736864430339030749251986391006711721585158117981671075885035726898724864.000000000000000000
connection 23 23 0.251633267158154261 0 0.000000000000000000 74154913219460933314441922374264915777714063051672991787456070720742576081993305493489724388446423368342029910712826765195587448831736864430339030749251986391006711721585158117981671075885035726898724864.000000000000000000
connection 23 25 -0.375467258102624657 0 0.000000000000000000 74154913219460933314441922374264915777714063051672991787456070720742576081993305493489724388446423368342029910712826765195587448831736864430339030749251986391006711721585158117981671075885035726898724864.000000000000000000
connection 24 23 -2.036945494654919031 0 0.000000000000000000 74154913219460933314441922374264915777714063051672991787456070720742576081993305493489724388446423368342029910712826765195587448831736864430339030749251986391006711721585158117981671075885035726898724864.000000000000000000
connection 24 25 -2.585483781468258524 0 0.000000000000000000 74154913219460933314441922374264915777714063051672991787456070720742576081993305493489724388446423368342029910712826765195587448831736864430339030749251986391006711721585158117981671075885035726898724864.000000000000000000
connection 25 23 1.696826611835801746 0 0.000000000000000000 74154913219460933314441922374264915777714063051672991787456070720742576081993305493489724388446423368342029910712826765195587448831736864430339030749251986391006711721585158117981671075885035726898724864.000000000000000000
connection 25 25 1.049719249113972408 0 0.000000000000000000 74154913219460933314441922374264915777714063051672991787456070720742576081993305493489724388446423368342029910712826765195587448831736864430339030749251986391006711721585158117981671075885035726898724864.000000000000000000
connection 23 14 -2.581767296684828850 0 0.000000000000000000 74154913219460933314441922374264915777714063051672991787456070720742576081993305493489724388446423368342029910712826765195587448831736864430339030749251986391006711721585158117981671075885035726898724864.000000000000000000
connection 25 14 -1.461261868393910479 0 0.000000000000000000 74154913219460933314441922374264915777714063051672991787456070720742576081993305493489724388446423368342029910712826765195587448831736864430339030749251986391006711721585158117981671075885035726898724864.000000000000000000
connection 24 14 -4.155043343047731597 0 0.000000000000000000 74154913219460933314441922374264915777714063051672991787456070720742576081993305493489724388446423368342029910712826765195587448831736864430339030749251986391006711721585158117981671075885035726898724864.000000000000000000
connection 22 14 -4.702679517924512886 0 0.000000000000000000 74154913219460933314441922374264915777714063051672991787456070720742576081993305493489724388446423368342029910712826765195587448831736864430339030749251986391006711721585158117981671075885035726898724864.000000000000000000
connection 23 15 -1.573569573660765109 0 0.000000000000000000 74154913219460933314441922374264915777714063051672991787456070720742576081993305493489724388446423368342029910712826765195587448831736864430339030749251986391006711721585158117981671075885035726898724864.000000000000000000
connection 25 15 -0.244757139774421956 0 0.000000000000000000 74154913219460933314441922374264915777714063051672991787456070720742576081993305493489724388446423368342029910712826765195587448831736864430339030749251986391006711721585158117981671075885035726898724864.000000000000000000
connection 23 16 -0.400034428305311385 0 0.000000000000000000 74154913219460933314441922374264915777714063051672991787456070720742576081993305493489724388446423368342029910712826765195587448831736864430339030749251986391006711721585158117981671075885035726898724864.000000000000000000
connection 25 16 1.040334469190276501 0 0.000000000000000000 74154913219460933314441922374264915777714063051672991787456070720742576081993305493489724388446423368342029910712826765195587448831736864430339030749251986391006711721585158117981671075885035726898724864.000000000000000000
connection 24 16 -2.563235568513192675 0 0.000000000000000000 74154913219460933314441922374264915777714063051672991787456070720742576081993305493489724388446423368342029910712826765195587448831736864430339030749251986391006711721585158117981671075885035726898724864.000000000000000000
connection 22 16 -3.566552616981911061 0 0.000000000000000000 74154913219460933314441922374264915777714063051672991787456070720742576081993305493489724388446423368342029910712826765195587448831736864430339030749251986391006711721585158117981671075885035726898724864.000000000000000000
connection 23 17 0.871665588752889020 0 0.000000000000000000 74154913219460933314441922374264915777714063051672991787456070720742576081993305493489724388446423368342029910712826765195587448831736864430339030749251986391006711721585158117981671075885035726898724864.000000000000000000
connection 24 17 -1.480927237188851331 0 0.000000000000000000 74154913219460933314441922374264915777714063051672991787456070720742576081993305493489724388446423368342029910712826765195587448831736864430339030749251986391006711721585158117981671075885035726898724864.000000000000000000
connection 22 17 -2.720106148450346595 0 0.000000000000000000 74154913219460933314441922374264915777714063051672991787456070720742576081993305493489724388446423368342029910712826765195587448831736864430339030749251986391006711721585158117981671075885035726898724864.000000000000000000
connection 24 18 -0.262233464440544795 0 0.000000000000000000 74154913219460933314441922374264915777714063051672991787456070720742576081993305493489724388446423368342029910712826765195587448831736864430339030749251986391006711721585158117981671075885035726898724864.000000000000000000
connection 22 18 -1.679421603865728141 0 0.000000000000000000 74154913219460933314441922374264915777714063051672991787456070720742576081993305493489724388446423368342029910712826765195587448831736864430339030749251986391006711721585158117981671075885035726898724864.000000000000000000
connection 23 19 3.281676712797004125 0 0.000000000000000000 74154913219460933314441922374264915777714063051672991787456070720742576081993305493489724388446423368342029910712826765195587448831736864430339030749251986391006711721585158117981671075885035726898724864.000000000000000000
connection 25 19 4.190394311420855722 0 0.000000000000000000 74154913219460933314441922374264915777714063051672991787456070720742576081993305493489724388446423368342029910712826765195587448831736864430339030749251986391006711721585158117981671075885035726898724864.000000000000000000
connection 24 19 1.000132979344666051 0 0.000000000000000000 74154913219460933314441922374264915777714063051672991787456070720742576081993305493489724388446423368342029910712826765195587448831736864430339030749251986391006711721585158117981671075885035726898724864.000000000000000000
connection 22 19 -0.480113143137550269 0 0.000000000000000000 74154913219460933314441922374264915777714063051672991787456070720742576081993305493489724388446423368342029910712826765195587448831736864430339030749251986391006711721585158117981671075885035726898724864.000000000000000000
connection 22 20 0.799118762133499416 0 0.000000000000000000 74154913219460933314441922374264915777714063051672991787456070720742576081993305493489724388446423368342029910712826765195587448831736864430339030749251986391006711721585158117981671075885035726898724864.000000000000000000
NNend

